0.0035628068666981477
0.003560361927290031
0.003561837204261978
0.0035672372454174294
0.00357617801882096
0.0035879109464716785
0.0036013829896445163
0.003615328105073024
0.003628382328151312
0.0036392123299306463
0.003646645764478854
0.0036497912191879173
0.00364813615855178
0.0036416128717884112
0.003630624964999189
0.0036160301687677477
0.0035990788915743034
0.003581311731458898
0.0035644227469198556
0.003550098384487143
0.003539844308455485
0.0035348137844822955
0.0035356516174090864
0.0035423669045846957
0.003554246095162172
0.003569815179022031
0.003586856468862039
0.0036024816376964727
0.003613258712172266
0.003615386886687639
0.0036049095858020717
0.003577953399381892
0.0035309785319579427
0.003461025368339799
0.003365941716892404
0.003244576236395021
0.0030969254038280434
0.0029242240045217844
0.002728972344486547
0.0025148969889726876
0.002286845597805995
0.0020506201328388653
0.0018127561450945835
0.001580258822596801
0.0013603088417375266
0.0011599527022716823
0.0009857930685411448
0.0008436946609161611
0.0007385204574278338
0.0006739114306746213
0.0006521208479530803
0.0006739114203658369
0.0007385204390257924
0.0008436946391366304
0.0009857930510866132
0.0011599527003676663
0.001360308870523558
0.0015802589011677727
0.0018127562960161344
0.002050620381023332
0.0022868459687254493
0.0025148975062907614
0.002728973027295976
0.002924224864464566
0.003096926442434933
0.003244577443000285
0.0033659430674518936
0.0034610268254060793
0.003530980045951371
0.00357795491115396
0.003604911030333313
0.0036153881976161194
0.003613259826729555
0.0036024825015525132
0.0035868570403608147
0.003569815432331958
0.0035542460219668308
0.0035423665140918454
0.0035356509346422503
0.0035348128470190114
0.003539843161965502
0.0035500970775789726
0.003564421325904802
0.0035813102356733236
0.003599077349856335
0.0036160285975661267
0.003630623368410299
0.0036416112435919386
0.0036481344860708007
0.003649789488564
0.003646643966755462
0.003639210467203177
0.003628380418988761
0.0036153261884535014
0.00360138112677434
0.00358790922006423
0.003576176529676191
0.0035672361064375026
0.0035618365323307763
0.00356036183370086
0.003562807447004688
