0.0036214311952462233
0.003622398014959014
0.0036233477620787975
0.0036241429138987166
0.0036246564530270755
0.0036247947412005473
0.003624517286146417
0.00362384963495167
0.0036228863708470758
0.003621782544806589
0.0036207336765457236
0.0036199464506853573
0.0036196040867859107
0.00361983173292473
0.0036206678172492454
0.003622046883014406
0.003623797967191893
0.0036256601720548523
0.003627314012220875
0.003628423837799124
0.003628683677235867
0.00362785677254584
0.003625798388287379
0.0036224525000497186
0.003617815812586019
0.0036118670478566517
0.0036044651187304455
0.0035952259544169973
0.003583393487251791
0.003567724708450826
0.0035464108918230076
0.0035170564230632166
0.003476732846118163
0.003422118850805084
0.0033497275250983297
0.0032562112400234895
0.0031387232997192264
0.0029953054170057903
0.0028252625937227674
0.002629483312862335
0.0024106639132955533
0.002173401915320692
0.0019241335886292718
0.0016709052917671344
0.0014229846301075351
0.0011903344781005448
0.0009829884369228217
0.0008103784825350025
0.0006806728580664757
0.0006001836637832643
0.0005728987538157133
0.0006001818473716145
0.0006806692861308836
0.0008103732759705139
0.00098298177462485
0.0011903265934037216
0.001422975805177622
0.0016708958495310522
0.00192412388204557
0.0021733923141160874
0.0024106547886654124
0.002629475020984962
0.0028252554592012435
0.002995299717474303
0.003138719252805987
0.003256208993653537
0.0033497271517803928
0.0034221203461346408
0.0034767361313126953
0.003517061350992767
0.0035464172557613215
0.0035677322526773136
0.0035834019186796948
0.0035952349545786957
0.003604474355666158
0.0036118761876682516
0.003617824530578588
0.0036224604914513936
0.0036258053785001715
0.003627862526752118
0.003628688009007427
0.003628426616184903
0.003627315166684904
0.003625659694646779
0.0036237959114836784
0.00362204335962325
0.0036206629861508122
0.0036198257931779115
0.003619597264661833
0.00361993898744045
0.0036207258171406056
0.0036217745287188876
0.0036228784257677734
0.00362384197364113
0.0036245101061434474
0.003624788226529744
0.0036246507766418247
0.0036241382394162267
0.003623344243458379
0.003622395793146756
0.003621430391408136
