0.003598029438360702
0.003618144204901496
0.003636302796472986
0.00365107987099188
0.0036612457649410133
0.0036658617613380753
0.0036643577748646594
0.003656586588388856
0.0036428502335121827
0.0036238958815004397
0.0036008805843186385
0.003575306248981577
0.003548928207481477
0.003523642528600125
0.0035013586892052953
0.0034838652841495932
0.0034726970358172635
0.0034690114286721543
0.0034734828369821532
0.003486221065532873
0.0035067198457116163
0.003533839112238796
0.0035658229393593886
0.003600352962974995
0.003634635085146566
0.0036655153737433035
0.003689619444605801
0.0037035083388487957
0.0037038430512209364
0.003687549465408697
0.0036519755172103605
0.003595032915437115
0.003515316655243418
0.0034121967891399033
0.0032858783907203765
0.003137427259221592
0.0029687605712112623
0.0027826032953153015
0.0025824126639399023
0.0023722742748800998
0.002156774426739405
0.0019408540466968952
0.0017296500388920366
0.0015283300763284408
0.001341926803566264
0.0011751771473671596
0.0010323719899910612
0.0009172208888238657
0.0008327358677226709
0.0007811375952869638
0.0007637865304294312
0.0007811408742297572
0.0008327424284189885
0.0009172307270166576
0.001032385075921749
0.0011751934012831664
0.0013419460685560793
0.001528352092374128
0.001729674422086737
0.0019408802771751807
0.0021568018480508187
0.002372302106386031
0.0025824400264536597
0.0027826292487806944
0.002968784161880526
0.003137447572693848
0.003285894606458015
0.003412208231775131
0.0035153228381568638
0.003595033572720765
0.0036519706211544213
0.003687539227970365
0.0037038279094059687
0.00370348892541092
0.0036895965467918196
0.003665489883847302
0.0036346079472799626
0.003600325120647894
0.0035657952881896445
0.003533812461394563
0.003506694890633958
0.0034861983731961548
0.00347346284357452
0.003468994448266595
0.0034726832774981996
0.0034838548742779202
0.003501351695127808
0.0035236389801726175
0.0035489281132647663
0.0035753096048249423
0.00360088737316402
0.003623906064492025
0.0036428637337343993
0.003656603269637215
0.0036643774186522434
0.00366588404576098
0.0036612702490164805
0.0036511059876388452
0.0036363298564709144
0.0036181714130280106
0.0035980559215947044
