0.003611440251254403
0.0036035218019118812
0.003595916090203679
0.0035895448539468664
0.003585225372955909
0.0035835693377825294
0.0035849015156077524
0.003589208464285585
0.0035961244733043593
0.0036049579145798856
0.0036147566871815758
0.003624406924351435
0.00363275509728551
0.003638740555126527
0.0036415237493497136
0.003640595135281436
0.0036358510965865324
0.003627626104023948
0.003616674441014987
0.0036040998140685707
0.003591236529061033
0.003579491122219471
0.0035701578631687917
0.003564224933540988
0.0035621899728277015
0.0035639038601593736
0.0035684600158976338
0.0035741432761361496
0.0035784477860858104
0.0035781677711593744
0.0035695589615284276
0.0035485623929917484
0.0035110768034242006
0.0034532613561094124
0.00337184732244892
0.003264435898112381
0.003129759620177681
0.002967886865802469
0.0027803524775660143
0.002570202392862331
0.002341945882474895
0.002101415199582509
0.0018555386579384356
0.0016120389639381599
0.0013790736330654275
0.0011648382065993293
0.0009771555150761588
0.0008230752721157732
0.0007085077856703386
0.0006379135985462571
0.0006140675579936776
0.0006379113816934524
0.0007085035109478124
0.0008230692412451539
0.0009771481419932535
0.001164829976327839
0.0013790650549096615
0.0016120305245310358
0.0018555307795929236
0.002101408208618861
0.002341939990837188
0.0025701976945762648
0.0027803489596570146
0.002967884431441749
0.0031297581202944695
0.003264435166700108
0.003371847210429602
0.0034532617589458107
0.003511077678634844
0.0035485637651965305
0.0035695609144331644
0.0035781704277372747
0.0035784512798853326
0.0035741477179153346
0.003568465460486404
0.003563910278490151
0.0035621972334465932
0.0035642327966998915
0.003570165988963938
0.003579499092399943
0.003591243880324877
0.003604106079132069
0.0036166791926833504
0.0036276289970475495
0.0036358519023123913
0.003640593764974471
0.0036415202634468152
0.0036387351574163635
0.0036327481148511827
0.0036243987758318484
0.003614747843278781
0.003604948855589746
0.003596115648672447
0.0035892002587689696
0.003584894225621244
0.00358356316006623
0.0035852204060175972
0.003589541111035522
0.003595913521086408
0.003603520319651116
0.0036114397596541184
