0.003626489859669331
0.003645001664522309
0.003659344453148276
0.0036683570852153124
0.003671214775640418
0.003667494880681219
0.0036572170013887146
0.0036408543640725445
0.0036193152852314883
0.003593895441862561
0.0035662035209917137
0.0035380644957412936
0.0035114061654894667
0.0034881356225735655
0.0034700129118085004
0.0034585293051396866
0.0034547973248915255
0.0034594589461787563
0.003472617347601214
0.0034937962345514143
0.003521929220327141
0.003555380113053916
0.0035919933182271034
0.003629172019131202
0.003663980421415928
0.0036932652097163973
0.0037137905116077937
0.0037223801263210413
0.003716060562083845
0.0036921985280491086
0.0036486269198694144
0.0035837539843659675
0.003496651201124397
0.0033871164239766753
0.0032557099275507453
0.0031037621485804604
0.0029333530472464195
0.00274726409496372
0.0025489048834436328
0.0023422172152555354
0.0021315602564776267
0.0019215808933032113
0.0017170738299301849
0.0015228361943576134
0.0013435214868093132
0.0011834976215662214
0.0010467135893236592
0.0009365789182967011
0.000855859654077762
0.0008065940273858259
0.0007900303523484986
0.0008065890128785014
0.0008558496679837689
0.0009365640552617162
0.0010466940120191204
0.001183473582020339
0.001343493349427552
0.0015228044568034445
0.0017170391379953886
0.0019215440463145976
0.0021315222006252172
0.0023421790234015366
0.0025488677213597113
0.002747229175399513
0.002933321574599187
0.003103735258066265
0.003255688623547129
0.0033871015225276978
0.0034966432814300943
0.0035837533534294887
0.0036486335934065926
0.0036922122293809615
0.003716080739170658
0.0037224059855131535
0.0037138210652427352
0.003693299333529569
0.0036640169169681307
0.0036292096761657237
0.003592030972076685
0.00355541669289707
0.003521963785168709
0.0034938279951573677
0.003472645674107905
0.0034594833625642956
0.0034548174927875597
0.003458545000441313
0.003470023998108548
0.0034881420255494736
0.003511407852001885
0.003538061460608931
0.0035661957832790313
0.0035938830511827945
0.0036192983371774864
0.0036408330225973793
0.0036571915249124475
0.0036674656480181226
0.003671182307602352
0.0036683220579834686
0.003659307700198058
0.0036449641649657165
0.0036264527122349044
