0.0036262205928427656
0.003624990415551853
0.0036225479490709063
0.003619150420054961
0.0036152011791815725
0.0036112038830096362
0.003607700360029404
0.003605199520519492
0.0036041062878240716
0.003604660056571993
0.00360689149238458
0.003610604597468431
0.0036153880495104406
0.003620656187928695
0.0036257160883064847
0.0036298534091982557
0.00363242659666814
0.0036329570190501695
0.0036312019988119634
0.0036271986813080762
0.0036212692254938253
0.003613981728052302
0.0036060662366780996
0.0035982906687295167
0.003591306838124573
0.0035854814900329736
0.0035807306744595393
0.0035763774872519913
0.0035710528634510068
0.003562656618574731
0.0035483914159607074
0.003524876129448488
0.0034883377002568267
0.0034348727305101223
0.003360762471284604
0.0032628183162763088
0.003138730100617843
0.002987386984800875
0.0028091408326560144
0.0026059848850089173
0.0023816260423238896
0.0021414368027364095
0.0018922822373052723
0.001642227535166528
0.001400141733423432
0.0011752223598195184
0.0009764730279681447
0.0008121708488101973
0.0006893623835749163
0.0006134255467024765
0.0005877304369015606
0.0006134248734947097
0.0006893610348374438
0.0008121688236025983
0.000976470333475279
0.0011752190199118676
0.001400137797439398
0.0016422230851995036
0.001892277392425335
0.002141431718973746
0.0023816209078313015
0.002605979910517562
0.002809136238038551
0.0029873829831555416
0.0031387268816953917
0.0032628160312272486
0.003360761220581633
0.0034348725565156793
0.003488338585312508
0.0035248779996466416
0.003548394150021501
0.0035626600606001313
0.0035710568378537373
0.0035763818139286944
0.003580735182324433
0.0035854860273406668
0.003591311278540289
0.0035982949127713595
0.0036060702088597883
0.0036139853706919096
0.00362127249063093
0.003627201522419809
0.003631204364003042
0.0036329588471183073
0.0036324278169574424
0.003629853945524257
0.0036257158665621483
0.003620655146362778
0.003615386150199484
0.003610601837251438
0.0036068879115322577
0.0036046557437190724
0.0036041013801666193
0.003605194198899425
0.0036076948392063162
0.0036111983980582673
0.003615195969461922
0.003619145712510715
0.003622543942681251
0.003624987268586074
0.0036262184141770152
