0.002688302339877
0.002685354731538
0.002682523488180
0.002679922916882
0.002677659320343
0.002675826684798
0.002674502819337
0.002673746103991
0.002673592981095
0.002674056296025
0.002675124560594
0.002676762176357
0.002678910617363
0.002681490533776
0.002684404701013
0.002687541704848
0.002690780222879
0.002693993737910
0.002697055500305
0.002699843544940
0.002702245564541
0.002704163445152
0.002705517281174
0.002706248706377
0.002706323402936
0.002705732681772
0.002704494063272
0.002702650826314
0.002700270533969
0.002697442584765
0.002694274877279
0.002690889711630
0.002687419082660
0.002683999545033
0.002680766848972
0.002677850556285
0.002675368849016
0.002673423737467
0.002672096860542
0.002671446049860
0.002671502800637
0.002672270758012
0.002673725288587
0.002675814164904
0.002678459347128
0.002681559802851
0.002684995264601
0.002688630786750
0.002692321930762
0.002695920381288
0.002699279776740
0.002702261527312
0.002704740391578
0.002706609589910
0.002707785248781
0.002708209994070
0.002707855542896
0.002706724181123
0.002704849056039
0.002702293259347
0.002699147722565
0.002695527993664
0.002691570008147
0.002687425008367
0.002683253799768
0.002679220560762
0.002675486442781
0.002672203207903
0.002669507152824
0.002667513559652
0.002666311896285
0.002665961962562
0.002666491143935
0.002667892893246
0.002670126514982
0.002673118276684
0.002676763821016
0.002680931801279
0.002685468614790
0.002690204064532
0.002694957741460
0.002699545889442
0.002703788493185
0.002707516317677
0.002710577626123
0.002712844312352
0.002714217202895
0.002714630312826
0.002714053877024
0.002712496023326
0.002710003004610
0.002706657961175
0.002702578240884
0.002697911360325
0.002692829743502
0.002687524423322
0.002682197933365
0.002677056651605
0.002672302882241
0.002668126975811
0.002664699790429
0.002662165788186
0.002660637040630
0.002660188386431
0.002660853943859
0.002662625131991
0.002665450299338
0.002669235998851
0.002673849886249
0.002679125156575
0.002684866374232
0.002690856496688
0.002696864843772
0.002702655724842
0.002707997406776
0.002712671087888
0.002716479537357
0.002719255066964
0.002720866521748
0.002721225008037
0.002720288120196
0.002718062479900
0.002714604461940
0.002710019046430
0.002704456806386
0.002698109109500
0.002691201680947
0.002683986737704
0.002676733961720
0.002669720627084
0.002663221233354
0.002657497021696
0.002652785761547
0.002649292192424
0.002647179488186
0.002646562079941
0.002647500129775
0.002649995891991
0.002653992133367
0.002659372711352
0.002665965331608
0.002673546426514
0.002681848017197
0.002690566346001
0.002699371996976
0.002707921161496
0.002715867656796
0.002722875269060
0.002728629971167
0.002732851559325
0.002735304263158
0.002735805910138
0.002734235267111
0.002730537237709
0.002724725663086
0.002716883552458
0.002707160656787
0.002695768390880
0.002682972203000
0.002669081583660
0.002654437993515
0.002639401070931
0.002624333550215
0.002609585378960
0.002595477565395
0.002582286312351
0.002570228002290
0.002559445587228
0.002549996908379
0.002541845423503
0.002534853756570
0.002528780406158
0.002523279858223
0.002517906248320
0.002512120610879
0.002505301642177
0.002496759792504
0.002485754395223
0.002471513439275
0.002453255500437
0.002430213268188
0.002401658041835
0.002366924523849
0.002325435211479
0.002276723680876
0.002220456071367
0.002156450111092
0.002084691078050
0.002005344161358
0.001918762774248
0.001825492470645
0.001726270228335
0.001622018980561
0.001513837401166
0.001402985072671
0.001290863288510
0.001178991856632
0.001068982378804
0.000962508575134
0.000861274304172
0.000766979993277
0.000681288240087
0.000605789372828
0.000541967764185
0.000491169680545
0.000454573416058
0.000433162410136
0.000427701979273
0.000438720211159
0.000466493473423
0.000511036883335
0.000572099971343
0.000649167653154
0.000741466505323
0.000847976220696
0.000967446005612
0.001098415572981
0.001239240286737
0.001388119925846
0.001543130461771
0.001702258183624
0.001863435461060
0.002024577407143
0.002183618692009
0.002338549763212
0.002487451749586
0.002628529361445
0.002760141149933
0.002880826550829
0.002989329211512
0.003084616182354
0.003165892643489
0.003232611932799
0.003284480738918
0.003321459422117
0.003343757523991
0.003351824622104
0.003346336776247
0.003328178897174
0.003298423444949
0.003258305931198
0.003209197756388
0.003152576958847
0.003089997485993
0.003023057619534
0.002953368195133
0.002882521253080
0.002812059740123
0.002743448854154
0.002678049583558
0.002617094942550
0.002561669343651
0.002512691479902
0.002470901013649
0.002436849287363
0.002410894186464
0.002393199196208
0.002383736606156
0.002382294728276
0.002388488910217
0.002401776045420
0.002421472208294
0.002446772977229
0.002476775952258
0.002510504929030
0.002546935157516
0.002585019093415
0.002623712043192
0.002661997110306
0.002698908870598
0.002733555238576
0.002765137032899
0.002792964807730
0.002816472585504
0.002835228204567
0.002848940080130
0.002857460267132
0.002860783806663
0.002859044431172
0.002852506795487
0.002841555488211
0.002826681159071
0.002808464170084
0.002787556239911
0.002764660599915
0.002740511215566
0.002715851647202
0.002691414128772
0.002667899432124
0.002645958057695
0.002626173250827
0.002609046287549
0.002594984405879
0.002584291680635
0.002577163053321
0.002573681636663
0.002573819318135
0.002577440591440
0.002584309451929
0.002594099104251
0.002606404150702
0.002620754859149
0.002636633052123
0.002653489115486
0.002670759597159
0.002687884854740
0.002704326215603
0.002719582134201
0.002733202868056
0.002744803245119
0.002754073159210
0.002760785505080
0.002764801347799
0.002766072210189
0.002764639453830
0.002760630821079
0.002754254294439
0.002745789512818
0.002735577058992
0.002724005996636
0.002711500086588
0.002698503148970
0.002685464059308
0.002672821872265
0.002660991555960
0.002650350793533
0.002641228267601
0.002633893789038
0.002628550565925
0.002625329833813
0.002624287987286
0.002625406267752
0.002628592976529
0.002633688098279
0.002640470140726
0.002648664924732
0.002657955996791
0.002667996285692
0.002678420588176
0.002688858445946
0.002698946969126
0.002708343169123
0.002716735386670
0.002723853437431
0.002729477146785
0.002733443005259
0.002735648744564
0.002736055708712
0.002734688972682
0.002731635239875
0.002727038626278
0.002721094511324
0.002714041700372
0.002706153199312
0.002697725946245
0.002689069877029
0.002680496719652
0.002672308916557
0.002664789064050
0.002658190234316
0.002652727509394
0.002648571009013
0.002645840637364
0.002644602709739
0.002644868550884
0.002646595085397
0.002649687369121
0.002654002941798
0.002659357817647
0.002665533874313
0.002672287353618
0.002679358151432
0.002686479549910
0.002693388033973
0.002699832835684
0.002705584864709
0.002710444709788
0.002714249433975
0.002716877933814
0.002718254687769
0.002718351780126
0.002717189150842
0.002714833087106
0.002711393036398
0.002707016881070
0.002701884868991
0.002696202441501
0.002690192237268
0.002684085577362
0.002678113752039
0.002672499433000
0.002667448526223
0.002663142760306
0.002659733274459
0.002657335430166
0.002656025022543
0.002655836013530
0.002656759851266
0.002658746380455
0.002661706289509
0.002665514983934
