0.002578529245351
0.002583500038885
0.002588139673996
0.002592286901338
0.002595795592386
0.002598539778371
0.002600418059151
0.002601357229477
0.002601314994952
0.002600281679196
0.002598280856486
0.002595368879352
0.002591633307129
0.002587190278085
0.002582180903262
0.002576766793371
0.002571124859921
0.002565441557081
0.002559906750880
0.002554707416340
0.002550021370694
0.002546011251441
0.002542818941779
0.002540560632912
0.002539322693290
0.002539158489615
0.002540086274202
0.002542088218917
0.002545110638674
0.002549065408383
0.002553832537738
0.002559263829512
0.002565187510426
0.002571413690407
0.002577740477231
0.002583960550215
0.002589867979570
0.002595265067824
0.002599968986881
0.002603817988849
0.002606676980731
0.002608442272069
0.002609045330118
0.002608455408340
0.002606680949885
0.002603769707297
0.002599807561451
0.002594916065596
0.002589248782676
0.002582986524694
0.002576331640185
0.002569501528800
0.002562721589305
0.002556217828149
0.002550209369246
0.002544901111418
0.002540476777609
0.002537092589641
0.002534871784133
0.002533900159756
0.002534222814067
0.002535842190683
0.002538717515688
0.002542765657326
0.002547863396548
0.002553851049415
0.002560537337272
0.002567705358401
0.002575119477018
0.002582532913290
0.002589695792532
0.002596363393946
0.002602304329732
0.002607308384568
0.002611193753520
0.002613813433061
0.002615060544818
0.002614872404031
0.002613233183593
0.002610175068768
0.002605777845854
0.002600166918567
0.002593509797358
0.002586011157282
0.002577906608058
0.002569455363781
0.002560932038021
0.002552617821420
0.002544791322275
0.002537719365147
0.002531648047666
0.002526794351101
0.002523338586102
0.002521417931412
0.002521121291213
0.002522485656797
0.002525494111867
0.002530075569182
0.002536106271261
0.002543413031043
0.002551778131665
0.002560945749640
0.002570629714550
0.002580522372502
0.002590304281728
0.002599654437999
0.002608260706206
0.002615830123281
0.002622098737034
0.002626840655730
0.002629876003999
0.002631077511563
0.002630375501303
0.002627761091295
0.002623287480144
0.002617069244572
0.002609279640975
0.002600145966522
0.002589943098376
0.002578985389727
0.002567617156535
0.002556202037504
0.002545111550024
0.002534713195434
0.002525358486685
0.002517371279733
0.002511036786162
0.002506591628746
0.002504215274129
0.002504023138286
0.002506061611997
0.002510305196572
0.002516655876195
0.002524944784453
0.002534936150913
0.002546333441235
0.002558787533568
0.002571906707007
0.002585268156910
0.002598430698877
0.002610948279858
0.002622383882801
0.002632323391493
0.002640388975698
0.002646251563677
0.002649641989680
0.002650360437644
0.002648283848169
0.002643371012786
0.002635665145854
0.002625293798343
0.002612466057060
0.002597467055289
0.002580649903794
0.002562425232278
0.002543248608127
0.002523606169259
0.002503998869003
0.002484925781022
0.002466866949963
0.002450266297228
0.002435515100300
0.002422936557863
0.002412771931559
0.002405168719039
0.002400171262892
0.002397714137359
0.002397618581159
0.002399592162282
0.002403231771551
0.002408029948635
0.002413384449668
0.002418610872380
0.002422958065474
0.002425625966303
0.002425785437406
0.002422599610028
0.002415246193532
0.002402940174893
0.002384956313427
0.002360650833233
0.002329481729519
0.002291027134966
0.002245001237568
0.002191267300927
0.002129847410045
0.002060928648351
0.001984865502609
0.001902178389136
0.001813548294529
0.001719807624209
0.001621927449755
0.001521001438410
0.001418226832927
0.001314882924542
0.001212307524561
0.001111871988855
0.001014955383516
0.000922918397899
0.000837077613183
0.000758680720243
0.000688883250808
0.000628727341420
0.000579122992122
0.000540832212750
0.000514456371337
0.000500426973765
0.000499000013795
0.000510253940811
0.000534091201312
0.000570243222252
0.000618278621915
0.000677614359557
0.000747529470340
0.000827180978823
0.000915621543768
0.001011818360017
0.001114672830236
0.001223040520396
0.001335750927508
0.001451626615613
0.001569501315114
0.001688236629726
0.001806737052798
0.001923963058562
0.002038942101776
0.002150777429020
0.002258654674365
0.002361846278982
0.002459713836539
0.002551708522022
0.002637369809302
0.002716322721053
0.002788273882592
0.002853006668121
0.002910375733646
0.002960301225538
0.003002762937944
0.003037794666811
0.003065478974465
0.003085942537884
0.003099352207710
0.003105911855585
0.003105860036396
0.003099468441565
0.003087041071475
0.003068914011379
0.003045455657260
0.003017067207714
0.002984183215929
0.002947271983376
0.002906835574149
0.002863409236370
0.002817560034362
0.002769884521874
0.002721005321588
0.002671566518300
0.002622227820907
0.002573657500160
0.002526524162969
0.002481487478076
0.002439188020079
0.002400236447084
0.002365202269934
0.002334602506215
0.002308890538656
0.002288445513919
0.002273562623227
0.002264444600344
0.002261194754835
0.002263811829742
0.002272186933191
0.002286102744221
0.002305235135473
0.002329157290988
0.002357346328141
0.002389192360706
0.002424009867481
0.002461051159989
0.002499521675890
0.002538596763902
0.002577439573457
0.002615219619612
0.002651131562596
0.002684413722880
0.002714365847685
0.002740365653797
0.002761883694465
0.002778496134521
0.002789895066958
0.002795896064645
0.002796442731188
0.002791608093149
0.002781592759734
0.002766719863357
0.002747426882555
0.002724254535107
0.002697833011278
0.002668865892520
0.002638112167363
0.002606366811653
0.002574440443058
0.002543138588442
0.002513241116424
0.002485482385694
0.002460532642280
0.002438981166561
0.002421321624007
0.002407940013876
0.002399105538959
0.002394964638954
0.002395538342526
0.002400723000971
0.002410294372370
0.002423914931872
0.002441144193981
0.002461451749039
0.002484232640875
0.002508824648130
0.002534526979727
0.002560619857070
0.002586384432711
0.002611122488198
0.002634175362736
0.002654941588857
0.002672892750807
0.002687587134610
0.002698680804136
0.002705935813140
0.002709225346832
0.002708535675639
0.002703964895870
0.002695718524195
0.002684102102612
0.002669511055219
0.002652418115200
0.002633358707793
0.002612914730652
0.002591697215430
0.002570328382419
0.002549423612926
0.002529573861481
0.002511329012164
0.002495182650864
0.002481558679286
0.002470800138362
0.002463160540331
0.002458797932088
0.002457771829905
0.002460043079748
0.002465476610721
0.002473846964262
0.002484846401082
0.002498095313879
0.002513154608684
0.002529539663169
0.002546735427968
0.002564212208080
0.002581441646595
0.002597912432522
0.002613145268400
0.002626706660930
0.002638221138326
0.002647381549883
0.002653957164946
0.002657799357888
0.002658844740882
0.002657115684677
0.002652718247042
0.002645837606423
0.002636731172517
0.002625719613521
0.002613176099914
0.002599514114879
0.002585174220627
0.002570610196695
0.002556274980164
0.002542606838424
0.002530016192594
0.002518873484639
0.002509498444461
0.002502151065967
0.002497024545016
0.002494240368897
0.002493845678745
0.002495812955023
0.002500042004350
0.002506364155501
0.002514548505666
0.002524309996980
0.002535319049750
0.002547212434247
0.002559605028774
0.002572102088742
0.002584311640461
0.002595856614327
0.002606386344998
0.002615587090423
0.002623191256388
0.002628985057294
0.002632814395815
