0.002577077894541
0.002581800690393
0.002586060880371
0.002589709326579
0.002592615980796
0.002594674389041
0.002595805452815
0.002595960316107
0.002595122275097
0.002593307638830
0.002590565503224
0.002586976436304
0.002582650108490
0.002577721936880
0.002572348845590
0.002566704274303
0.002560972593082
0.002555343102542
0.002550003813660
0.002545135210565
0.002540904201976
0.002537458462614
0.002534921354874
0.002533387603664
0.002532919874076
0.002533546373217
0.002535259564930
0.002538016050319
0.002541737629150
0.002546313518488
0.002551603666653
0.002557443064007
0.002563646918357
0.002570016533148
0.002576345701948
0.002582427414018
0.002588060653579
0.002593057070228
0.002597247300013
0.002600486726056
0.002602660483908
0.002603687539705
0.002603523697951
0.002602163429389
0.002599640447073
0.002596026999040
0.002591431887742
0.002585997268204
0.002579894317421
0.002573317905385
0.002566480432192
0.002559605024600
0.002552918308416
0.002546642989176
0.002540990482242
0.002536153834395
0.002532301171927
0.002529569895579
0.002528061820501
0.002527839430721
0.002528923382941
0.002531291355152
0.002534878292666
0.002539578059109
0.002545246454136
0.002551705514616
0.002558748973228
0.002566148709271
0.002573661992263
0.002581039290832
0.002588032398392
0.002594402613937
0.002599928711493
0.002604414435559
0.002607695272259
0.002609644266539
0.002610176684106
0.002609253351932
0.002606882552161
0.002603120389732
0.002598069602636
0.002591876833904
0.002584728434605
0.002576844915570
0.002568474210892
0.002559883956734
0.002551353023451
0.002543162566181
0.002535586878015
0.002528884339832
0.002523288761531
0.002519001400544
0.002516183925292
0.002514952564259
0.002515373646214
0.002517460694942
0.002521173193902
0.002526417083930
0.002533047002158
0.002540870214359
0.002549652137814
0.002559123299238
0.002568987524090
0.002578931111193
0.002588632711597
0.002597773604094
0.002606048042765
0.002613173345089
0.002618899392713
0.002623017231141
0.002625366478912
0.002625841290692
0.002624394661200
0.002621040906727
0.002615856216700
0.002608977227702
0.002600597634547
0.002590962915744
0.002580363311732
0.002569125251852
0.002557601478243
0.002546160159886
0.002535173326528
0.002525004978780
0.002515999246384
0.002508468970912
0.002502685081530
0.002498867113222
0.002497175186269
0.002497703724770
0.002500477141595
0.002505447658901
0.002512495368880
0.002521430570701
0.002531998348661
0.002543885285681
0.002556728137514
0.002570124228666
0.002583643273058
0.002596840272774
0.002609269108510
0.002620496406937
0.002630115254143
0.002637758321289
0.002643109978925
0.002645916999911
0.002645997487055
0.002643247709488
0.002637646590210
0.002629257654468
0.002618228322776
0.002604786511392
0.002589234584455
0.002571940783527
0.002553328339345
0.002533862544925
0.002514036136349
0.002494353385585
0.002475313356642
0.002457392810728
0.002441029266624
0.002426604728462
0.002414430584132
0.002404734153634
0.002397647328486
0.002393197691571
0.002391302443047
0.002391765383736
0.002394277124921
0.002398418604843
0.002403667900039
0.002409410226556
0.002414950934623
0.002419531213312
0.002422346141509
0.002422564650517
0.002419350903953
0.002411886553997
0.002399393301012
0.002381155166990
0.002356539892814
0.002325018885072
0.002286185169733
0.002239768856573
0.002185649678691
0.002123866243949
0.002054621717965
0.001978285748872
0.001895392540122
0.001806635076364
0.001712855606243
0.001615032582009
0.001514264346562
0.001411749941406
0.001308767481753
0.001206650605662
0.001106763551126
0.001010475447077
0.000919134420664
0.000834042123513
0.000756429264118
0.000687432702582
0.000628074618678
0.000579244205998
0.000541682275580
0.000515969073870
0.000502515534590
0.000501558094336
0.000513157110314
0.000537198827887
0.000573400758290
0.000621320245185
0.000680365925031
0.000749811722344
0.000828812968483
0.000916424192887
0.001011618109530
0.001113305309189
0.001220354169978
0.001331610514076
0.001445916566824
0.001562128814277
0.001679134405310
0.001795865802707
0.001911313452366
0.002024536308575
0.002134670124095
0.002240933484214
0.002342631631828
0.002439158193888
0.002529994976338
0.002614710043298
0.002692954335421
0.002764457111018
0.002829020511081
0.002886513555489
0.002936865872520
0.002980061447893
0.003016132653687
0.003045154782849
0.003067241273068
0.003082539756195
0.003091229018021
0.003093516900048
0.003089639121845
0.003079858951755
0.003064467606904
0.003043785222398
0.003018162195895
0.002987980688514
0.002953656047344
0.002915637909250
0.002874410750425
0.002830493661186
0.002784439150296
0.002736830816880
0.002688279769543
0.002639419720283
0.002590900733428
0.002543381665375
0.002497521387360
0.002453968938768
0.002413352810710
0.002376269606669
0.002343272367284
0.002314858878154
0.002291460301572
0.002273430484371
0.002261036293852
0.002254449321795
0.002253739272922
0.002258869319265
0.002269693656659
0.002285957445096
0.002307299252558
0.002333256053868
0.002363270764195
0.002396702213152
0.002432837392324
0.002470905738704
0.002510095151269
0.002549569379795
0.002588486375997
0.002626017158796
0.002661364719432
0.002693782479138
0.002722591812967
0.002747198168219
0.002767105334601
0.002781927465186
0.002791398501315
0.002795378719503
0.002793858192317
0.002786957036180
0.002774922404714
0.002758122274284
0.002737036156184
0.002712242954937
0.002684406272015
0.002654257526424
0.002622577326084
0.002590175574684
0.002557870836315
0.002526469503371
0.002496745321308
0.002469419816404
0.002445144149899
0.002424482884353
0.002407900096697
0.002395748208712
0.002388259831409
0.002385542836887
0.002387578782313
0.002394224718035
0.002405218318242
0.002420186180712
0.002438655054590
0.002460065674469
0.002483788807445
0.002509143059518
0.002535413940285
0.002561873651772
0.002587801049379
0.002612501220720
0.002635324141744
0.002655681898429
0.002673064005676
0.002687050411565
0.002697321843160
0.002703667227500
0.002705988006188
0.002704299251374
0.002698727582568
0.002689505974704
0.002676965635810
0.002661525214767
0.002643677673793
0.002623975224228
0.002603012776183
0.002581410391217
0.002559795251301
0.002538783666436
0.002518963637116
0.002500878466736
0.002485011883735
0.002471775084845
0.002461496050874
0.002454411416726
0.002450661100084
0.002450285810616
0.002453227476179
0.002459332536885
0.002468357974526
0.002479979866178
0.002493804179170
0.002509379461928
0.002526211033453
0.002543776234607
0.002561540278176
0.002578972222423
0.002595560594813
0.002610828208556
0.002624345744039
0.002635743708966
0.002644722443926
0.002651059902241
0.002654617002597
0.002655340427750
0.002653262820471
0.002648500406214
0.002641248148685
0.002631772617039
0.002620402809850
0.002607519239271
0.002593541627300
0.002578915603400
0.002564098817916
0.002549546898132
0.002535699673158
0.002522968080360
0.002511722140187
0.002502280349057
0.002494900792503
0.002489774224842
0.002487019298752
0.002486680060513
0.002488725756288
0.002493052923870
0.002499489675031
0.002507802007993
0.002517701929605
0.002528857114346
0.002540901783705
0.002553448456203
0.002566100196046
0.002578462977862
0.002590157786224
0.002600832081656
0.002610170288915
0.002617902997768
0.002623814610004
