0.002640965680056
0.002639188997524
0.002638087389535
0.002637706361999
0.002638064246954
0.002639151296245
0.002640929832615
0.002643335461008
0.002646279302812
0.002649651176868
0.002653323614661
0.002657156564711
0.002661002613986
0.002664712533207
0.002668140939127
0.002671151860705
0.002673623997973
0.002675455472185
0.002676567883345
0.002676909515740
0.002676457562872
0.002675219279018
0.002673232004296
0.002670562052065
0.002667302490259
0.002663569890126
0.002659500155414
0.002655243580596
0.002650959317098
0.002646809450356
0.002642952906985
0.002639539419747
0.002636703777917
0.002634560582019
0.002633199705003
0.002632682637301
0.002633039861711
0.002634269366787
0.002636336365774
0.002639174243562
0.002642686708354
0.002646751079393
0.002651222598884
0.002655939616854
0.002660729463549
0.002665414796452
0.002669820189170
0.002673778718116
0.002677138300601
0.002679767544764
0.002681560887644
0.002682442822035
0.002682371044744
0.002681338397464
0.002679373515160
0.002676540144218
0.002672935141771
0.002668685216900
0.002663942521867
0.002658879245480
0.002653681399432
0.002648542020456
0.002643654035220
0.002639203050044
0.002635360333069
0.002632276252262
0.002630074418463
0.002628846759270
0.002628649717379
0.002629501727421
0.002631382079601
0.002634231228194
0.002637952550058
0.002642415504639
0.002647460094488
0.002652902476025
0.002658541525989
0.002664166131434
0.002669562941697
0.002674524300665
0.002678856067681
0.002682385036170
0.002684965670420
0.002686485902813
0.002686871765365
0.002686090669649
0.002684153196745
0.002681113312017
0.002677066976439
0.002672149184853
0.002666529519700
0.002660406364494
0.002653999972271
0.002647544628819
0.002641280186724
0.002635443272893
0.002630258488120
0.002625929921690
0.002622633296722
0.002620509043098
0.002619656564844
0.002620129928803
0.002621935152641
0.002625029214300
0.002629320843990
0.002634673095708
0.002640907630515
0.002647810580599
0.002655139803920
0.002662633286038
0.002670018400689
0.002677021705413
0.002683378924525
0.002688844759885
0.002693202170938
0.002696270779372
0.002697914080275
0.002698045179935
0.002696630829327
0.002693693580165
0.002689311955259
0.002683618594553
0.002676796410239
0.002669072856205
0.002660712486162
0.002652008038706
0.002643270343920
0.002634817392746
0.002626962945632
0.002620005079294
0.002614215078997
0.002609827078019
0.002607028825892
0.002605953933155
0.002606675893721
0.002609204127934
0.002613482221957
0.002619388464380
0.002626738701539
0.002635291451489
0.002644755135922
0.002654797212149
0.002665054916481
0.002675147268390
0.002684687933996
0.002693298509689
0.002700621763437
0.002706334363688
0.002710158634133
0.002711872897037
0.002711320007633
0.002708413736228
0.002703142721494
0.002695571795857
0.002685840569576
0.002674159251150
0.002660801775276
0.002646096402541
0.002630414044297
0.002614154648731
0.002597732057215
0.002581557800991
0.002566024355048
0.002551488396872
0.002538254631433
0.002526560739582
0.002516563984932
0.002508329974704
0.002501824013981
0.002496905421933
0.002493325094881
0.002490726507048
0.002488650238340
0.002486542012555
0.002483764122326
0.002479610012085
0.002473321690687
0.002464109554120
0.002451174118785
0.002433729099642
0.002411025217213
0.002382374084538
0.002347171510807
0.002304919563041
0.002255246750752
0.002197925740412
0.002132888065462
0.002060235372037
0.001980246828091
0.001893382421965
0.001800281982574
0.001701759864361
0.001598795352791
0.001492518957208
0.001384194864313
0.001275199924331
0.001166999630496
0.001061121628421
0.000959127353291
0.000862582438150
0.000773026564792
0.000691943439481
0.000620731568851
0.000560676487467
0.000512925048555
0.000478462334844
0.000458091679028
0.000452418205160
0.000461836215735
0.000486520656735
0.000526422797139
0.000581270162890
0.000650570670654
0.000733620816145
0.000829517687603
0.000937174499023
0.001055339271519
0.001182616235977
0.001317489486865
0.001458348386051
0.001603514197037
0.001751267423725
0.001899875333365
0.002047619159610
0.002192820507745
0.002333866518808
0.002469233391033
0.002597507904454
0.002717406645970
0.002827792686264
0.002927689515291
0.003016292098182
0.003092974967370
0.003157297318300
0.003209005124700
0.003248030334176
0.003274487245679
0.003288666206709
0.003291024800128
0.003282176717980
0.003262878543165
0.003234014679298
0.003196580685007
0.003151665281590
0.003100431312700
0.003044095941861
0.002983910378315
0.002921139424194
0.002857041136281
0.002792846893676
0.002729742158419
0.002668848209289
0.002611205119378
0.002557756235331
0.002509334399984
0.002466650140315
0.002430282018760
0.002400669318063
0.002378107197596
0.002362744422868
0.002354583729686
0.002353484840734
0.002359170105646
0.002371232686786
0.002389147162763
0.002412282371344
0.002439916264031
0.002471252497443
0.002505438443192
0.002541584259409
0.002578782634981
0.002616128792910
0.002652740323362
0.002687776410604
0.002720456022094
0.002750074642643
0.002776019162204
0.002797780562072
0.002814964090683
0.002827296675906
0.002834631384566
0.002836948810379
0.002834355346953
0.002827078380816
0.002815458518732
0.002799939041370
0.002781052849710
0.002759407238893
0.002735666894768
0.002710535558895
0.002684736846805
0.002658994730377
0.002634014207295
0.002610462678038
0.002588952533668
0.002570025425872
0.002554138645220
0.002541653975422
0.002532829322086
0.002527813336102
0.002526643166423
0.002529245387259
0.002535440053175
0.002544947744981
0.002557399382490
0.002572348499726
0.002589285606572
0.002607654200377
0.002626867943581
0.002646328490531
0.002665443429360
0.002683643803759
0.002700400694698
0.002715240373257
0.002727757581777
0.002737626560101
0.002744609504920
0.002748562230944
0.002749436890224
0.002747281697760
0.002742237704561
0.002734532750693
0.002724472817683
0.002712431079093
0.002698835017770
0.002684152035859
0.002668874027506
0.002653501412732
0.002638527143514
0.002624421189258
0.002611615988749
0.002600493320148
0.002591372990737
0.002584503685748
0.002580056242696
0.002578119536691
0.002578699075891
0.002581718317386
0.002587022625378
0.002594385708356
0.002603518292892
0.002614078721231
0.002625685100302
0.002637928583024
0.002650387330214
0.002662640684148
0.002674283083131
0.002684937260435
0.002694266299919
0.002701984163609
0.002707864361767
0.002711746501800
0.002713540526204
0.002713228529279
0.002710864124737
0.002706569418806
0.002700529723250
0.002692986217138
0.002684226832845
0.002674575698387
0.002664381512963
0.002654005264146
0.002643807712527
0.002634137072334
0.002625317304649
0.002617637413939
0.002611342099608
0.002606624063727
0.002603618215803
0.002602397947550
0.002602973577578
0.002605292990197
0.002609244416881
0.002614661235830
0.002621328597102
0.002628991620184
0.002637364859688
0.002646142694744
0.002655010269931
0.002663654600993
0.002671775457636
0.002679095648113
0.002685370355724
0.002690395214510
0.002694012859205
0.002696117740831
0.002696659062377
0.002695641756434
0.002693125496001
0.002689221798612
0.002684089349981
0.002677927734238
0.002670969811476
0.002663473027953
0.002655709978354
0.002647958562049
0.002640492085458
0.002633569660359
0.002627427233372
0.002622269555618
0.002618263364660
