0.002922496925053
0.002923814743981
0.002925223689156
0.002926642636335
0.002927987387828
0.002929175564161
0.002930131538512
0.002930791126155
0.002931105746698
0.002931045798998
0.002930603026496
0.002929791702608
0.002928648529174
0.002927231212501
0.002925615757390
0.002923892595362
0.002922161734938
0.002920527184771
0.002919090950975
0.002917946944772
0.002917175153024
0.002916836420906
0.002916968172347
0.002917581350656
0.002918658800799
0.002920155238922
0.002921998867913
0.002924094604441
0.002926328788387
0.002928575154994
0.002930701768917
0.002932578552520
0.002934084992601
0.002935117583601
0.002935596563663
0.002935471523447
0.002934725516196
0.002933377369093
0.002931481987483
0.002929128550376
0.002926436612460
0.002923550248305
0.002920630491829
0.002917846431657
0.002915365414174
0.002913342875117
0.002911912362522
0.002911176325284
0.002911198220667
0.002911996440387
0.002913540470285
0.002915749586307
0.002918494254800
0.002921600254483
0.002924855378759
0.002928018418757
0.002930829978709
0.002933024544670
0.002934343123606
0.002934545699548
0.002933422722609
0.002930804859053
0.002926570287809
0.002920648930331
0.002913023143242
0.002903724581409
0.002892827145238
0.002880436150504
0.002866674090978
0.002851663591363
0.002835508358339
0.002818273118607
0.002799963673435
0.002780508289561
0.002759741678660
0.002737392786639
0.002713077517667
0.002686297356764
0.002656444633300
0.002622814893205
0.002584626530356
0.002541047480714
0.002491228421127
0.002434341555176
0.002369623728029
0.002296422308415
0.002214242024670
0.002122790758075
0.002022022192391
0.001912173202679
0.001793793944332
0.001667768776057
0.001535326415135
0.001398038072296
0.001257802735500
0.001116819251470
0.000977545372618
0.000842644474181
0.000714921179452
0.000597247636961
0.000492482649612
0.000403386240965
0.000332532539174
0.000282224049109
0.000254410456449
0.000250615057302
0.000271871731630
0.000318675081990
0.000390945949930
0.000488014014532
0.000608618589663
0.000750928090413
0.000912577960181
0.001090726164702
0.001282124695567
0.001483204910749
0.001690173998620
0.001899119407991
0.002106117758571
0.002307344548619
0.002499180918486
0.002678313813745
0.002841826117310
0.002987273678056
0.003112746640325
0.003216913055540
0.003299043411157
0.003359015417270
0.003397299119054
0.003414923124911
0.003413423426672
0.003394776912389
0.003361322209410
0.003315670924749
0.003260612654952
0.003199017307676
0.003133738306745
0.003067520142050
0.003002913481689
0.002942200698061
0.002887334188998
0.002839889320351
0.002801033201935
0.002771509860619
0.002751641719870
0.002741346661356
0.002740169356856
0.002747325041071
0.002761753467681
0.002782180467842
0.002807184323024
0.002835264078208
0.002864906957305
0.002894652195225
0.002923148860442
0.002949205593866
0.002971830616529
0.002990260839286
0.003003979420009
0.003012721634366
0.003016469432425
0.003015435523243
0.003010038244176
0.003000868814359
0.002988652830255
0.002974208026843
0.002958400396926
0.002942100733726
0.002926143543205
0.002911290071217
0.002898196918959
0.002887391393241
0.002879254373103
0.002874011089213
0.002871729826157
0.002872328187808
0.002875586229178
0.002881165468742
0.002888632564991
0.002897486278194
0.002907186248134
0.002917182102199
0.002926941463455
0.002935975549719
0.002943861233603
0.002950258659195
0.002954923770620
0.002957715387277
0.002958596745728
0.002957631704882
0.002954976066085
0.002950864681443
0.002945595202534
0.002939509450583
0.002932973463761
0.002926357296046
0.002920015606307
0.002914269989928
0.002909393874676
0.002905600635975
0.002903035393997
