0.002895172168118
0.002894673314548
0.002893684898143
0.002892245995135
0.002890418856290
0.002888286352125
0.002885948346846
0.002883517154898
0.002881112281984
0.002878854691614
0.002876860866645
0.002875236951199
0.002874073260848
0.002873439437645
0.002873380501584
0.002873914012517
0.002875028507702
0.002876683322366
0.002878809836287
0.002881314121501
0.002884080897932
0.002886978638239
0.002889865603771
0.002892596543017
0.002895029745143
0.002897034116033
0.002898495934391
0.002899324951653
0.002899459521800
0.002898870485074
0.002897563581580
0.002895580234753
0.002892996617997
0.002889920997184
0.002886489423623
0.002882859932712
0.002879205479046
0.002875705905485
0.002872539298310
0.002869873120103
0.002867855534264
0.002866607338366
0.002866214907373
0.002866724512065
0.002868138324039
0.002870412348270
0.002873456440133
0.002877136469571
0.002881278594594
0.002885675504154
0.002890094391068
0.002894286323929
0.002897996607181
0.002900975654872
0.002902989859503
0.002903831915634
0.002903330060240
0.002901355719170
0.002897829101028
0.002892722355268
0.002886060007561
0.002877916499429
0.002868410786231
0.002857698082943
0.002845958985165
0.002833386327598
0.002820170267866
0.002806482194259
0.002792458146387
0.002778182503107
0.002763672728641
0.002748865972689
0.002733608291994
0.002717647198969
0.002700628148663
0.002682095450965
0.002661497944271
0.002638199594656
0.002611494996943
0.002580629557596
0.002544823941432
0.002503302172388
0.002455322600620
0.002400210791421
0.002337393262684
0.002266430902761
0.002187050844582
0.002099175558217
0.002002947954910
0.001898751371350
0.001787223422539
0.001669262872132
0.001546028866309
0.001418932105158
0.001289617777120
0.001159940349131
0.001031930578774
0.000907755385596
0.000789671477378
0.000679973864087
0.000580940598987
0.000494775254871
0.000423548766999
0.000369142347872
0.000333193198657
0.000317044706235
0.000321702723359
0.000347799384365
0.000395565713968
0.000464814047529
0.000554931004990
0.000664881455791
0.000793223588314
0.000938134864859
0.001097448312747
0.001268698284596
0.001449174526563
0.001635983132219
0.001826112740462
0.002016504165822
0.002204121534663
0.002386022944977
0.002559428672976
0.002721785016485
0.002870821991286
0.003004603278249
0.003121567050365
0.003220556582530
0.003300839854059
0.003362117684791
0.003404520289397
0.003428592480286
0.003435268085975
0.003425834468464
0.003401888309708
0.003365284084915
0.003318076841310
0.003262461049112
0.003200707382571
0.003135099320427
0.003067871426933
0.003001151087963
0.002936905335443
0.002876894202533
0.002822631818609
0.002775356185361
0.002736008282518
0.002705220843801
0.002683316831118
0.002670317328083
0.002665958282780
0.002669715263597
0.002680835159410
0.002698373563380
0.002721236433915
0.002748224530730
0.002778079080695
0.002809527137599
0.002841325160521
0.002872299444092
0.002901382185640
0.002927642162844
0.002950309213731
0.002968791950314
0.002982688389088
0.002991789436924
0.002996075420461
0.002995706082506
0.002991004682052
0.002982437018545
0.002970586350061
0.002956125284868
0.002939785793431
0.002922328512148
0.002904512491203
0.002887066478823
0.002870662736322
0.002855894247204
0.002843256025047
0.002833131045626
0.002825781135869
0.002821342953451
0.002819828993664
0.002821133372009
0.002825041958596
0.002831246289922
0.002839360560038
0.002848940900408
0.002859506098562
0.002870558881237
0.002881606898013
0.002892182585037
0.002901861162679
0.002910276122009
0.002917131678154
0.002922211808365
0.002925385642983
0.002926609132291
0.002925923064997
0.002923447659039
0.002919374076737
