0.002920668813497
0.002922022448034
0.002923418117002
0.002924774502834
0.002926010189220
0.002927048425529
0.002927821766280
0.002928276313300
0.002928375302736
0.002928101808817
0.002927460379996
0.002926477478716
0.002925200660814
0.002923696500972
0.002922047342966
0.002920347023532
0.002918695782569
0.002917194626118
0.002915939448929
0.002915015247525
0.002914490760706
0.002914413861508
0.002914807992676
0.002915669888136
0.002916968757759
0.002918647035199
0.002920622702677
0.002922793116801
0.002925040170908
0.002927236546867
0.002929252737862
0.002930964467591
0.002932260094514
0.002933047574763
0.002933260566032
0.002932863287248
0.002931853804450
0.002930265489560
0.002928166492237
0.002925657171167
0.002922865544384
0.002919940932563
0.002917046078250
0.002914348121326
0.002912008890839
0.002910175030285
0.002908968503601
0.002908478029463
0.002908751960911
0.002909793066085
0.002911555576077
0.002913944751396
0.002916819084462
0.002919995108622
0.002923254631906
0.002926354064380
0.002929035369989
0.002931038055386
0.002932111517011
0.002932027010050
0.002930588483824
0.002927641550710
0.002923079920931
0.002916848742327
0.002908944428936
0.002899410739345
0.002888331067608
0.002875817126662
0.002861994426075
0.002846985161070
0.002830889326441
0.002813765035888
0.002795609153830
0.002776339424197
0.002755779301887
0.002733646653132
0.002709547389256
0.002682974935432
0.002653316216565
0.002619864573593
0.002581839715564
0.002538414478306
0.002488747813838
0.002432023091711
0.002367490470417
0.002294511810299
0.002212606364112
0.002121495311301
0.002021143108326
0.001911793618190
0.001793999062570
0.001668640010306
0.001536934873516
0.001400437719916
0.001261023616122
0.001120861177148
0.000982372494553
0.000848181129948
0.000721049370604
0.000603806427905
0.000499269696014
0.000410161557162
0.000339024503815
0.000288137531706
0.000259436830635
0.000254443755475
0.000274202896328
0.000319232787481
0.000389491408095
0.000484358146149
0.000602633338418
0.000742555883831
0.000901838778938
0.001077721767882
0.001267039661093
0.001466304282880
0.001671797482334
0.001879672206466
0.002086058307581
0.002287169552807
0.002479408231704
0.002659463821909
0.002824402371365
0.002971743581657
0.003099523018170
0.003206337412020
0.003291371635039
0.003354406598114
0.003395808018544
0.003416496696305
0.003417901604672
0.003401897711537
0.003370730980041
0.003326933430314
0.003273231461887
0.003212450827169
0.003147421704061
0.003080887239616
0.003015418731472
0.002953340289558
0.002896665392253
0.002847047237580
0.002805744213379
0.002773601195207
0.002751046752547
0.002738105728664
0.002734426081765
0.002739318357867
0.002751805728656
0.002770682186644
0.002794576256761
0.002822017464908
0.002851502801855
0.002881560531903
0.002910808912191
0.002938007698072
0.002962100696839
0.002982248077397
0.002997847626577
0.003008544641681
0.003014230641820
0.003015031546484
0.003011286389465
0.003003517993096
0.002992397308451
0.002978703322087
0.002963280533713
0.002946996020455
0.002930698025285
0.002915177846262
0.002901136570078
0.002889157900970
0.002879688000003
0.002873022886791
0.002869303583544
0.002868518817124
0.002870514755037
0.002875010950562
0.002881621422828
0.002889879609185
0.002899265805885
0.002909235662006
0.002919248310087
0.002928792801683
0.002937411660049
0.002944720556435
0.002950423349652
0.002954321987963
0.002956321044572
0.002956426929355
0.002954742077060
0.002951454644050
0.002946824441608
0.002941165985799
0.002934829646215
0.002928181925646
0.002921585899418
0.002915382789186
0.002909875545926
0.002905315177602
0.002901890386858
