0.003014553104349
0.003015970591426
0.003017091719728
0.003017807945409
0.003018045545750
0.003017773318242
0.003017006529196
0.003015806658077
0.003014276861154
0.003012553470812
0.003010794219381
0.003009164193947
0.003007820761035
0.003006898824157
0.003006497779192
0.003006671409606
0.003007421723895
0.003008697400741
0.003010397101524
0.003012377470600
0.003014465210212
0.003016472228740
0.003018212554562
0.003019519512878
0.003020261599922
0.003020355566937
0.003019775441564
0.003018556550833
0.003016794040301
0.003014635871533
0.003012270782385
0.003009912166454
0.003007779226071
0.003006077039496
0.003004977328577
0.003004601701100
0.003005008969054
0.003006187821162
0.003008055680012
0.003010464037748
0.003013209985184
0.003016053078152
0.003018736173551
0.003021008463524
0.003022648679243
0.003023486353363
0.003023419135397
0.003022424443537
0.003020564189872
0.003017981898158
0.003014892196433
0.003011563353901
0.003008294181745
0.003005387171005
0.003003120143987
0.003001718906764
0.003001333382760
0.003002019472892
0.003003728438203
0.003006304967508
0.003009494324438
0.003012958128459
0.003016297485381
0.003019081420283
0.003020877952335
0.003021284750027
0.003019956164637
0.003016623587295
0.003011106514979
0.003003312422574
0.002993224476644
0.002980877224683
0.002966321567033
0.002949581471434
0.002930605922815
0.002909220417540
0.002885082828250
0.002857648618321
0.002826150134980
0.002789594048418
0.002746779954124
0.002696341772437
0.002636811947436
0.002566706675482
0.002484628607506
0.002389381802381
0.002280092293442
0.002156326587121
0.002018199840999
0.001866465438345
0.001702578221340
0.001528724759999
0.001347815671264
0.001163437076923
0.000979760679320
0.000801414492533
0.000633318828782
0.000480494533570
0.000347852522431
0.000239975248277
0.000160901700420
0.000113927820916
0.000101433781222
0.000124748400358
0.000184059160731
0.000278373890901
0.000405537375957
0.000562303096398
0.000744457174896
0.000946988622996
0.001164297316016
0.001390428953946
0.001619324727882
0.001845072603797
0.002062147109538
0.002265625267215
0.002451367801479
0.002616156877006
0.002757784237685
0.002875086566269
0.002967927967655
0.003037132505747
0.003084372503611
0.003112020678871
0.003122975990748
0.003120474220637
0.003107894738759
0.003088574617675
0.003065640279564
0.003041865292492
0.003019560883400
0.003000503362071
0.002985900118471
0.002976393338139
0.002972098242843
0.002972670654628
0.002977397120996
0.002985299812652
0.002995247958029
0.003006067714197
0.003016643054202
0.003026001402540
0.003033379269160
0.003038264892573
0.003040416767061
0.003039858758821
0.003036854181369
0.003031862589432
0.003025484076206
0.003018396465219
0.003011290952607
0.003004811489958
0.002999502545025
0.002995768907793
0.002993850013491
0.002993809935956
0.002995542872565
0.002998792700053
0.003003184121371
0.003008262121228
0.003013535952662
0.003018523712939
0.003022793731089
0.003025999452599
0.003027905217518
0.003028401217554
0.003027506905288
0.003025363129454
0.003022214202152
0.003018381893364
0.003014233936652
0.003010149977361
0.003006487982401
0.003003553962159
0.003001577454528
0.003000694631094
0.003000940162655
0.003002248190974
0.003004461964801
0.003007350976580
0.003010633840345
0.003014004726409
0.003017160944515
0.003019829255854
0.003021788689493
0.003022888016612
0.003023056558551
0.003022307622640
0.003020734517713
0.003018499741638
0.003015818502182
0.003012938183796
0.003010115671451
0.003007594567682
0.003005584285019
0.003004242772880
0.003003664270001
0.003003872996247
0.003004823155504
0.003006405062669
0.003008456681169
