0.002954581879151
0.002949698236175
0.002942648418463
0.002933670929333
0.002923128799427
0.002911499252184
0.002899356518152
0.002887348134415
0.002876165395642
0.002866508940490
0.002859050746049
0.002854394049127
0.002853032903118
0.002855313201935
0.002861397049279
0.002871232316949
0.002884529117941
0.002900744720242
0.002919078150958
0.002938475396493
0.002957645705196
0.002975089059288
0.002989134420245
0.002997987885214
0.002999789441078
0.002992676587265
0.002974852737018
0.002944658016741
0.002900639878622
0.002841620834368
0.002766760615042
0.002675610166939
0.002568155105105
0.002444846558751
0.002306617746609
0.002154885101108
0.001991533300737
0.001818884149776
0.001639649841392
0.001456871730539
0.001273846303567
0.001094040539175
0.000920999289475
0.000758247652134
0.000609191540093
0.000477019773600
0.000364611014208
0.000274448730807
0.000208547137632
0.000168390682212
0.000154889200648
0.000168350315752
0.000208470051079
0.000274341993739
0.000364484685844
0.000476886283608
0.000609064919191
0.000758142656546
0.000920930469478
0.001094021305320
0.001273888044458
0.001456983033361
0.001639835860767
0.001819146162346
0.001991868472565
0.002155286483160
0.002307074500824
0.002445344404315
0.002568676962194
0.002676136964064
0.002767272216894
0.002842097040188
0.002901061437017
0.002945007601776
0.002975115832362
0.002992842230110
0.002999850785147
0.002997942552034
0.002988984619465
0.002974841471458
0.002957311133453
0.002938068206256
0.002918615528344
0.002900245789776
0.002884013967815
0.002870720984976
0.002860908524742
0.002854864497409
0.002852638246317
0.002854064237951
0.002858792700795
0.002866325476084
0.002876055224398
0.002887306096930
0.002899374027198
0.002911564922610
0.002923229226744
0.002933791571479
0.002942774529592
0.002949815798584
0.002954678479763
