0.002833973386175
0.002818704976441
0.002804374340418
0.002791653233284
0.002781189833166
0.002773581509292
0.002769347832217
0.002768904764946
0.002772540964449
0.002780397082376
0.002792448882671
0.002808494894178
0.002828149191115
0.002850839747232
0.002875812645014
0.002902142244614
0.002928747233705
0.002954412294953
0.002977814948084
0.002997556954230
0.003012199516783
0.003020301380146
0.003020458819888
0.003011346438322
0.002991757630994
0.002960643573815
0.002917149598106
0.002860647871487
0.002790765385006
0.002707406358856
0.002610768317589
0.002501351246793
0.002379959422520
0.002247695697118
0.002105948225317
0.001956369816791
0.001800850300358
0.001641482475009
0.001480522398814
0.001320344923577
0.001163395516611
0.001012139517572
0.000869010054910
0.000736355891160
0.000616390477720
0.000511143477639
0.000422415959746
0.000351740380745
0.000300346355792
0.000269133075743
0.000258649064312
0.000269079785201
0.000300243412653
0.000351594873902
0.000422238064139
0.000510945929223
0.000616187913870
0.000736164088655
0.000868845102703
0.001012016964760
0.001163329537369
0.001320347540068
0.001480602800438
0.001641646467816
0.001801099914289
0.001956703090895
0.002106359182634
0.002248174511846
0.002380492772881
0.002501922838118
0.002611359551969
0.002707997120625
0.002791334905732
0.002861175634256
0.002917616238894
0.002961031737799
0.002992052743666
0.003011537355227
0.003020538324466
0.003020266506287
0.003012051680938
0.002997301890862
0.002977462451517
0.002953975779774
0.002928243134389
0.002901589282613
0.002875230997715
0.002850250157776
0.002827572060756
0.002807949399588
0.002791952159297
0.002779963511702
0.002772181597991
0.002768626911168
0.002769154824760
0.002773472666175
0.002781160607497
0.002791695546844
0.002804477082770
0.002818854644335
0.002834154831364
