0.002766733330529
0.002752958604477
0.002741823399711
0.002733917648360
0.002729743636624
0.002729693277101
0.002734027969081
0.002742861749895
0.002756148348188
0.002773672638097
0.002795046865363
0.002819711876682
0.002846943436469
0.002875863565439
0.002905456687596
0.002934590231018
0.002962039197322
0.002986514098845
0.003006691564586
0.003021246838468
0.003028887338457
0.003028386413739
0.003018616429894
0.002998580328637
0.002967440848089
0.002924546650238
0.002869454681900
0.002801948191555
0.002722049933788
0.002630030212548
0.002526409540514
0.002411955821162
0.002287676089260
0.002154802971274
0.002014776146589
0.001869219200926
0.001719912362548
0.001568761697997
0.001417765415678
0.001268977981638
0.001124472791727
0.000986304167793
0.000856469452772
0.000736871970913
0.000629285595771
0.000535321630787
0.000456398656603
0.000393715936835
0.000348230901407
0.000320641145063
0.000311371289963
0.000320564966802
0.000348082070304
0.000393501343752
0.000456128245129
0.000535007945923
0.000628943214418
0.000736516839926
0.000856118164500
0.000985973205889
0.001124177781324
0.001268732977820
0.001417582262439
0.001568649486698
0.001719877014399
0.001869263192411
0.002014898390297
0.002154998857588
0.002287937687080
0.002412272228658
0.002526767370126
0.002630414188388
0.002722443574509
0.002802334547904
0.002869817095684
0.002924869500475
0.002967710250685
0.002998784758017
0.003018747234561
0.003028438202499
0.003028858219901
0.003021138502910
0.003006509204797
0.002986266173170
0.002961737045902
0.002934247562463
0.002905088959298
0.002875487285532
0.002846575418945
0.002819368483323
0.002794743268701
0.002773422138688
0.002755961777009
0.002742746982833
0.002733989575413
0.002729732317796
0.002729857621549
0.002734100654266
0.002742066343620
0.002753249660074
0.002767058468692
