0.003041457289546
0.003040950825561
0.003040127760467
0.003039086244994
0.003037960216943
0.003036904126342
0.003036073706653
0.003035605046605
0.003035594609348
0.003036082904951
0.003037044210739
0.003038384059662
0.003039945236419
0.003041521837002
0.003042879698224
0.003043780350395
0.003044004752318
0.003043372580106
0.003041752870103
0.003039062417595
0.003035249498309
0.003030262129808
0.003024002079291
0.003016267952236
0.003006692725429
0.002994682768973
0.002979366500916
0.002959561144423
0.002933765488083
0.002900185048960
0.002856793666738
0.002801432475018
0.002731943650063
0.002646332643486
0.002542949118853
0.002420673893902
0.002279097170217
0.002118672474695
0.001940831210022
0.001748044564416
0.001543822685356
0.001332645271760
0.001119822765398
0.000911292719424
0.000713361232690
0.000532404095933
0.000374546066356
0.000245339112476
0.000149461303290
0.000090457142749
0.000070537608722
0.000090454129274
0.000149455535036
0.000245331086720
0.000374536480687
0.000532393795500
0.000713351147951
0.000911283800118
0.001119815916536
0.001332641296905
0.001543822241342
0.001748048130160
0.001940839070370
0.002118684718546
0.002279113700674
0.002420694447158
0.002542973287934
0.002646359903005
0.002731973378708
0.002801463973490
0.002856826170148
0.002900217734097
0.002933797477212
0.002959591508252
0.002979394263896
0.002994706920113
0.003006712237240
0.003016281809438
0.003024009317566
0.003030261883367
0.003035241053572
0.003039045269063
0.003041726773659
0.003043337598696
0.003043961289232
0.003043729166201
0.003042821908672
0.003041458890831
0.003039878873675
0.003038316252778
0.003036977091987
0.003036018684799
0.003035535490746
0.003035553140113
0.003036030950833
0.003036872216894
0.003037940546992
0.003039079857775
0.003040135314609
0.003040972572411
0.003041493061534
