0.002755872833054
0.002742683781936
0.002732395229283
0.002725571123759
0.002722678628252
0.002724066551052
0.002729946668899
0.002740378594059
0.002755258735968
0.002774313788764
0.002797099043271
0.002823001679993
0.002851249053028
0.002880921828109
0.002910971695919
0.002940243248558
0.002967499486728
0.002991450321085
0.003010783346336
0.003024196103072
0.003030429001546
0.003028298064303
0.003016726650724
0.002994775355375
0.002961669322181
0.002916822285814
0.002859856737835
0.002790619715226
0.002709193819685
0.002615903194298
0.002511314306406
0.002396231508470
0.002271687469270
0.002138928682970
0.001999396370890
0.001854703187963
0.001706606231052
0.001556976918168
0.001407768365215
0.001260980929590
0.001118626617757
0.000982693066817
0.000855107808784
0.000737703511326
0.000632184861251
0.000540097717951
0.000462801114668
0.000401442626983
0.000356937561656
0.000329952346100
0.000320892420602
0.000329894853056
0.000356825810731
0.000401282936411
0.000462602588454
0.000539871816839
0.000631944861400
0.000737463875242
0.000854883497051
0.000982498821895
0.001118476252417
0.001260886652421
0.001407740174005
0.001557022088991
0.001706728926624
0.001854904203539
0.001999673029804
0.002139274887278
0.002272093903975
0.002396685990944
0.002511802266119
0.002616408262091
0.002709698500898
0.002791106117207
0.002860307319871
0.002917220598457
0.002962000703395
0.002995027552753
0.003016890342311
0.003028367254993
0.003030401277538
0.003024072733144
0.003010569225464
0.002991153758918
0.002967131850306
0.002939818475091
0.002910505697196
0.002880431812876
0.002850752797280
0.002822516777403
0.002796642168773
0.002773900007709
0.002754900889135
0.002740086785411
0.002729727878302
0.002723924388577
0.002722613240308
0.002725579254516
0.002732470433868
0.002742816781116
0.002756051992787
