0.002988625544939
0.002990825453042
0.002994407969973
0.002999121524144
0.003004602168594
0.003010399621022
0.003016012193797
0.003020928092106
0.003024669856572
0.003026838243951
0.003027151626243
0.003025477077051
0.003021849714633
0.003016477570999
0.003009730219207
0.003002110558606
0.002994210453454
0.002986652254190
0.002980019505009
0.002974781258157
0.002971215283025
0.002969335998578
0.002968833112706
0.002969026688143
0.002968843666508
0.002966819794232
0.002961129460330
0.002949644256597
0.002930019208036
0.002899803713438
0.002856572409038
0.002798069548224
0.002722359194363
0.002627972651937
0.002514044188884
0.002380426275465
0.002227776293098
0.002057607925443
0.001872302173232
0.001675075041487
0.001469901313399
0.001261396310132
0.001054659990026
0.000855090012367
0.000668172336756
0.000499259423363
0.000353347042596
0.000234861027961
0.000147464984262
0.000093899005111
0.000075857909459
0.000093915463138
0.000147498626536
0.000234913205698
0.000353419538688
0.000499354184473
0.000668291155214
0.000855234187153
0.001054829998456
0.001261591521655
0.001470119773919
0.001675313351304
0.001872555474298
0.002057870004879
0.002228039800457
0.002380683041853
0.002514285627532
0.002628190212852
0.002722544840844
0.002798216220737
0.002856674442360
0.002899857176144
0.002930022138986
0.002949596780740
0.002961033775169
0.002966680028050
0.002968665619104
0.002968817473606
0.002968600731012
0.002969088867847
0.002970961766849
0.002974529222215
0.002979775934278
0.002986422956725
0.002993999869314
0.003001921683749
0.003009564644708
0.003016335628593
0.003021730711064
0.003025379592766
0.003027073849134
0.003026778306497
0.003024626145079
0.003020899499741
0.003015998294444
0.003010400748293
0.003004619392926
0.002999156530065
0.002994462844649
0.002990902405240
0.002988726580000
