0.002736194016771
0.002733098108459
0.002730505261723
0.002728518533909
0.002727219108264
0.002726663044447
0.002726878945873
0.002727866639302
0.002729596924919
0.002732012415431
0.002735029442034
0.002738540964862
0.002742420387330
0.002746526139025
0.002750706861820
0.002754807009819
0.002758672656636
0.002762157293899
0.002765127403355
0.002767467591508
0.002769085090279
0.002769913449189
0.002769915273316
0.002769083895713
0.002767443911916
0.002765050546103
0.002761987861967
0.002758365874736
0.002754316662412
0.002749989612677
0.002745545975507
0.002741152919093
0.002736977307080
0.002733179427604
0.002729906908552
0.002727289048735
0.002725431781246
0.002724413463730
0.002724281661187
0.002725051051469
0.002726702542856
0.002729183648715
0.002732410117670
0.002736268770806
0.002740621451831
0.002745309953645
0.002750161746893
0.002754996304443
0.002759631791330
0.002763891873808
0.002767612394137
0.002770647660186
0.002772876110725
0.002774205138084
0.002774574879032
0.002773960821248
0.002772375115296
0.002769866529138
0.002766519032166
0.002762449046653
0.002757801454623
0.002752744495444
0.002747463732267
0.002742155302060
0.002737018693017
0.002732249313459
0.002728031126996
0.002724529629380
0.002721885432835
0.002720208704086
0.002719574673336
0.002720020394132
0.002721542889612
0.002724098770645
0.002727605357711
0.002731943282813
0.002736960492497
0.002742477520036
0.002748293846153
0.002754195125056
0.002759961017733
0.002765373348774
0.002770224287512
0.002774324249646
0.002777509222122
0.002779647231704
0.002780643705844
0.002780445512375
0.002779043510695
0.002776473500123
0.002772815508942
0.002768191428330
0.002762761056637
0.002756716679164
0.002750276364368
0.002743676207298
0.002737161793058
0.002730979185611
0.002725365768892
0.002720541277172
0.002716699349255
0.002713999926428
0.002712562787448
0.002712462476063
0.002713724828887
0.002716325255456
0.002720188859970
0.002725192427723
0.002731168230966
0.002737909541354
0.002745177671725
0.002752710311096
0.002760230865731
0.002767458477834
0.002774118363512
0.002779952094467
0.002784727444065
0.002788247428494
0.002790358197342
0.002790955464569
0.002789989219260
0.002787466514240
0.002783452197528
0.002778067524504
0.002771486664919
0.002763931195835
0.002755662746434
0.002746974030665
0.002738178566265
0.002729599431475
0.002721557451641
0.002714359235253
0.002708285491584
0.002703580059287
0.002700440056920
0.002699007532848
0.002699362944205
0.002701520734160
0.002705427205520
0.002710960809084
0.002717934879891
0.002726102766533
0.002735165211042
0.002744779752802
0.002754571852357
0.002764147362927
0.002773105921374
0.002781054788534
0.002787622643010
0.002792472823817
0.002795315526453
0.002795918483848
0.002794115707800
0.002789813926565
0.002782996428453
0.002773724107348
0.002762133601080
0.002748432514550
0.002732891822949
0.002715835652788
0.002697628736276
0.002678661924319
0.002659336221815
0.002640045873181
0.002621161073578
0.002603010910249
0.002585867147378
0.002569929456264
0.002555312660340
0.002542036512439
0.002530018451009
0.002519069694817
0.002508894934608
0.002499095768363
0.002489177907661
0.002478562060153
0.002466598271042
0.002452583388984
0.002435781212696
0.002415444777538
0.002390840159787
0.002361271112959
0.002326103807839
0.002284790927338
0.002236894369905
0.002182105841213
0.002120264662589
0.002051372194903
0.001975602366376
0.001893307899337
0.001805021951184
0.001711455015010
0.001613487061513
0.001512155041793
0.001408636006041
0.001304226221855
0.001200316793870
0.001098366389901
0.000999871764691
0.000906336837870
0.000819241125950
0.000740008347674
0.000669976017378
0.000610366812318
0.000562262448150
0.000526580723748
0.000504056304473
0.000495225705016
0.000500416812399
0.000519743160438
0.000553103033104
0.000600183339896
0.000660468075756
0.000733251055210
0.000817652499053
0.000912638955247
0.001017045956641
0.001129602758778
0.001248958462897
0.001373708813217
0.001502422963504
0.001633669535411
0.001766041338491
0.001898178187320
0.002028787332119
0.002156661112657
0.002280691547594
0.002399881679155
0.002513353602346
0.002620353215037
0.002720251826645
0.002812544855383
0.002896847924287
0.002972890731946
0.003040509123166
0.003099635816409
0.003150290258191
0.003192568069654
0.003226630528090
0.003252694487523
0.003271023089557
0.003281917550938
0.003285710240476
0.003282759178322
0.003273444008242
0.003258163412016
0.003237333857513
0.003211389501568
0.003180783008285
0.003145986995082
0.003107495784775
0.003065827123346
0.003021523520707
0.002975152885626
0.002927308155651
0.002878605667014
0.002829682066500
0.002781189634790
0.002733789966198
0.002688146029951
0.002644912720122
0.002604726081518
0.002568191474170
0.002535871006246
0.002508270621553
0.002485827270642
0.002468896622015
0.002457741780535
0.002452523473056
0.002453292136283
0.002459982299473
0.002472409595880
0.002490270663576
0.002513146110791
0.002540506625913
0.002571722211109
0.002606074414412
0.002642771331957
0.002680965053256
0.002719771131693
0.002758289583117
0.002795626850417
0.002830918123964
0.002863349378677
0.002892178479653
0.002916754720468
0.002936536191421
0.002951104428334
0.002960175864793
0.002963609699563
0.002961411893943
0.002953735127604
0.002940874662566
0.002923260189421
0.002901443853738
0.002876084779725
0.002847930518691
0.002817795948053
0.002786540229154
0.002755042496273
0.002724176992613
0.002694788390246
0.002667668029066
0.002643531784712
0.002623000227851
0.002606581668522
0.002594658591590
0.002587477885507
0.002585145149729
0.002587623240154
0.002594735080677
0.002606170636822
0.002621497818457
0.002640176957186
0.002661578393810
0.002685002616088
0.002709702309696
0.002734905628430
0.002759839955064
0.002783755412929
0.002805947400537
0.002825777457007
0.002842691823373
0.002856237142212
0.002866072832793
0.002871979787956
0.002873865158652
0.002871763118496
0.002865831629716
0.002856345359274
0.002843685015609
0.002828323488380
0.002810809272329
0.002791747738644
0.002771780880554
0.002751566202269
0.002731755440695
0.002712973806974
0.002695800410179
0.002680750479425
0.002668259934854
0.002658672774861
0.002652231649374
0.002649071880330
0.002649219074445
0.002652590353821
0.002658999110847
0.002668163079249
0.002679715406683
0.002693218319476
0.002708178889997
0.002724066354198
0.002740330383045
0.002756419688072
0.002771800338730
0.002785973187463
0.002798489836538
0.002808966637328
0.002817096285579
0.002822656662873
0.002825516671678
0.002825638915851
0.002823079186542
0.002817982821431
0.002810578109565
0.002801167011147
0.002790113548349
0.002777830296772
0.002764763465126
0.002751377091422
0.002738136906152
0.002725494416175
0.002713871747297
0.002703647749853
0.002695145820999
0.002688623832229
0.002684266472897
0.002682180233344
0.002682391157534
0.002684845398277
0.002689412511459
0.002695891332601
0.002704018192587
0.002713477152528
0.002723911872885
0.002734938681334
0.002746160368902
0.002757180225695
0.002767615826447
0.002777112092014
0.002785353184968
0.002792072844382
0.002797062824853
0.002800179175577
0.002801346174247
0.002800557814849
0.002797876835120
0.002793431355345
0.002787409282530
0.002780050709706
0.002771638606895
