0.002681973268808
0.002685139328600
0.002688720668928
0.002692597224711
0.002696637676777
0.002700703862268
0.002704655458190
0.002708354780383
0.002711671534917
0.002714487359107
0.002716699995081
0.002718226950006
0.002719008513295
0.002719010021874
0.002718223289293
0.002716667142204
0.002714387037653
0.002711453765749
0.002707961273492
0.002704023675816
0.002699771548242
0.002695347620883
0.002690902015057
0.002686587180698
0.002682552704399
0.002678940163998
0.002675878205645
0.002673478013444
0.002671829330003
0.002670997169021
0.002671019338829
0.002671904869375
0.002673633405294
0.002676155595449
0.002679394475704
0.002683247807902
0.002687591305065
0.002692282642045
0.002697166123068
0.002702077854004
0.002706851248461
0.002711322683709
0.002715337115430
0.002718753459737
0.002721449556795
0.002723326542661
0.002724312474238
0.002724365075981
0.002723473505419
0.002721659066786
0.002718974837022
0.002715504204953
0.002711358361357
0.002706672813674
0.002701603033020
0.002696319371806
0.002691001416566
0.002685831961591
0.002680990803923
0.002676648568587
0.002672960774291
0.002670062344082
0.002668062752690
0.002667041982946
0.002667047438234
0.002668091927244
0.002670152802342
0.002673172294734
0.002677059049575
0.002681690823567
0.002686918267758
0.002692569680589
0.002698456581941
0.002704379929348
0.002710136773559
0.002715527133248
0.002720360858495
0.002724464250105
0.002727686207168
0.002729903688249
0.002731026292060
0.002730999790701
0.002729808481768
0.002727476263745
0.002724066380978
0.002719679828723
0.002714452453849
0.002708550831296
0.002702167038771
0.002695512490997
0.002688811028784
0.002682291486004
0.002676179978259
0.002670692169875
0.002666025780153
0.002662353585538
0.002659817161313
0.002658521585070
0.002658531295102
0.002659867260824
0.002662505580562
0.002666377575769
0.002671371401494
0.002677335142312
0.002684081312542
0.002691392631252
0.002699028897753
0.002706734753670
0.002714248084623
0.002721308789199
0.002727667626287
0.002733094844579
0.002737388300557
0.002740380783621
0.002741946288898
0.002742005009165
0.002740526856263
0.002737533368320
0.002733097910474
0.002727344132124
0.002720442701182
0.002712606393485
0.002704083671628
0.002695150940007
0.002686103710123
0.002677246950481
0.002668884927339
0.002661310864870
0.002654796765153
0.002649583729209
0.002645873109885
0.002643818805807
0.002643520973536
0.002645021393223
0.002648300672719
0.002653277417763
0.002659809433266
0.002667696954815
0.002676687842402
0.002686484602231
0.002696753039420
0.002707132286604
0.002717245902878
0.002726713695855
0.002735163888556
0.002742245233376
0.002747638668531
0.002751068118523
0.002752310059344
0.002751201501052
0.002747646084151
0.002741618040752
0.002733163835286
0.002722401370624
0.002709516721863
0.002694758439279
0.002678429541691
0.002660877399195
0.002642481777302
0.002623641380758
0.002604759292351
0.002586227747892
0.002568412721732
0.002551638816190
0.002536174952425
0.002522221349027
0.002509898248052
0.002499236806888
0.002490172519184
0.002482541460554
0.002476079576660
0.002470425144863
0.002465124448251
0.002459640605303
0.002453365402524
0.002445633883929
0.002435741363178
0.002422962444158
0.002406571566406
0.002385864535198
0.002360180454300
0.002328923453729
0.002291583596410
0.002247756356889
0.002197160092120
0.002139650968445
0.002075234868941
0.002004075879935
0.001926501042642
0.001843001153098
0.001754227498292
0.001660984525531
0.001564218552616
0.001465002735096
0.001364518610674
0.001264034636571
0.001164882220721
0.001068429819327
0.000976055729647
0.000889120246013
0.000808937867954
0.000736750251171
0.000673700574836
0.000620809962826
0.000578956542910
0.000548857658175
0.000531055661080
0.000525907624830
0.000533579202052
0.000554042750060
0.000587079728413
0.000632287261423
0.000689088648850
0.000756747505476
0.000834385117486
0.000921000523184
0.001015492759852
0.001116684669353
0.001223347623563
0.001334226517925
0.001448064387274
0.001563626022550
0.001679720008937
0.001795218664153
0.001909075428008
0.002020339338723
0.002128166325217
0.002231827144595
0.002330711897436
0.002424331156921
0.002512313848210
0.002594402108771
0.002670443445691
0.002740380579861
0.002804239427128
0.002862115711350
0.002914160732521
0.002960566824040
0.003001553026635
0.003037351482830
0.003068195016015
0.003094306303724
0.003115888987331
0.003133120982606
0.003146150169728
0.003155092550642
0.003160032868729
0.003161027594042
0.003158110089556
0.003151297693137
0.003140600378695
0.003126030600786
0.003107613881507
0.003085399668622
0.003059471980241
0.003029959354717
0.002997043644500
0.002960967228974
0.002922038272617
0.002880633719529
0.002837199791410
0.002792249840998
0.002746359504006
0.002700159186867
0.002654324021928
0.002609561513101
0.002566597180394
0.002526158588273
0.002488958207993
0.002455675615557
0.002426939563086
0.002403310480695
0.002385263967809
0.002373175816745
0.002367309077870
0.002367803625408
0.002374668617470
0.002387778164980
0.002406870434223
0.002431550309296
0.002461295636936
0.002495466970003
0.002533320620675
0.002574024733335
0.002616677993373
0.002660330504553
0.002704006296963
0.002746726871978
0.002787535152093
0.002825519183103
0.002859834934789
0.002889727564153
0.002914550541889
0.002933782097400
0.002947038508524
0.002954083847420
0.002954835891262
0.002949368012617
0.002937906976733
0.002920826687902
0.002898638041469
0.002871975148336
0.002841578301867
0.002808274149812
0.002772953613481
0.002736548160612
0.002700005085190
0.002664262475612
0.002630224561101
0.002598738114950
0.002570570562402
0.002546390391498
0.002526750398735
0.002512074219573
0.002502646499396
0.002498606956000
0.002499948473322
0.002506519251096
0.002518028919832
0.002534058418348
0.002554073325282
0.002577440239672
0.002603445721552
0.002631317234016
0.002660245475319
0.002689407454719
0.002717989649880
0.002745210587154
0.002770342208593
0.002792729430439
0.002811807355756
0.002827115676899
0.002838309889534
0.002845169036166
0.002847599800799
0.002845636884219
0.002839439698328
0.002829285524693
0.002815559383839
0.002798740954945
0.002779388967715
0.002758123557026
0.002735607124554
0.002712524288509
0.002689561521940
0.002667387081409
0.002646631811293
0.002627871375284
0.002611610416976
0.002598269087398
0.002588172301072
0.002581541996109
0.002578492580534
0.002579029649573
0.002583051959796
0.002590356548923
0.002600646797601
0.002613543144306
0.002628596089180
0.002645301059267
0.002663114657985
0.002681471787137
0.002699803111182
0.002717552331150
0.002734192749505
0.002749242636608
0.002762278953336
0.002772949041127
0.002780979958572
0.002786185220252
0.002788468776468
0.002787826159263
0.002784342807805
0.002778189672301
0.002769616277378
0.002758941500888
0.002746542390192
0.002732841393188
0.002718292424126
0.002703366213513
0.002688535406319
0.002674259873122
0.002660972684844
0.002649067174018
0.002638885465191
0.002630708805365
0.002624749964298
0.002621147905841
0.002619964857677
0.002621185830114
0.002624720557460
0.002630407760355
0.002638021556565
0.002647279783333
0.002657853938341
0.002669380400251
0.002681472555119
0.002693733432381
0.002705768444449
0.002717197827032
0.002727668393125
