0.002822899779740
0.002823778500351
0.002824074713869
0.002823771638076
0.002822878033705
0.002821428043343
0.002819479942171
0.002817113845039
0.002814428459332
0.002811537014573
0.002808562535970
0.002805632658484
0.002802874199245
0.002800407718291
0.002798342299977
0.002796770779967
0.002795765625576
0.002795375651097
0.002795623715690
0.002796505510733
0.002797989497990
0.002800018011401
0.002802509485793
0.002805361727454
0.002808456096336
0.002811662429690
0.002814844503781
0.002817865805659
0.002820595371658
0.002822913444291
0.002824716704688
0.002825922853578
0.002826474339469
0.002826341067118
0.002825521961214
0.002824045307745
0.002821967846747
0.002819372643013
0.002816365813492
0.002813072239482
0.002809630436050
0.002806186788581
0.002802889395246
0.002799881773239
0.002797296694896
0.002795250416931
0.002793837551901
0.002793126806248
0.002793157774717
0.002793938938077
0.002795446961498
0.002797627336825
0.002800396355475
0.002803644342151
0.002807240025516
0.002811035872495
0.002814874170340
0.002818593606670
0.002822036074075
0.002825053413459
0.002827513809918
0.002829307566610
0.002830352005426
0.002830595277546
0.002830018910630
0.002828638970949
0.002826505775915
0.002823702152970
0.002820340302121
0.002816557378988
0.002812509970479
0.002808367683888
0.002804306110045
0.002800499450514
0.002797113116259
0.002794296609956
0.002792176995739
0.002790853238957
0.002790391665174
0.002790822743445
0.002792139345599
0.002794296572941
0.002797213176966
0.002800774533961
0.002804837067555
0.002809233951159
0.002813781866361
0.002818288546267
0.002822560796395
0.002826412661885
0.002829673399394
0.002832194915954
0.002833858355028
0.002834579541660
0.002834313042617
0.002833054652262
0.002830842178264
0.002827754470743
0.002823908711138
0.002819456050064
0.002814575753647
0.002809468082258
0.002804346181623
0.002799427311339
0.002794923768008
0.002791033877974
0.002787933437010
0.002785767961113
0.002784646083980
0.002784634393911
0.002785753947261
0.002787978629362
0.002791235459614
0.002795406858138
0.002800334810245
0.002805826785316
0.002811663191729
0.002817606082511
0.002823408770172
0.002828825966217
0.002833624033085
0.002837590925049
0.002840545400691
0.002842345112861
0.002842893221876
0.002842143232748
0.002840101825353
0.002836829525107
0.002832439147906
0.002827092043232
0.002820992250038
0.002814378767429
0.002807516222711
0.002800684289736
0.002794166267553
0.002788237270646
0.002783152505700
0.002779136114436
0.002776371047323
0.002774990399042
0.002775070584552
0.002776626666336
0.002779610061283
0.002783908762845
0.002789350114115
0.002795706064195
0.002802700737749
0.002810020050150
0.002817323011976
0.002824254290684
0.002830457537153
0.002835588943315
0.002839330476079
0.002841402233615
0.002841573393041
0.002839671263203
0.002835588021269
0.002829284795043
0.002820792851395
0.002810211761459
0.002797704531148
0.002783489806821
0.002767831385756
0.002751025375034
0.002733385445850
0.002715226719112
0.002696848888652
0.002678519237572
0.002660456228771
0.002642814351166
0.002625670878065
0.002609015143868
0.002592740871339
0.002576641986156
0.002560412241583
0.002543648847671
0.002525860160704
0.002506477344637
0.002484869771988
0.002460363792216
0.002432264366105
0.002399878949789
0.002362542915985
0.002319645726518
0.002270657021967
0.002215151773430
0.002152833648827
0.002083555782080
0.002007338196768
0.001924381224776
0.001835074372020
0.001740000214140
0.001639933050749
0.001535832202635
0.001428829997219
0.001320214648191
0.001211408390401
0.001103941375700
0.000999421964817
0.000899504160478
0.000805853014236
0.000720108901417
0.000643851593202
0.000578565061543
0.000525603931196
0.000486162444913
0.000461246734435
0.000451651094248
0.000457938840355
0.000480428206592
0.000519183590584
0.000574012314924
0.000644466921208
0.000729852869815
0.000829241381093
0.000941487027951
0.001065249579114
0.001199019499455
0.001341146440894
0.001489870005867
0.001643352035866
0.001799709669926
0.001957048431402
0.002113494634247
0.002267226450404
0.002416503045055
0.002559691263529
0.002695289439483
0.002821947985176
0.002938486518162
0.003043907371260
0.003137405421632
0.003218374257460
0.003286408775321
0.003341304366109
0.003383052901409
0.003411835774965
0.003428014285357
0.003432117666677
0.003424829084790
0.003406969918785
0.003379482642187
0.003343412607730
0.003299889025033
0.003250105403740
0.003195299717352
0.003136734526333
0.003075677284162
0.003013381037729
0.002951065724032
0.002889900258756
0.002830985608568
0.002775339037251
0.002723879715213
0.002677415881270
0.002636633743669
0.002602088302735
0.002574196268985
0.002553231236797
0.002539321253912
0.002532448900226
0.002532453955326
0.002539038692937
0.002551775792288
0.002570118802243
0.002593415035190
0.002620920705605
0.002651818065117
0.002685234223753
0.002720261288475
0.002755977397354
0.002791468183423
0.002825848168457
0.002858281565862
0.002888001965053
0.002914330378414
0.002936691156941
0.002954625321951
0.002967800917411
0.002976020059386
0.002979222444005
0.002977485171087
0.002971018844173
0.002960160016162
0.002945360159437
0.002927171446666
0.002906229729621
0.002883235194769
0.002858931252650
0.002834082280111
0.002809450877832
0.002785775328247
0.002763747939768
0.002743994941600
0.002727058549723
0.002713381759866
0.002703296339398
0.002697014389614
0.002694623735979
0.002696087280457
0.002701246321065
0.002709827713731
0.002721454624883
0.002735660504391
0.002751905801695
0.002769596857020
0.002788106327785
0.002806794460259
0.002825030490102
0.002842213453648
0.002857791714858
0.002871280559928
0.002882277281172
0.002890473261349
0.002895662676132
0.002897747551967
0.002896739045020
0.002892754939575
0.002886013496413
0.002876823908648
0.002865573739656
0.002852713820888
0.002838741172927
0.002824180577960
0.002809565473767
0.002795418856849
0.002782234874967
0.002770461757499
0.002760486676954
0.002752623058856
0.002747100762902
0.002744059449464
0.002743545326113
0.002745511343484
0.002749820783074
0.002756254056129
0.002764518417290
0.002774260193185
0.002785079038576
0.002796543663996
0.002808208431542
0.002819630191077
0.002830384728413
0.002840082219703
0.002848381131402
0.002855000070696
0.002859727174671
0.002862426724363
0.002863042778357
0.002861599735571
0.002858199853909
0.002853017866038
0.002846292941439
0.002838318340966
0.002829429192924
0.002819988885100
0.002810374612924
0.002800962648579
0.002792113898546
0.002784160298052
0.002777392551077
0.002772049665740
0.002768310659577
0.002766288720378
0.002766028009640
0.002767503191075
0.002770621660169
0.002775228346681
0.002781112864114
0.002788018692431
0.002795654005770
0.002803703698494
0.002811842122629
0.002819746028881
0.002827107202737
0.002833644306190
0.002839113473651
0.002843317265726
0.002846111654433
0.002847410795295
0.002847189432005
0.002845482874611
0.002842384588441
0.002838041524542
0.002832647409609
0.002826434290847
0.002819662696008
0.002812610818571
0.002805563170928
0.002798799163368
0.002792582063262
0.002787148767517
0.002782700783106
0.002779396757057
0.002777346830984
0.002776609018854
0.002777187723359
0.002779034419428
0.002782050446549
0.002786091768111
0.002790975479296
