0.003005888568348
0.003006111472336
0.003006341620818
0.003006579436296
0.003006824804034
0.003007077098621
0.003007335249823
0.003007597841917
0.003007863238014
0.003008129718877
0.003008395624627
0.003008659487579
0.003008920145273
0.003009176824530
0.003009429189837
0.003009677352453
0.003009921839975
0.003010163529462
0.003010403550312
0.003010643165666
0.003010883642892
0.003011126124606
0.003011371511627
0.003011620368161
0.003011872857595
0.003012128714604
0.003012387256115
0.003012647430296
0.003012907899455
0.003013167149765
0.003013423618412
0.003013675827254
0.003013922511464
0.003014162732113
0.003014395962943
0.003014622143870
0.003014841696544
0.003015055500574
0.003015264832382
0.003015471271805
0.003015676584304
0.003015882588665
0.003016091021237
0.003016303407971
0.003016520954765
0.003016744464948
0.003016974290375
0.003017210319644
0.003017452003776
0.003017698416531
0.003017948343626
0.003018200392800
0.003018453115025
0.003018705126439
0.003018955220687
0.003019202462415
0.003019446254429
0.003019686373428
0.003019922971982
0.003020156547320
0.003020387880250
0.003020617949983
0.003020847832496
0.003021078591290
0.003021311169859
0.003021546294897
0.003021784398251
0.003022025564086
0.003022269505635
0.003022515573638
0.003022762796166
0.003023009947153
0.003023255638890
0.003023498431927
0.003023736954514
0.003023970022839
0.003024196753018
0.003024416655979
0.003024629707155
0.003024836384128
0.003025037667141
0.003025234999622
0.003025430208438
0.003025625386562
0.003025822743938
0.003026024435440
0.003026232377767
0.003026448069507
0.003026672430252
0.003026905675160
0.003027147240497
0.003027395773202
0.003027649193383
0.003027904832887
0.003028159645980
0.003028410480331
0.003028654388422
0.003028888952321
0.003029112589213
0.003029324802306
0.003029526342421
0.003029719250392
0.003029906759438
0.003030093049666
0.003030282862814
0.003030481003030
0.003030691766742
0.003030918359591
0.003031162368470
0.003031423360011
0.003031698671832
0.003031983448697
0.003032270952923
0.003032553148274
0.003032821522093
0.003033068075203
0.003033286377732
0.003033472566102
0.003033626146403
0.003033750475404
0.003033852814291
0.003033943891295
0.003034036964740
0.003034146442478
0.003034286179666
0.003034467635877
0.003034698115422
0.003034979333512
0.003035306539352
0.003035668382973
0.003036047636824
0.003036422782204
0.003036770354839
0.003037067827341
0.003037296705148
0.003037445442719
0.003037511762441
0.003037503988996
0.003037441099951
0.003037351333946
0.003037269378213
0.003037232356667
0.003037275032844
0.003037424800255
0.003037697129590
0.003038092156213
0.003038593010562
0.003039166318319
0.003039765040274
0.003040333510712
0.003040814205979
0.003041155476502
0.003041319252064
0.003041287621910
0.003041067226792
0.003040690589784
0.003040213845870
0.003039710773549
0.003039263531542
0.003038950991959
0.003038835963401
0.003038952842817
0.003039297267857
0.003039819131319
0.003040419868326
0.003040954274092
0.003041236330162
0.003041047714240
0.003040146965498
0.003038276799134
0.003035166921517
0.003030529968918
0.003024048908828
0.003015355375070
0.003003999865562
0.002989416365279
0.002970885571268
0.002947502269537
0.002918153322945
0.002881512980098
0.002836061669399
0.002780133041228
0.002711991802955
0.002629941996996
0.002532462039107
0.002418359379312
0.002286934437367
0.002138140876855
0.001972727665095
0.001792347996098
0.001599621198228
0.001398136238384
0.001192389252287
0.000987652410839
0.000789776982015
0.000604939178901
0.000439342761478
0.000298896852337
0.000188890565104
0.000113687470987
0.000076462438351
0.000079000946026
0.000121576753372
0.000202918144419
0.000320266330522
0.000469522576386
0.000645473831896
0.000842080712178
0.001052807097999
0.001270967824735
0.001490070118650
0.001704125662249
0.001907913272750
0.002097176833058
0.002268748859265
0.002420596370518
0.002551791962385
0.002662418616878
0.002753421335629
0.002826421806824
0.002883513815479
0.002927056951278
0.002959484490534
0.002983138400271
0.003000140607806
0.003012305432963
0.003021093837324
0.003027606315346
0.003032608169959
0.003036578809508
0.003039775682097
0.003042303513137
0.003044180506801
0.003045394898756
0.003045947435577
0.003045877712919
0.003045274549835
0.003044272472808
0.003043037758209
0.003041748242557
0.003040571244642
0.003039643515498
0.003039056264632
0.003038847165773
0.003039000000526
0.003039451423470
0.003040103369654
0.003040838974865
0.003041539589657
0.003042100537657
0.003042443648995
0.003042525207592
0.003042338682385
0.003041912358037
0.003041302640143
0.003040584304771
0.003039839243159
0.003039145303378
0.003038566667240
0.003038146865112
0.003037905084104
0.003037835935797
0.003037912386249
0.003038091171393
0.003038319766332
0.003038543868098
0.003038714387844
0.003038793110716
0.003038756436087
0.003038596914953
0.003038322610698
0.003037954583563
0.003037523006366
0.003037062539677
0.003036607622465
0.003036188275621
0.003035826887645
0.003035536278074
0.003035319142293
0.003035168797515
0.003035070996541
0.003035006469246
0.003034953799794
0.003034892250428
0.003034804193729
0.003034676902082
0.003034503550867
0.003034283404385
0.003034021256319
0.003033726278054
0.003033410480969
0.003033087020107
0.003032768557717
0.003032465871170
0.003032186837919
0.003031935869259
0.003031713803133
0.003031518211567
0.003031344036168
0.003031184438669
0.003031031743842
0.003030878357823
0.003030717563378
0.003030544120668
0.003030354633493
0.003030147672408
0.003029923673995
0.003029684657267
0.003029433812200
0.003029175021258
0.003028912373222
0.003028649720841
0.003028390321767
0.003028136587808
0.003027889952747
0.003027650855404
0.003027418823587
0.003027192636734
0.003026970540703
0.003026750487196
0.003026530372117
0.003026308251175
0.003026082516418
0.003025852023292
0.003025616163687
0.003025374885646
0.003025128664613
0.003024878434215
0.003024625486403
0.003024371351636
0.003024117669676
0.003023866060782
0.003023618005867
0.003023374742665
0.003023137183297
0.003022905857006
0.003022680880182
0.003022461954251
0.003022248390560
0.003022039159947
0.003021832963472
0.003021628319555
0.003021423661874
0.003021217441619
0.003021008227335
0.003020794795602
0.003020576206257
0.003020351856770
0.003020121511776
0.003019885305475
0.003019643716633
0.003019397518012
0.003019147704155
0.003018895403240
0.003018641780155
0.003018387938799
0.003018134831819
0.003017883185482
0.003017633446218
0.003017385753546
0.003017139941892
0.003016895571250
0.003016651984096
0.003016408383563
0.003016163925912
0.003015917818924
0.003015669417185
0.003015418305350
0.003015164361412
0.003014907793678
0.003014649147372
0.003014389279492
0.003014129303300
0.003013870506619
0.003013614250475
0.003013361856481
0.003013114492534
0.003012873066663
0.003012638138383
0.003012409855491
0.003012187922227
0.003011971602093
0.003011759755742
0.003011550911372
0.003011343362307
0.003011135284127
0.003010924861997
0.003010710417968
0.003010490527968
0.003010264119027
0.003010030538911
0.003009789592620
0.003009541542964
0.003009287075411
0.003009027230364
0.003008763308720
0.003008496758771
0.003008229054000
0.003007961572064
0.003007695485078
0.003007431670305
