0.002675316569916
0.002679346280484
0.002683351587324
0.002687201277182
0.002690768132414
0.002693933173588
0.002696589667544
0.002698646766365
0.002700032653632
0.002700697089566
0.002700613265479
0.002699778899998
0.002698216533909
0.002695973006565
0.002693118123627
0.002689742552728
0.002685955009433
0.002681878819889
0.002677647967937
0.002673402752452
0.002669285194763
0.002665434345510
0.002661981645098
0.002659046491553
0.002656732164245
0.002655122241623
0.002654277636159
0.002654234350512
0.002655002036196
0.002656563410316
0.002658874558233
0.002661866121064
0.002665445337717
0.002669498882723
0.002673896414248
0.002678494722434
0.002683142347252
0.002687684518278
0.002691968256627
0.002695847472291
0.002699187888528
0.002701871628867
0.002703801311661
0.002704903511709
0.002705131467780
0.002704466938402
0.002702921135294
0.002700534693363
0.002697376667508
0.002693542578350
0.002689151560592
0.002684342697804
0.002679270655179
0.002674100746134
0.002669003588804
0.002664149523754
0.002659702974071
0.002655816932964
0.002652627761993
0.002650250474965
0.002648774668661
0.002648261242203
0.002648740022649
0.002650208386076
0.002652630931783
0.002655940233348
0.002660038655268
0.002664801188733
0.002670079226119
0.002675705161954
0.002681497679604
0.002687267558672
0.002692823818916
0.002697980003144
0.002702560394406
0.002706405962367
0.002709379839928
0.002711372143934
0.002712303972889
0.002712130439302
0.002710842623990
0.002708468373491
0.002705071898473
0.002700752169725
0.002695640147588
0.002689894919326
0.002683698855679
0.002677251931444
0.002670765384284
0.002664454910064
0.002658533610939
0.002653204923607
0.002648655759083
0.002645050081761
0.002642523144570
0.002641176578787
0.002641074512161
0.002642240858063
0.002644657882352
0.002648266114641
0.002652965627868
0.002658618665898
0.002665053554684
0.002672069789739
0.002679444152741
0.002686937674284
0.002694303229367
0.002701293528235
0.002707669248495
0.002713207045689
0.002717707179142
0.002721000497987
0.002722954548792
0.002723478590603
0.002722527335015
0.002720103266976
0.002716257445505
0.002711088730837
0.002704741434445
0.002697401439219
0.002689290887288
0.002680661580856
0.002671787285515
0.002662955164225
0.002654456602250
0.002646577707661
0.002639589787620
0.002633740106980
0.002629243232282
0.002626273251104
0.002624957134026
0.002625369474835
0.002627528804894
0.002631395630843
0.002636872292449
0.002643804681001
0.002651985799793
0.002661161088945
0.002671035378681
0.002681281280373
0.002691548774663
0.002701475712719
0.002710698911400
0.002718865497331
0.002725644139319
0.002730735804141
0.002733883677633
0.002734881911367
0.002733582884579
0.002729902710778
0.002723824767542
0.002715401085111
0.002704751492856
0.002692060490795
0.002677571883927
0.002661581288247
0.002644426686689
0.002626477278719
0.002608120926838
0.002589750554959
0.002571749895643
0.002554479014170
0.002538260056160
0.002523363671162
0.002509996556802
0.002498290546800
0.002488293631663
0.002479963254022
0.002473162162463
0.002467657039872
0.002463120046548
0.002459133336717
0.002455196521954
0.002450736968683
0.002445122732044
0.002437677847350
0.002427699625599
0.002414477533327
0.002397313181504
0.002375540905032
0.002348548385096
0.002315796752170
0.002276839608687
0.002231340427244
0.002179087812615
0.002120008163093
0.002054175327525
0.001981816927468
0.001903317097099
0.001819215484825
0.001730202457310
0.001637110546360
0.001540902278932
0.001442654627716
0.001343540411505
0.001244807058394
0.001147753218181
0.001053703771238
0.000963983827702
0.000879892341657
0.000802675979284
0.000733503877023
0.000673443905820
0.000623441020881
0.000584298224040
0.000556660599263
0.000541002802747
0.000537620299756
0.000546624543166
0.000567942186452
0.000601318319261
0.000646323609880
0.000702365138466
0.000768700610955
0.000844455558424
0.000928643052943
0.001020185410531
0.001117937306358
0.001220709698146
0.001327293941411
0.001436485485137
0.001547106558369
0.001658027296375
0.001768184808204
0.001876599754098
0.001982390079205
0.002084781637154
0.002183115530572
0.002276852092870
0.002365571533723
0.002448971366636
0.002526860828171
0.002599152582022
0.002665852074797
0.002727044972031
0.002782883150753
0.002833569757675
0.002879343858789
0.002920465206484
0.002957199634421
0.002989805558797
0.003018522018468
0.003043558627147
0.003065087740436
0.003083239061086
0.003098096820009
0.003109699580999
0.003118042626539
0.003123082793422
0.003124745542855
0.003122933972927
0.003117539414201
0.003108453193804
0.003095579111483
0.003078846144032
0.003058220883086
0.003033719215951
0.003005416779777
0.002973457755396
0.002938061617442
0.002899527520466
0.002858236074747
0.002814648348070
0.002769302018483
0.002722804695094
0.002675824516657
0.002629078227992
0.002583317019517
0.002539310492580
0.002497829180489
0.002459626109978
0.002425417928475
0.002395866147751
0.002371559063216
0.002352994900052
0.002340566712512
0.002334549521715
0.002335090121216
0.002342199909987
0.002355751031296
0.002375476005483
0.002400970947496
0.002431702359039
0.002467017383236
0.002506157309832
0.002548274024063
0.002592449005234
0.002637714404365
0.002683075666281
0.002727535112191
0.002770115865627
0.002809885488697
0.002845978697453
0.002877618544891
0.002904135497158
0.002924983882031
0.002939755257132
0.002948188326828
0.002950175129005
0.002945763313380
0.002935154438805
0.002918698325250
0.002896883603628
0.002870324710436
0.002839745671270
0.002805961104965
0.002769854955831
0.002732357523199
0.002694421403330
0.002656996987566
0.002621008171458
0.002587328922348
0.002556761327596
0.002530015703186
0.002507693283992
0.002490271944243
0.002478095311743
0.002471365544702
0.002470139938211
0.002474331421407
0.002483712899242
0.002497925287461
0.002516488988937
0.002538818466645
0.002564239485951
0.002592008528741
0.002621333826175
0.002651397416982
0.002681377615306
0.002710471266555
0.002737915181749
0.002763006169808
0.002785119132320
0.002803722745016
0.002818392322764
0.002828819548134
0.002834818835024
0.002836330195862
0.002833418580602
0.002826269755321
0.002815182884835
0.002800560074586
0.002782893209722
0.002762748501325
0.002740749209322
0.002717557057100
0.002693852883075
0.002670317088791
0.002647610441185
0.002626355768844
0.002607121058963
0.002590404414454
0.002576621270831
0.002566094201893
0.002559045564093
0.002555593144181
0.002555748885766
0.002559420680524
0.002566417121504
0.002576455031856
0.002589169504790
0.002604126121799
0.002620834958047
0.002638765937926
0.002657365071268
0.002676071082353
0.002694331940055
0.002711620808108
0.002727450959031
0.002741389232894
0.002753067671450
0.002762193017684
0.002768553838560
0.002772025102668
0.002772570122189
0.002770239847908
0.002765169584399
0.002757573267768
0.002747735518238
0.002736001742426
0.002722766613562
0.002708461300817
0.002693539850036
0.002678465136895
0.002663694819382
0.002649667709483
0.002636790964609
0.002625428468129
0.002615890726741
0.002608426561514
0.002603216811049
0.002600370201137
0.002599921467578
0.002601831749551
0.002605991202152
0.002612223710625
0.002620293527191
0.002629913596204
0.002640755286063
0.002652459208277
0.002664646776312
