0.002752011876004
0.002748397169063
0.002745055117952
0.002742118012188
0.002739703943410
0.002737912147060
0.002736819025171
0.002736475008272
0.002736902383669
0.002738094181465
0.002740014170034
0.002742597970722
0.002745755258849
0.002749372976319
0.002753319441872
0.002757449209754
0.002761608497736
0.002765640982106
0.002769393741534
0.002772723124120
0.002775500312890
0.002777616374573
0.002778986594313
0.002779553924445
0.002779291407795
0.002778203473786
0.002776326047742
0.002773725458498
0.002770496175116
0.002766757448411
0.002762648975435
0.002758325743398
0.002753952242187
0.002749696260451
0.002745722498092
0.002742186237129
0.002739227312953
0.002736964618801
0.002735491358179
0.002734871233480
0.002735135725206
0.002736282576142
0.002738275550043
0.002741045486557
0.002744492624965
0.002748490120755
0.002752888632907
0.002757521817798
0.002762212529506
0.002766779497418
0.002771044231543
0.002774837894778
0.002778007879918
0.002780423837752
0.002781982920810
0.002782614034687
0.002782280924396
0.002780983965620
0.002778760578582
0.002775684233631
0.002771862070819
0.002767431208582
0.002762553867190
0.002757411479017
0.002752197997975
0.002747112653212
0.002742352415941
0.002738104462215
0.002734538917737
0.002731802163419
0.002730010962301
0.002729247640340
0.002729556516374
0.002730941731536
0.002733366577200
0.002736754365008
0.002740990824728
0.002745927957744
0.002751389218110
0.002757175841370
0.002763074095845
0.002768863193487
0.002774323569298
0.002779245220827
0.002783435793196
0.002786728100774
0.002788986794051
0.002790113908819
0.002790053073585
0.002788792198864
0.002786364526971
0.002782847981094
0.002778362815710
0.002773067634374
0.002767153903217
0.002760839146799
0.002754359064970
0.002747958853187
0.002741884042443
0.002736371197315
0.002731638820561
0.002727878809728
0.002725248795267
0.002723865661142
0.002723800508779
0.002725075274721
0.002727661153359
0.002731478910587
0.002736401104644
0.002742256159193
0.002748834163527
0.002755894208325
0.002763173005060
0.002770394485394
0.002777280035674
0.002783558992625
0.002788979010872
0.002793315911612
0.002796382635033
0.002798036946504
0.002798187587427
0.002796798614565
0.002793891734938
0.002789546514699
0.002783898417416
0.002777134706993
0.002769488330205
0.002761229970655
0.002752658536807
0.002744090409157
0.002735847822922
0.002728246800959
0.002721585075294
0.002716130443532
0.002712109998023
0.002709700641060
0.002709021259103
0.002710126874417
0.002713005025255
0.002717574548078
0.002723686849933
0.002731129669031
0.002739633229901
0.002748878609607
0.002758508046681
0.002768136847806
0.002777366481771
0.002785798398440
0.002793048074486
0.002798758769019
0.002802614472034
0.002804351547087
0.002803768606458
0.002800734211417
0.002795192060238
0.002787163410374
0.002776746575728
0.002764113442300
0.002749503052045
0.002733212411922
0.002715584789094
0.002696995850292
0.002677838090036
0.002658504065404
0.002639369011637
0.002620773450699
0.002603006422428
0.002586289964018
0.002570765438089
0.002556482262942
0.002543389532013
0.002531330924901
0.002520043212222
0.002509158544022
0.002498210590160
0.002486644474833
0.002473830320440
0.002459080092418
0.002441667320744
0.002420849169390
0.002395890235747
0.002366087391073
0.002330794922882
0.002289449212869
0.002241592180497
0.002186892743332
0.002125165589977
0.002056386629089
0.001980704566255
0.001898448167066
0.001810128886121
0.001716438674337
0.001618242916535
0.001516568593642
0.001412587904332
0.001307597715255
0.001202995332827
0.001100251199027
0.001000879205354
0.000906405390090
0.000818335832181
0.000738124578885
0.000667142443193
0.000606647481025
0.000557757908284
0.000521428145732
0.000498428587686
0.000489329581834
0.000494489985473
0.000514050532238
0.000547932106995
0.000595838889485
0.000657266193688
0.000731512703963
0.000817696694614
0.000914775720006
0.001021569180616
0.001136783108668
0.001259036476792
0.001386888315313
0.001518864928255
0.001653486524393
0.001789292626070
0.001924865683149
0.002058852399570
0.002189982372525
0.002317083745671
0.002439095684462
0.002555077589664
0.002664215070803
0.002765822800949
0.002859344464628
0.002944350088949
0.003020531111703
0.003087693587622
0.003145749963894
0.003194709868000
0.003234670345173
0.003265805960116
0.003288359139582
0.003302631080990
0.003308973490023
0.003307781339957
0.003299486770418
0.003284554166709
0.003263476385999
0.003236772026703
0.003204983575238
0.003168676212562
0.003128437023637
0.003084874327757
0.003038616837632
0.002990312360454
0.002940625774858
0.002890236052582
0.002839832141510
0.002790107585422
0.002741753822891
0.002695452180362
0.002651864649639
0.002611623614341
0.002575320760391
0.002543495468981
0.002516623043919
0.002495103166311
0.002479248996062
0.002469277350126
0.002465300381013
0.002467319155294
0.002475219491237
0.002488770358277
0.002507625070386
0.002531325422812
0.002559308829875
0.002590918423613
0.002625415972519
0.002661997379997
0.002699810427133
0.002737974337445
0.002775600665796
0.002811814952618
0.002845778540436
0.002876709924520
0.002903905004473
0.002926755619495
0.002944765786761
0.002957565119008
0.002964918972639
0.002966734969032
0.002963065636716
0.002954107037244
0.002940193359238
0.002921787589393
0.002899468491906
0.002873914244940
0.002845883190228
0.002816192246198
0.002785693612739
0.002755250454192
0.002725712284244
0.002697890790665
0.002672536828657
0.002650319278988
0.002631806412115
0.002617450323625
0.002607574912102
0.002602367760752
0.002601876162484
0.002606007398443
0.002614533246530
0.002627098563518
0.002643233656394
0.002662370039630
0.002683859069233
0.002706992855002
0.002731026782436
0.002755202927472
0.002778773622200
0.002801024428765
0.002821295801748
0.002839002765689
0.002853652002365
0.002864855829842
0.002872342659040
0.002875963630281
0.002875695257998
0.002871638042371
0.002864011137693
0.002853143294508
0.002839460411752
0.002823470142380
0.002805744087770
0.002786898189674
0.002767571981204
0.002748407388811
0.002730027784461
0.002713017971275
0.002697905747406
0.002685145633386
0.002675105269755
0.002668054897231
0.002664160224367
0.002663478871233
0.002665960456177
0.002671450270284
0.002679696364951
0.002690359765934
0.002703027426078
0.002717227442051
0.002732445990465
0.002748145388101
0.002763782650976
0.002778827918599
0.002792782122891
0.002805193315372
0.002815671119778
0.002823898848387
0.002829642906234
0.002832759205095
0.002833196415063
0.002830995992021
0.002826289030511
0.002819290099555
0.002810288320208
0.002799636034685
0.002787735494658
0.002775024058392
0.002761958430672
0.002748998504818
0.002736591371635
0.002725156046199
0.002715069430437
0.002706653979002
0.002700167469988
0.002695795202942
0.002693644857403
0.002693744149106
0.002696041321330
0.002700408409355
0.002706647119937
0.002714497078500
0.002723646117474
0.002733742212379
0.002744406620199
0.002755247738898
0.002765875188589
0.002775913614401
0.002785015728215
0.002792874140339
0.002799231581501
0.002803889178241
0.002806712518584
0.002807635326911
0.002806660654367
0.002803859580577
0.002799367510918
0.002793378237796
0.002786136011498
0.002777925933504
0.002769063040457
0.002759880488387
