0.000010254348997
0.000011242701250
0.000012622089020
0.000014365039207
0.000016436841078
0.000018796237994
0.000021396249404
0.000024185106716
0.000027107284403
0.000030104605806
0.000033117401594
0.000036085697830
0.000038950409970
0.000041654519043
0.000044144206572
0.000046369925684
0.000048287387060
0.000049858440135
0.000051051832008
0.000051843828977
0.000052218688335
0.000052168971074
0.000051695689273
0.000050808285270
0.000049524443048
0.000047869735619
0.000045877115426
0.000043586257949
0.000041042771580
0.000038297289504
0.000035404461695
0.000032421867071
0.000029408867489
0.000026425426372
0.000023530915496
0.000020782933668
0.000018236160810
0.000015941270231
0.000013943920737
0.000012283848608
0.000010994077510
0.000010100262025
0.000009620177862
0.000009563368865
0.000009930957817
0.000010715624786
0.000011901753424
0.000013465742284
0.000015376474944
0.000017595939569
0.000020079985558
0.000022779202219
0.000025639901983
0.000028605188566
0.000031616088851
0.000034612725958
0.000037535510153
0.000040326323942
0.000042929677745
0.000045293813200
0.000047371732146
0.000049122130845
0.000050510220861
0.000051508420301
0.000052096901689
0.000052263985587
0.000052006372164
0.000051329206132
0.000050245973763
0.000048778234083
0.000046955189578
0.000044813104990
0.000042394585769
0.000039747730541
0.000036925174459
0.000033983042473
0.000030979833329
0.000027975256506
0.000025029045194
0.000022199768934
0.000019543669506
0.000017113543209
0.000014957691745
0.000013118962533
0.000011633897549
0.000010532007555
0.000009835186161
0.000009557275326
0.000009703790918
0.000010271813773
0.000011250048390
0.000012619048080
0.000014351602063
0.000016413276818
0.000018763100894
0.000021354379559
0.000024135623093
0.000027051570253
0.000030044286571
0.000033054315650
0.000036021860578
0.000038887971988
0.000041595719150
0.000044091320845
0.000046325213542
0.000048253035685
0.000049836508535
0.000051044196082
0.000051852128952
0.000052244279936
0.000052212881701
0.000051758580405
0.000050890422181
0.000049625672779
0.000047989473971
0.000046014343559
0.000043739528947
0.000041210227120
0.000038476686554
0.000035593208888
0.000032617070219
0.000029607383430
0.000026623924169
0.000023725943786
0.000020970992804
0.000018413778286
0.000016105077782
0.000014090731411
0.000012410732088
0.000011098431935
0.000010179880629
0.000009673308801
0.000009588766729
0.000009927925464
0.000010684044342
0.000011842105480
0.000013379112580
0.000015264548083
0.000017460979585
0.000019924803445
0.000022607110816
0.000025454658902
0.000028410928123
0.000031417244223
0.000034413943022
0.000037341554693
0.000040141984065
0.000042759663514
0.000045142655575
0.000047243683395
0.000049021068583
0.000050439557871
0.000051471022171
0.000052095014200
0.000052299173601
0.000052079471561
0.000051440290073
0.000050394334309
0.000048962379847
0.000047172859806
0.000045061300078
0.000042669613908
0.000040045269816
0.000037240349386
0.000034310513646
0.000031313898533
0.000028309961384
0.000025358301323
0.000022517476968
0.000019843844898
0.000017390441917
0.000015205933292
0.000013333647807
0.000011810718767
0.000010667347981
0.000009926207293
0.000009601989532
0.000009701117750
0.000010221618505
0.000011153161685
0.000012477266045
0.000014167666384
0.000016190835031
0.000018506647314
0.000021069177763
0.000023827611263
0.000026727251076
0.000029710603712
0.000032718519155
0.000035691363810
0.000038570202912
0.000041297968966
0.000043820593035
0.000046088076468
0.000048055481816
0.000049683823307
0.000050940839246
0.000051801631024
0.000052249156106
0.000052274565229
0.000051877377159
