0.000006805192186
0.000005152562529
0.000004035874866
0.000003494952562
0.000003549100048
0.000004196416202
0.000005413863431
0.000007158089871
0.000009366975328
0.000011961845765
0.000014850277372
0.000017929390206
0.000021089514034
0.000024218095710
0.000027203708867
0.000029940023087
0.000032329591150
0.000034287319507
0.000035743498389
0.000036646283700
0.000036963542361
0.000036683995480
0.000035817618716
0.000034395285689
0.000032467667232
0.000030103425771
0.000027386769244
0.000024414451712
0.000021292327565
0.000018131582034
0.000015044772288
0.000012141820071
0.000009526098548
0.000007290752675
0.000005515384022
0.000004263218033
0.000003578854495
0.000003486681184
0.000003990007100
0.000005070946012
0.000006691054387
0.000008792700870
0.000011301118515
0.000014127066604
0.000017170007282
0.000020321683887
0.000023469973582
0.000026502877194
0.000029312504245
0.000031798911419
0.000033873657900
0.000035462951137
0.000036510271166
0.000036978380218
0.000036850646180
0.000036131632948
0.000034846936743
0.000033042274336
0.000030781855699
0.000028146099058
0.000025228769705
0.000022133644405
0.000018970820081
0.000015852798102
0.000012890483451
0.000010189241045
0.000007845149446
0.000005941585137
0.000004546258761
0.000003708808664
0.000003459037196
0.000003805852418
0.000004736952722
0.000006219265490
0.000008200124091
0.000010609141292
0.000013360712376
0.000016357058929
0.000019491705030
0.000022653262225
0.000025729388742
0.000028610782186
0.000031195063838
0.000033390416516
0.000035118846764
0.000036318955493
0.000036948118686
0.000036984000763
0.000036425346919
0.000035292026376
0.000033624325121
0.000031481513352
0.000028939738612
0.000026089319565
0.000023031536623
0.000019875033483
0.000016731957477
0.000013713975833
0.000010928309393
0.000008473924632
0.000006438019231
0.000004892925950
0.000003893544738
0.000003475394167
0.000003653351335
0.000004421124872
0.000005751479676
0.000007597205296
0.000009892793482
0.000012556765240
0.000015494564692
0.000018601916917
0.000021768530513
0.000024882013383
0.000027831862708
0.000030513387469
0.000032831424278
0.000034703714667
0.000036063823982
0.000036863498361
0.000037074376214
0.000036688993532
0.000035721047473
0.000034204908931
0.000032194401520
0.000029760890371
0.000026990748672
0.000023982291922
0.000020842288734
0.000017682172074
0.000014614085372
0.000011746903810
0.000009182371957
0.000007011494740
0.000005311309756
0.000004142155363
0.000003545531407
0.000003542628368
0.000004133577024
0.000005297445137
0.000006992981194
0.000009160078715
0.000011721909104
0.000014587647317
0.000017655693615
0.000020817277073
0.000023960313040
0.000026973377708
0.000029749658869
0.000032190742772
0.000034210102846
0.000035736166634
0.000036714852269
0.000037111484635
0.000036912023381
0.000036123559327
0.000034774061778
0.000032911385800
0.000030601574740
0.000027926518247
0.000024981048888
0.000021869580340
0.000018702406347
0.000015591791658
0.000012647993503
0.000009975354596
0.000007668606100
0.000005809511530
0.000004463970469
0.000003679684646
0.000003484468994
0.000003885267454
0.000004867908284
0.000006397607444
0.000008420202140
0.000010864070715
0.000013642670802
0.000016657605742
0.000019802110584
0.000022964834150
0.000026033783159
0.000028900288703
0.000031462854614
0.000033630751419
0.000035327228675
0.000036492231961
0.000037084528386
0.000037083165434
0.000036488211573
0.000035320752501
0.000033622143266
0.000031452542832
0.000028888783067
0.000026021647685
0.000022952657552
0.000019790476211
0.000016647062919
0.000013633709410
0.000010857100660
0.000008415539109
0.000006395465920
