0.000043121495121
0.000043373990708
0.000043629688903
0.000043888497447
0.000044150322981
0.000044415071077
0.000044682646273
0.000044952952106
0.000045225891148
0.000045501365043
0.000045779274540
0.000046059519529
0.000046341999079
0.000046626611473
0.000046913254246
0.000047201824219
0.000047492217542
0.000047784329724
0.000048078055677
0.000048373289752
0.000048669925774
0.000048967857086
0.000049266976582
0.000049567176747
0.000049868349700
0.000050170387227
0.000050473180821
0.000050776621726
0.000051080600969
0.000051385009405
0.000051689737752
0.000051994676633
0.000052299716615
0.000052604748245
0.000052909662095
0.000053214348796
0.000053518699080
0.000053822603820
0.000054125954065
0.000054428641084
0.000054730556401
0.000055031591837
0.000055331639545
0.000055630592054
0.000055928342301
0.000056224783674
0.000056519810050
0.000056813315828
0.000057105195975
0.000057395346054
0.000057683662270
0.000057970041500
0.000058254381336
0.000058536580116
0.000058816536963
0.000059094151823
0.000059369325495
0.000059641959672
0.000059911956972
0.000060179220975
0.000060443656257
0.000060705168424
0.000060963664143
0.000061219051179
0.000061471238425
0.000061720135937
0.000061965654961
0.000062207707971
0.000062446208695
0.000062681072148
0.000062912214662
0.000063139553913
0.000063363008954
0.000063582500242
0.000063797949665
0.000064009280571
0.000064216417794
0.000064419287682
0.000064617818121
0.000064811938564
0.000065001580050
0.000065186675234
0.000065367158407
0.000065542965523
0.000065714034215
0.000065880303824
0.000066041715416
0.000066198211803
0.000066349737566
0.000066496239070
0.000066637664485
0.000066773963806
0.000066905088866
0.000067030993355
0.000067151632840
0.000067266964772
0.000067376948509
0.000067481545323
0.000067580718420
0.000067674432949
0.000067762656012
0.000067845356680
0.000067922506002
0.000067994077011
0.000068060044740
0.000068120386225
0.000068175080513
0.000068224108673
0.000068267453798
0.000068305101014
0.000068337037481
0.000068363252399
0.000068383737015
0.000068398484619
0.000068407490548
0.000068410752192
0.000068408268987
0.000068400042421
0.000068386076028
0.000068366375391
0.000068340948135
0.000068309803926
0.000068272954468
0.000068230413497
0.000068182196775
0.000068128322084
0.000068068809223
0.000068003679994
0.000067932958199
0.000067856669628
0.000067774842051
0.000067687505207
0.000067594690793
0.000067496432451
0.000067392765759
0.000067283728213
0.000067169359219
0.000067049700071
0.000066924793944
0.000066794685872
0.000066659422735
0.000066519053239
0.000066373627901
0.000066223199029
0.000066067820704
0.000065907548759
0.000065742440759
0.000065572555981
0.000065397955391
0.000065218701625
0.000065034858962
0.000064846493303
0.000064653672148
0.000064456464569
0.000064254941188
0.000064049174150
0.000063839237096
0.000063625205138
0.000063407154833
0.000063185164151
0.000062959312452
0.000062729680453
0.000062496350205
0.000062259405055
0.000062018929624
0.000061775009771
0.000061527732568
0.000061277186262
0.000061023460246
0.000060766645032
0.000060506832209
0.000060244114419
0.000059978585318
0.000059710339545
0.000059439472688
0.000059166081251
0.000058890262615
0.000058612115008
0.000058331737469
0.000058049229809
0.000057764692582
0.000057478227041
0.000057189935109
0.000056899919340
0.000056608282879
0.000056315129432
0.000056020563224
0.000055724688963
0.000055427611804
0.000055129437309
0.000054830271413
0.000054530220384
0.000054229390784
0.000053927889435
0.000053625823377
0.000053323299833
0.000053020426169
0.000052717309856
0.000052414058434
0.000052110779470
0.000051807580525
