0.002038361830803
0.002038362249250
0.002038362538089
0.002038362671126
0.002038362616693
0.002038362336560
0.002038361784643
0.002038360905479
0.002038359632426
0.002038357885533
0.002038355569037
0.002038352568418
0.002038348746949
0.002038343941647
0.002038337958549
0.002038330567198
0.002038321494231
0.002038310415924
0.002038296949554
0.002038280643413
0.002038260965279
0.002038237289141
0.002038208879951
0.002038174876145
0.002038134269653
0.002038085883108
0.002038028343901
0.002037960054743
0.002037879160340
0.002037783509775
0.002037670614151
0.002037537599049
0.002037381151307
0.002037197459627
0.002036982148512
0.002036730205003
0.002036435897731
0.002036092687772
0.002035693130850
0.002035228770468
0.002034690021591
0.002034066044609
0.002033344609380
0.002032511949299
0.002031552605490
0.002030449261386
0.002029182568204
0.002027730962046
0.002026070473688
0.002024174532404
0.002022013765593
0.002019555796348
0.002016765041611
0.002013602514011
0.002010025631063
0.002005988035939
0.002001439434669
0.001996325455215
0.001990587534531
0.001984162840354
0.001976984235088
0.001968980289792
0.001960075356768
0.001950189709827
0.001939239761624
0.001927138367807
0.001913795227817
0.001899117392187
0.001883009885891
0.001865376456884
0.001846120458171
0.001825145870726
0.001802358473197
0.001777667162586
0.001750985427988
0.001722232976953
0.001691337511100
0.001658236644301
0.001622879953002
0.001585231144120
0.001545270321536
0.001502996327378
0.001458429129355
0.001411612220183
0.001362614990000
0.001311535027460
0.001258500300271
0.001203671161312
0.001147242122366
0.001089443334071
0.001030541708142
0.000970841616446
0.000910685101260
0.000850451532285
0.000790556648842
0.000731450930296
0.000673617244349
0.000617567731442
0.000563839894188
0.000512991873595
0.000465596908690
0.000422236993020
0.000383495760118
0.000349950650202
0.000322164431746
0.000300676173748
0.000285991787027
0.000278574275128
0.000278833856859
0.000287118142323
0.000303702561952
0.000328781262683
0.000362458696265
0.000404742131155
0.000455535320656
0.000514633555505
0.000581720318298
0.000656365739720
0.000738027032219
0.000826051045556
0.000919679050649
0.001018053813830
0.001120228973562
0.001225180676791
0.001331821373509
0.001439015607159
0.001545597576777
0.001650390186031
0.001752225236417
0.001849964368870
0.001942520311902
0.002028877957163
0.002108114756788
0.002179419922914
0.002242111909641
0.002295653672598
0.002339665231945
0.002373933111176
0.002398416286364
0.002413248357467
0.002418735743756
0.002415351807170
0.002403726917983
0.002384634593525
0.002358973959294
0.002327748898882
0.002292044370647
0.002253000470871
0.002211784911279
0.002169564649375
0.002127477459715
0.002086604260175
0.002047943007251
0.002012384947256
0.001980693955570
0.001953489614520
0.001931234573826
0.001914226608573
0.001902595642303
0.001896305841654
0.001895162719626
0.001898825013100
0.001906820933052
0.001918568229704
0.001933397375870
0.001950577056102
0.001969341062059
0.001988915640093
0.002008546318408
0.002027523259946
0.002045204243458
0.002061034467553
0.002074562497776
0.002085451830258
0.002093487721363
0.002098579123660
0.002100755766747
0.002100160618207
0.002097038146873
0.002091718979093
0.002084601681315
0.002076132512369
0.002066784061148
0.002057033716574
0.002047342905110
0.002038137977216
0.002029793530511
0.002022618828444
0.002016847815317
0.002012633049182
0.002010043682319
0.002009067424189
0.002009616233612
0.002011535314726
0.002014614843679
0.002018603737098
0.002023224694780
0.002028189711350
0.002033215256116
0.002038036366192
0.002042418981978
