0.002038352722454
0.002038353664618
0.002038354595469
0.002038355514318
0.002038356420248
0.002038357312053
0.002038358188152
0.002038359046489
0.002038359884388
0.002038360698369
0.002038361483908
0.002038362235131
0.002038362944410
0.002038363601862
0.002038364194700
0.002038364706408
0.002038365115707
0.002038365395235
0.002038365509889
0.002038365414744
0.002038365052445
0.002038364349952
0.002038363214482
0.002038361528487
0.002038359143430
0.002038355872114
0.002038351479250
0.002038345669899
0.002038338075337
0.002038328235853
0.002038315579862
0.002038299398635
0.002038278815846
0.002038252750987
0.002038219875601
0.002038178561102
0.002038126816816
0.002038062216712
0.002037981813090
0.002037882035361
0.002037758571840
0.002037606232336
0.002037418789170
0.002037188794124
0.002036907368750
0.002036563965446
0.002036146096743
0.002035639030375
0.002035025447955
0.002034285065453
0.002033394214200
0.002032325381872
0.002031046713836
0.002029521476411
0.002027707485037
0.002025556502066
0.002023013610915
0.002020016575662
0.002016495197830
0.002012370685042
0.002007555049495
0.002001950557661
0.001995449256271
0.001987932603401
0.001979271237164
0.001969324918099
0.001957942684572
0.001944963263234
0.001930215778546
0.001913520806417
0.001894691816748
0.001873537047928
0.001849861852825
0.001823471550193
0.001794174807574
0.001761787571344
0.001726137546571
0.001687069213534
0.001644449349323
0.001598173001892
0.001548169840613
0.001494410782176
0.001436914764208
0.001375755511988
0.001311068117021
0.001243055221192
0.001171992577858
0.001098233743049
0.001022213637301
0.000944450713020
0.000865547465177
0.000786189035748
0.000707139685940
0.000629236945627
0.000553383297055
0.000480535309833
0.000411690215943
0.000347869995880
0.000290103138269
0.000239404332983
0.000196752458776
0.000163067326986
0.000139185738765
0.000125837499845
0.000123622109222
0.000132986891394
0.000154207371342
0.000187370693077
0.000232362852956
0.000288860455776
0.000356327603853
0.000434018397527
0.000520985361892
0.000616093923209
0.000718042845229
0.000825390307962
0.000936585078510
0.001050001995407
0.001163980775665
0.001276866968380
0.001387053731343
0.001493023007338
0.001593384633039
0.001686911931551
0.001772572423069
0.001849552436737
0.001917274617364
0.001975407586155
0.002023867324725
0.002062810193053
0.002092617848663
0.002113874688734
0.002127338770422
0.002133907459430
0.002134579295793
0.002130413734811
0.002122490508926
0.002111870356755
0.002099558776638
0.002086474287536
0.002073422428697
0.002061076414789
0.002049965002865
0.002040467742404
0.002032817392390
0.002027108922873
0.002023314194497
0.002021301147291
0.002020856144536
0.002021708019027
0.002023552361526
0.002026074672867
0.002028971164034
0.002031966219206
0.002034825817428
0.002037366518354
0.002039459933914
0.002041032908654
0.002042063896343
0.002042576232466
0.002042629148821
0.002042307450934
0.002041710780200
0.002040943315335
0.002040104641766
0.002039282346960
0.002038546701335
0.002037947576346
0.002037513551481
0.002037252986096
0.002037156693176
0.002037201758822
0.002037356007625
0.002037582619441
0.002037844452209
0.002038107709817
0.002038344702186
0.002038535564266
0.002038668918822
0.002038741573544
0.002038757426923
0.002038725813581
0.002038659545565
0.002038572902257
0.002038479791750
0.002038392256855
0.002038319436998
0.002038267031213
0.002038237245055
0.002038229152008
0.002038239362524
0.002038262873754
0.002038293970368
0.002038327059937
0.002038357351470
0.002038381318487
0.002038396923340
0.002038403612878
0.002038402122882
0.002038394147506
0.002038381938824
