0.000042613350579
0.000042312384777
0.000042016903511
0.000041727073168
0.000041443056923
0.000041165014646
0.000040893102813
0.000040627474421
0.000040368278896
0.000040115662016
0.000039869765825
0.000039630728557
0.000039398684556
0.000039173764202
0.000038956093837
0.000038745795697
0.000038542987843
0.000038347784094
0.000038160293963
0.000037980622600
0.000037808870728
0.000037645134594
0.000037489505906
0.000037342071794
0.000037202914750
0.000037072112592
0.000036949738414
0.000036835860551
0.000036730542538
0.000036633843075
0.000036545815998
0.000036466510247
0.000036395969839
0.000036334233846
0.000036281336373
0.000036237306541
0.000036202168467
0.000036175941259
0.000036158638999
0.000036150270740
0.000036150840500
0.000036160347264
0.000036178784981
0.000036206142570
0.000036242403930
0.000036287547947
0.000036341548507
0.000036404374512
0.000036475989901
0.000036556353666
0.000036645419882
0.000036743137729
0.000036849451525
0.000036964300755
0.000037087620109
0.000037219339520
0.000037359384199
0.000037507674685
0.000037664126887
0.000037828652133
0.000038001157218
0.000038181544462
0.000038369711764
0.000038565552660
0.000038768956381
0.000038979807922
0.000039197988104
0.000039423373640
0.000039655837209
0.000039895247528
0.000040141469422
0.000040394363907
0.000040653788265
0.000040919596126
0.000041191637551
0.000041469759118
0.000041753804006
0.000042043612086
0.000042339020014
0.000042639861318
0.000042945966497
0.000043257163113
0.000043573275891
0.000043894126819
0.000044219535245
0.000044549317982
0.000044883289409
0.000045221261580
0.000045563044326
0.000045908445361
0.000046257270396
0.000046609323245
0.000046964405936
0.000047322318820
0.000047682860690
0.000048045828888
0.000048411019422
0.000048778227079
0.000049147245543
0.000049517867511
0.000049889884804
0.000050263088494
0.000050637269011
0.000051012216267
0.000051387719775
0.000051763568761
0.000052139552288
0.000052515459373
0.000052891079105
0.000053266200761
0.000053640613929
0.000054014108623
0.000054386475401
0.000054757505481
0.000055126990863
0.000055494724438
0.000055860500113
0.000056224112917
0.000056585359123
0.000056944036357
0.000057299943717
0.000057652881879
0.000058002653211
0.000058349061887
0.000058691913990
0.000059031017625
0.000059366183025
0.000059697222656
0.000060023951323
0.000060346186273
0.000060663747296
0.000060976456827
0.000061284140043
0.000061586624963
0.000061883742542
0.000062175326766
0.000062461214744
0.000062741246797
0.000063015266551
0.000063283121020
0.000063544660693
0.000063799739617
0.000064048215476
0.000064289949674
0.000064524807409
0.000064752657746
0.000064973373694
0.000065186832274
0.000065392914587
0.000065591505879
0.000065782495608
0.000065965777501
0.000066141249613
0.000066308814386
0.000066468378701
0.000066619853929
0.000066763155980
0.000066898205350
0.000067024927164
0.000067143251216
0.000067253112008
0.000067354448787
0.000067447205578
0.000067531331211
0.000067606779352
0.000067673508528
0.000067731482147
0.000067780668521
0.000067821040879
0.000067852577381
0.000067875261136
0.000067889080199
0.000067894027588
0.000067890101281
0.000067877304215
0.000067855644287
0.000067825134348
0.000067785792194
0.000067737640553
0.000067680707076
0.000067615024316
0.000067540629713
0.000067457565569
0.000067365879023
0.000067265622028
0.000067156851316
0.000067039628369
0.000066914019381
0.000066780095222
0.000066637931398
0.000066487608005
0.000066329209685
0.000066162825581
0.000065988549281
0.000065806478767
0.000065616716360
0.000065419368663
0.000065214546498
0.000065002364844
0.000064782942776
0.000064556403390
