0.000035124836195
0.000038066225466
0.000040768744631
0.000043168591850
0.000045209115908
0.000046842153385
0.000048029165280
0.000048742146257
0.000048964285088
0.000048690360720
0.000047926864650
0.000046691846763
0.000045014488292
0.000042934412032
0.000040500746115
0.000037770963481
0.000034809524478
0.000031686354648
0.000028475193662
0.000025251854385
0.000022092433187
0.000019071513741
0.000016260406713
0.000013725466879
0.000011526527387
0.000009715488098
0.000008335091307
0.000007417913708
0.000006985598376
0.000007048344843
0.000007604669290
0.000008641440460
0.000010134190422
0.000012047692812
0.000014336794882
0.000016947483673
0.000019818161150
0.000022881098163
0.000026064032929
0.000029291876277
0.000032488483439
0.000035578450556
0.000038488893525
0.000041151167219
0.000043502484529
0.000045487397064
0.000047059102563
0.000048180548244
0.000048825304055
0.000048978185274
0.000048635609805
0.000047805681774
0.000046507999480
0.000044773192284
0.000042642197373
0.000040165293504
0.000037400914530
0.000034414270741
0.000031275810530
0.000028059558697
0.000024841370584
0.000021697143231
0.000018701025717
0.000015923670918
0.000013430569860
0.000011280507961
0.000009524179534
0.000008202993183
0.000007348096260
0.000006979641327
0.000007106311904
0.000007725118644
0.000008821470701
0.000010369520586
0.000012332774330
0.000014664952560
0.000017311082132
0.000020208792584
0.000023289786815
0.000026481451299
0.000029708567877
0.000032895086759
0.000035965918943
0.000038848705815
0.000041475524215
0.000043784486801
0.000045721200014
0.000047240045303
0.000048305253427
0.000048891746574
0.000048985728454
0.000048585008510
0.000047699052638
0.000046348759255
0.000044565966025
0.000042392698900
0.000039880181204
0.000037087626129
0.000034080841127
0.000030930677090
0.000027711358883
0.000024498736557
0.000021368498465
0.000018394388367
0.000015646468520
0.000013189469665
0.000011081266759
0.000009371516342
0.000008100487612
0.000007298114715
0.000006983292533
0.000007163432545
0.000007834289162
0.000008980060616
0.000010573761969
0.000012577861445
0.000014945165053
0.000017619928642
0.000020539171175
0.000023634158277
0.000026832021093
0.000030057472331
0.000033234579076
0.000036288550615
0.000039147499198
0.000041744132268
0.000044017336337
0.000045913615237
0.000047388348899
0.000048406843058
0.000048945145192
0.000048990607522
0.000048542183862
0.000047610453341
0.000046217370503
0.000044395747678
0.000042188481853
0.000039647544273
0.000036832756570
0.000033810382266
0.000030651566815
0.000027430662908
0.000024223480479
0.000021105502594
0.000018150109212
0.000015426850623
0.000012999811167
0.000010926101744
0.000009254516556
0.000008024385667
0.000007264650362
0.000006993183021
0.000007216367488
0.000007928949764
0.000009114162513
0.000010744120409
0.000012780476995
0.000015175327568
0.000017872336808
0.000020808064619
0.000023913458951
0.000027115480473
0.000030338820870
0.000033507674333
0.000036547520566
0.000039386877380
0.000041958981653
0.000044203359132
0.000046067246179
0.000047506830031
0.000048488278446
0.000048988534532
0.000048995858119
0.000048510100945
0.000047542709257
0.000046116453767
0.000044264893362
0.000042031585220
0.000039469059911
0.000036637585640
0.000033603750683
0.000030438897396
0.000027217444600
0.000024015137827
0.000020907268546
0.000017966904246
0.000015263170987
0.000012859628765
0.000010812777888
0.000009170731447
0.000007972085058
0.000007245010431
0.000007006594028
0.000007262436329
0.000008006521095
0.000009221357656
0.000010878392860
0.000012938682947
0.000015353809553
0.000018067018257
0.000021014552911
