0.000048456151210
0.000046788126941
0.000045040575180
0.000043232441308
0.000041383325906
0.000039513272291
0.000037642549272
0.000035791431482
0.000033979979685
0.000032227823407
0.000030553948281
0.000028976490383
0.000027512539798
0.000026177955539
0.000024987193836
0.000023953151626
0.000023087026970
0.000022398197881
0.000021894120891
0.000021580250440
0.000021459979972
0.000021534605355
0.000021803311037
0.000022263179070
0.000022909220914
0.000023734431661
0.000024729866097
0.000025884735776
0.000027186526041
0.000028621131738
0.000030173010139
0.000031825349414
0.000033560250837
0.000035358922737
0.000037201884105
0.000039069175638
0.000040940575940
0.000042795820542
0.000044614821362
0.000046377884224
0.000048065922096
0.000049660661729
0.000051144841450
0.000052502397993
0.000053718640324
0.000054780408593
0.000055676216480
0.000056396375420
0.000056933099335
0.000057280588760
0.000057435093460
0.000057394952837
0.000057160613724
0.000056734625356
0.000056121611575
0.000055328220591
0.000054363052826
0.000053236567630
0.000051960969893
0.000050550077771
0.000049019172957
0.000047384835136
0.000045664762407
0.000043877579614
0.000042042636673
0.000040179799070
0.000038309232807
0.000036451186113
0.000034625770297
0.000032852742098
0.000031151289906
0.000029539826152
0.000028035788120
0.000026655449332
0.000025413743555
0.000024324103313
0.000023398314675
0.000022646389869
0.000022076459101
0.000021694682757
0.000021505184927
0.000021510008965
0.000021709095571
0.000022100283624
0.000022679333754
0.000023439974400
0.000024373969843
0.000025471209484
0.000026719817395
0.000028106280959
0.000029615597193
0.000031231435182
0.000032936312865
0.000034711786241
0.000036538648971
0.000038397140196
0.000040267158338
0.000042128478551
0.000043960971491
0.000045744821026
0.000047460738530
0.000049090171454
0.000050615503909
0.000052020247097
0.000053289217532
0.000054408701126
0.000055366601361
0.000056152569961
0.000056758118633
0.000057176710693
0.000057403831566
0.000057437037428
0.000057275981435
0.000056922417287
0.000056380180072
0.000055655144614
0.000054755161764
0.000053689973339
0.000052471106626
0.000051111749588
0.000049626608139
0.000048031747017
0.000046344415989
0.000044582863263
0.000042766138123
0.000040913884938
0.000039046130748
0.000037183068744
0.000035344839978
0.000033551315654
0.000031821882365
0.000030175232593
0.000028629162733
0.000027200380820
0.000025904326051
0.000024755002032
0.000023764825561
0.000022944492580
0.000022302862740
0.000021846863814
0.000021581417015
0.000021509383990
0.000021631536088
0.000021946546210
0.000022451003348
0.000023139449624
0.000024004439458
0.000025036620197
0.000026224833346
0.000027556235294
0.000029016436243
0.000030589655815
0.000032258893677
0.000034006113317
0.000035812437004
0.000037658349806
0.000039523910476
0.000041388966911
0.000043233373877
0.000045037210621
0.000046780996050
0.000048445899121
0.000050013942198
0.000051468195159
0.000052792958176
0.000053973931174
0.000054998368164
0.000055855214767
0.000056535227452
0.000057031073209
0.000057337408566
0.000057450937122
0.000057370444960
0.000057096813566
0.000056633010118
0.000055984055256
0.000055156968679
0.000054160693156
0.000053005997788
0.000051705361554
0.000050272838410
0.000048723905393
0.000047075295383
0.000045344816315
0.000043551158812
0.000041713694306
0.000039852265831
0.000037986973746
0.000036137958708
0.000034325184230
0.000032568221181
0.000030886036540
0.000029296788703
0.000027817631534
0.000026464529286
0.000025252084378
0.000024193379902
0.000023299838536
0.000022581099400
0.000022044914179
0.000021697063628
