0.002717946739983
0.002715351311622
0.002714028853113
0.002714049577473
0.002715434525019
0.002718154014106
0.002722127951617
0.002727228019539
0.002733281685031
0.002740077913365
0.002747374398628
0.002754906068373
0.002762394567846
0.002769558388894
0.002776123279824
0.002781832556517
0.002786456932854
0.002789803500134
0.002791723510564
0.002792118658253
0.002790945601298
0.002788218528819
0.002784009645165
0.002778447517601
0.002771713310976
0.002764035010429
0.002755679808294
0.002746944901270
0.002738147005958
0.002729610952778
0.002721657757904
0.002714592598658
0.002708693128577
0.002704198563554
0.002701299949864
0.002700131989144
0.002700766745438
0.002703209496834
0.002707396921107
0.002713197723492
0.002720415728114
0.002728795365653
0.002738029401694
0.002747768666057
0.002757633466288
0.002767226301320
0.002776145436618
0.002783998862083
0.002790418130308
0.002795071566539
0.002797676353527
0.002798009024156
0.002795913941673
0.002791309410185
0.002784191134842
0.002774632839480
0.002762783946480
0.002748864326078
0.002733156226755
0.002715993601254
0.002697749140378
0.002678819415761
0.002659608609936
0.002640511374380
0.002621895401442
0.002604084322206
0.002587341548251
0.002571855660298
0.002557727911005
0.002544962353567
0.002533459033762
0.002523010592734
0.002513302524045
0.002503917214326
0.002494341776007
0.002483979556892
0.002472165088802
0.002458182120208
0.002441284269554
0.002420717740569
0.002395745461502
0.002365671949725
0.002329868163674
0.002287795587273
0.002239028798498
0.002183275803814
0.002120395472993
0.002050411482974
0.001973522272813
0.001890106621498
0.001800724583384
0.001706113648169
0.001607180129952
0.001504985928410
0.001400730940407
0.001295731528090
0.001191395565752
0.001089194688849
0.000990634451366
0.000897223159700
0.000810440190414
0.000731704614515
0.000662344941826
0.000603570765965
0.000556447034557
0.000521871592379
0.000500556549743
0.000493013917599
0.000499545828154
0.000520239529196
0.000554967205843
0.000603390549405
0.000664969863543
0.000738977376935
0.000824514322879
0.000920531252842
0.001025850975624
0.001139193458557
0.001259201993366
0.001384469917650
0.001513567193245
0.001645066174202
0.001777565948253
0.001909714704291
0.002040229661801
0.002167914193326
0.002291671874347
0.002410517302739
0.002523583638491
0.002630126919904
0.002729527311420
0.002821287527444
0.002905028753074
0.002980484444248
0.003047492434749
0.003105985804622
0.003155982973391
0.003197577472319
0.003230927823620
0.003256247912603
0.003273798183191
0.003283877920647
0.003286818810641
0.003282979884040
0.003272743875429
0.003256514943646
0.003234717627780
0.003207796845151
0.003176218681420
0.003140471679441
0.003101068304373
0.003058546249279
0.003013469248181
0.002966427082458
0.002918034500694
0.002868928820184
0.002819766038600
0.002771215354101
0.002723952068969
0.002678648932326
0.002635966058554
0.002596539636295
0.002560969715172
0.002529807420555
0.002503541998086
0.002482588126943
0.002467273962164
0.002457830370450
0.002454381810222
0.002456939275251
0.002465395672676
0.002479523941996
0.002498978143626
0.002523297656362
0.002551914525467
0.002584163900486
0.002619297397767
0.002656499120723
0.002694903974729
0.002733617826739
0.002771738985437
0.002808380418871
0.002842692085446
0.002873882732544
0.002901240516198
0.002924151815434
0.002942117655950
0.002954767218667
0.002961867987678
0.002963332186953
0.002959219262865
0.002949734286881
0.002935222275851
0.002916158552293
0.002893135389791
0.002866845305107
0.002838061464982
0.002807615768237
0.002776375239651
0.002745217428442
0.002715005539139
