0.0020432794718096203
0.0020431411016225273
0.0020429504229758145
0.0020426896903936636
0.0020423358846669137
0.002041859413386915
0.0020412225802919313
0.0020403778104191974
0.002039265627028698
0.002037812388805272
0.0020359278123432455
0.002033502325584494
0.0020304043226695894
0.002026477419181851
0.0020215378381998727
0.002015372090617071
0.002007735145993614
0.0019983493203920098
0.0019869041323310782
0.001973057393897174
0.001956437807673998
0.0019366493280009128
0.001913277513961366
0.0018858980489112635
0.0018540875257858172
0.001817436498777412
0.0017755646818905088
0.0017281380369620187
0.0016748873436912936
0.0016156276898084475
0.001550278170292494
0.001478880951470394
0.0014016187505437234
0.0013188297151549536
0.001231018671513651
0.0011388637517740939
0.0010432175171521518
0.0009451018641386372
0.000845696234010666
0.0007463189327017181
0.0006484016962101458
0.000553457989044287
0.0004630458792651657
0.0003787266709365674
0.00030202077015152395
0.00023436249244222153
0.00017705566849599274
0.00013123195757377103
0.00009781372577647823
0.0000774831882030332
0.00007065925630050327
0.00007748318764913233
0.00009781372467960743
0.00013123195595520344
0.00017705566638622123
0.00023436248987940346
0.00030202076717962296
0.00037872666760333353
0.00046304587562008423
0.000553457985136608
0.0006484016920870733
0.0007463189284068136
0.0008456962295825006
0.0009451018596097094
0.0010432175125480929
0.0011388637471131764
0.0012310186668066186
0.0013188297104051875
0.0014016187457477406
0.001478880946618647
0.001550278165370423
0.0016156276847976959
0.001674887338570991
0.001728138031710026
0.001775564676484524
0.0018174364931958758
0.0018540875200085862
0.001885898042920052
0.0019132775077399973
0.0019366493215354367
0.0019564378009527296
0.0019730573869106965
0.001986904125072238
0.0019983493128558913
0.0020077351381774795
0.002015372082520223
0.0020215378298234256
0.0020264774105283956
0.00203040431374277
0.002033502316388548
0.0020359278028825485
0.0020378123790839634
0.0020392656170504274
0.00204037780018701
0.0020412225698082844
0.002041859402653787
0.0020423358736859545
0.002042689679166324
0.002042950411503411
0.00204314108990623
0.0020432794598503716
