0.002043295604233547
0.002043161292572507
0.0020429755371171097
0.002042720695003334
0.0020423738346284324
0.0020419054246399236
0.0020412777892530732
0.0020404433170861207
0.0020393424199516
0.002037901250914855
0.002036029207802514
0.002033616269402049
0.0020305302367574236
0.0020266139808000913
0.002021682829191349
0.0020155222583267086
0.002007886089066464
0.0019984954144771543
0.001987038511782549
0.001973172005545645
0.0019565235513564335
0.0019366962955527475
0.0019132753336719608
0.0018858363360329709
0.0018539564317573462
0.0018172273427529526
0.001775270638532795
0.0017277548450127024
0.0016744139914633234
0.0016150670274089618
0.001549637395019905
0.0014781719132561679
0.0014008580291239425
0.0013180384301322077
0.001230222000476655
0.001138090149601199
0.0010424976505009208
0.0009444672974705862
0.0008451779255544743
0.0007459456185787152
0.0006481982565899763
0.0005534438999165598
0.00046323385584141186
0.0003791216030296238
0.0003026190359929163
0.00023515171591437445
0.00017801495703199228
0.00013233262601526987
0.00009902047776599988
0.00007875569396935753
0.00007195403672992982
0.00007875569181549466
0.00009902047351843292
0.00013233261979122315
0.00017801494899981666
0.00023515170628522162
0.00030261902501064016
0.00037912159095960043
0.0004632338429589717
0.0005534438864956697
0.0006481982428927062
0.0007459456048459136
0.0008451779119979587
0.0009444672842670665
0.0010424976377877895
0.0011380901374742668
0.001230221988989835
0.0013180384192990912
0.001400858018921107
0.001478171903627968
0.00154963738588439
0.0016150670186644827
0.001674413982995347
0.0017277548367003515
0.001775270630254709
0.0018172273343921577
0.001853956423204985
0.0018858363271908802
0.0019132753244542108
0.001936696285886354
0.001956523541181463
0.001973171994814919
0.0019870385004610905
0.0019984954025414475
0.002007886076503514
0.002015522245132884
0.0020216828153709673
0.0020266139663637633
0.0020305302217202346
0.0020336162537817107
0.0020360291916176644
0.002037901234183671
0.0020393424026908663
0.0020404432993107796
0.002041277770976224
0.0020419054058731408
0.0020423738153821994
0.0020427206752874245
0.0020429755169407665
0.0020431612719443507
0.0020432955831612633
