0.002043277153120769
0.0020431383175546674
0.0020429470747867218
0.002042685667685721
0.0020423310671023077
0.0020418536737236096
0.0020412157890262123
0.0020403698422983884
0.0020392563696439293
0.002037801753382351
0.0020359157467149613
0.0020334888291478315
0.002030389462908137
0.0020264613490739987
0.0020215208135500487
0.0020153544860597155
0.0020077174681535294
0.0019983322164717227
0.001986888392270782
0.0019730439442520002
0.001956427695510015
0.00193664369345192
0.0019132775506280576
0.0018859049520212367
0.0018541024289462178
0.0018174604011981501
0.0017755983690689826
0.0017281819989134026
0.0016749416957793457
0.0016156921019696542
0.001550351810842449
0.0014789624516400603
0.001401706195344821
0.0013189206650856627
0.0012311102180019894
0.001138952607182878
0.0010433001377553885
0.0009451746018915711
0.0008457555103786741
0.0007463614255119705
0.0006484245286701462
0.0005534589089367594
0.0004630234160383352
0.00037868025905719036
0.0003019508286903736
0.0002342704533467066
0.0001769439492152463
0.0001311038774058127
0.0000976733692164117
0.00007733522236641447
0.0000705087128568907
0.00007733522233747248
0.00009767336915856964
0.00013110387731914795
0.00017694394909986008
0.00023427045320271046
0.0003019508285178765
0.00037868025885629117
0.00046302341580911806
0.0005534589086792961
0.000648424528384503
0.0007463614251982131
0.0008457555100368736
0.0009451746015218044
0.001043300137357735
0.0011389526067574103
0.0012311102175487647
0.0013189206646047114
0.001401706194836144
0.0014789624511036246
0.0015503518102781973
0.0016156921013775138
0.0016749416951592436
0.0017281819982652765
0.001775598368392789
0.0018174604004938684
0.0018541024282138436
0.0018859049512607766
0.0019132775498395176
0.0019366436926352955
0.0019564276946652847
0.00197304394337913
0.001986888391369722
0.0019983322155424275
0.0020077174671959616
0.002015354485073854
0.0020215208125358977
0.0020264613480315795
0.002030389461837482
0.0020334888280489757
0.002035915745587925
0.0020378017522271396
0.002039256368460524
0.002040369841086754
0.0020412157877863013
0.002041853672455382
0.0020423310658057355
0.0020426856663607984
0.002042947073433465
0.0020431383161731136
0.002043277151710961
