0.0020434206991238922
0.0020433200715282186
0.002043175224948599
0.0020429693683848074
0.00204268029051997
0.0020422789505770977
0.0020417278150875323
0.00204097892975392
0.002039971727205412
0.0020386305871153325
0.002036862185119821
0.002034552691210883
0.0020315649063976657
0.0020277354576264508
0.002022872203925887
0.00201675203968374
0.0020091193115389277
0.0019996850908091746
0.001988127560553385
0.00197409378200794
0.0019572030960247726
0.0019370523884116374
0.0019132234015289235
0.0018852922069146822
0.0018528408651620628
0.001815471191376056
0.0017728204206167715
0.001724578432888058
0.001670506058225752
0.001610453847487316
0.0015443805727853937
0.0014723706228662147
0.0013946493926491228
0.0013115957412246932
0.0012237506157693548
0.0011318210145700688
0.0010366785921305456
0.0009393523911528053
0.0008410154143841347
0.0007429650146076441
0.0006465973708872075
0.0005533766183685818
0.000464799490538705
0.00038235659921231457
0.0003074917015037112
0.00024156046922407787
0.00018579037196743447
0.00014124330192766726
0.00010878250216469479
0.00008904521161297031
0.00008242221575257712
0.00008904520255787007
0.00010878248433720698
0.00014124327587981957
0.00018579033849460194
0.0002415604293280367
0.00030749165634693797
0.0003823565500662205
0.00046479943872875624
0.0005533765652193156
0.0006465973176700086
0.0007429649624938358
0.0008410153644054843
0.0009393523441709915
0.001036678548816534
0.001131820975393722
0.0012237505809989998
0.0013115957109358434
0.001394649366741084
0.001472370601084976
0.0015443805547509701
0.001610453832723637
0.0016705060461912444
0.0017245784230052238
0.0017728204122993444
0.0018154711840526552
0.0018528408582956244
0.0018852922000173237
0.0019132233941722278
0.0019370523802326074
0.0019572030867279263
0.001974093771364133
0.001988127548396003
0.0019996850770283795
0.002009119296074551
0.002016752022517441
0.0020228721850730534
0.0020277354371282877
0.0020315648843138457
0.0020345526676130085
0.0020368621600859007
0.002038630560725364
0.002039971699538055
0.0020409789008841986
0.002041727785085398
0.00204227891950667
0.0020426802584392594
0.0020429693353457216
0.0020431751909971026
0.0020433200367045434
0.0020434206634627645
