0.0020434440817659882
0.002043349898259445
0.0020432128883279025
0.002043016423949776
0.0020427384300481643
0.002042349956086677
0.002041813489723126
0.002041081002161187
0.002040091726921622
0.0020387696899696797
0.0020370210296926476
0.002034731170046984
0.0020317619388472235
0.002027948754766968
0.0020230980397877457
0.002016985046666272
0.002009352321093643
0.0019999090427557493
0.001988331505328945
0.0019742649992918744
0.001957327350154138
0.0019371143355500185
0.0019132071555924776
0.0018851820609349212
0.0018526221524765981
0.0018151312574605054
0.0017723496624392457
0.0017239713495361144
0.0016697622455211813
0.0016095788617015404
0.0015433865856427822
0.0014712767927902968
0.0013934818863159592
0.001310387355098907
0.0012225399689968434
0.0011306513113585825
0.0010355959819431896
0.0009384039865394753
0.0008402470565906075
0.0007424189035809398
0.0006463096963685582
0.0005533753401958808
0.0004651024174106525
0.00038296990512153625
0.00030840899787531
0.0002427625195314233
0.0001872454962161026
0.00014290847369046936
0.00011060509419447075
0.00009096530113322725
0.00008437532097510921
0.00009096529107684016
0.00011060507439571957
0.00014290844476269057
0.00018724545904340653
0.00024276247522801947
0.00030840894773508445
0.00038296985056079073
0.00046510235990722946
0.0005533752812280034
0.0006463096373565832
0.0007424188458349124
0.0008402470012660076
0.0009384039346029326
0.0010355959341492567
0.0011306512682379396
0.0012225399308556104
0.001310387322028142
0.001393481858209902
0.00147127676937155
0.0015433865664924145
0.0016095788462920236
0.0016697622332501442
0.001723971339759108
0.0017723496544999866
0.0018151312507174245
0.001852622146324887
0.0018851820548236396
0.0019132071490366282
0.0019371143281377858
0.0019573273415497135
0.0019742649892344755
0.0019883314936287263
0.001999909029287363
0.0020093523057882062
0.002016985029502438
0.002023098020782532
0.002027948733966842
0.002031761916319869
0.002034731145874024
0.0020370210039634767
0.0020387696627764667
0.002040091698355434
0.0020410809723091375
0.0020418134586664017
0.0020423499238993075
0.0020427383967963654
0.00204301638969176
0.0020432128531140312
0.0020433498621326386
0.002043444044762319
