0.0020432778771748844
0.0020431391553038455
0.0020429480508438293
0.002042686809619127
0.002042332404981726
0.0020418552393326028
0.0020412176146728553
0.0020403719591614157
0.002039258805605134
0.002037804530318701
0.0020359188772570026
0.002033492312955123
0.002030393282567256
0.0020264654657884754
0.0020215251628612463
0.002015358973908446
0.00200772196765768
0.001998336565847558
0.0019868923943562725
0.0019730473680903936
0.0019564302804127975
0.0019366451558755961
0.001913277594065203
0.0018859032799234095
0.0018540987604697158
0.0018174544893041263
0.0017755900202334305
0.0017281710934315183
0.0016749282074081163
0.0016156761154697862
0.0015503335358828347
0.001478942231538668
0.001401684509256547
0.0013188981225183169
0.0012310875449428886
0.0011389306236339505
0.0010432797270748168
0.0009451566729831852
0.0008457409544059048
0.0007463510693851292
0.0006484190880080018
0.0005534589434851877
0.00046302929060063866
0.00037869211282904117
0.00030196855549342714
0.0002342936946365364
0.0001769721009404232
0.0001311361108734298
0.00009770866514689104
0.00007737241637644307
0.00007054654977341174
0.00007737241608989643
0.00009770866457818631
0.00013113611003108365
0.00017697209983658644
0.00023429369328631546
0.00030196855391408366
0.00037869211103913603
0.0004630292886191804
0.0005534589413308336
0.0006484190856983439
0.0007463510669360842
0.0008457409518312131
0.0009451566702940301
0.0010432797242795598
0.001138930620737995
0.0012310875419486772
0.001318898119425474
0.0014016845060621558
0.001478942228237681
0.0015503335324685806
0.001615676111934538
0.0016749282037436617
0.0017281710896296884
0.0017755900162865325
0.001817454485205251
0.001854098756212912
0.001885903275503731
0.001913277589478656
0.0019366451511190303
0.00195643027548377
0.001973047362987041
0.0019868923890772137
0.00199833656039182
0.002007721962024638
0.0020153589680977748
0.0020215251568728486
0.002026465459622399
0.0020303932762235945
0.002033492306433916
0.002035918870558163
0.002037804523441987
0.002039258798550182
0.00204037195192783
0.00204121760726035
0.0020418552317411492
0.0020423323972116863
0.002042686801671333
0.0020429480427195798
0.0020431391470048287
0.002043277868703031
