0.0020433444081457757
0.0020432230308691035
0.0020430529736622594
0.002042816920783853
0.002042492218798277
0.002042049528385632
0.002041451234593578
0.002040649603407404
0.002039584682657041
0.002038181959219278
0.002036349802536458
0.002033976746767521
0.0020309286902198973
0.0020270461205040445
0.002022141506072812
0.0020159970279139978
0.0020083628570864314
0.001998956211953049
0.0019874614503639955
0.001973531463382096
0.0019567906350310624
0.001936839613758385
0.0019132621030882961
0.0018856338193570022
0.0018535336826923455
0.0018165572042204612
0.0017743319102841155
0.0017265345075635897
0.001672909347637543
0.0016132876037184168
0.0015476064355105187
0.001475927300790797
0.0013984524851160941
0.0013155388742272845
0.001227707996086809
0.0011356514176336357
0.0010402306987853905
0.0009424712827544356
0.0008435499330145513
0.0007447756046145696
0.0006475639482634043
0.0005534059734700622
0.0004638317231604892
0.00038037011633708855
0.000304506377204021
0.00023763866994712054
0.000181035682200688
0.0001357969356349939
0.00010281754291374029
0.00008275897641761538
0.00007602717182224013
0.00008275897111179392
0.00010281753246418822
0.0001357969203578909
0.00018103566255086274
0.00023763864649623895
0.0003045063506138566
0.00038037008732957087
0.0004638316924863143
0.0005534059418775928
0.0006475639164694224
0.0007447755732781997
0.0008435499027153938
0.0009424712539756559
0.001040230671902223
0.0011356513929074838
0.0012277079736648668
0.0013155388541473212
0.001398452467315825
0.001475927285121005
0.0015476064217509208
0.001613287591595136
0.001672909336841015
0.0017265344977657926
0.001774331901154177
0.0018165571954379433
0.0018535336739577979
0.0018856338103996663
0.0019132620936711136
0.0019368396036806342
0.0019567906241290565
0.0019735314515283743
0.0019874614374653936
0.0019989561979479294
0.0020083628419412794
0.0020159970116195277
0.0020221414886396924
0.00202704610195841
0.0020309286705988546
0.002033976726114872
0.0020363497808989447
0.0020381819366435527
0.0020395846591875367
0.0020406495790851135
0.00204145120945565
0.002042049502465554
0.0020424921921263547
0.002042816893387704
0.0020430529455671034
0.0020432230020977385
0.002043344378718284
