0.002043805865734282
0.002043815562801777
0.0020438052619609036
0.002043760932925194
0.0020436625969469605
0.0020434825692022254
0.002043183384481263
0.0020427154065354607
0.0020420141414519907
0.0020409973004633943
0.0020395616872453375
0.002037580018102131
0.0020348978190144634
0.0020313305792799383
0.0020266613748297865
0.002020639202233541
0.00201297828361519
0.00200335860986443
0.0019914279815370214
0.001976805781151422
0.0019590886655283905
0.0019378583018787154
0.0019126911874224571
0.001883170491880176
0.0018488997492595452
0.001809518105496646
0.0017647167084529482
0.0017142557141030597
0.0016579812853863732
0.0015958418857891865
0.001527903125048184
0.0014543604047342232
0.00137554864023442
0.001291948403817853
0.0012041879395463567
0.0011130406407770625
0.0010194177486199081
0.0009243562168176804
0.0008290018856617419
0.0007345883046557257
0.0006424117306597732
0.0005538029958782655
0.0004700970802800499
0.00039260132958038427
0.0003225633284874875
0.00026113946733328147
0.00020936522829096706
0.0001681281667554877
0.00013814447724512798
0.00011993991563593462
0.00011383570572587554
0.00011993989359921226
0.0001381444338446827
0.00016812810330824344
0.00020936514670110315
0.0002611393700108648
0.0003225632182465853
0.0003926012095219171
0.0004700969536654341
0.0005538028660003433
0.0006424116007175602
0.0007345881776391224
0.0008290017642515538
0.0009243561033051555
0.0010194176448486104
0.0011130405481084098
0.0012041878588486537
0.001291948335477344
0.0013755485841857773
0.0014543603605071094
0.0015279030918260677
0.0015958418624763956
0.0016579812706794543
0.0017142557065627628
0.001764716706573534
0.0018095181077696977
0.0018488997542299925
0.0018831704981928214
0.0019126911938579265
0.0019378583073783773
0.001959088669208459
0.0019768057823070424
0.0019914279796376597
0.0020033586045422654
0.002012978274648418
0.002020639189526485
0.002026661358391581
0.002031330559203211
0.0020348977954550863
0.0020375799912606997
0.0020395616573507334
0.002040997267758536
0.002042014106181744
0.0020427153689366747
0.0020431833447749088
0.002043482527587657
0.002043662553598299
0.002043760887989819
0.002043805215559866
0.0020438155150318523
0.0020438058166711796
