0.0020433814132836455
0.0020432700404534295
0.002043112135550868
0.002042890636151053
0.002042583102874201
0.0020421603419867275
0.0020415847803852295
0.0020408085814385664
0.0020397715010098154
0.002038398497751777
0.002036597130752624
0.002034254800845322
0.002031235919102899
0.0020273791165325494
0.0020224946415941967
0.0020163621252280847
0.0020087289243852146
0.001999309281936769
0.0019877845602303545
0.001973804814167374
0.0019569919641863483
0.0019369448068960787
0.0019132460588202449
0.0018854715652005145
0.0018532017206923843
0.0018160350432236214
0.0017736037191432724
0.0017255908017774731
0.0016717486031365978
0.001611917677907223
0.001546045669382061
0.0014742051787253077
0.001396609742089028
0.0013136269640210496
0.0012257878682317793
0.0011337915936710868
0.0010385046875080951
0.0009409544259056176
0.0008423158234162779
0.0007438922634226409
0.000647089982644729
0.0005533869566092438
0.0004642970421892741
0.0003813305188980784
0.00030595241381427003
0.00023954017869415875
0.00018334239778547228
0.00013844023098748872
0.00010571323420311722
0.00008581104746417084
0.00007913220787456146
0.00008581104025584545
0.0001057132200091271
0.0001384402102424425
0.00018334237111520453
0.0002395401468863399
0.00030595237778219947
0.00038133047963986324
0.0004642970007447604
0.0005533869140170588
0.0006470899399016313
0.0007438922214470871
0.0008423157830177527
0.0009409543877608559
0.0010385046521448902
0.0011337915614599418
0.0012257878393852448
0.001313626938600194
0.0013966097200161429
0.0014742051598016673
0.0015460456533093266
0.0016119176643109956
0.0016717485915905997
0.0017255907918269616
0.001773603710326487
0.0018160350350903743
0.0018532017128192262
0.0018854715572022385
0.0019132460503578056
0.0019369447976812075
0.00195699195398331
0.001973804802792351
0.001987784547548962
0.0019993092678601207
0.002008728908864928
0.0020163621082505425
0.002022494623174367
0.0020273790967076316
0.002031235897926114
0.002034254778380106
0.00203659710706752
0.0020383984729162277
0.002039771475090966
0.0020408085544991158
0.002041584752482202
0.0020421603131709877
0.0020425830731904586
0.002042890605638118
0.002043112104241965
0.0020432700083764664
0.002043381380461411
