0.0020432786633423463
0.0020431401100234918
0.0020429492091972776
0.0020426882107471775
0.002042334091503577
0.0020418572562993682
0.0020412200079500675
0.0020403747731428685
0.0020392620801795223
0.002037808297043561
0.0020359231547431066
0.0020334971015294767
0.0020303985583635066
0.0020264711745073567
0.0020215312135459977
0.0020153652331839373
0.002007728254977926
0.0019983426503732095
0.0019868979941288223
0.00197305215217042
0.001956433874593463
0.0019366471524605456
0.0019132775660065057
0.0018859007993508882
0.0018540934213154385
0.0018174459333506342
0.0017755779655151305
0.0017281553635266258
0.0016749087598103745
0.001615653066964501
0.0015503071827096056
0.001478913062137752
0.0014016532075920114
0.0013188655603607533
0.0012310547620723463
0.001138898795666307
0.0010432501214793295
0.000945130594785668
0.0008457196839877046
0.0007463357956122601
0.000648410840576565
0.0005534585287756762
0.00046303723543791506
0.0003787086203128949
0.000301993476491121
0.00023432651763927002
0.0001770119618363079
0.00013118182286349361
0.00009775876763110488
0.00007742524027807697
0.00007060029556681757
0.00007742523985286513
0.00009775876678804424
0.00013118182161691008
0.00017701196020672883
0.00023432651565237494
0.00030199347417649426
0.0003787086177026792
0.00046303723256545487
0.0005534585256742211
0.0006484108372780842
0.0007463357921463935
0.0008457196803808712
0.0009451305910603324
0.0010432501176534464
0.0011388987917529472
0.0012310547580795317
0.0013188655562915126
0.001401653203444658
0.0014789130579063823
0.0015503071783847773
0.0016156530625340369
0.0016749087552602273
0.001728155358841722
0.0017755779606801298
0.0018174459283505542
0.0018540934161361212
0.0018859007939793179
0.0019132775604309977
0.0019366471466708592
0.0019564338685808683
0.0019730521459277524
0.001986897987650537
0.0019983426436554234
0.0020077282480184294
0.002015365225982132
0.002021531206102758
0.0020264711668247816
0.002030398550444606
0.0020334970933777894
0.0020359231463623374
0.0020378082884372575
0.002039262071350841
0.002040374764094451
0.0020412199986840265
0.002041857246817342
0.002042334081806825
0.0020426882008366667
0.0020429491990737363
0.002043140099687403
0.002043278652793905
