0.002044044786949364
0.002044127249740656
0.0020442060640683667
0.0020442689581204533
0.0020442972797811263
0.002044263991064002
0.002044131309903813
0.002043848010737703
0.0020433464210956372
0.002042539182416172
0.0020413158785596024
0.002039539673433088
0.002037044137562773
0.0020336304795498103
0.0020290654288653044
0.0020230800378321845
0.002015369679352566
0.0020055955097092143
0.0019933876399868293
0.0019783502137034163
0.001960068521799373
0.0019381182004309578
0.0019120764549568204
0.001881535139655214
0.001846115403125422
0.0018054834912399204
0.00175936719085194
0.001707572306267292
0.001649998494261136
0.001586653748463545
0.00151766682475757
0.0014432969381595827
0.0013639401381382401
0.001280131880473634
0.0011925454540597665
0.0011019860828947957
0.001009380697738209
0.0009157635485951797
0.0008222579983689489
0.0007300549905475988
0.0006403888120012925
0.0005545108702324652
0.000473662269473845
0.0003990460010329698
0.0003317995616731333
0.00027296878292523826
0.00022348359871483516
0.00018413640394832168
0.00015556356818658014
0.00013823057119659565
0.00013242112503212736
0.00013823054319727794
0.00015556351302666954
0.00018413632326972376
0.0002234834948934465
0.0002729686589717822
0.0003317994211092241
0.0003990458477488016
0.00047366210757469646
0.000554510703881567
0.0006403886452665205
0.0007300548272589642
0.0008222578419929975
0.0009157634021312666
0.0010093805636402593
0.001101985963020679
0.001192545349648892
0.0012801317921519078
0.0013639400659481791
0.0014432968816122287
0.0015176667829019572
0.0015866537199688733
0.0016499984775065302
0.0017075722994340742
0.0017593671920137048
0.001805483498446299
0.0018461154144762673
0.0018815351533628356
0.0019120764693949023
0.0019381182141696885
0.0019600685336271526
0.0019783502226361632
0.0019933876452663856
0.002005595510792663
0.0020153696758944003
0.0020230800296613086
0.0020290654159587493
0.002033630462004897
0.002037044115569268
0.0020395396472466824
0.002041315848477763
0.0020425391487571515
0.0020433463841811484
0.0020438479708794347
0.002044131267393697
0.002044263946167894
0.0020442972327353775
0.002044268909130752
0.002044206013310239
0.0020441271973610353
0.0020440447330688206
