0.002043280580145395
0.0020431424698930866
0.002042952106893643
0.0020426917523282554
0.0020423383926649217
0.0020418624394473134
0.0020412261977379477
0.0020403820902213403
0.002039270632963296
0.002037818171384229
0.0020359344015259658
0.0020335097223832654
0.0020304124898842496
0.002026486271644431
0.0020215472330679407
0.002015381818414962
0.002007744923249048
0.001998358784834494
0.0019869128416881614
0.001973064829325053
0.0019564433827713892
0.0019366524041647538
0.0019132774225414807
0.001885894120209239
0.0018540791244329306
0.0018174230644416173
0.0017755457736403043
0.0017281133790038486
0.0016748568696543515
0.001615591582338196
0.001550236892492812
0.0014788352667574173
0.0014015697277811035
0.0013187787165486573
0.0012309673216466914
0.0011388138873207236
0.0010431711181604615
0.0009450609692168501
0.0008456628431815141
0.0007462949029753725
0.0006483886359430716
0.0005534571577853526
0.00046305809995249146
0.0003787522609461576
0.0003020594968031749
0.0002344135571794593
0.00017711772216253444
0.00013130314713894834
0.00009789177067739586
0.00007756548235038439
0.00007074298991680606
0.00007756548163471188
0.00009789176926199174
0.00013130314505483
0.0001771177194541445
0.00023441355390236936
0.00030205949302133033
0.0003787522567288671
0.00046305809537135797
0.0005534571529113147
0.0006483886308436891
0.0007462948977124494
0.0008456628378091223
0.0009450609637797938
0.0010431711126932136
0.0011388138818468493
0.0012309673161787797
0.0013187787110887509
0.0014015697223216145
0.0014788352612824516
0.0015502368869798296
0.00161559157675986
0.0016748568639804316
0.0017281133732030196
0.0017755457676817154
0.001817423058296132
0.0018540791180739992
0.001885894113613416
0.001913277415688637
0.001936652397038072
0.0019564433753572236
0.001973064821612734
0.001986912833669785
0.0019983587765047117
0.0020077449146048464
0.002015381809455397
0.0020215472237938036
0.0020264862620578464
0.0020304124799882146
0.0020335097121811814
0.0020359343910212263
0.0020378181605799177
0.0020392706218620446
0.002040382078825352
0.0020412261860491597
0.002041862427467649
0.0020423383803965375
0.0020426917397737194
0.0020429520940559824
0.00204314245677569
0.0020432805667517867
