0.0035008133466360196
0.0034841982305749706
0.003481489622276391
0.0034934509933788292
0.003519545250844215
0.0035579356371122444
0.0036056016965893825
0.00365856334361285
0.0037121965914158625
0.003761616281121155
0.0038020948908133543
0.0038294827499112654
0.0038405940674587163
0.003833525203381342
0.0038078764259757815
0.0037648556350064013
0.0037072516192593555
0.003639274642758494
0.0035662727076728935
0.0034943418922591335
0.0034298579186440824
0.003378962880912175
0.003347045327682723
0.003338253309063567
0.003355078447795058
0.003398044685110643
0.003465528402930619
0.0035537276409652614
0.00365678776110638
0.0037670799083760805
0.0038756177632834144
0.003972588142413559
0.004047962677864008
0.004092151667248569
0.0040966576522286895
0.004054685589429865
0.003961668662244308
0.0038156736906213755
0.003617657394422389
0.0033715539669344286
0.003084184913374285
0.0027649932231096908
0.002425614961358954
0.002079311588589716
0.0017402951042197684
0.0014229849227280753
0.0011412398103080293
0.0009076099752681217
0.0007326534165758881
0.0006243569613278905
0.0005876962942887278
0.0006243610780089057
0.0007326614801984334
0.0009076216584352642
0.0011412546509635955
0.0014230023558616826
0.0017403144992576807
0.002079332288955173
0.002425636322557689
0.002765014645947254
0.003084205869513211
0.003371574014885077
0.003617676185135304
0.0038156909629953432
0.003961684229959386
0.004054699321440387
0.004096669449908852
0.004092161441501349
0.004047970329449531
0.003972593548331483
0.003875620771301171
0.003767080340811131
0.0036567854278527507
0.003553722360623292
0.003465520029877574
0.003398033139550301
0.0033550637453353864
0.003338235586249588
0.0033470248601739448
0.0033789400916179463
0.0034298333740547505
0.003494316286342985
0.003566246833933375
0.003639249356237828
0.003707227791310783
0.003764834104430728
0.0038078579505483896
0.00383351041583705
0.003840583439648519
0.003829476568129855
0.0038020932442903426
0.003761619064471495
0.003712203520574201
0.0036585739835583424
0.0036056154981211424
0.003557951979163034
0.0035195634843951428
0.003493470482999737
0.003481509781665274
0.003484218549167262
0.0035008334053285724
