0.003642579565823878
0.003609673934003256
0.00358342362599225
0.003566783962724598
0.0035619220124107455
0.0035699604852565173
0.0035908101175364613
0.003623110903446642
0.003664293066663594
0.003710757810545874
0.003758166610116721
0.0038018171389835455
0.0038370748610655637
0.0038598227419650924
0.003866888128023549
0.0038564060155928783
0.0038280817923800952
0.00378332385524186
0.0037252267604755106
0.0036583979374760992
0.003588634481488444
0.003522469999661337
0.0034666237527253988
0.003427394320347636
0.0034100467963333195
0.003418245413895831
0.0034535821455995734
0.0035152461992828668
0.003599869777912294
0.0037015726596202553
0.003812213040307483
0.00392183583195127
0.004019293510426869
0.004092999957963032
0.004131765757979427
0.00412565509514881
0.004066800537541278
0.0039501129384562385
0.003773829524875092
0.003539853585702334
0.0032538533239693758
0.0029251043723496593
0.002566078938560191
0.002191803158802294
0.0018190215773982144
0.001465222405399045
0.001147588193060753
0.0008819429108377864
0.0006817676476027559
0.0005573530689178805
0.0005151476995239727
0.0005573476524440309
0.0006817566056557276
0.0008819258685744879
0.0011475646909466313
0.001465192008606975
0.0018189840001860032
0.002191758388545976
0.002566027343759063
0.0029250467802985694
0.0032537910567724832
0.0035397884475654225
0.0037737637387065684
0.0039500490351862165
0.004066741206658534
0.004125603009212499
0.004131723386831321
0.004092969389729257
0.004019276296010061
0.003921832867614809
0.0038122244993644538
0.0037015979795387843
0.0035999077038283175
0.003515294879525859
0.0034536392699425333
0.0034183083813373654
0.0034101128966974228
0.0034274609130851607
0.0034666884270882843
0.003522530702784619
0.0035886896045812227
0.003658446354884502
0.003725267821344038
0.0037833573323385362
0.0038281077968623034
0.003856424889648777
0.0038669003291225594
0.0038598287327343875
0.0038370750175863288
0.00380181168773754
0.00375815560021565
0.0037107411236504467
0.0036642704626086682
0.0036230820955041837
0.0035907748678939188
0.003569918709003757
0.0035618738773312295
0.0035667299725540627
0.0035833646764740776
0.003609611333835916
0.003642515018154856
