0.002029417257637
0.002027791021187
0.002025896072995
0.002023693251758
0.002021138682557
0.002018183391636
0.002014772923460
0.002010846967929
0.002006339007103
0.002001175992399
0.001995278064892
0.001988558333044
0.001980922723906
0.001972269925525
0.001962491439840
0.001951471766766
0.001939088741336
0.001925214046598
0.001909713925375
0.001892450113919
0.001873281019710
0.001852063164240
0.001828652909272
0.001802908481841
0.001774692308985
0.001743873667796
0.001710331649835
0.001673958431223
0.001634662830758
0.001592374128373
0.001547046105094
0.001498661253663
0.001447235096228
0.001392820532383
0.001335512127540
0.001275450238640
0.001212824861978
0.001147879076914
0.001080911950061
0.001012280757777
0.000942402381001
0.000871753726385
0.000800871031744
0.000730347922719
0.000660832101649
0.000593020569315
0.000527653305709
0.000465505367249
0.000407377394867
0.000354084569602
0.000306444099194
0.000265261369725
0.000231314949439
0.000205340685981
0.000188015191834
0.000179939063625
0.000181620227311
0.000193457840662
0.000215727214815
0.000248566235714
0.000291963771972
0.000345750546220
0.000409592921008
0.000482990006694
0.000565274437182
0.000655617080060
0.000753035851600
0.000856408696054
0.000964490665148
0.001075934901151
0.001189317189279
0.001303163607394
0.001415980668024
0.001526287225379
0.001632647313840
0.001733702999955
0.001828206272468
0.001915048968807
0.001993289745407
0.002062177145524
0.002121167902957
0.002169939742487
0.002208398095772
0.002236676340627
0.002255129386391
0.002264320660963
0.002265002797386
0.002258092559739
0.002244640779059
0.002225798279536
0.002202778952789
0.002176821274363
0.002149149643441
0.002120936958138
0.002093269810635
0.002067117597837
0.002043306695894
0.002022500645558
0.002005187047741
0.001991671585100
0.001982079278577
