0.002038208358372
0.002038210272190
0.002038212176010
0.002038214069880
0.002038215953865
0.002038217828037
0.002038219692474
0.002038221547256
0.002038223392455
0.002038225228131
0.002038227054326
0.002038228871059
0.002038230678325
0.002038232476095
0.002038234264319
0.002038236042931
0.002038237811856
0.002038239571019
0.002038241320345
0.002038243059773
0.002038244789254
0.002038246508756
0.002038248218265
0.002038249917786
0.002038251607340
0.002038253286968
0.002038254956723
0.002038256616672
0.002038258266891
0.002038259907458
0.002038261538452
0.002038263159940
0.002038264771978
0.002038266374600
0.002038267967816
0.002038269551613
0.002038271125953
0.002038272690779
0.002038274246023
0.002038275791607
0.002038277327455
0.002038278853496
0.002038280369671
0.002038281875938
0.002038283372270
0.002038284858658
0.002038286335114
0.002038287801665
0.002038289258356
0.002038290705246
0.002038292142404
0.002038293569909
0.002038294987838
0.002038296396268
0.002038297795262
0.002038299184869
0.002038300565115
0.002038301936001
0.002038303297506
0.002038304649584
0.002038305992174
0.002038307325202
0.002038308648589
0.002038309962261
0.002038311266150
0.002038312560201
0.002038313844377
0.002038315118657
0.002038316383039
0.002038317637539
0.002038318882192
0.002038320117046
0.002038321342164
0.002038322557620
0.002038323763492
0.002038324959857
0.002038326146789
0.002038327324347
0.002038328492570
0.002038329651477
0.002038330801062
0.002038331941293
0.002038333072118
0.002038334193470
0.002038335305273
0.002038336407448
0.002038337499921
0.002038338582628
0.002038339655518
0.002038340718558
0.002038341771732
0.002038342815043
0.002038343848509
0.002038344872166
0.002038345886063
0.002038346890258
0.002038347884815
0.002038348869799
0.002038349845264
0.002038350811248
0.002038351767761
0.002038352714776
0.002038353652221
0.002038354579964
0.002038355497807
0.002038356405473
0.002038357302586
0.002038358188653
0.002038359063025
0.002038359924853
0.002038360773016
0.002038361606029
0.002038362421914
0.002038363218024
0.002038363990815
0.002038364735539
0.002038365445843
0.002038366113234
0.002038366726394
0.002038367270270
0.002038367724900
0.002038368063892
0.002038368252461
0.002038368244900
0.002038367981352
0.002038367383674
0.002038366350188
0.002038364749010
0.002038362409637
0.002038359112336
0.002038354574845
0.002038348435751
0.002038340233797
0.002038329382229
0.002038315137131
0.002038296558490
0.002038272462548
0.002038241363729
0.002038201404200
0.002038150268810
0.002038085082880
0.002038002289974
0.002037897506490
0.002037765349558
0.002037599234486
0.002037391137687
0.002037131320858
0.002036808012056
0.002036407039332
0.002035911412742
0.002035300850927
0.002034551249062
0.002033634085903
0.002032515768892
0.002031156917996
0.002029511591062
0.002027526456138
0.002025139919389
0.002022281221050
0.002018869516192
0.002014812962065
0.002010007839228
0.002004337739642
0.001997672861158
0.001989869454259
0.001980769473276
0.001970200490332
0.001957975935559
0.001943895731414
0.001927747391596
0.001909307655762
0.001888344729376
0.001864621193079
0.001837897637467
0.001807937066586
0.001774510096468
0.001737400953338
0.001696414249679
0.001651382485171
0.001602174184083
0.001548702541563
0.001490934409420
0.001428899408765
0.001362698913811
0.001292514610301
0.001218616295530
0.001141368557394
0.001061235949721
0.000978786273130
0.000894691577163
0.000809726522783
0.000724763786225
0.000640766246795
0.000558775782922
0.000479898601869
0.000405287147389
0.000336118763261
0.000273571435096
0.000218797082551
0.000172893023021
0.000136872368550
0.000111634242431
0.000097934802651
0.000096360128181
0.000107302053949
0.000130938025244
0.000167215978056
0.000215845136349
0.000276293451050
0.000347792191873
0.000429347948352
0.000519762009735
0.000617656786718
0.000721508625337
0.000829686060506
0.000940492280151
0.001052210336939
0.001163149468415
0.001271690780808
0.001376330526514
0.001475719265874
0.001568695351211
0.001654311400830
0.001731852733440
0.001800847094918
0.001861065410939
0.001912513719195
0.001955416850009
0.001990194810234
0.002017433159531
0.002037848930571
0.002052253819492
0.002061516449890
0.002066525488589
0.002068155267102
0.002067235348311
0.002064525188509
0.002060694700885
0.002056311151145
0.002051832434644
0.002047606422227
0.002043875741988
0.002040787105636
0.002038404105287
0.002036722307315
0.002035685455858
0.002035201664827
0.002035158612983
0.002035436946542
0.002035921319127
0.002036508739800
0.002037114136356
0.002037673255438
0.002038143198507
0.002038501023376
0.002038740919385
0.002038870490303
0.002038906656870
0.002038871628837
0.002038789305106
0.002038682352479
0.002038570100845
0.002038467286603
0.002038383585853
0.002038323810693
0.002038288599149
0.002038275411912
0.002038279654834
0.002038295770317
0.002038318177602
0.002038341985084
0.002038363441250
0.002038380129452
0.002038390941972
0.002038395888510
0.002038395803072
0.002038392012100
0.002038386017701
0.002038379235715
0.002038372811903
0.002038367523452
0.002038363759380
0.002038361563639
0.002038360719368
0.002038360851663
0.002038361528740
0.002038362346270
0.002038362985831
0.002038363244545
0.002038363038228
0.002038362384075
0.002038361370769
0.002038360124134
0.002038358775235
0.002038357435791
0.002038356183333
0.002038355056291
0.002038354057403
0.002038353162746
0.002038352333352
0.002038351526610
0.002038350705401
0.002038349843808
0.002038348929182
0.002038347961088
0.002038346948120
0.002038345903743
0.002038344842248
0.002038343775583
0.002038342711500
0.002038341653044
0.002038340599163
0.002038339546021
0.002038338488562
0.002038337421926
0.002038336342455
0.002038335248174
0.002038334138781
0.002038333015261
0.002038331879330
0.002038330732847
0.002038329577364
0.002038328413857
0.002038327242669
0.002038326063613
0.002038324876172
0.002038323679721
0.002038322473715
0.002038321257799
0.002038320031845
0.002038318795910
0.002038317550166
0.002038316294806
0.002038315029978
0.002038313755741
0.002038312472058
0.002038311178820
0.002038309875879
0.002038308563092
0.002038307240351
0.002038305907605
0.002038304564857
0.002038303212162
0.002038301849606
0.002038300477290
0.002038299095315
0.002038297703772
0.002038296302734
0.002038294892257
0.002038293472378
0.002038292043118
0.002038290604478
0.002038289156443
0.002038287698978
0.002038286232033
0.002038284755541
0.002038283269427
0.002038281773611
0.002038280268015
0.002038278752570
0.002038277227222
0.002038275691932
0.002038274146683
0.002038272591477
0.002038271026336
0.002038269451297
0.002038267866415
0.002038266271754
0.002038264667386
0.002038263053388
0.002038261429832
0.002038259796780
0.002038258154281
0.002038256502361
0.002038254841023
0.002038253170247
0.002038251489988
0.002038249800183
0.002038248100754
0.002038246391620
0.002038244672698
0.002038242943914
0.002038241205205
0.002038239456526
0.002038237697846
0.002038235929157
0.002038234150466
0.002038232361799
0.002038230563199
0.002038228754722
0.002038226936435
0.002038225108413
0.002038223270729
0.002038221423454
0.002038219566646
0.002038217700347
0.002038215824575
0.002038213939326
0.002038212044569
0.002038210140251
0.002038208226305
