0.002038353666524
0.002038354598289
0.002038355514899
0.002038356414645
0.002038357295358
0.002038358154274
0.002038358987857
0.002038359791584
0.002038360559660
0.002038361284665
0.002038361957106
0.002038362564853
0.002038363092435
0.002038363520154
0.002038363822987
0.002038363969223
0.002038363918768
0.002038363621063
0.002038363012505
0.002038362013285
0.002038360523504
0.002038358418418
0.002038355542631
0.002038351703020
0.002038346660140
0.002038340117818
0.002038331710578
0.002038320988507
0.002038307399094
0.002038290265493
0.002038268760611
0.002038241876303
0.002038208386874
0.002038166805992
0.002038115335997
0.002038051808464
0.002037973614800
0.002037877625475
0.002037760096432
0.002037616561041
0.002037441705932
0.002037229228885
0.002036971676934
0.002036660262815
0.002036284657871
0.002035832759612
0.002035290432288
0.002034641218985
0.002033866024149
0.002032942765801
0.002031845997307
0.002030546499263
0.002029010842910
0.002027200927579
0.002025073495876
0.002022579631801
0.002019664248639
0.002016265575351
0.002012314652276
0.002007734849217
0.002002441421464
0.001996341121822
0.001989331889422
0.001981302638700
0.001972133174540
0.001961694261992
0.001949847881073
0.001936447698891
0.001921339792410
0.001904363655597
0.001885353524102
0.001864140049045
0.001840552348503
0.001814420460971
0.001785578219037
0.001753866553813
0.001719137231019
0.001681257008178
0.001640112188963
0.001595613535522
0.001547701482818
0.001496351580717
0.001441580070364
0.001383449481546
0.001322074118002
0.001257625278600
0.001190336044843
0.001120505450079
0.001048501834155
0.000974765179975
0.000899808226555
0.000824216157675
0.000748644677022
0.000673816300510
0.000600514724860
0.000529577168864
0.000461884629927
0.000398350053303
0.000339904474036
0.000287481260822
0.000241998665201
0.000204340956567
0.000175338500892
0.000155747215904
0.000146227904522
0.000147326028185
0.000159452528792
0.000182866338881
0.000217659231147
0.000263743647675
0.000320844114118
0.000388492783080
0.000466029563731
0.000552607181811
0.000647201377560
0.000748626291876
0.000855554917566
0.000966544308529
0.001080065051856
0.001194534323677
0.001308351677347
0.001419936560715
0.001527766435932
0.001630414288466
0.001726584268156
0.001815144209719
0.001895153836335
0.001965887558986
0.002026850944760
0.002077790135401
0.002118693746313
0.002149787056991
0.002171518604976
0.002184539603923
0.002189676907772
0.002187900522584
0.002180286910712
0.002167979525240
0.002152148144468
0.002133948637858
0.002114484780772
0.002094773644036
0.002075715918265
0.002058072298858
0.002042446766385
0.002029277263133
0.002018833906982
0.002011224517869
0.002006406879671
0.002004206841216
0.002004341092217
0.002006443248632
0.002010091758648
0.002014838102168
0.002020233804895
0.002025854919297
0.002031322829945
0.002036320506293
0.002040603634555
0.002044006391656
0.002046441956888
0.002047898169394
0.002048429012333
0.002048142820645
0.002047188256335
0.002045739165521
0.002043979423374
0.002042088790096
0.002040230652443
0.002038542324452
0.002037128345049
0.002036056958115
0.002035359712027
0.002035033889092
0.002035047286925
0.002035344735922
0.002035855657512
0.002036501949426
0.002037205524595
0.002037894922167
0.002038510541632
0.002039008210129
0.002039360963339
0.002039559086416
0.002039608609010
0.002039528565896
0.002039347413761
0.002039099031194
0.002038818722819
0.002038539603762
0.002038289664711
0.002038089720347
0.002037952336343
0.002037881723540
0.002037874493006
0.002037921090731
0.002038007681645
0.002038118232131
0.002038236547759
0.002038348055254
0.002038441169052
