0.002033643987961
0.002032614455747
0.002031379893612
0.002029903865857
0.002028144438810
0.002026053559710
0.002023576409146
0.002020650736133
0.002017206187727
0.002013163648126
0.002008434605647
0.002002920569622
0.001996512563112
0.001989090721331
0.001980524029610
0.001970670238569
0.001959375997624
0.001946477250919
0.001931799941949
0.001915161074287
0.001896370175675
0.001875231210977
0.001851544985844
0.001825112077068
0.001795736317355
0.001763228851234
0.001727412765060
0.001688128277353
0.001645238456125
0.001598635407541
0.001548246855519
0.001494043005152
0.001436043554815
0.001374324693292
0.001309025890245
0.001240356262070
0.001168600271914
0.001094122503977
0.001017371239535
0.000938880557218
0.000859270684245
0.000779246340138
0.000699592840939
0.000621169771115
0.000544902082453
0.000471768544415
0.000402787547746
0.000339000351564
0.000281451961325
0.000231169928541
0.000189141469128
0.000156289401967
0.000133447507815
0.000121335996201
0.000120537839202
0.000131476780774
0.000154397853942
0.000189351231327
0.000236180194013
0.000294513927610
0.000363765741864
0.000443137162650
0.000531628165434
0.000628053612415
0.000731065728187
0.000839182209569
0.000950819324139
0.001064329120076
0.001178039658868
0.001290297003887
0.001399507562860
0.001504179300502
0.001602960316852
0.001694673332140
0.001778344732447
0.001853227010325
0.001918813675910
0.001974846007785
0.002021311346852
0.002058432995290
0.002086652148976
0.002106602646633
0.002119079643345
0.002125003591728
0.002125381124797
0.002121264567306
0.002113711848165
0.002103748541339
0.002092333627613
0.002080330351456
0.002068483257743
0.002057402148792
0.002047553323115
0.002039258066007
0.002032697981973
0.002027926413016
0.002024884895478
0.002023423388608
0.002023322872477
0.002024318867728
0.002026124475271
