0.002031047071221
0.002029635948533
0.002027976973420
0.002026031582617
0.002023756205485
0.002021101804970
0.002018013413314
0.002014429670971
0.002010282379052
0.002005496077633
0.001999987664397
0.001993666070307
0.001986432011305
0.001978177837270
0.001968787501670
0.001958136677330
0.001946093045494
0.001932516786669
0.001917261302612
0.001900174198947
0.001881098557303
0.001859874524273
0.001836341241806
0.001810339139724
0.001781712605732
0.001750313041504
0.001716002305044
0.001678656529552
0.001638170297410
0.001594461134805
0.001547474277917
0.001497187645903
0.001443616939246
0.001386820764860
0.001326905672181
0.001264030967768
0.001198413160459
0.001130329875589
0.001060123065859
0.000988201339216
0.000915041221110
0.000841187170899
0.000767250180420
0.000693904797862
0.000621884442255
0.000551974903817
0.000485005962931
0.000421841105665
0.000363365365948
0.000310471382977
0.000264043825895
0.000224942404782
0.000193983755417
0.000171922552987
0.000159432274138
0.000157086084852
0.000165338380421
0.000184507540434
0.000214760483195
0.000256099607678
0.000308352694775
0.000371166301443
0.000444003120353
0.000526143693641
0.000616692763103
0.000714590412406
0.000818628012623
0.000927468824435
0.001039672943845
0.001153726108977
0.001268071720282
0.001381145272210
0.001491410258720
0.001597394504928
0.001697725799663
0.001791165664571
0.001876640099385
0.001953266193106
0.002020373588490
0.002077519931309
0.002124499623294
0.002161345423023
0.002188322694433
0.002205916378596
0.002214811049362
0.002215864694935
0.002210077132226
0.002198554195582
0.002182469033998
0.002163021989878
0.002141400609178
0.002118741341105
0.002096094422562
0.002074393309090
0.002054429814547
0.002036835864497
0.002022072464851
0.002010426152339
0.002002012843683
0.001996788654004
0.001994566930523
