0.000042750594517
0.000042505701567
0.000042264362733
0.000042026665061
0.000041792694260
0.000041562534678
0.000041336269267
0.000041113979556
0.000040895745621
0.000040681646053
0.000040471757938
0.000040266156820
0.000040064916682
0.000039868109913
0.000039675807289
0.000039488077942
0.000039304989336
0.000039126607248
0.000038952995738
0.000038784217131
0.000038620331994
0.000038461399112
0.000038307475470
0.000038158616231
0.000038014874717
0.000037876302393
0.000037742948843
0.000037614861758
0.000037492086916
0.000037374668166
0.000037262647417
0.000037156064615
0.000037054957739
0.000036959362778
0.000036869313726
0.000036784842567
0.000036705979263
0.000036632751747
0.000036565185910
0.000036503305593
0.000036447132580
0.000036396686590
0.000036351985270
0.000036313044191
0.000036279876840
0.000036252494617
0.000036230906831
0.000036215120699
0.000036205141341
0.000036200971781
0.000036202612947
0.000036210063665
0.000036223320671
0.000036242378600
0.000036267229999
0.000036297865325
0.000036334272950
0.000036376439164
0.000036424348184
0.000036477982158
0.000036537321171
0.000036602343254
0.000036673024395
0.000036749338543
0.000036831257619
0.000036918751531
0.000037011788182
0.000037110333479
0.000037214351354
0.000037323803769
0.000037438650735
0.000037558850326
0.000037684358693
0.000037815130083
0.000037951116855
0.000038092269495
0.000038238536638
0.000038389865084
0.000038546199820
0.000038707484040
0.000038873659163
0.000039044664859
0.000039220439067
0.000039400918020
0.000039586036268
0.000039775726702
0.000039969920580
0.000040168547548
0.000040371535669
0.000040578811450
0.000040790299867
0.000041005924391
0.000041225607021
0.000041449268306
0.000041676827379
0.000041908201984
0.000042143308506
0.000042382062004
0.000042624376236
0.000042870163698
0.000043119335649
0.000043371802148
0.000043627472084
0.000043886253209
0.000044148052174
0.000044412774560
0.000044680324913
0.000044950606779
0.000045223522740
0.000045498974446
0.000045776862654
0.000046057087262
0.000046339547345
0.000046624141194
0.000046910766350
0.000047199319640
0.000047489697219
0.000047781794603
0.000048075506708
0.000048370727888
0.000048667351976
0.000048965272315
0.000049264381805
0.000049564572935
0.000049865737825
0.000050167768264
0.000050470555749
0.000050773991523
0.000051077966617
0.000051382371886
0.000051687098049
0.000051992035729
0.000052297075494
0.000052602107890
0.000052907023489
0.000053211712921
0.000053516066918
0.000053819976348
0.000054123332261
0.000054426025922
0.000054727948853
0.000055028992872
0.000055329050129
0.000055628013148
0.000055925774863
0.000056222228657
0.000056517268403
0.000056810788495
0.000057102683892
0.000057392850155
0.000057681183481
0.000057967580740
0.000058251939519
0.000058534158147
0.000058814135741
0.000059091772238
0.000059366968430
0.000059639626002
0.000059909647562
0.000060176936683
0.000060441397930
0.000060702936899
0.000060961460249
0.000061216875734
0.000061469092236
0.000061718019800
0.000061963569663
0.000062205654286
0.000062444187386
0.000062679083966
0.000062910260346
0.000063137634189
0.000063361124537
0.000063580651833
0.000063796137952
0.000064007506228
0.000064214681483
0.000064417590049
0.000064616159801
0.000064810320174
0.000065000002196
0.000065185138505
0.000065365663379
0.000065541512755
0.000065712624252
0.000065878937195
0.000066040392634
0.000066196933366
0.000066348503956
0.000066495050751
0.000066636521907
0.000066772867401
0.000066904039051
0.000067029990529
0.000067150677384
0.000067266057053
0.000067376088873
0.000067480734102
0.000067579955928
0.000067673719480
0.000067761991845
0.000067844742076
0.000067921941204
0.000067993562244
0.000068059580210
0.000068119972120
0.000068174717006
0.000068223795916
0.000068267191926
0.000068304890142
0.000068336877708
0.000068363143806
0.000068383679663
0.000068398478550
0.000068407535789
0.000068410848748
0.000068408416848
0.000068400241556
0.000068386326389
0.000068366676912
0.000068341300730
0.000068310207494
0.000068273408887
0.000068230918627
0.000068182752460
0.000068128928149
0.000068069465475
0.000068004386222
0.000067933714174
0.000067857475104
0.000067775696764
0.000067688408876
0.000067595643119
0.000067497433118
0.000067393814435
0.000067284824548
0.000067170502845
0.000067050890605
0.000066926030986
0.000066795969005
0.000066660751525
0.000066520427238
0.000066375046645
0.000066224662036
0.000066069327478
0.000065909098788
0.000065744033516
0.000065574190924
0.000065399631964
0.000065220419256
0.000065036617064
0.000064848291276
0.000064655509378
0.000064458340428
0.000064256855035
0.000064051125330
0.000063841224940
0.000063627228967
0.000063409213952
0.000063187257856
0.000062961440024
0.000062731841163
0.000062498543311
0.000062261629805
0.000062021185255
0.000061777295509
0.000061530047628
0.000061279529849
0.000061025831556
0.000060769043250
0.000060509256512
0.000060246563974
0.000059981059283
0.000059712837072
0.000059441992918
0.000059168623319
0.000058892825647
0.000058614698125
0.000058334339783
0.000058051850427
0.000057767330603
0.000057480881560
0.000057192605215
0.000056902604115
0.000056610981403
0.000056317840779
0.000056023286463
0.000055727423159
0.000055430356020
0.000055132190604
0.000054833032843
0.000054532989001
0.000054232165640
0.000053930669580
0.000053628607858
0.000053326087696
0.000053023216459
0.000052720101619
0.000052416850714
0.000052113571313
0.000051810370975
0.000051507357214
0.000051204637457
0.000050902319011
0.000050600509019
0.000050299314428
0.000049998841946
0.000049699198007
0.000049400488734
0.000049102819900
0.000048806296890
0.000048511024665
0.000048217107726
0.000047924650073
0.000047633755173
0.000047344525921
0.000047057064604
0.000046771472865
0.000046487851668
0.000046206301260
0.000045926921138
0.000045649810014
0.000045375065778
0.000045102785468
0.000044833065228
0.000044566000284
0.000044301684902
0.000044040212360
0.000043781674915
0.000043526163766
0.000043273769028
0.000043024579696
0.000042778683616
0.000042536167455
0.000042297116666
0.000042061615465
0.000041829746796
0.000041601592302
0.000041377232303
0.000041156745757
0.000040940210245
0.000040727701932
0.000040519295550
0.000040315064364
0.000040115080155
0.000039919413185
0.000039728132183
0.000039541304311
0.000039358995149
0.000039181268668
0.000039008187207
0.000038839811454
0.000038676200426
0.000038517411442
0.000038363500111
0.000038214520308
0.000038070524158
0.000037931562015
0.000037797682447
0.000037668932220
0.000037545356278
0.000037426997734
0.000037313897849
0.000037206096019
0.000037103629766
0.000037006534720
0.000036914844611
0.000036828591252
0.000036747804536
0.000036672512419
0.000036602740913
0.000036538514080
0.000036479854020
0.000036426780866
0.000036379312775
0.000036337465926
0.000036301254511
0.000036270690733
0.000036245784800
0.000036226544925
0.000036212977319
0.000036205086194
0.000036202873760
0.000036206340224
0.000036215483791
0.000036230300665
0.000036250785053
0.000036276929163
0.000036308723212
0.000036346155426
0.000036389212047
0.000036437877338
0.000036492133590
0.000036551961125
0.000036617338307
0.000036688241550
0.000036764645324
0.000036846522168
0.000036933842697
0.000037026575616
0.000037124687727
