0.000046111121980
0.000047095302416
0.000048074560070
0.000049043968329
0.000049998650447
0.000050933804088
0.000051844725476
0.000052726833055
0.000053575690534
0.000054387029186
0.000055156769320
0.000055881040781
0.000056556202405
0.000057178860321
0.000057745884995
0.000058254426957
0.000058701931109
0.000059086149549
0.000059405152858
0.000059657339772
0.000059841445209
0.000059956546607
0.000060002068528
0.000059977785529
0.000059883823259
0.000059720657804
0.000059489113255
0.000059190357537
0.000058825896509
0.000058397566354
0.000057907524325
0.000057358237863
0.000056752472167
0.000056093276260
0.000055383967636
0.000054628115554
0.000053829523072
0.000052992207901
0.000052120382191
0.000051218431334
0.000050290891901
0.000049342428823
0.000048377811926
0.000047401891943
0.000046419576124
0.000045435803559
0.000044455520349
0.000043483654743
0.000042525092365
0.000041584651662
0.000040667059688
0.000039776928355
0.000038918731259
0.000038096781213
0.000037315208577
0.000036577940525
0.000035888681315
0.000035250893701
0.000034667781549
0.000034142273754
0.000033677009555
0.000033274325288
0.000032936242678
0.000032664458706
0.000032460337107
0.000032324901552
0.000032258830529
0.000032262453966
0.000032335751605
0.000032478353130
0.000032689540061
0.000032968249394
0.000033313078969
0.000033722294543
0.000034193838536
0.000034725340387
0.000035314128497
0.000035957243672
0.000036651454010
0.000037393271163
0.000038178967877
0.000039004596737
0.000039866010012
0.000040758880500
0.000041678723285
0.000042620918267
0.000043580733383
0.000044553348379
0.000045533879024
0.000046517401644
0.000047498977853
0.000048473679350
0.000049436612667
0.000050382943739
0.000051307922169
0.000052206905077
0.000053075380400
0.000053908989538
0.000054703549221
0.000055455072499
0.000056159788741
0.000056814162550
0.000057414911484
0.000057959022521
0.000058443767156
0.000058866715075
0.000059225746330
0.000059519061953
0.000059745192957
0.000059903007685
0.000059991717456
0.000060010880498
0.000059960404134
0.000059840545216
0.000059651908807
0.000059395445114
0.000059072444688
0.000058684531920
0.000058233656858
0.000057722085394
0.000057152387866
0.000056527426134
0.000055850339191
0.000055124527392
0.000054353635367
0.000053541533710
0.000052692299545
0.000051810196044
0.000050899651029
0.000049965234735
0.000049011636874
0.000048043643093
0.000047066110961
0.000046083945588
0.000045102075021
0.000044125425513
0.000043158896817
0.000042207337608
0.000041275521163
0.000040368121432
0.000039489689593
0.000038644631242
0.000037837184307
0.000037071397805
0.000036351111551
0.000035679936922
0.000035061238760
0.000034498118520
0.000033993398742
0.000033549608916
0.000033168972826
0.000032853397423
0.000032604463289
0.000032423416745
0.000032311163624
0.000032268264763
0.000032294933216
0.000032391033223
0.000032556080913
0.000032789246766
0.000033089359799
0.000033454913466
0.000033884073241
0.000034374685844
0.000034924290059
0.000035530129105
0.000036189164475
0.000036898091196
0.000037653354414
0.000038451167241
0.000039287529750
0.000040158249045
0.000041058960295
0.000041985148621
0.000042932171742
0.000043895283249
0.000044869656403
0.000045850408332
0.000046832624504
0.000047811383361
0.000048781780980
0.000049738955650
0.000050678112223
0.000051594546143
0.000052483667010
0.000053341021568
0.000054162316009
0.000054943437474
0.000055680474639
0.000056369737302
0.000057007774844
0.000057591393500
0.000058117672337
0.000058583977862
0.000058987977190
0.000059327649707
0.000059601297161
0.000059807552145
0.000059945384915
0.000060014108519
0.000060013382212
0.000059943213127
0.000059803956214
0.000059596312430
0.000059321325197
0.000058980375150
0.000058575173193
0.000058107751896
0.000057580455298
0.000056995927133
0.000056357097570
0.000055667168512
0.000054929597542
0.000054148080584
0.000053326533379
0.000052469071857
0.000051579991514
0.000050663745886
0.000049724924237
0.000048768228576
0.000047798450099
0.000046820445200
0.000045839111149
0.000044859361573
0.000043886101858
0.000042924204591
0.000041978485172
0.000041053677714
0.000040154411356
0.000039285187096
0.000038450355275
0.000037654093816
0.000036900387326
0.000036193007173
0.000035535492624
0.000034931133154
0.000034382952008
0.000033893691088
0.000033465797261
0.000033101410133
0.000032802351377
0.000032570115638
0.000032405863084
0.000032310413630
0.000032284242866
0.000032327479702
0.000032439905761
0.000032620956493
0.000032869724038
0.000033184961790
0.000033565090669
0.000034008207046
0.000034512092298
0.000035074223932
0.000035691788229
0.000036361694349
0.000037080589813
0.000037844877298
0.000038650732649
0.000039494124031
0.000040370832111
0.000041276471181
0.000042206511106
0.000043156299993
0.000044121087473
0.000045096048462
0.000046076307302
0.000047056962147
0.000048033109481
0.000048999868639
0.000049952406211
0.000050885960211
0.000051795863880
0.000052677569014
0.000053526668696
0.000054338919323
0.000055110261803
0.000055836841839
0.000056515029183
0.000057141435760
0.000057712932596
0.000058226665429
0.000058680068962
0.000059070879658
0.000059397147031
0.000059657243372
0.000059849871851
0.000059974072980
0.000060029229373
0.000060015068803
0.000059931665538
0.000059779439933
0.000059559156307
0.000059271919083
0.000058919167250
0.000058502667131
0.000058024503538
0.000057487069316
0.000056893053366
0.000056245427175
0.000055547429948
0.000054802552395
0.000054014519267
0.000053187270724
0.000052324942628
0.000051431845858
0.000050512444761
0.000049571334829
0.000048613219726
0.000047642887781
0.000046665188059
0.000045685006126
0.000044707239639
0.000043736773881
0.000042778457354
0.000041837077563
0.000040917337105
0.000040023830185
0.000039161019677
0.000038333214848
0.000037544549837
0.000036798963029
0.000036100177400
0.000035451681936
0.000034856714234
0.000034318244349
0.000033838959989
0.000033421253111
0.000033067208005
0.000032778590912
0.000032556841230
0.000032403064354
0.000032318026186
0.000032302149341
0.000032355511064
0.000032477842876
0.000032668531943
0.000032926624167
0.000033250828979
0.000033639525809
0.000034090772210
0.000034602313580
0.000035171594444
0.000035795771241
0.000036471726543
0.000037196084637
0.000037965228406
0.000038775317398
0.000039622307023
0.000040501968750
0.000041409911240
0.000042341602271
0.000043292391373
0.000044257533051
0.000045232210477
0.000046211559533
0.000047190693096
0.000048164725426
0.000049128796549
0.000050078096509
0.000051007889364
0.000051913536815
0.000052790521342
0.000053634468735
0.000054441169910
0.000055206601894
0.000055926947883
0.000056598616269
0.000057218258540
0.000057782785961
0.000058289384969
0.000058735531180
0.000059119001962
0.000059437887494
0.000059690600266
0.000059875882974
0.000059992814761
0.000060040815781
0.000060019650062
0.000059929426656
0.000059770599062
0.000059543962934
0.000059250652087
0.000058892132807
0.000058470196517
0.000057986950803
0.000057444808890
0.000056846477566
0.000056194943669
0.000055493459163
0.000054745524898
0.000053954873131
0.000053125448898
0.000052261390320
0.000051367007956
0.000050446763290
0.000049505246478
0.000048547153448
0.000047577262477
0.000046600410362
0.000045621468300
