0.002038212155707
0.002038214069656
0.002038215973616
0.002038217867598
0.002038219751626
0.002038221625736
0.002038223489975
0.002038225344393
0.002038227189049
0.002038229023999
0.002038230849300
0.002038232665002
0.002038234471147
0.002038236267759
0.002038238054851
0.002038239832414
0.002038241600421
0.002038243358829
0.002038245107583
0.002038246846621
0.002038248575882
0.002038250295307
0.002038252004852
0.002038253704483
0.002038255394185
0.002038257073958
0.002038258743816
0.002038260403788
0.002038262053911
0.002038263694235
0.002038265324811
0.002038266945698
0.002038268556952
0.002038270158627
0.002038271750771
0.002038273333421
0.002038274906599
0.002038276470308
0.002038278024536
0.002038279569248
0.002038281104398
0.002038282629928
0.002038284145774
0.002038285651875
0.002038287148177
0.002038288634637
0.002038290111229
0.002038291577941
0.002038293034778
0.002038294481758
0.002038295918913
0.002038297346284
0.002038298763921
0.002038300171876
0.002038301570208
0.002038302958972
0.002038304338221
0.002038305708000
0.002038307068339
0.002038308419256
0.002038309760750
0.002038311092799
0.002038312415366
0.002038313728398
0.002038315031836
0.002038316325614
0.002038317609674
0.002038318883964
0.002038320148445
0.002038321403094
0.002038322647905
0.002038323882885
0.002038325108056
0.002038326323450
0.002038327529108
0.002038328725078
0.002038329911409
0.002038331088154
0.002038332255359
0.002038333413065
0.002038334561300
0.002038335700076
0.002038336829380
0.002038337949177
0.002038339059404
0.002038340159968
0.002038341250751
0.002038342331607
0.002038343402367
0.002038344462833
0.002038345512779
0.002038346551940
0.002038347579998
0.002038348596567
0.002038349601164
0.002038350593180
0.002038351571836
0.002038352536136
0.002038353484797
0.002038354416180
0.002038355328180
0.002038356218108
0.002038357082532
0.002038357917088
0.002038358716235
0.002038359472965
0.002038360178432
0.002038360821508
0.002038361388229
0.002038361861114
0.002038362218329
0.002038362432661
0.002038362470259
0.002038362289089
0.002038361837056
0.002038361049713
0.002038359847476
0.002038358132257
0.002038355783398
0.002038352652768
0.002038348558874
0.002038343279806
0.002038336544796
0.002038328024154
0.002038317317303
0.002038303938577
0.002038287300429
0.002038266693625
0.002038241263942
0.002038209984847
0.002038171625554
0.002038124713787
0.002038067492504
0.002037997869785
0.002037913360959
0.002037811022035
0.002037687373364
0.002037538312439
0.002037359014665
0.002037143820856
0.002036886110233
0.002036578157644
0.002036210973762
0.002035774127063
0.002035255546483
0.002034641303782
0.002033915374855
0.002033059379503
0.002032052299498
0.002030870175244
0.002029485781850
0.002027868286066
0.002025982886311
0.002023790438872
0.002021247074376
0.002018303809786
0.002014906162406
0.002010993773803
0.002006500053046
0.002001351850280
0.001995469173320
0.001988764961688
0.001981144934256
0.001972507528336
0.001962743949665
0.001951738354154
0.001939368183449
0.001925504677224
0.001910013585532
0.001892756104456
0.001873590057581
0.001852371344312
0.001828955673785
0.001803200599793
0.001774967867895
0.001744126080392
0.001710553678249
0.001674142231255
0.001634800018627
0.001592455872157
0.001547063242688
0.001498604438619
0.001447094972229
0.001392587936334
0.001335178320366
0.001275007161880
0.001212265417088
0.001147197422977
0.001080103814293
0.001011343751871
0.000941336315038
0.000870560910789
0.000799556556611
0.000728919902944
0.000659301875568
0.000591402838254
0.000525966201876
0.000463770437919
0.000405619491841
0.000352331634507
0.000304726837373
0.000263612808205
0.000229769877820
0.000203934982916
0.000186785044077
0.000178920089255
0.000180846519554
0.000192960953594
0.000215535116912
0.000248702261506
0.000292445605731
0.000346589274451
0.000410792192229
0.000484545337435
0.000567172702085
0.000657836221254
0.000755544838165
0.000859167758200
0.000967451819971
0.001079042777426
0.001192510148142
0.001306375144102
0.001419141067804
0.001529325434078
0.001635492972268
0.001736288580024
0.001830469244083
0.001916933919548
0.001994750370867
0.002063178027250
0.002121685993533
0.002169965483736
0.002207936106213
0.002235745622204
0.002253763017619
0.002262564963531
0.002262915985141
0.002255742901918
0.002242104332636
0.002223156267407
0.002200114884090
0.002174217919351
0.002146685987003
0.002118685262233
0.002091292916171
0.002065466590255
0.002042019045982
0.002021598918133
0.002004678246412
0.001991547172383
0.001982315878612
0.001976923529475
0.001975153663874
0.001976655204504
0.001980968001421
0.001987551632525
0.001995816051194
0.002005152609265
0.002014963995925
0.002024691719792
0.002033839918343
0.002041994497610
0.002048836873810
0.002054151892327
0.002057829821071
0.002059862636240
0.002060335120514
0.002059411559235
0.002057319033867
0.002054328461962
0.002050734610801
0.002046836314232
0.002042918050267
0.002039233896689
0.002035994683565
0.002033358919384
0.002031427798153
0.002030244316715
0.002029796263486
0.002030022599371
0.002030822554330
0.002032066621054
0.002033608548321
0.002035297424242
0.002036988991984
0.002038555451420
0.002039893159087
0.002040927831950
0.002041617072105
0.002041950242653
0.002041945923510
0.002041647345005
0.002041116325184
0.002040426315596
0.002039655186308
0.002038878354508
0.002038162787358
0.002037562297266
0.002037114408023
0.002036838916564
0.002036738121275
0.002036798547037
0.002036993881013
0.002037288750159
0.002037642927066
0.002038015546383
0.002038368947814
0.002038671827895
0.002038901473264
0.002039044953049
0.002039099256346
0.002039070462213
0.002038972114814
0.002038823038293
0.002038644860121
0.002038459516732
0.002038286992688
0.002038143498750
0.002038040231251
0.002037982782846
0.002037971201133
0.002038000624468
0.002038062370182
0.002038145313970
0.002038237383053
0.002038326989994
0.002038404256666
0.002038461915048
0.002038495817912
0.002038505042262
0.002038491615777
0.002038459936254
0.002038415982375
0.002038366428615
0.002038317777295
0.002038275607796
0.002038244019377
0.002038225313601
0.002038219929209
0.002038226610619
0.002038242764756
0.002038264942417
0.002038289371414
0.002038312469588
0.002038331275559
0.002038343751664
0.002038348934321
0.002038346929070
0.002038338767724
0.002038326161146
0.002038311191322
0.002038295989854
0.002038282446971
0.002038271986495
0.002038265429750
0.002038262957016
0.002038264161000
0.002038268174850
0.002038273848818
0.002038279945668
0.002038285325488
0.002038289095129
0.002038290705113
0.002038289986103
0.002038287126499
0.002038282601000
0.002038277065986
0.002038271240714
0.002038265793326
0.002038261247942
0.002038257924218
0.002038255914687
0.002038255099003
0.002038255188705
0.002038255792243
0.002038256488014
0.002038256893275
0.002038256718783
0.002038255802307
0.002038254118233
0.002038251764491
0.002038248931513
0.002038245860205
0.002038242796922
0.002038239953018
0.002038237474947
0.002038235428543
0.002038233798390
0.002038232500607
0.002038231405392
0.002038230364437
0.002038229238092
0.002038227917762
0.002038226340330
0.002038224493124
0.002038222409677
0.002038220158114
0.002038217825014
0.002038215498063
0.002038213250655
0.002038211130870
