0.002038244646789
0.002038246791682
0.002038248954709
0.002038251123387
0.002038253284570
0.002038255425071
0.002038257532293
0.002038259594819
0.002038261602956
0.002038263549183
0.002038265428499
0.002038267238655
0.002038268980242
0.002038270656654
0.002038272273907
0.002038273840349
0.002038275366238
0.002038276863251
0.002038278343915
0.002038279821008
0.002038281306940
0.002038282813172
0.002038284349664
0.002038285924414
0.002038287543079
0.002038289208721
0.002038290921669
0.002038292679517
0.002038294477253
0.002038296307505
0.002038298160912
0.002038300026578
0.002038301892607
0.002038303746677
0.002038305576638
0.002038307371099
0.002038309119971
0.002038310814953
0.002038312449919
0.002038314021205
0.002038315527773
0.002038316971247
0.002038318355823
0.002038319688048
0.002038320976500
0.002038322231358
0.002038323463905
0.002038324685979
0.002038325909396
0.002038327145380
0.002038328404020
0.002038329693786
0.002038331021125
0.002038332390153
0.002038333802471
0.002038335257095
0.002038336750517
0.002038338276889
0.002038339828320
0.002038341395276
0.002038342967045
0.002038344532274
0.002038346079516
0.002038347597795
0.002038349077128
0.002038350509008
0.002038351886807
0.002038353206079
0.002038354464766
0.002038355663273
0.002038356804430
0.002038357893322
0.002038358937017
0.002038359944183
0.002038360924632
0.002038361888791
0.002038362847149
0.002038363809687
0.002038364785321
0.002038365781395
0.002038366803226
0.002038367853739
0.002038368933188
0.002038370038978
0.002038371165601
0.002038372304654
0.002038373444957
0.002038374572732
0.002038375671845
0.002038376724052
0.002038377709257
0.002038378605718
0.002038379390184
0.002038380037928
0.002038380522634
0.002038380816111
0.002038380887814
0.002038380704122
0.002038380227381
0.002038379414663
0.002038378216250
0.002038376573805
0.002038374418238
0.002038371667236
0.002038368222457
0.002038363966358
0.002038358758640
0.002038352432289
0.002038344789158
0.002038335595064
0.002038324574331
0.002038311403714
0.002038295705619
0.002038277040531
0.002038254898529
0.002038228689767
0.002038197733795
0.002038161247538
0.002038118331807
0.002038067956136
0.002038008941770
0.002037939942609
0.002037859423912
0.002037765638540
0.002037656600538
0.002037530055845
0.002037383449912
0.002037213892026
0.002037018116147
0.002036792438049
0.002036532708591
0.002036234262963
0.002035891865742
0.002035499651654
0.002035051061930
0.002034538776217
0.002033954640001
0.002033289587597
0.002032533560771
0.002031675423162
0.002030702870730
0.002029602338543
0.002028358904341
0.002026956189382
0.002025376257260
0.002023599511477
0.002021604592728
0.002019368277030
0.002016865375997
0.002014068640762
0.002010948671258
0.002007473832778
0.002003610181966
0.001999321404617
0.001994568767889
0.001989311089759
0.001983504728788
0.001977103597442
0.001970059202429
0.001962320715665
0.001953835079617
0.001944547150881
0.001934399885874
0.001923334572550
0.001911291111968
0.001898208353391
0.001884024486411
0.001868677493256
0.001852105664070
0.001834248177418
0.001815045747693
0.001794441340338
0.001772380954977
0.001748814475558
0.001723696585531
0.001696987744859
0.001668655224334
0.001638674191214
0.001607028838676
0.001573713549915
0.001538734086041
0.001502108785168
0.001463869758302
0.001424064065890
0.001382754857127
0.001340022452504
0.001295965348507
0.001250701122035
0.001204367210911
0.001157121545983
0.001109143009689
0.001060631695751
0.001011808944807
0.000962917131462
0.000914219179335
0.000865997782416
0.000818554313264
0.000772207401476
0.000727291169356
0.000684153115813
0.000643151644282
0.000604653235789
0.000569029274195
0.000536652537061
0.000507893372400
0.000483115588817
0.000462672093915
0.000446900323411
0.000436117510916
0.000430615855653
0.000430657652327
0.000436470453829
0.000448242343102
0.000466117395310
0.000490191415076
0.000520508035925
0.000557055269953
0.000599762594953
0.000648498663722
0.000703069715810
0.000763218765608
0.000828625632239
0.000898907866329
0.000973622616368
0.001052269463178
0.001134294235105
0.001219093799190
0.001306021805003
0.001394395338353
0.001483502422119
0.001572610281376
0.001660974270249
0.001747847339064
0.001832489902805
0.001914179956178
0.001992223267250
0.002065963471079
0.002134791877524
0.002198156803834
0.002255572243045
0.002306625683880
0.002350984906937
0.002388403595475
0.002418725617046
0.002441887854344
0.002457921489674
0.002466951676904
0.002469195567164
0.002464958689099
0.002454629720549
0.002438673725111
0.002417623963270
0.002392072422751
0.002362659245273
0.002330061256267
0.002294979829132
0.002258128335647
0.002220219448271
0.002181952567834
0.002144001650860
0.002107003704496
0.002071548203380
0.002038167662222
0.002007329570543
0.001979429862659
0.001954788057430
0.001933644159459
0.001916157367589
0.001902406589007
0.001892392709449
0.001886042523403
0.001883214184294
0.001883703994861
0.001887254323626
0.001893562405706
0.001902289766146
0.001913071992315
0.001925528578962
0.001939272575651
0.001953919781046
0.001969097251624
0.001984450922831
0.001999652177469
0.002014403237776
0.002028441302617
0.002041541397775
0.002053517953610
0.002064225168559
0.002073556257290
0.002081441717203
0.002087846774960
0.002092768194753
0.002096230641285
0.002098282792616
0.002098993391074
0.002098447404932
0.002096742450227
0.002093985592392
0.002090290612669
0.002085775786591
0.002080562183118
0.002074772455344
0.002068530059266
0.002061958807745
0.002055182644313
0.002048325507168
0.002041511148615
0.002034862779738
0.002028502424210
0.002022549888272
0.002017121284860
0.002012327086998
0.002008269726861
0.002005040799918
0.002002717975662
0.002001361754979
0.002001012246516
0.002001686158134
0.002003374212617
0.002006039197741
0.002009614848698
0.002014005735526
0.002019088290167
0.002024713058440
0.002030708203606
0.002036884223118
0.002043039771787
0.002048968416772
0.002054466086246
0.002059338918318
0.002063411173365
0.002066532844614
0.002068586591142
0.002069493626144
0.002069218222109
0.002067770543062
0.002065207580833
0.002061632054763
0.002057189228835
0.002052061702348
0.002046462334859
0.002040625567637
0.002034797496586
0.002029225130068
0.002024145324335
0.002019773925183
0.002016295653985
0.002013855257760
0.002012550396133
0.002012426664344
0.002013475053823
0.002015632034643
0.002018782313090
0.002022764179407
0.002027377222790
0.002032392060648
0.002037561614420
0.002042633371849
0.002047362011305
0.002051521732053
0.002054917638013
0.002057395562316
0.002058849794565
0.002059228278889
0.002058534983258
0.002056829292312
0.002054222438766
0.002050871153211
0.002046968869306
0.002042734961738
0.002038402609279
0.002034205957736
0.002030367302016
0.002027085009757
0.002024522870061
0.002022801471553
0.002021992098422
0.002022113487630
0.002023131623641
0.002024962568466
0.002027478145422
0.002030514125513
0.002033880416415
0.002037372634846
0.002040784361316
0.002043919337225
0.002046602870672
0.002048691769051
0.002050082210531
0.002050715097125
0.002050578591055
0.002049707713587
0.002048181070133
0.002046114945319
0.002043655175423
0.002040967342465
0.002038225935362
0.002035603182534
0.002033258273200
0.002031327650763
0.002029916983407
