0.002038224013311
0.002038225926074
0.002038227828970
0.002038229722027
0.002038231605280
0.002038233478767
0.002038235342531
0.002038237196609
0.002038239041034
0.002038240875831
0.002038242701016
0.002038244516590
0.002038246322548
0.002038248118872
0.002038249905536
0.002038251682506
0.002038253449745
0.002038255207213
0.002038256954871
0.002038258692683
0.002038260420622
0.002038262138670
0.002038263846823
0.002038265545089
0.002038267233493
0.002038268912071
0.002038270580872
0.002038272239951
0.002038273889363
0.002038275529165
0.002038277159400
0.002038278780105
0.002038280391298
0.002038281992983
0.002038283585147
0.002038285167764
0.002038286740796
0.002038288304196
0.002038289857913
0.002038291401894
0.002038292936091
0.002038294460463
0.002038295974979
0.002038297479622
0.002038298974390
0.002038300459297
0.002038301934375
0.002038303399669
0.002038304855233
0.002038306301131
0.002038307737425
0.002038309164172
0.002038310581422
0.002038311989206
0.002038313387542
0.002038314776426
0.002038316155838
0.002038317525742
0.002038318886091
0.002038320236827
0.002038321577893
0.002038322909229
0.002038324230782
0.002038325542507
0.002038326844367
0.002038328136339
0.002038329418411
0.002038330690583
0.002038331952862
0.002038333205262
0.002038334447797
0.002038335680475
0.002038336903289
0.002038338116214
0.002038339319192
0.002038340512126
0.002038341694874
0.002038342867239
0.002038344028959
0.002038345179705
0.002038346319063
0.002038347446527
0.002038348561484
0.002038349663189
0.002038350750742
0.002038351823051
0.002038352878791
0.002038353916352
0.002038354933769
0.002038355928645
0.002038356898053
0.002038357838422
0.002038358745385
0.002038359613621
0.002038360436639
0.002038361206540
0.002038361913721
0.002038362546528
0.002038363090841
0.002038363529582
0.002038363842134
0.002038364003645
0.002038363984214
0.002038363747918
0.002038363251668
0.002038362443859
0.002038361262776
0.002038359634723
0.002038357471830
0.002038354669477
0.002038351103291
0.002038346625642
0.002038341061560
0.002038334203990
0.002038325808297
0.002038315585901
0.002038303196919
0.002038288241696
0.002038270251053
0.002038248675101
0.002038222870423
0.002038192085429
0.002038155443657
0.002038111924783
0.002038060343049
0.002037999322864
0.002037927271224
0.002037842346649
0.002037742424280
0.002037625056750
0.002037487430464
0.002037326316869
0.002037138018300
0.002036918307995
0.002036662363845
0.002036364695475
0.002036019064252
0.002035618395852
0.002035154685053
0.002034618892465
0.002034000832995
0.002033289055909
0.002032470716474
0.002031531439285
0.002030455173536
0.002029224040675
0.002027818175087
0.002026215558687
0.002024391850581
0.002022320213242
0.002019971136994
0.002017312264965
0.002014308221063
0.002010920443966
0.002007107030574
0.002002822592853
0.001998018132509
0.001992640938425
0.001986634512330
0.001979938528671
0.001972488835141
0.001964217500800
0.001955052919103
0.001944919973532
0.001933740273770
0.001921432470516
0.001907912657077
0.001893094865755
0.001876891666733
0.001859214876700
0.001839976383706
0.001819089093794
0.001796468003710
0.001772031402474
0.001745702202765
0.001717409400927
0.001687089661957
0.001654689023027
0.001620164706019
0.001583487026157
0.001544641380163
0.001503630293508
0.001460475502241
0.001415220040766
0.001367930302686
0.001318698037754
0.001267642243939
0.001214910909942
0.001160682560182
0.001105167551501
0.001048609068759
0.000991283765204
0.000933501993230
0.000875607571977
0.000817977040281
0.000761018346996
0.000705168935666
0.000650893187066
0.000598679191344
0.000549034831320
0.000502483170009
0.000459557148485
0.000420793614757
0.000386726720123
0.000357880736386
0.000334762364992
0.000317852627232
0.000307598442883
0.000304404022323
0.000308622214092
0.000320545965216
0.000340400065052
0.000368333354256
0.000404411588153
0.000448611147828
0.000500813792050
0.000560802638302
0.000628259551326
0.000702764102440
0.000783794242281
0.000870728803583
0.000962851919261
0.001059359404728
0.001159367112591
0.001261921223238
0.001366010387315
0.001470579586622
0.001574545529855
0.001676813350118
0.001776294323710
0.001871924285955
0.001962682381169
0.002047609751991
0.002125827749576
0.002196555231935
0.002259124514242
0.002312995543096
0.002357767887116
0.002393190169377
0.002419166612691
0.002435760426448
0.002443193832501
0.002441844606224
0.002432239095561
0.002415041773533
0.002391041475644
0.002361134570338
0.002326305404822
0.002287604457339
0.002246124706923
0.002202976799912
0.002159263646133
0.002116055114062
0.002074363511537
0.002035120535004
0.001999156345080
0.001967181379192
0.001939771443790
0.001917356540627
0.001900213775901
0.001888464580812
0.001882076340726
0.001880868392069
0.001884522205808
0.001892595438963
0.001904539406024
0.001919719405440
0.001937437237103
0.001956955169185
0.001977520560271
0.001998390318020
0.002018854380264
0.002038257438934
0.002056018190789
0.002071645489779
0.002084750890798
0.002095057209627
0.002102402873775
0.002106741997991
0.002108140280131
0.002106766971160
0.002102883320899
0.002096828032424
0.002089000367231
0.002079841625639
0.002069815778865
0.002059390048414
0.002049016214089
0.002039113384649
0.002030052887075
0.002022145825128
0.002015633730190
0.002010682583242
0.002007380332818
0.002005737877096
0.002005693326225
0.002007119220458
0.002009832257257
0.002013604981669
0.002018178823375
0.002023277823728
0.002028622388341
0.002033942424936
0.002038989280497
0.002043545972870
0.002047435315117
0.002050525650439
0.002052734044878
0.002054026917301
0.002054418214607
0.002053965358049
0.002052763288195
0.002050937016667
0.002048633148716
0.002046010869936
0.002043232892363
0.002040456830777
0.002037827431703
0.002035470008916
0.002033485354899
0.002031946303117
0.002030896016720
0.002030347981329
0.002030287588236
0.002030675114488
0.002031449841926
0.002032535011113
0.002033843279827
0.002035282349850
0.002036760439233
0.002038191308151
0.002039498591955
0.002040619251515
0.002041506014361
0.002042128746335
0.002042474758288
0.002042548112203
0.002042368042727
0.002041966651124
0.002041386057508
0.002040675213146
0.002039886577803
0.002039072858396
0.002038283986163
0.002037564482171
0.002036951327567
0.002036472417988
0.002036145643357
0.002035978597183
0.002035968885245
0.002036104973846
0.002036367493673
0.002036730897394
0.002037165357771
0.002037638788183
0.002038118868607
0.002038574966851
0.002038979856275
0.002039311146701
0.002039552363736
0.002039693632434
0.002039731943310
0.002039671001129
0.002039520678957
0.002039296120585
0.002039016552913
0.002038703885215
0.002038381183669
0.002038071116391
0.002037794465804
0.002037568801316
0.002037407395697
0.002037318453624
0.002037304701176
0.002037363361595
0.002037486516786
0.002037661827371
0.002037873558638
0.002038103837155
0.002038334045167
0.002038546248622
0.002038724550976
0.002038856269514
0.002038932843623
0.002038950404763
0.002038909964235
0.002038817205393
0.002038681899193
0.002038516993275
0.002038337452294
0.002038158948655
0.002037996515864
0.002037863280233
0.002037769380040
0.002037721164801
0.002037720742462
0.002037765911073
0.002037850476762
0.002037964924656
0.002038097377192
0.002038234747991
