0.002038247917293
0.002038249500678
0.002038251053703
0.002038252592519
0.002038254133391
0.002038255691950
0.002038257282489
0.002038258917312
0.002038260606182
0.002038262355891
0.002038264169957
0.002038266048486
0.002038267988181
0.002038269982507
0.002038272022015
0.002038274094782
0.002038276186977
0.002038278283504
0.002038280368705
0.002038282427081
0.002038284444005
0.002038286406390
0.002038288303283
0.002038290126355
0.002038291870274
0.002038293532926
0.002038295115506
0.002038296622438
0.002038298061160
0.002038299441766
0.002038300776534
0.002038302079342
0.002038303365030
0.002038304648703
0.002038305945037
0.002038307267599
0.002038308628224
0.002038310036473
0.002038311499203
0.002038313020259
0.002038314600312
0.002038316236843
0.002038317924278
0.002038319654262
0.002038321416058
0.002038323197062
0.002038324983390
0.002038326760534
0.002038328514036
0.002038330230157
0.002038331896518
0.002038333502664
0.002038335040550
0.002038336504904
0.002038337893463
0.002038339207070
0.002038340449616
0.002038341627853
0.002038342751060
0.002038343830595
0.002038344879357
0.002038345911167
0.002038346940117
0.002038347979906
0.002038349043195
0.002038350141016
0.002038351282261
0.002038352473266
0.002038353717521
0.002038355015509
0.002038356364689
0.002038357759610
0.002038359192166
0.002038360651966
0.002038362126808
0.002038363603231
0.002038365067110
0.002038366504279
0.002038367901138
0.002038369245210
0.002038370525632
0.002038371733542
0.002038372862336
0.002038373907798
0.002038374868063
0.002038375743431
0.002038376536022
0.002038377249283
0.002038377887346
0.002038378454279
0.002038378953219
0.002038379385427
0.002038379749280
0.002038380039224
0.002038380244700
0.002038380349057
0.002038380328466
0.002038380150827
0.002038379774671
0.002038379148027
0.002038378207242
0.002038376875714
0.002038375062490
0.002038372660677
0.002038369545611
0.002038365572707
0.002038360574912
0.002038354359689
0.002038346705433
0.002038337357236
0.002038326021898
0.002038312362097
0.002038295989604
0.002038276457456
0.002038253250967
0.002038225777486
0.002038193354777
0.002038155197917
0.002038110404587
0.002038057938631
0.002037996611753
0.002037925063209
0.002037841737335
0.002037744858770
0.002037632405187
0.002037502077365
0.002037351266411
0.002037177017939
0.002036975993019
0.002036744425680
0.002036478076787
0.002036172184098
0.002035821408319
0.002035419775006
0.002034960612188
0.002034436483607
0.002033839117525
0.002033159331113
0.002032386950478
0.002031510726471
0.002030518246524
0.002029395842818
0.002028128497241
0.002026699743696
0.002025091568447
0.002023284309359
0.002021256555033
0.002018985045007
0.002016444572395
0.002013607890497
0.002010445625138
0.002006926194696
0.002003015739965
0.001998678066252
0.001993874600273
0.001988564364655
0.001982703973032
0.001976247648905
0.001969147271615
0.001961352452910
0.001952810647712
0.001943467302770
0.001933266046895
0.001922148926493
0.001910056690011
0.001896929124773
0.001882705449470
0.001867324765254
0.001850726568017
0.001832851323904
0.001813641109547
0.001793040317792
0.001770996428837
0.001747460845802
0.001722389792658
0.001695745271273
0.001667496073042
0.001637618839173
0.001606099162189
0.001572932719654
0.001538126429465
0.001501699614374
0.001463685161697
0.001424130662465
0.001383099512620
0.001340671957280
0.001296946057626
0.001252038558696
0.001206085635231
0.001159243491926
0.001111688793871
0.001063618902797
0.001015251894944
0.000966826337036
0.000918600797989
0.000870853075633
0.000823879119966
0.000777991637263
0.000733518362740
0.000690799993472
0.000650187777855
0.000612040763019
0.000576722707307
0.000544598671042
0.000516031305394
0.000491376866017
0.000470980985217
0.000455174243611
0.000444267589381
0.000438547660196
0.000438272069502
0.000443664724963
0.000454911252245
0.000472154601862
0.000495490920245
0.000524965768443
0.000560570772646
0.000602240790036
0.000649851670993
0.000703218694520
0.000762095747656
0.000826175311664
0.000895089307928
0.000968410844765
0.001045656892886
0.001126291902187
0.001209732356038
0.001295352241679
0.001382489396779
0.001470452673318
0.001558529840801
0.001645996132089
0.001732123317118
0.001816189173011
0.001897487204076
0.001975336452328
0.002049091228997
0.002118150590374
0.002181967377682
0.002240056640770
0.002292003269546
0.002337468665331
0.002376196296807
0.002408016001882
0.002432846917440
0.002450698943273
0.002461672674185
0.002465957764648
0.002463829723013
0.002455645166297
0.002441835601195
0.002422899831379
0.002399395124345
0.002371927302222
0.002341139949025
0.002307702951052
0.002272300606576
0.002235619555003
0.002198336783668
0.002161107971922
0.002124556426948
0.002089262853661
0.002055756182302
0.002024505652259
0.001995914319697
0.001970314120717
0.001947962581671
0.001929041225301
0.001913655676580
0.001901837427034
0.001893547172138
0.001888679594719
0.001887069429291
0.001888498609440
0.001892704273661
0.001899387385550
0.001908221712587
0.001918862904459
0.001930957417028
0.001944151041577
0.001958096820403
0.001972462158376
0.001986934974721
0.002001228778675
0.002015086595392
0.002028283712697
0.002040629263461
0.002051966700507
0.002062173259545
0.002071158538872
0.002078862351283
0.002085252022535
0.002090319321105
0.002094077205440
0.002096556567402
0.002097803134567
0.002097874670288
0.002096838580147
0.002094769998176
0.002091750387802
0.002087866652945
0.002083210716106
0.002077879484831
0.002071975097572
0.002065605316576
0.002058883920376
0.002051930943024
0.002044872611777
0.002037840849800
0.002030972235035
0.002024406339600
0.002018283414529
0.002012741430161
0.002007912530684
0.002003919009532
0.002000868957721
0.001998851776870
0.001997933780045
0.001998154124183
0.001999521325978
0.002002010607241
0.002005562295431
0.002010081470389
0.002015439000238
0.002021474049738
0.002027998075612
0.002034800248674
0.002041654165603
0.002048325638070
0.002054581277723
0.002060197536401
0.002064969815705
0.002068721231903
0.002071310613701
0.002072639323164
0.002072656524663
0.002071362582450
0.002068810342628
0.002065104146823
0.002060396528934
0.002054882657949
0.002048792703535
0.002042382410945
0.002035922271828
0.002029685761936
0.002023937180426
0.002018919664068
0.002014843960179
0.002011878522743
0.002010141446795
0.002009694678278
0.002010540833253
0.002012622836284
0.002015826448878
0.002019985612142
0.002024890380931
0.002030297087726
0.002035940251109
0.002041545643184
0.002046843858849
0.002051583692093
0.002055544623607
0.002058547760793
0.002060464644739
0.002061223445629
0.002060812203132
0.002059278924634
0.002056728523333
0.002053316750907
0.002049241445921
0.002044731569755
0.002040034627729
0.002035403166558
0.002031081094426
0.002027290583079
0.002024220280941
0.002022015493692
0.002020770877608
0.002020526047458
0.002021264332952
0.002022914735386
0.002025356949971
0.002028429140517
0.002031937992399
0.002035670437016
0.002039406344398
0.002042931426348
0.002046049584060
0.002048593972209
0.002050436133925
0.002051492682787
0.002051729161643
0.002051160883941
0.002049850750546
0.002047904221733
0.002045461798514
0.002042689518575
0.002039768090228
0.002036881365578
0.002034204886567
0.002031895222841
