0.002038212760086
0.002038214674210
0.002038216578394
0.002038218472618
0.002038220356882
0.002038222231197
0.002038224095595
0.002038225950116
0.002038227794814
0.002038229629746
0.002038231454969
0.002038233270534
0.002038235076484
0.002038236872851
0.002038238659652
0.002038240436891
0.002038242204561
0.002038243962641
0.002038245711102
0.002038247449910
0.002038249179021
0.002038250898391
0.002038252607974
0.002038254307728
0.002038255997617
0.002038257677615
0.002038259347709
0.002038261007902
0.002038262658212
0.002038264298673
0.002038265929332
0.002038267550243
0.002038269161463
0.002038270763047
0.002038272355045
0.002038273937495
0.002038275510421
0.002038277073837
0.002038278627742
0.002038280172122
0.002038281706956
0.002038283232211
0.002038284747849
0.002038286253826
0.002038287750098
0.002038289236620
0.002038290713351
0.002038292180258
0.002038293637319
0.002038295084526
0.002038296521886
0.002038297949425
0.002038299367179
0.002038300775198
0.002038302173538
0.002038303562255
0.002038304941403
0.002038306311026
0.002038307671158
0.002038309021819
0.002038310363016
0.002038311694744
0.002038313016984
0.002038314329712
0.002038315632892
0.002038316926484
0.002038318210443
0.002038319484724
0.002038320749283
0.002038322004079
0.002038323249083
0.002038324484274
0.002038325709648
0.002038326925214
0.002038328130999
0.002038329327038
0.002038330513378
0.002038331690067
0.002038332857150
0.002038334014663
0.002038335162627
0.002038336301048
0.002038337429909
0.002038338549172
0.002038339658773
0.002038340758624
0.002038341848607
0.002038342928570
0.002038343998325
0.002038345057638
0.002038346106218
0.002038347143710
0.002038348169675
0.002038349183572
0.002038350184730
0.002038351172311
0.002038352145264
0.002038353102263
0.002038354041628
0.002038354961225
0.002038355858345
0.002038356729548
0.002038357570478
0.002038358375630
0.002038359138064
0.002038359849061
0.002038360497690
0.002038361070282
0.002038361549782
0.002038361914952
0.002038362139404
0.002038362190407
0.002038362027446
0.002038361600459
0.002038360847716
0.002038359693231
0.002038358043657
0.002038355784535
0.002038352775788
0.002038348846320
0.002038343787557
0.002038337345735
0.002038329212741
0.002038319015223
0.002038306301723
0.002038290527478
0.002038271036533
0.002038247040743
0.002038217595201
0.002038181569541
0.002038137614557
0.002038084123456
0.002038019187048
0.002037940542068
0.002037845511792
0.002037730938016
0.002037593103415
0.002037427643248
0.002037229445312
0.002036992537027
0.002036709958512
0.002036373620509
0.002035974146053
0.002035500694855
0.002034940769452
0.002034280002353
0.002033501923616
0.002032587708551
0.002031515905611
0.002030262144952
0.002028798828655
0.002027094804236
0.002025115023784
0.002022820191894
0.002020166406521
0.002017104797939
0.002013581172165
0.002009535666493
0.002004902426161
0.001999609312655
0.001993577655640
0.001986722062102
0.001978950297808
0.001970163257692
0.001960255043182
0.001949113165715
0.001936618896690
0.001922647784803
0.001907070362018
0.001889753059256
0.001870559352107
0.001849351155481
0.001825990483895
0.001800341391070
0.001772272198529
0.001741658017915
0.001708383565725
0.001672346262046
0.001633459596738
0.001591656737298
0.001546894342513
0.001499156535049
0.001448458974550
0.001394852960809
0.001338429484471
0.001279323130856
0.001217715731233
0.001153839645724
0.001087980553419
0.001020479618809
0.000951734899800
0.000882201861962
0.000812392866725
0.000742875508620
0.000674269688605
0.000607243327524
0.000542506645964
0.000480804964251
0.000422910009041
0.000369609750541
0.000321696836354
0.000279955733561
0.000245148738837
0.000218001066103
0.000199185270748
0.000189305317375
0.000188880642363
0.000198330601388
0.000217959723376
0.000247944214226
0.000288320164015
0.000338973908636
0.000399634979461
0.000469872041488
0.000549092171018
0.000636543758051
0.000731323236858
0.000832385751878
0.000938559756975
0.001048565427056
0.001161036635197
0.001274546119921
0.001387633340501
0.001498834398017
0.001606713291620
0.001709893688034
0.001807090312839
0.001897139029042
0.001979024655646
0.002051905599373
0.002115134428207
0.002168273606333
0.002211105735563
0.002243637805702
0.002266099141444
0.002278932940644
0.002282781520977
0.002278465620895
0.002266958327233
0.002249354416010
0.002226836085292
0.002200636219832
0.002172000448100
0.002142149326025
0.002112242002727
0.002083342688612
0.002056391154446
0.002032178343450
0.002011327981580
0.001994284831385
0.001981309961752
0.001972483111507
0.001967711922336
0.001966747520399
0.001969205650661
0.001974592327427
0.001982332771408
0.001991802268419
0.002002357515275
0.002013367019076
0.002024239187674
0.002034446888648
0.002043547454719
0.002051197364950
0.002057161119783
0.002061314138453
0.002063639822342
0.002064221229851
0.002063228080434
0.002060900032181
0.002057527346023
0.002053430151029
0.002048937554110
0.002044367793042
0.002040010517762
0.002036112109616
0.002032864723508
0.002030399478796
0.002028783948475
0.002028023820625
0.002028068349253
0.002028818989703
0.002030140440515
0.002031873199172
0.002033846689461
0.002035892034574
0.002037853629144
0.002039598797550
0.002041025003360
0.002042064281560
0.002042684784983
0.002042889552601
0.002042712804145
0.002042214229061
0.002041471857077
0.002040574165629
0.002039612093071
0.002038671587513
0.002037827234903
0.002037137385710
0.002036641049292
0.002036356662134
0.002036282674812
0.002036399755961
0.002036674291223
0.002037062769894
0.002037516607056
0.002037986946015
0.002038429022688
0.002038805744658
0.002039090234609
0.002039267200495
0.002039333112030
0.002039295273815
0.002039169979959
0.002038980005568
0.002038751731915
0.002038512212401
0.002038286466665
0.002038095244172
0.002037953432678
0.002037869208779
0.002037843945960
0.002037872818523
0.002037945974897
0.002038050106870
0.002038170215732
0.002038291373328
0.002038400294245
0.002038486571392
0.002038543475957
0.002038568278053
0.002038562099824
0.002038529362441
0.002038476927286
0.002038413056175
0.002038346324252
0.002038284612223
0.002038234284073
0.002038199625559
0.002038182581989
0.002038182795751
0.002038197909227
0.002038224070930
0.002038256564615
0.002038290474105
0.002038321300582
0.002038345462679
0.002038360630580
0.002038365870192
0.002038361599095
0.002038349379026
0.002038331587637
0.002038311023202
0.002038290499198
0.002038272481412
0.002038258809643
0.002038250531065
0.002038247855214
0.002038250223733
0.002038256473683
0.002038265062964
0.002038274321335
0.002038282690694
0.002038288923419
0.002038292216341
0.002038292268920
0.002038289265748
0.002038283793857
0.002038276713299
0.002038269004068
0.002038261613392
0.002038255324929
0.002038250666057
0.002038247862404
0.002038246840996
0.002038247276323
0.002038248667936
0.002038250434828
0.002038252010893
0.002038252927262
0.002038252870730
0.002038251712182
0.002038249504055
0.002038246450631
0.002038242858662
0.002038239078030
0.002038235442645
0.002038232220636
0.002038229580526
0.002038227576874
0.002038226155441
0.002038225174907
0.002038224439843
0.002038223738449
0.002038222878505
0.002038221715975
0.002038220172485
0.002038218240098
0.002038215974056
0.002038213476016
