0.002038228104976
0.002038230018552
0.002038231923171
0.002038233818706
0.002038235704973
0.002038237581752
0.002038239448802
0.002038241305881
0.002038243152766
0.002038244989268
0.002038246815252
0.002038248630642
0.002038250435432
0.002038252229686
0.002038254013530
0.002038255787145
0.002038257550751
0.002038259304588
0.002038261048895
0.002038262783896
0.002038264509774
0.002038266226663
0.002038267934634
0.002038269633692
0.002038271323778
0.002038273004773
0.002038274676507
0.002038276338778
0.002038277991366
0.002038279634050
0.002038281266627
0.002038282888928
0.002038284500831
0.002038286102269
0.002038287693242
0.002038289273808
0.002038290844085
0.002038292404240
0.002038293954471
0.002038295494999
0.002038297026041
0.002038298547796
0.002038300060431
0.002038301564062
0.002038303058751
0.002038304544497
0.002038306021239
0.002038307488866
0.002038308947219
0.002038310396112
0.002038311835343
0.002038313264714
0.002038314684044
0.002038316093184
0.002038317492027
0.002038318880522
0.002038320258669
0.002038321626526
0.002038322984200
0.002038324331839
0.002038325669619
0.002038326997727
0.002038328316346
0.002038329625638
0.002038330925729
0.002038332216695
0.002038333498556
0.002038334771267
0.002038336034723
0.002038337288763
0.002038338533172
0.002038339767697
0.002038340992052
0.002038342205934
0.002038343409026
0.002038344601003
0.002038345781534
0.002038346950276
0.002038348106865
0.002038349250893
0.002038350381890
0.002038351499284
0.002038352602364
0.002038353690229
0.002038354761732
0.002038355815410
0.002038356849412
0.002038357861413
0.002038358848514
0.002038359807134
0.002038360732876
0.002038361620382
0.002038362463148
0.002038363253315
0.002038363981409
0.002038364636041
0.002038365203534
0.002038365667487
0.002038366008245
0.002038366202277
0.002038366221430
0.002038366032052
0.002038365593951
0.002038364859179
0.002038363770601
0.002038362260218
0.002038360247216
0.002038357635690
0.002038354311994
0.002038350141672
0.002038344965901
0.002038338597372
0.002038330815539
0.002038321361140
0.002038309929888
0.002038296165229
0.002038279650026
0.002038259897053
0.002038236338126
0.002038208311718
0.002038175048868
0.002038135657194
0.002038089102785
0.002038034189743
0.002037969537135
0.002037893553072
0.002037804405643
0.002037699990404
0.002037577894096
0.002037435354290
0.002037269214592
0.002037075875093
0.002036851237699
0.002036590646004
0.002036288819373
0.002035939780921
0.002035536779078
0.002035072202500
0.002034537488100
0.002033923022061
0.002033218033733
0.002032410482444
0.002031486937338
0.002030432450496
0.002029230423728
0.002027862469619
0.002026308267585
0.002024545415940
0.002022549281186
0.002020292846053
0.002017746558067
0.002014878180795
0.002011652650214
0.002008031939054
0.002003974932336
0.001999437317726
0.001994371494734
0.001988726507220
0.001982448004031
0.001975478233054
0.001967756074277
0.001959217117828
0.001949793793254
0.001939415556484
0.001928009141139
0.001915498880846
0.001901807109192
0.001886854643763
0.001870561360369
0.001852846863059
0.001833631254851
0.001812836013205
0.001790384973154
0.001766205419689
0.001740229289394
0.001712394479520
0.001682646260588
0.001650938786303
0.001617236692002
0.001581516770053
0.001543769707683
0.001504001869521
0.001462237103916
0.001418518548732
0.001372910408975
0.001325499675318
0.001276397749429
0.001225741939095
0.001173696783518
0.001120455166985
0.001066239177473
0.001011300665755
0.000955921460330
0.000900413194128
0.000845116700558
0.000790400939138
0.000736661414757
0.000684318059710
0.000633812553924
0.000585605066438
0.000540170410066
0.000497993611326
0.000459564908999
0.000425374207059
0.000395905020911
0.000371627969855
0.000352993883040
0.000340426600724
0.000334315567042
0.000335008324336
0.000342803032037
0.000357941144714
0.000380600393745
0.000410888224752
0.000448835847947
0.000494393060603
0.000547423999459
0.000607703975801
0.000674917536868
0.000748657884060
0.000828427760923
0.000913641902249
0.001003631109850
0.001097647991014
0.001194874362659
0.001294430288321
0.001395384677047
0.001496767333710
0.001597582310278
0.001696822367981
0.001793484322425
0.001886585008436
0.001975177570158
0.002058367755653
0.002135329875229
0.002205322069904
0.002267700531688
0.002321932321616
0.002367606445009
0.002404442866818
0.002432299182970
0.002451174706225
0.002461211776568
0.002462694165711
0.002456042511696
0.002441806791334
0.002420655913567
0.002393364593730
0.002360797745039
0.002323892696974
0.002283639618334
0.002241060583194
0.002197187768528
0.002153041310880
0.002109607374326
0.002067816991631
0.002028526234024
0.001992498241733
0.001960387607485
0.001932727549074
0.001909920235959
0.001892230550529
0.001879783469214
0.001872565145019
0.001870427664230
0.001873097339665
0.001880186294423
0.001891206987486
0.001905589239342
0.001922699235554
0.001941859921956
0.001962372159605
0.001983535982736
0.002004671300096
0.002025137399670
0.002044350658708
0.002061799923856
0.002077059108172
0.002089796650062
0.002099781590162
0.002106886142023
0.002111084756466
0.002112449803167
0.002111144111471
0.002107410721140
0.002101560288338
0.002093956669011
0.002085001257834
0.002075116693876
0.002064730552945
0.002054259630849
0.002044095382537
0.002034591020971
0.002026050699515
0.002018721106104
0.002012785690843
0.002008361635611
0.002005499559714
0.002004185844655
0.002004347358384
0.002005858269327
0.002008548566678
0.002012213848857
0.002016625908455
0.002021543630360
0.002026723729971
0.002031930889091
0.002036946896216
0.002041578462499
0.002045663460894
0.002049075419966
0.002051726191067
0.002053566793832
0.002054586526055
0.002054810496337
0.002054295798400
0.002053126592337
0.002051408388893
0.002049261847578
0.002046816398384
0.002044203981142
0.002041553168188
0.002038983897134
0.002036602994231
0.002034500617921
0.002032747699678
0.002031394408112
0.002030469614880
0.002029981299343
0.002029917794615
0.002030249751484
0.002030932679082
0.002031909911755
0.002033115849802
0.002034479326390
0.002035926962863
0.002037386388423
0.002038789216377
0.002040073686700
0.002041186902502
0.002042086605449
0.002042742451875
0.002043136767060
0.002043264770109
0.002043134276254
0.002042764897503
0.002042186776776
0.002041438904917
0.002040567084435
0.002039621617960
0.002038654812769
0.002037718404363
0.002036861011049
0.002036125736564
0.002035548037943
0.002035153970123
0.002034958906509
0.002034966815792
0.002035170149870
0.002035550366738
0.002036079077136
0.002036719766431
0.002037430006196
0.002038164035750
0.002038875565252
0.002039520631436
0.002040060326671
0.002040463223419
0.002040707329969
0.002040781439366
0.002040685770518
0.002040431846471
0.002040041606757
0.002039545804896
0.002038981794598
0.002038390854801
0.002037815240564
0.002037295170704
0.002036865971652
0.002036555588935
0.002036382653158
0.002036355247751
0.002036470473690
0.002036714845904
0.002037065491629
0.002037492057809
0.002037959177997
0.002038429303732
0.002038865675228
0.002039235194088
0.002039510967981
0.002039674323590
0.002039716127634
0.002039637312972
0.002039448573006
0.002039169257278
0.002038825568260
0.002038448218153
0.002038069749723
0.002037721752907
0.002037432216415
