0.002038210560161
0.002038212473171
0.002038214376494
0.002038216270200
0.002038218154350
0.002038220028989
0.002038221894140
0.002038223749804
0.002038225595957
0.002038227432553
0.002038229259532
0.002038231076821
0.002038232884345
0.002038234682034
0.002038236469827
0.002038238247675
0.002038240015548
0.002038241773431
0.002038243521327
0.002038245259255
0.002038246987249
0.002038248705358
0.002038250413642
0.002038252112170
0.002038253801017
0.002038255480257
0.002038257149957
0.002038258810176
0.002038260460949
0.002038262102295
0.002038263734205
0.002038265356648
0.002038266969572
0.002038268572911
0.002038270166591
0.002038271750537
0.002038273324681
0.002038274888965
0.002038276443346
0.002038277987798
0.002038279522311
0.002038281046893
0.002038282561567
0.002038284066373
0.002038285561363
0.002038287046599
0.002038288522154
0.002038289988101
0.002038291444515
0.002038292891459
0.002038294328986
0.002038295757126
0.002038297175889
0.002038298585258
0.002038299985194
0.002038301375641
0.002038302756528
0.002038304127780
0.002038305489322
0.002038306841090
0.002038308183029
0.002038309515100
0.002038310837283
0.002038312149574
0.002038313451984
0.002038314744543
0.002038316027292
0.002038317300288
0.002038318563596
0.002038319817290
0.002038321061443
0.002038322296127
0.002038323521403
0.002038324737316
0.002038325943889
0.002038327141123
0.002038328328991
0.002038329507448
0.002038330676429
0.002038331835859
0.002038332985657
0.002038334125748
0.002038335256062
0.002038336376542
0.002038337487143
0.002038338587837
0.002038339678603
0.002038340759434
0.002038341830330
0.002038342891292
0.002038343942319
0.002038344983402
0.002038346014512
0.002038347035587
0.002038348046515
0.002038349047121
0.002038350037134
0.002038351016170
0.002038351983695
0.002038352938997
0.002038353881134
0.002038354808889
0.002038355720694
0.002038356614548
0.002038357487894
0.002038358337475
0.002038359159138
0.002038359947587
0.002038360696071
0.002038361395991
0.002038362036405
0.002038362603406
0.002038363079354
0.002038363441907
0.002038363662826
0.002038363706491
0.002038363528060
0.002038363071212
0.002038362265358
0.002038361022230
0.002038359231710
0.002038356756736
0.002038353427114
0.002038349032008
0.002038343310843
0.002038335942342
0.002038326531318
0.002038314592830
0.002038299533235
0.002038280627579
0.002038256992731
0.002038227555537
0.002038191015222
0.002038145799126
0.002038090010793
0.002038021369296
0.002037937138582
0.002037834045506
0.002037708185113
0.002037554911619
0.002037368713467
0.002037143070737
0.002036870293177
0.002036541337055
0.002036145599123
0.002035670686003
0.002035102157507
0.002034423242595
0.002033614527005
0.002032653612042
0.002031514744535
0.002030168418699
0.002028580951489
0.002026714034048
0.002024524263068
0.002021962657305
0.002018974166042
0.002015497178149
0.002011463042314
0.002006795611244
0.002001410824883
0.001995216350158
0.001988111297245
0.001979986034799
0.001970722129054
0.001960192433879
0.001948261360854
0.001934785359965
0.001919613642497
0.001902589178002
0.001883549996616
0.001862330826422
0.001838765092698
0.001812687301741
0.001783935826250
0.001752356101945
0.001717804236026
0.001680151017261
0.001639286304914
0.001595123759406
0.001547605861807
0.001496709152109
0.001442449598132
0.001384887988275
0.001324135222699
0.001260357359512
0.001193780255933
0.001124693629980
0.001053454356886
0.000980488807138
0.000906294030646
0.000831437595046
0.000756555896341
0.000682350777716
0.000609584317997
0.000539071685182
0.000471671992825
0.000408277147549
0.000349798733956
0.000297153047681
0.000251244456873
0.000212947345061
0.000183086961986
0.000162419580837
0.000151612427511
0.000151223906839
0.000161684698918
0.000183280332454
0.000216135858299
0.000260203242395
0.000315252070786
0.000380864108786
0.000456432180917
0.000541163738194
0.000634089356073
0.000734076262355
0.000839846833399
0.000950001823853
0.001063047915911
0.001177428995532
0.001291560392776
0.001403865169266
0.001512811405704
0.001616949344032
0.001714947178952
0.001805624277770
0.001887980639986
0.001961221490748
0.002024776035143
0.002078309580712
0.002121728458532
0.002155177431153
0.002179029558889
0.002193868792665
0.002200465858802
0.002199748284662
0.002192765669886
0.002180651522554
0.002164583140666
0.002145741117086
0.002125270073117
0.002104242178641
0.002083624895099
0.002064254185789
0.002046814183850
0.002031824003853
0.002019632042976
0.002010417759734
0.002004200561134
0.002000855092313
0.002000131924740
0.002001682396842
0.002005086188091
0.002009880114110
0.002015586621415
0.002021740536135
0.002027912776410
0.002033729963080
0.002038889143411
0.002043167159964
0.002046424531080
0.002048604039628
0.002049724531703
0.002049870688071
0.002049179732488
0.002047826171112
0.002046005709795
0.002043919470050
0.002041759524842
0.002039696611601
0.002037870666414
0.002036384577416
0.002035301296266
0.002034644193969
0.002034400319407
0.002034526031847
0.002034954344308
0.002035603240586
0.002036384217207
0.002037210349902
0.002038003284869
0.002038698696605
0.002039249922246
0.002039629661341
0.002039829803916
0.002039859604068
0.002039742539058
0.002039512276496
0.002039208210247
0.002038871018998
0.002038538653982
0.002038243081698
0.002038008003533
0.002037847658850
0.002037766703039
0.002037761048541
0.002037819473924
0.002037925750343
0.002038061009357
0.002038206081064
0.002038343563830
0.002038459440660
0.002038544125132
0.002038592893296
0.002038605728673
0.002038586668243
0.002038542782151
0.002038482945633
0.002038416566975
0.002038352421752
0.002038297714327
0.002038257447517
0.002038234136130
0.002038227855529
0.002038236577589
0.002038256717552
0.002038283798679
0.002038313138193
0.002038340466730
0.002038362412205
0.002038376804217
0.002038382783080
0.002038380724432
0.002038372012814
0.002038358713226
0.002038343197111
0.002038327778382
0.002038314407017
0.002038304454161
0.002038298606171
0.002038296867933
0.002038298660753
0.002038302988750
0.002038308641349
0.002038314398407
0.002038319208284
0.002038322316773
0.002038323334674
0.002038322242249
0.002038319338288
0.002038315148711
0.002038310313774
0.002038305473739
0.002038301170564
0.002038297778502
0.002038295470412
0.002038294220215
0.002038293836237
0.002038294016026
0.002038294411066
0.002038294689724
0.002038294588563
0.002038293945300
0.002038292710551
0.002038290939315
0.002038288766376
0.002038286371892
0.002038283944273
0.002038281646969
0.002038279594230
0.002038277838771
0.002038276371789
0.002038275133646
0.002038274031885
0.002038272962420
0.002038271829736
0.002038270562656
0.002038269123497
0.002038267509879
0.002038265749884
0.002038263892375
0.002038261994906
0.002038260111777
0.002038258284420
0.002038256535572
0.002038254867787
0.002038253265975
0.002038251702910
0.002038250146244
0.002038248565497
0.002038246937663
0.002038245250558
0.002038243503576
0.002038241706072
0.002038239874016
0.002038238025842
0.002038236178396
0.002038234343810
0.002038232527774
0.002038230729359
0.002038228942216
0.002038227156692
0.002038225362326
0.002038223550126
0.002038221714220
0.002038219852598
0.002038217966944
0.002038216061709
0.002038214142735
0.002038212215790
0.002038210285330
