0.002038251576008
0.002038253216040
0.002038254766690
0.002038256243683
0.002038257665425
0.002038259052205
0.002038260425308
0.002038261806090
0.002038263215056
0.002038264670976
0.002038266190078
0.002038267785350
0.002038269465996
0.002038271237043
0.002038273099142
0.002038275048555
0.002038277077337
0.002038279173701
0.002038281322548
0.002038283506140
0.002038285704891
0.002038287898226
0.002038290065487
0.002038292186832
0.002038294244103
0.002038296221605
0.002038298106781
0.002038299890746
0.002038301568658
0.002038303139910
0.002038304608137
0.002038305981038
0.002038307270019
0.002038308489676
0.002038309657142
0.002038310791324
0.002038311912059
0.002038313039246
0.002038314191966
0.002038315387653
0.002038316641333
0.002038317964975
0.002038319366988
0.002038320851863
0.002038322420000
0.002038324067714
0.002038325787416
0.002038327567969
0.002038329395196
0.002038331252523
0.002038333121719
0.002038334983704
0.002038336819402
0.002038338610573
0.002038340340619
0.002038341995302
0.002038343563361
0.002038345036997
0.002038346412194
0.002038347688883
0.002038348870921
0.002038349965905
0.002038350984816
0.002038351941516
0.002038352852120
0.002038353734272
0.002038354606348
0.002038355486639
0.002038356392534
0.002038357339745
0.002038358341608
0.002038359408494
0.002038360547347
0.002038361761367
0.002038363049869
0.002038364408293
0.002038365828386
0.002038367298533
0.002038368804224
0.002038370328635
0.002038371853285
0.002038373358748
0.002038374825375
0.002038376233996
0.002038377566552
0.002038378806635
0.002038379939895
0.002038380954287
0.002038381840129
0.002038382589967
0.002038383198218
0.002038383660605
0.002038383973372
0.002038384132297
0.002038384131506
0.002038383962119
0.002038383610719
0.002038383057696
0.002038382275444
0.002038381226457
0.002038379861305
0.002038378116500
0.002038375912248
0.002038373150062
0.002038369710204
0.002038365448929
0.002038360195459
0.002038353748639
0.002038345873179
0.002038336295406
0.002038324698416
0.002038310716503
0.002038293928770
0.002038273851758
0.002038249930978
0.002038221531199
0.002038187925337
0.002038148281801
0.002038101650145
0.002038046944857
0.002037982927144
0.002037908184539
0.002037821108188
0.002037719867633
0.002037602382956
0.002037466294105
0.002037308927253
0.002037127258029
0.002036917871471
0.002036676918534
0.002036400069037
0.002036082460888
0.002035718645483
0.002035302529166
0.002034827310676
0.002034285414534
0.002033668420356
0.002032966988130
0.002032170779553
0.002031268375593
0.002030247190510
0.002029093382669
0.002027791762599
0.002026325698814
0.002024677022125
0.002022825929229
0.002020750886579
0.002018428535687
0.002015833601174
0.002012938803100
0.002009714775288
0.002006129991550
0.002002150701967
0.001997740881527
0.001992862193692
0.001987473971611
0.001981533219926
0.001974994640266
0.001967810683682
0.001959931633427
0.001951305721546
0.001941879282820
0.001931596949625
0.001920401891216
0.001908236100848
0.001895040733996
0.001880756500683
0.001865324114610
0.001848684801381
0.001830780867611
0.001811556332106
0.001790957619597
0.001768934316711
0.001745439988931
0.001720433056268
0.001693877724249
0.001665744965563
0.001636013546396
0.001604671090058
0.001571715169024
0.001537154414947
0.001501009634646
0.001463314918466
0.001424118725826
0.001383484931249
0.001341493812708
0.001298242962794
0.001253848102030
0.001208443772660
0.001162183890554
0.001115242132349
0.001067812134907
0.001020107484368
0.000972361472806
0.000924826601593
0.000877773812233
0.000831491427565
0.000786283788909
0.000742469578002
0.000700379816325
0.000660355538794
0.000622745143635
0.000587901425621
0.000556178305622
0.000527927275598
0.000503493584601
0.000483212197982
0.000467403568747
0.000456369266655
0.000450387517167
0.000449708708499
0.000454550930686
0.000465095615619
0.000481483351118
0.000503809945376
0.000532122820069
0.000566417811199
0.000606636455979
0.000652663841804
0.000704327089379
0.000761394536414
0.000823575680842
0.000890521933324
0.000961828217900
0.001037035447125
0.001115633884002
0.001197067387749
0.001280738524032
0.001366014503162
0.001452233892105
0.001538714028428
0.001624759046832
0.001709668412173
0.001792745837240
0.001873308449502
0.001950696058998
0.002024280369919
0.002093473971639
0.002157738941310
0.002216594889990
0.002269626287752
0.002316488910602
0.002356915263232
0.002390718846749
0.002417797159251
0.002438133339395
0.002451796388349
0.002458939933493
0.002459799527149
0.002454688505004
0.002443992460857
0.002428162426193
0.002407706873932
0.002383182694713
0.002355185320405
0.002324338192311
0.002291281790083
0.002256662450905
0.002221121216581
0.002185282948279
0.002149745944587
0.002115072288174
0.002081779129749
0.002050331095547
0.002021133976630
0.001994529825650
0.001970793550185
0.001950131052289
0.001932678922757
0.001918505656903
0.001907614317760
0.001899946533819
0.001895387683023
0.001893773083903
0.001894894989619
0.001898510162102
0.001904347792256
0.001912117528687
0.001921517381892
0.001932241283183
0.001943986097427
0.001956457915290
0.001969377483104
0.001982484665548
0.001995541876611
0.002008336456212
0.002020682011750
0.002032418783935
0.002043413133009
0.002053556273104
0.002062762407869
0.002070966438255
0.002078121422816
0.002084195971493
0.002089171745538
0.002093041219291
0.002095805834748
0.002097474648254
0.002098063531820
0.002097594951160
0.002096098300687
0.002093610734424
0.002090178393365
0.002085857896366
0.002080717935032
0.002074840795189
0.002068323619416
0.002061279227961
0.002053836329198
0.002046138975674
0.002038345156710
0.002030624462272
0.002023154803389
0.002016118229499
0.002009695939956
0.002004062642592
0.001999380463654
0.001995792657502
0.001993417398460
0.001992341958648
0.001992617582512
0.001994255359940
0.001997223374632
0.002001445363208
0.002006801064351
0.002013128368310
0.002020227297848
0.002027865765902
0.002035786966673
0.002043718170047
0.002051380608677
0.002058500077187
0.002064817807947
0.002070101151341
0.002074153573264
0.002076823490571
0.002078011497233
0.002077675589549
0.002075834076305
0.002072565956306
0.002068008657315
0.002062353152041
0.002055836592726
0.002048732729831
0.002041340495928
0.002033971236897
0.002026935153118
0.002020527568676
0.002015015672755
0.002010626372106
0.002007535855705
0.002005861403493
0.002005655872817
0.002006905173079
0.002009528896892
0.002013384121445
0.002018272234749
0.002023948486083
0.002030133816703
0.002036528403644
0.002042826253238
0.002048730117734
0.002053965982188
0.002058296381916
0.002061531863450
0.002063539991963
0.002064251431525
0.002063662775090
0.002061835971085
0.002058894373868
0.002055015626228
0.002050421753629
0.002045367002209
0.002040124076901
0.002034969525081
0.002030169059377
0.002025963617479
0.002022556916318
0.002020105174557
0.002018709555522
0.002018411729024
0.002019192773686
0.002020975451572
0.002023629694945
0.002026980962244
0.002030820957556
0.002034920074722
0.002039040831688
0.002042951508662
0.002046439198163
0.002049321516614
0.002051456313235
0.002052748837361
0.002053155982385
0.002052687403602
0.002051403497293
0.002049410417778
0.002046852486086
0.002043902497529
0.002040750556330
0.002037592146117
