0.002038209299869
0.002038211214850
0.002038213120208
0.002038215015864
0.002038216901736
0.002038218777745
0.002038220643821
0.002038222499911
0.002038224345975
0.002038226181993
0.002038228007966
0.002038229823912
0.002038231629870
0.002038233425894
0.002038235212057
0.002038236988440
0.002038238755130
0.002038240512214
0.002038242259770
0.002038243997862
0.002038245726528
0.002038247445786
0.002038249155622
0.002038250856001
0.002038252546862
0.002038254228133
0.002038255899732
0.002038257561577
0.002038259213590
0.002038260855707
0.002038262487877
0.002038264110068
0.002038265722264
0.002038267324473
0.002038268916719
0.002038270499045
0.002038272071514
0.002038273634200
0.002038275187187
0.002038276730563
0.002038278264414
0.002038279788812
0.002038281303814
0.002038282809453
0.002038284305733
0.002038285792636
0.002038287270115
0.002038288738105
0.002038290196530
0.002038291645305
0.002038293084350
0.002038294513589
0.002038295932963
0.002038297342425
0.002038298741948
0.002038300131525
0.002038301511167
0.002038302880905
0.002038304240789
0.002038305590884
0.002038306931270
0.002038308262032
0.002038309583259
0.002038310895032
0.002038312197420
0.002038313490471
0.002038314774210
0.002038316048633
0.002038317313710
0.002038318569389
0.002038319815599
0.002038321052260
0.002038322279288
0.002038323496603
0.002038324704132
0.002038325901821
0.002038327089628
0.002038328267532
0.002038329435530
0.002038330593640
0.002038331741899
0.002038332880362
0.002038334009096
0.002038335128184
0.002038336237709
0.002038337337757
0.002038338428401
0.002038339509700
0.002038340581686
0.002038341644365
0.002038342697712
0.002038343741670
0.002038344776156
0.002038345801060
0.002038346816256
0.002038347821599
0.002038348816927
0.002038349802064
0.002038350776810
0.002038351740931
0.002038352694144
0.002038353636101
0.002038354566350
0.002038355484306
0.002038356389196
0.002038357279989
0.002038358155313
0.002038359013335
0.002038359851616
0.002038360666920
0.002038361454972
0.002038362210151
0.002038362925099
0.002038363590230
0.002038364193097
0.002038364717597
0.002038365142967
0.002038365442498
0.002038365581931
0.002038365517422
0.002038365192996
0.002038364537361
0.002038363459933
0.002038361845897
0.002038359550087
0.002038356389435
0.002038352133659
0.002038346493858
0.002038339108540
0.002038329526613
0.002038317186700
0.002038301392120
0.002038281280688
0.002038255788436
0.002038223606160
0.002038183127590
0.002038132387800
0.002038068990318
0.002037990021202
0.002037891948195
0.002037770502875
0.002037620543553
0.002037435896534
0.002037209173207
0.002036931560376
0.002036592581175
0.002036179823990
0.002035678636903
0.002035071785420
0.002034339071642
0.002033456913519
0.002032397883617
0.002031130207683
0.002029617224546
0.002027816810281
0.002025680771327
0.002023154213286
0.002020174894488
0.002016672576102
0.002012568383547
0.002007774197261
0.002002192094384
0.001995713866633
0.001988220643424
0.001979582653102
0.001969659158722
0.001958298608162
0.001945339041085
0.001930608797343
0.001913927572411
0.001895107865255
0.001873956862293
0.001850278797522
0.001823877823260
0.001794561417965
0.001762144347061
0.001726453179482
0.001687331346680
0.001644644712055
0.001598287597474
0.001548189189842
0.001494320225135
0.001436699820449
0.001375402297248
0.001310563812052
0.001242388585440
0.001171154497668
0.001097217800911
0.001021016685425
0.000943073431542
0.000863994882522
0.000784470986496
0.000705271180021
0.000627238422029
0.000551280735728
0.000478360177149
0.000409479222185
0.000345664647756
0.000287949075449
0.000237350445077
0.000194849787825
0.000161367770245
0.000137740576940
0.000124695786627
0.000122828968394
0.000132581777491
0.000154222358118
0.000187828860364
0.000233276846212
0.000290231293239
0.000358143803330
0.000436255488048
0.000523605834817
0.000619047662850
0.000721268060990
0.000828814969058
0.000940128829209
0.001053578504530
0.001167500449973
0.001280239936801
0.001390192987132
0.001495847579628
0.001595822649003
0.001688903426737
0.001774071761018
0.001850530210244
0.001917718922590
0.001975324586749
0.002023281055173
0.002061761587147
0.002091163018457
0.002112082519391
0.002125287934606
0.002131682988966
0.002132268875846
0.002128103904817
0.002120262963407
0.002109798536877
0.002097704929687
0.002084887146813
0.002072135631868
0.002060107736409
0.002049316429174
0.002040126366608
0.002032757059717
0.002027292510104
0.002023696371483
0.002021831440802
0.002021482109695
0.002022378321583
0.002024219585583
0.002026697692540
0.002029516952086
0.002032411008435
0.002035155578197
0.002037576764530
0.002039554915957
0.002041024293085
0.002041969062413
0.002042416337246
0.002042427119849
0.002042086060766
0.002041490940515
0.002040742701469
0.002039936724292
0.002039155868443
0.002038465597060
0.002037911301145
0.002037517743797
0.002037290377540
0.002037218158695
0.002037277399736
0.002037436166962
0.002037658744749
0.002037909743427
0.002038157516180
0.002038376659700
0.002038549491247
0.002038666508894
0.002038725941431
0.002038732571224
0.002038696062135
0.002038629043495
0.002038545191456
0.002038457515215
0.002038377003874
0.002038311727856
0.002038266424740
0.002038242540507
0.002038238649458
0.002038251143610
0.002038275066945
0.002038304971243
0.002038335686090
0.002038362922173
0.002038383659766
0.002038396308313
0.002038400654035
0.002038397636949
0.002038389014308
0.002038376973513
0.002038363754439
0.002038351330541
0.002038341182458
0.002038334179931
0.002038330570431
0.002038330058275
0.002038331947817
0.002038335319418
0.002038339207124
0.002038342751751
0.002038345310861
0.002038346516510
0.002038346280904
0.002038344757979
0.002038342274308
0.002038339245305
0.002038336092378
0.002038333173954
0.002038330739008
0.002038328906708
0.002038327670976
0.002038326924925
0.002038326497691
0.002038326195370
0.002038325838476
0.002038325290163
0.002038324471990
0.002038323366693
0.002038322009733
0.002038320473079
0.002038318845435
0.002038317213070
0.002038315644566
0.002038314181583
0.002038312836236
0.002038311594420
0.002038310423418
0.002038309281602
0.002038308128049
0.002038306930256
0.002038305668820
0.002038304338729
0.002038302947608
0.002038301511803
0.002038300051470
0.002038298585803
0.002038297129335
0.002038295689871
0.002038294268159
0.002038292859081
0.002038291453829
0.002038290042449
0.002038288616159
0.002038287168993
0.002038285698549
0.002038284205833
0.002038282694413
0.002038281169162
0.002038279634955
0.002038278095606
0.002038276553221
0.002038275008060
0.002038273458817
0.002038271903208
0.002038270338659
0.002038268762937
0.002038267174580
0.002038265573073
0.002038263958775
0.002038262332655
0.002038260695944
0.002038259049785
0.002038257394982
0.002038255731874
0.002038254060354
0.002038252379988
0.002038250690197
0.002038248990444
0.002038247280374
0.002038245559878
0.002038243829087
0.002038242088302
0.002038240337892
0.002038238578183
0.002038236809383
0.002038235031542
0.002038233244555
0.002038231448206
0.002038229642227
0.002038227826364
0.002038226000419
0.002038224164282
0.002038222317927
0.002038220461397
0.002038218594773
0.002038216718148
0.002038214831601
0.002038212935191
0.002038211028957
0.002038209112929
