0.002854991909684
0.002853146272515
0.002851025178736
0.002848725004515
0.002846351737103
0.002844016171405
0.002841828831181
0.002839894846462
0.002838309023102
0.002837151333922
0.002836483043825
0.002836343654252
0.002836748816545
0.002837689320771
0.002839131218189
0.002841017084084
0.002843268375304
0.002845788786145
0.002848468459295
0.002851188867846
0.002853828151602
0.002856266667749
0.002858392503566
0.002860106697870
0.002861327928471
0.002861996444774
0.002862077056756
0.002861561032739
0.002860466806622
0.002858839448653
0.002856748909798
0.002854287106011
0.002851563962399
0.002848702586216
0.002845833779276
0.002843090132978
0.002840599970943
0.002838481414305
0.002836836842271
0.002835748005737
0.002835272024999
0.002835438465042
0.002836247635101
0.002837670205199
0.002839648173513
0.002842097157386
0.002844909920229
0.002847960989301
0.002851112167949
0.002854218702829
0.002857135833816
0.002859725433553
0.002861862435715
0.002863440756832
0.002864378435596
0.002864621745493
0.002864148079826
0.002862967461151
0.002861122587394
0.002858687391902
0.002855764161549
0.002852479322751
0.002848978066884
0.002845418041356
0.002841962377844
0.002838772362923
0.002836000076724
0.002833781331340
0.002832229231992
0.002831428660641
0.002831431944679
0.002832255923967
0.002833880569973
0.002836249243412
0.002839270604787
0.002842822118404
0.002846755018306
0.002850900537254
0.002855077140375
0.002859098456324
0.002862781562899
0.002865955262865
0.002868467980448
0.002870194919909
0.002871044154693
0.002870961357735
0.002869932939090
0.002867987423829
0.002865194978258
0.002861665072959
0.002857542353253
0.002853000868064
0.002848236883114
0.002843460570634
0.002838886922285
0.002834726272134
0.002831174840463
0.002828405715502
0.002826560678383
0.002825743246959
0.002826013267605
0.002827383322465
0.002829817145293
0.002833230155089
0.002837492126542
0.002842431923774
0.002847844132885
0.002853497343315
0.002859143751794
0.002864529699126
0.002869406702077
0.002873542512617
0.002876731726206
0.002878805470536
0.002879639736018
0.002879161958476
0.002877355531138
0.002874262004651
0.002869980827262
0.002864666578762
0.002858523757212
0.002851799282427
0.002844772980374
0.002837746403712
0.002831030421727
0.002824932074466
0.002819741228038
0.002815717588779
0.002813078632042
0.002811988976388
0.002812551686620
0.002814801920800
0.002818703249699
0.002824146875058
0.002830953859532
0.002838880360623
0.002847625737872
0.002856843282118
0.002866153202454
0.002875157405308
0.002883455515053
0.002890661520365
0.002896420388077
0.002900423968662
0.002902425525764
0.002902252256644
0.002899815230051
0.002895116251117
0.002888251266655
0.002879410045093
0.002868871999032
0.002856998160253
0.002844219461760
0.002831021623912
0.002817927076495
0.002805474470811
0.002794196440739
0.002784596355400
0.002777124865062
0.002772157073970
0.002769971177276
0.002770729373754
0.002774461812054
0.002781054247339
0.002790239979851
0.002801596520474
0.002814547284889
0.002828368462025
0.002842201039303
0.002855067801990
0.002865894962228
0.002873537920201
0.002876810520483
0.002874517045325
0.002865486087439
0.002848605370842
0.002822856541872
0.002787348935091
0.002741351330856
0.002684320762549
0.002615927500464
0.002536075433996
0.002444917191168
0.002342863471113
0.002230586216811
0.002109015417702
0.001979329500037
0.001842939432231
0.001701466838243
0.001556716569629
0.001410644332171
0.001265320092035
0.001122888096081
0.000985524428516
0.000855393089593
0.000734601620202
0.000625157308407
0.000528925000265
0.000447587498517
0.000382609470159
0.000335205699612
0.000306314420437
0.000296576338234
0.000306319823660
0.000335552610617
0.000383960184406
0.000450910891248
0.000535467647905
0.000636405981458
0.000752237987943
0.000881241667667
0.001021494977273
0.001170913836508
0.001327293243334
0.001488350586011
0.001651770196586
0.001815248167449
0.001976536451858
0.002133485290386
0.002284083047697
0.002426492606928
0.002559083550922
0.002680459458788
0.002789479760690
0.002885275720859
0.002967260255796
0.003035131438435
0.003088869686458
0.003128728780547
0.003155221002713
0.003169096822523
0.003171319686597
0.003163036581100
0.003145545135026
0.003120258111336
0.003088666191237
0.003052299992310
0.003012692272723
0.002971341260750
0.002929676011375
0.002889024630623
0.002850586124772
0.002815406527911
0.002784359839960
0.002758134171543
0.002737223345722
0.002721924053486
0.002712338504619
0.002708382362346
0.002709797603741
0.002716169812391
0.002726949289547
0.002741475268430
0.002759002436806
0.002778728917807
0.002799824829964
0.002821460545608
0.002842833792073
0.002863194791880
0.002881868714470
0.002898274810724
0.002911941719133
0.002922518565247
0.002929781619471
0.002933636427687
0.002934115479490
0.002931371625047
0.002925667588828
0.002917362052063
0.002906892881677
0.002894758168133
0.002881495795275
0.002867662300043
0.002853811787793
0.002840475649943
0.002828143785577
0.002817247959513
0.002808147838723
0.002801120140471
0.002796351203235
0.002793933159892
0.002793863756827
0.002796049727484
0.002800313499429
0.002806402895019
0.002814003381408
0.002822752339772
0.002832254759122
0.002842099719122
0.002851877010161
0.002861193247822
0.002869686872131
0.002877041478011
0.002882996999683
0.002887358365123
0.002890001343322
0.002890875422521
0.002890003677406
0.002887479702438
0.002883461802654
0.002878164737798
0.002871849406648
0.002864810932466
0.002857365664899
0.002849837646608
0.002842545103263
0.002835787503418
0.002829833700823
0.002824911617729
0.002821199856192
0.002818821538306
0.002817840579625
0.002818260496559
0.002820025742894
0.002823025466815
0.002827099482378
0.002832046162006
0.002837631882793
0.002843601602027
0.002849690098420
0.002855633396539
0.002861179893209
0.002866100725916
0.002870198963359
0.002873317255165
0.002875343648973
0.002876215365259
0.002875920409924
0.002874496997868
0.002872030853614
0.002868650543567
0.002864521075108
0.002859836067072
0.002854808851529
0.002849662906016
0.002844622037050
0.002839900739171
0.002835695139117
0.002832174902818
0.002829476435394
0.002827697643419
0.002826894457272
0.002827079232498
0.002828221066387
0.002830247982895
0.002833050859265
0.002836488894567
0.002840396356959
0.002844590295330
0.002848878864212
0.002853069889761
0.002856979299997
0.002860439054185
0.002863304233731
0.002865458998574
0.002866821167059
0.002867345240960
0.002867023767882
0.002865887007564
0.002864000943255
0.002861463751212
0.002858400907233
0.002854959166332
0.002851299697672
0.002847590689948
0.002843999761146
0.002840686510505
0.002837795539455
0.002835450243055
0.002833747635301
0.002832754422379
0.002832504479912
0.002832997826060
0.002834201114953
0.002836049607348
0.002838450510545
0.002841287520422
0.002844426347342
0.002847720966931
0.002851020307947
0.002854175073806
0.002857044392298
0.002859501999613
0.002861441689261
0.002862781792625
0.002863468503927
0.002863477916275
0.002862816694513
0.002861521372370
0.002859656322908
0.002857310509875
0.002854593180722
0.002851628707332
0.002848550816113
0.002845496473484
0.002842599704996
0.002839985625929
0.002837764948441
0.002836029205801
0.002834846899238
0.002834260729128
