0.002772701464526
0.002775253565506
0.002778446615878
0.002782160241727
0.002786251621465
0.002790561038583
0.002794918178075
0.002799148918955
0.002803082352730
0.002806557745815
0.002809431163283
0.002811581482146
0.002812915544315
0.002813372231549
0.002812925286119
0.002811584749717
0.002809396947717
0.002806443003876
0.002802835929801
0.002798716391536
0.002794247310134
0.002789607501843
0.002784984604498
0.002780567568181
0.002776539008819
0.002773067732153
0.002770301732017
0.002768361951103
0.002767337064796
0.002767279510380
0.002768202936182
0.002770081189998
0.002772848905498
0.002776403681628
0.002780609785833
0.002785303249813
0.002790298168961
0.002795393965998
0.002800383337768
0.002805060573327
0.002809229912862
0.002812713611350
0.002815359378708
0.002817046889207
0.002817693086551
0.002817256055979
0.002815737289380
0.002813182231700
0.002809679064371
0.002805355751589
0.002800375445126
0.002794930410313
0.002789234697049
0.002783515832795
0.002778005857180
0.002772932048317
0.002768507707850
0.002764923374222
0.002762338821483
0.002760876174397
0.002760614430528
0.002761585627857
0.002763772834189
0.002767110064492
0.002771484157078
0.002776738562060
0.002782678918902
0.002789080227078
0.002795695347889
0.002802264518965
0.002808525518320
0.002814224083918
0.002819124178938
0.002823017693124
0.002825733187002
0.002827143317856
0.002827170633123
0.002825791476767
0.002823037824810
0.002818996945199
0.002813808861300
0.002807661684530
0.002800784966486
0.002793441301073
0.002785916479495
0.002778508562394
0.002771516281616
0.002765227216760
0.002759906207463
0.002755784460427
0.002753049790277
0.002751838396040
0.002752228521478
0.002754236279688
0.002757813842490
0.002762850106366
0.002769173852164
0.002776559319116
0.002784734018696
0.002793388523991
0.002802187889296
0.002810784285694
0.002818830384312
0.002825992982056
0.002831966346607
0.002836484759178
0.002839333755364
0.002840359605695
0.002839476636980
0.002836672071280
0.002832008148549
0.002825621398693
0.002817719035121
0.002808572551094
0.002798508708067
0.002787898207772
0.002777142432963
0.002766658722008
0.002756864706510
0.002748162286382
0.002740921841138
0.002735467278592
0.002732062502002
0.002730899834638
0.002732090877811
0.002735660196761
0.002741542131110
0.002749580916279
0.002759534183220
0.002771079780232
0.002783825737056
0.002797323072359
0.002811081035513
0.002824584276475
0.002837311357158
0.002848753957243
0.002858436089223
0.002865932623377
0.002870886434113
0.002873023514611
0.002872165466027
0.002868238848853
0.002861280984709
0.002851441913556
0.002838982340163
0.002824267540161
0.002807757335527
0.002789992387021
0.002771577182062
0.002753160216297
0.002735411971317
0.002719001375997
0.002704571501627
0.002692715279165
0.002683952039002
0.002678705659117
0.002677285066786
0.002679867773230
0.002686487032077
0.002697023103978
0.002711198984896
0.002728580818534
0.002748583068715
0.002770478379986
0.002793411909229
0.002816419772417
0.002838451123281
0.002858393268834
0.002875099133784
0.002887416314932
0.002894216919693
0.002894427361208
0.002887057286588
0.002871226844131
0.002846191548673
0.002811364079339
0.002766332438266
0.002710874008783
0.002644965173392
0.002568786281393
0.002482721888870
0.002387356325665
0.002283464770628
0.002172000134015
0.002054076150845
0.001930947178386
0.001803985262347
0.001674655088227
0.001544487465596
0.001415052003824
0.001287929628382
0.001164685558630
0.001046843322863
0.000935860326661
0.000833105419156
0.000739838821781
0.000657194698701
0.000586166560784
0.000527595608875
0.000482162040254
0.000450379267304
0.000432590931661
0.000428970542359
0.000439523523868
0.000464091430047
0.000502358062953
0.000553857230601
0.000617981884135
0.000693994390838
0.000781037723234
0.000878147373919
0.000984263838428
0.001098245542090
0.001218882118982
0.001344907979776
0.001475016128551
0.001607872204951
0.001742128736500
0.001876439585642
0.002009474567258
0.002139934195337
0.002266564493110
0.002388171770673
0.002503637239696
0.002611931298300
0.002712127282837
0.002803414449647
0.002885109921058
0.002956669308421
0.003017695712672
0.003067946801633
0.003107339674084
0.003135953244497
0.003154027919302
0.003161962385314
0.003160307392533
0.003149756485399
0.003131133716629
0.003105378463539
0.003073527555331
0.003036695007969
0.002996049747880
0.002952791783174
0.002908127348521
0.002863243603948
0.002819283506338
0.002777321492982
0.002738340617796
0.002703211761815
0.002672675500180
0.002647327148625
0.002627605434776
0.002613785145390
0.002605973992676
0.002604113824318
0.002607986176364
0.002617222039948
0.002631315585917
0.002649641470287
0.002671475232102
0.002696016197662
0.002722412224747
0.002749785560302
0.002777259047403
0.002803981903764
0.002829154305281
0.002852050044084
0.002872036590286
0.002888591968355
0.002901317960111
0.002909949263648
0.002914358367050
0.002914556033346
0.002910687434160
0.002903024109179
0.002891952062150
0.002877956427170
0.002861603247286
0.002843518997240
0.002824368550552
0.002804832335680
0.002785583445317
0.002767265456322
0.002750471685701
0.002735726551603
0.002723469629591
0.002714042896202
0.002707681537664
0.002704508575521
0.002704533427332
0.002707654384292
0.002713664853251
0.002722263082966
0.002733064977868
0.002745619501154
0.002759426086139
0.002773953413174
0.002788658871148
0.002803008008681
0.002816493290930
0.002828651512776
0.002839079276592
0.002847446020502
0.002853504178076
0.002857096159121
0.002858157959641
0.002856719332706
0.002852900576483
0.002846906116407
0.002839015171236
0.002829569893406
0.002818961459320
0.002807614651916
0.002795971523948
0.002784474754496
0.002773551312491
0.002763597020035
0.002754962565746
0.002747941456369
0.002742760315796
0.002739571847646
0.002738450674313
0.002739392155694
0.002742314178968
0.002747061800880
0.002753414520008
0.002761095862367
0.002769784882633
0.002779129118257
0.002788758486858
0.002798299590128
0.002807389880801
0.002815691162930
0.002822901929126
0.002828768089899
0.002833091717711
0.002835737509054
0.002836636758519
0.002835788735975
0.002833259457825
0.002829177942033
0.002823730130552
0.002817150748431
0.002809713443031
0.002801719606931
0.002793486331990
0.002785333968312
0.002777573769763
0.002770496097068
0.002764359621169
0.002759381924582
0.002755731839109
0.002753523786636
0.002752814309047
0.002753600886486
0.002755823053867
0.002759365737015
0.002764064645587
0.002769713483065
0.002776072667584
0.002782879203473
0.002789857304170
0.002796729343844
0.002803226708367
0.002809100126296
0.002814129086551
0.002818129990422
0.002820962739556
0.002822535526424
0.002822807666828
0.002821790392310
0.002819545600804
0.002816182643355
0.002811853300154
0.002806745167627
0.002801073737290
0.002795073494375
0.002788988398132
0.002783062125071
0.002777528460661
0.002772602214136
0.002768471005710
0.002765288236817
0.002763167503648
0.002762178654346
0.002762345623218
0.002763646103900
0.002766013050474
0.002769337923861
0.002773475533301
0.002778250261897
0.002783463413369
0.002788901376316
0.002794344273799
0.002799574751012
0.002804386552579
0.002808592553479
0.002812031933222
0.002814576220335
0.002816133982076
0.002816653990393
