0.002949612726885
0.002950133756819
0.002950843549834
0.002951700608971
0.002952652928384
0.002953641305998
0.002954603183154
0.002955476762591
0.002956205134278
0.002956740134406
0.002957045676928
0.002957100328599
0.002956898945644
0.002956453250154
0.002955791293078
0.002954955824012
0.002954001660868
0.002952992220276
0.002951995427539
0.002951079269230
0.002950307278905
0.002949734254969
0.002949402498471
0.002949338828223
0.002949552582660
0.002950034755387
0.002950758338229
0.002951679866525
0.002952742081592
0.002953877549896
0.002955013012634
0.002956074187661
0.002956990711508
0.002957700895280
0.002958155975633
0.002958323570640
0.002958190098647
0.002957761983202
0.002957065544885
0.002956145566305
0.002955062604286
0.002953889207423
0.002952705272268
0.002951592832244
0.002950630615746
0.002949888730703
0.002949423830446
0.002949275089756
0.002949461271923
0.002949979100176
0.002950803064232
0.002951886700025
0.002953165283913
0.002954559788145
0.002955981858280
0.002957339501506
0.002958543122260
0.002959511512126
0.002960177396861
0.002960492165446
0.002960429453177
0.002959987320397
0.002959188856369
0.002958081138483
0.002956732584218
0.002955228839950
0.002953667450005
0.002952151634392
0.002950783568850
0.002949657601245
0.002948853851137
0.002948432622868
0.002948430017501
0.002948855057683
0.002949688546138
0.002950883768811
0.002952369034391
0.002954051920828
0.002955824984281
0.002957572584438
0.002959178399264
0.002960533147645
0.002961542014256
0.002962131279529
0.002962253698963
0.002961892248178
0.002961061949098
0.002959809612463
0.002958211465266
0.002956368770197
0.002954401678803
0.002952441682066
0.002950623123050
0.002949074309239
0.002947908801621
0.002947217460214
0.002947061790444
0.002947469063000
0.002948429575230
0.002949896290926
0.002951786945189
0.002953988541474
0.002956364008806
0.002958760639163
0.002961019797785
0.002962987301790
0.002964523801806
0.002965514482552
0.002965877423570
0.002965570030324
0.002964593055294
0.002962991872598
0.002960854839659
0.002958308765227
0.002955511693164
0.002952643393491
0.002949894114329
0.002947452279485
0.002945491907007
0.002944160567079
0.002943568688856
0.002943780964160
0.002944810483736
0.002946616084629
0.002949103193772
0.002952128234499
0.002955506432487
0.002959022630149
0.002962444508359
0.002965537435729
0.002968080031065
0.002969879444225
0.002970785341551
0.002970701627693
0.002969595045525
0.002967499965215
0.002964518893864
0.002960818496254
0.002956621200155
0.002952192749237
0.002947826344682
0.002943824265052
0.002940478055678
0.002938048519240
0.002936746806651
0.002936717894488
0.002938027639402
0.002940654423366
0.002944486153922
0.002949323072908
0.002954886472233
0.002960833036007
0.002966774147347
0.002972299138838
0.002977001151373
0.002980504018429
0.002982488430473
0.002982715571336
0.002981046464131
0.002977455421616
0.002972036261163
0.002965000307790
0.002956665653540
0.002947437646084
0.002937781117368
0.002928185404766
0.002919123731386
0.002911008967790
0.002904148165109
0.002898698503809
0.002894627422611
0.002891679664527
0.002889353795137
0.002886890414191
0.002883273805591
0.002877248171467
0.002867348899419
0.002851948550553
0.002829316466914
0.002797690120677
0.002755355605183
0.002700734039667
0.002632470161889
0.002549519047180
0.002451226742438
0.002337400654705
0.002208365791472
0.002065003408884
0.001908769269235
0.001741689515259
0.001566333101752
0.001385760743506
0.001203451395625
0.001023208328048
0.000849047839900
0.000685074532324
0.000535347776273
0.000403744536687
0.000293824017269
0.000208699652123
0.000150923784137
0.000122389939845
0.000124256952643
0.000156898328336
0.000219879226256
0.000311962291303
0.000431142368780
0.000574708919881
0.000739333787209
0.000921180890672
0.001116033514105
0.001319434114505
0.001526831082187
0.001733726624273
0.001935819946578
0.002129140168665
0.002310163910069
0.002475913207205
0.002624030324940
0.002752827070558
0.002861307350799
0.002949162881221
0.003016743106678
0.003065001469045
0.003095421114837
0.003109923928729
0.003110767375663
0.003100434010587
0.003081518658620
0.003056618178518
0.003028228409307
0.002998652384846
0.002969923214328
0.002943744206398
0.002921447904287
0.002903974746004
0.002891871114886
0.002885305647778
0.002884101862943
0.002887784493739
0.002895636395745
0.002906762554052
0.002920157564073
0.002934772993460
0.002949581245451
0.002963632916760
0.002976105150356
0.002986339093308
0.002993865246354
0.002998416196924
0.002999926922947
0.002998523504678
0.002994501653765
0.002988296935901
0.002980448905443
0.002971561574696
0.002962262702311
0.002953164307652
0.002944826611656
0.002937727286847
0.002932237492427
0.002928605701388
0.002926949824338
0.002927257628854
0.002929394972333
0.002933120936547
0.002938108595532
0.002943969882210
0.002950282854441
0.002956619603108
0.002962573092073
0.002967781365142
0.002971947785893
0.002974856275347
0.002976380859570
0.002976489212084
0.002975240251435
0.002972776210105
0.002969309906982
0.002965108214573
0.002960472900960
0.002955720136618
0.002951159984113
0.002947077135818
0.002943714037434
0.002941257343575
0.002939828410127
0.002939478252668
0.002940187109049
0.002941868455406
0.002944377055781
0.002947520392036
0.002951072635581
0.002954790195458
0.002958427814168
0.002961754185022
0.002964566130475
0.002966700503638
0.002968043145640
0.002968534437619
0.002968171214087
0.002967005039421
0.002965137076605
0.002962709983194
0.002959897441803
0.002956892061516
0.002953892465744
0.002951090407927
0.002948658728886
0.002946740891995
0.002945442710890
0.002944826727995
0.002944909521494
0.002945662025474
0.002947012755207
0.002948853649000
0.002951048080637
0.002953440471532
0.002955866846079
0.002958165631885
0.002960188009848
0.002961807166228
0.002962925885663
0.002963482044198
0.002963451706267
0.002962849689555
0.002961727626214
0.002960169707588
0.002958286442481
0.002956206877437
0.002954069814640
0.002952014614025
0.002950172178702
0.002948656696929
0.002947558652105
0.002946939519411
0.002946828450265
0.002947221111901
0.002948080707711
0.002949341063970
0.002950911538854
0.002952683398393
0.002954537217806
0.002956350810557
0.002958007164342
0.002959401873828
0.002960449603047
0.002961089182346
0.002961287040629
0.002961038786646
0.002960368875744
0.002959328422755
0.002957991339588
0.002956449080202
0.002954804359581
0.002953164272090
0.002951633264938
0.002950306422962
0.002949263492129
0.002948564013401
0.002948243860031
0.002948313375383
0.002948757201501
0.002949535777909
0.002950588382725
0.002951837490976
0.002953194143963
0.002954563963738
0.002955853411551
0.002956975880414
0.002957857229809
0.002958440413416
0.002958688915407
0.002958588792757
0.002958149214673
0.002957401489332
0.002956396666217
0.002955201893145
0.002953895784775
0.002952563119282
0.002951289218300
0.002950154380063
0.002949228726380
0.002948567791505
0.002948209127753
0.002948170132472
0.002948447218565
0.002949016361740
0.002949834967801
0.002950844918480
0.002951976579961
0.002953153498978
0.002954297470858
0.002955333644413
0.002956195331180
0.002956828210631
0.002957193666768
0.002957271051900
0.002957058746105
0.002956573961180
0.002955851320313
