0.002935607897552
0.002935942797555
0.002936121293805
0.002936132354114
0.002935975137271
0.002935659200018
0.002935204065129
0.002934638167047
0.002933997230188
0.002933322170825
0.002932656644300
0.002932044383111
0.002931526486712
0.002931138829446
0.002930909748534
0.002930858159478
0.002930992222385
0.002931308650870
0.002931792717219
0.002932418965483
0.002933152600873
0.002933951481568
0.002934768600747
0.002935554914467
0.002936262347215
0.002936846792994
0.002937270926832
0.002937506649917
0.002937537010869
0.002937357474964
0.002936976450880
0.002936415028457
0.002935705928570
0.002934891714671
0.002934022361801
0.002933152320181
0.002932337244139
0.002931630580971
0.002931080226702
0.002930725455657
0.002930594318015
0.002930701674663
0.002931048002961
0.002931619062430
0.002932386458487
0.002933309088069
0.002934335396663
0.002935406325076
0.002936458779591
0.002937429423606
0.002938258565019
0.002938893902994
0.002939293901401
0.002939430574106
0.002939291498699
0.002938880918517
0.002938219845542
0.002937345135956
0.002936307572360
0.002935169048102
0.002933999006225
0.002932870334458
0.002931854955477
0.002931019375715
0.002930420464491
0.002930101727447
0.002930090314170
0.002930394960611
0.002931005014554
0.002931890629730
0.002933004144863
0.002934282591977
0.002935651207978
0.002937027759239
0.002938327434547
0.002939468021057
0.002940375053428
0.002940986620115
0.002941257523670
0.002941162523430
0.002940698437920
0.002939884947931
0.002938764016215
0.002937397921795
0.002935865991204
0.002934260190543
0.002932679816096
0.002931225582647
0.002929993453636
0.002929068582624
0.002928519739288
0.002928394574326
0.002928716036923
0.002929480197540
0.002930655650844
0.002932184582861
0.002933985487966
0.002935957420807
0.002937985571684
0.002939947867227
0.002941722226882
0.002943194054436
0.002944263516419
0.002944852157826
0.002944908431370
0.002944411768448
0.002943374896078
0.002941844200288
0.002939898047871
0.002937643098678
0.002935208763043
0.002932740076061
0.002930389365299
0.002928307174331
0.002926632965574
0.002925486157742
0.002924958053013
0.002925105175539
0.002925944477129
0.002927450770557
0.002929556630552
0.002932154863425
0.002935103496004
0.002938233081550
0.002941355973567
0.002944277086833
0.002946805556809
0.002948766631168
0.002950013086254
0.002950435460546
0.002949970438454
0.002948606800062
0.002946388472707
0.002943414372958
0.002939834905018
0.002935845174555
0.002931675174723
0.002927577392473
0.002923812456662
0.002920633594170
0.002918270766519
0.002916915419518
0.002916706786687
0.002917720640794
0.002919961286927
0.002923357438354
0.002927762419318
0.002932958905979
0.002938668159408
0.002944563436443
0.002950286999802
0.002955469903330
0.002959753516391
0.002962811586738
0.002964371535372
0.002964233638915
0.002962286790453
0.002958519640676
0.002953026105390
0.002946004476983
0.002937749686221
0.002928638613327
0.002919108727135
0.002909630719513
0.002900676179206
0.002892681694314
0.002886011066098
0.002880917540869
0.002877508105954
0.002875711938768
0.002875255037526
0.002875642895820
0.002876152814113
0.002875837077241
0.002873537781610
0.002867913586633
0.002857478113815
0.002840649148407
0.002815807239103
0.002781361768007
0.002735822102357
0.002677871065692
0.002606437700418
0.002520766152843
0.002420477507270
0.002305621533105
0.002176715587261
0.002034768325885
0.001881286410760
0.001718263026739
0.001548147732377
0.001373797917493
0.001198412906748
0.001025452494273
0.000858542387609
0.000701369648087
0.000557571710880
0.000430622927052
0.000323722773792
0.000239689915604
0.000180866164044
0.000149034079401
0.000145351494983
0.000170305640759
0.000223688822023
0.000304596799631
0.000411450154706
0.000542038038449
0.000693582844048
0.000862823528950
0.001046114596390
0.001239537145363
0.001439017943572
0.001640452187268
0.001839825497246
0.002033330765732
0.002217475710910
0.002389177403130
0.002545840580982
0.002685417251826
0.002806445840196
0.002908068975299
0.002990029859825
0.003052648000121
0.003096775867200
0.003123738766281
0.003135260791007
0.003133380203699
0.003120357897916
0.003098582754002
0.003070477689227
0.003038410036090
0.003004609566561
0.002971097034258
0.002939625553755
0.002911636503753
0.002888230958841
0.002870156954606
0.002857812204584
0.002851261244922
0.002850265410941
0.002854323572226
0.002862721187506
0.002874584999980
0.002888940584121
0.002904769976339
0.002921066768235
0.002936886300776
0.002951388953924
0.002963874958621
0.002973809643037
0.002980838537580
0.002984792277946
0.002985681737711
0.002983684269171
0.002979122313613
0.002972435944385
0.002964151116763
0.002954845511546
0.002945113873234
0.002935534662413
0.002926639673778
0.002918888028437
0.002912645647244
0.002908170968801
0.002905607310639
0.002904981904517
0.002906211285643
0.002909112398174
0.002913418510499
0.002918798825253
0.002924880528936
0.002931271958692
0.002937585569633
0.002943459461459
0.002948576361196
0.002952679149498
0.002955582248886
0.002957178449437
0.002957441016009
0.002956421186201
0.002954241415788
0.002951084945798
0.002947182442113
0.002942796586665
0.002938205573889
0.002933686485226
0.002929499479297
0.002925873649960
0.002922995275444
0.002920999018002
0.002919962445216
0.002919904042779
0.002920784685655
0.002922512341436
0.002924949606752
0.002927923533600
0.002931237094398
0.002934681567189
0.002938049097904
0.002941144714933
0.002943797129697
0.002945867750934
0.002947257463375
0.002947910865505
0.002947817817272
0.002947012307823
0.002945568806347
0.002943596397539
0.002941231119708
0.002938627012201
0.002935946435517
0.002933350250070
0.002930988427814
0.002928991626652
0.002927464184322
0.002926478891304
0.002926073787600
0.002926251103133
0.002926978333378
0.002928191318284
0.002929799080377
0.002931690083393
0.002933739500647
0.002935817036277
0.002937794824186
0.002939554939374
0.002940996092926
0.002942039142283
0.002942631128546
0.002942747647044
0.002942393460555
0.002941601370038
0.002940429459362
0.002938956922587
0.002937278759602
0.002935499684440
0.002933727627339
0.002932067225091
0.002930613684226
0.002929447369340
0.002928629416827
0.002928198605952
0.002928169639095
0.002928532895968
0.002929255638053
0.002930284554548
0.002931549464710
0.002932967927865
0.002934450464964
0.002935906066782
0.002937247654912
0.002938397172689
0.002939290012911
0.002939878535584
0.002940134488716
0.002940050214647
0.002939638599192
0.002938931796421
0.002937978833813
0.002936842266562
0.002935594102409
0.002934311256675
0.002933070819246
0.002931945420083
0.002930998967617
0.002930283006110
0.002929833895798
0.002929670966211
0.002929795731779
0.002930192193641
0.002930828186244
0.002931657665918
0.002932623784510
0.002933662547592
0.002934706826002
0.002935690473085
0.002936552298758
0.002937239665109
0.002937711495576
0.002937940528980
0.002937914698204
0.002937637568025
0.002937127824230
0.002936417863066
0.002935551583014
0.002934581526725
0.002933565557031
0.002932563275463
0.002931632403156
0.002930825342250
0.002930186120975
0.002929747898901
0.002929531171956
0.002929542772313
0.002929775708806
0.002930209842242
0.002930813339949
0.002931544808092
0.002932355961321
0.002933194659556
