0.002989059413255
0.002989997122789
0.002990827274345
0.002991484158575
0.002991915291540
0.002992085931611
0.002991982206199
0.002991612571838
0.002991007463909
0.002990217138649
0.002989307858060
0.002988356705968
0.002987445439411
0.002986653863905
0.002986053266859
0.002985700446114
0.002985632829604
0.002985865100192
0.002986387623050
0.002987166830484
0.002988147562126
0.002989257199526
0.002990411286125
0.002991520198676
0.002992496344607
0.002993261309681
0.002993752375944
0.002993927872561
0.002993770908653
0.002993291161490
0.002992524545671
0.002991530757412
0.002990388859402
0.002989191232078
0.002988036353628
0.002987020972174
0.002986232290879
0.002985740794946
0.002985594307243
0.002985813769434
0.002986391114352
0.002987289433110
0.002988445459443
0.002989774208358
0.002991175431133
0.002992541398035
0.002993765406440
0.002994750344710
0.002995416627412
0.002995708857135
0.002995600659840
0.002995097277958
0.002994235677859
0.002993082122868
0.002991727364325
0.002990279795558
0.002988857081472
0.002987576906136
0.002986547561409
0.002985859124022
0.002985575933998
0.002985730995498
0.002986322778656
0.002987314718165
0.002988637495061
0.002990193968679
0.002991866413076
0.002993525523481
0.002995040508741
0.002996289487741
0.002997169370034
0.002997604427371
0.002997552852393
0.002997010747562
0.002996013180696
0.002994632168935
0.002992971693267
0.002991160082295
0.002989340318013
0.002987658990719
0.002986254750434
0.002985247157929
0.002984726824023
0.002984747641271
0.002985321762660
0.002986417778174
0.002987962296980
0.002989844878868
0.002991925993810
0.002994047443745
0.002996044475606
0.002997758665923
0.002999050577877
0.002999811188951
0.002999971163166
0.002999507191803
0.002998444840438
0.002996857602462
0.002994862150723
0.002992610077163
0.002990276692314
0.002988047699870
0.002986104746466
0.002984610957530
0.002983697596484
0.002983452922631
0.002983914175686
0.002985063391648
0.002986827471187
0.002989082598671
0.002991662771521
0.002994371871804
0.002996998420525
0.002999331923525
0.003001179565664
0.003002381950830
0.003002826626223
0.003002458269585
0.003001284649304
0.002999377773976
0.002996870008295
0.002993945319513
0.002990826203896
0.002987757195751
0.002984986154420
0.002982744732853
0.002981229536473
0.002980585471989
0.002980892659932
0.002982158048385
0.002984312533541
0.002987213988124
0.002990656150339
0.002994382867127
0.002998106751080
0.003001530934714
0.003004372319792
0.003006384547824
0.003007378877998
0.003007241257966
0.003005944108319
0.003003551700006
0.003000218462073
0.002996180083486
0.002991737829491
0.002987237038407
0.002983041256664
0.002979503868538
0.002976939348002
0.002975596377549
0.002975635027233
0.002977109963195
0.002979961268091
0.002984013928184
0.002988986406973
0.002994508026200
0.003000144161577
0.003005427585735
0.003009893707362
0.003013117011677
0.003014745743739
0.003014531821907
0.003012353139483
0.003008225808176
0.003002304501272
0.002994869835381
0.002986302641212
0.002977045958234
0.002967556579756
0.002958248904113
0.002949434645777
0.002941262563910
0.002933662722372
0.002926299865379
0.002918540255699
0.002909435775459
0.002897728252120
0.002881875882763
0.002860102345734
0.002830467782535
0.002790959388368
0.002739597956974
0.002674555474910
0.002594277837602
0.002497606038948
0.002383888826482
0.002253079853596
0.002105812814059
0.001943448902306
0.001768092170629
0.001582569892995
0.001390376815276
0.001195584077699
0.001002715530606
0.000816596018002
0.000642177865550
0.000484353180194
0.000347760561648
0.000236595376390
0.000154432811811
0.000104072498550
0.000087412578158
0.000105359744662
0.000157780071490
0.000243493441039
0.000360312230866
0.000505122696692
0.000674005350317
0.000862388678656
0.001065228896427
0.001277207160561
0.001492934867897
0.001707157351507
0.001914946498809
0.002111873520731
0.002294154261447
0.002458760983125
0.002603496398818
0.002727027752546
0.002828880843066
0.002909395938703
0.002969649421487
0.003011346627782
0.003036692634586
0.003048248612853
0.003048781793767
0.003041117060179
0.003027997699630
0.003011961979428
0.002995240992111
0.002979681753541
0.002966697910335
0.002957248729528
0.002951845402437
0.002950582191874
0.002953188670610
0.002959098306401
0.002967527991859
0.002977562820635
0.002988240476266
0.002998630005624
0.003007900453955
0.003015375784554
0.003020573622206
0.003023226566714
0.003023286039861
0.003020909777663
0.003016435089083
0.003010340814040
0.003003201484464
0.002995637496876
0.002988265136746
0.002981650065203
0.002976267416028
0.002972470997932
0.002970473307611
0.002970337193433
0.002971979130907
0.002975183240524
0.002979624451306
0.002984898635388
0.002990557143564
0.002996142978553
0.003001225856251
0.003005433615531
0.003008477820573
0.003010171921843
0.003010440959342
0.003009322456651
0.003006958816851
0.003003582144032
0.002999492934586
0.002995034476802
0.002990565041549
0.002986430029148
0.002982936157705
0.002980329548038
0.002978779202066
0.002978366915782
0.002979084151586
0.002980835857628
0.002983450704187
0.002986696746267
0.002990301149739
0.002993972359887
0.002997422961712
0.003000391486215
0.003002661551636
0.003004076979235
0.003004551867661
0.003004075019766
0.003002708558573
0.003000581011085
0.002997875546798
0.002994814402743
0.002991640784625
0.002988599687365
0.002985919119435
0.002983793143750
0.002982367971980
0.002981732084888
0.002981911020746
0.002982867103684
0.002984504002650
0.002986675648525
0.002989198718661
0.002991867647564
0.002994470956785
0.002996807626827
0.002998702261955
0.003000017920824
0.003000665690391
0.003000610350211
0.002999871787226
0.002998522152638
0.002996679077124
0.002994495553896
0.002992147339539
0.002989818892899
0.002987688961385
0.002985916926611
0.002984630939138
0.002983918713155
0.002983821629930
0.002984332531985
0.002985397299422
0.002986920008285
0.002988771200510
0.002990798566104
0.002992839167354
0.002994732234004
0.002996331533826
0.002997516375240
0.002998200422169
0.002998337685327
0.002997925283479
0.002997002824374
0.002995648518001
0.002993972384238
0.002992107133917
0.002990197470848
0.002988388670227
0.002986815328981
0.002985591154050
0.002984800558796
0.002984492684306
0.002984678263972
0.002985329522586
0.002986383063148
0.002987745464245
0.002989301105912
0.002990921577618
0.002992475910570
0.002993840825556
0.002994910200093
0.002995603032623
0.002995869310335
0.002995693359849
0.002995094462619
0.002994124733150
0.002992864471063
0.002991415391239
0.002989892294947
0.002988413857269
0.002987093264262
0.002986029433331
0.002985299493260
0.002984953091390
0.002985008943917
0.002985453863564
0.002986244301655
0.002987310244415
0.002988561121588
0.002989893233171
0.002991198088676
0.002992370990973
0.002993319187652
0.002993968956907
0.002994271087978
0.002994204350278
0.002993776709311
0.002993024228128
0.002992007775979
0.002990807836492
0.002989517853079
0.002988236658034
0.002987060596079
0.002986075968310
0.002985352388177
0.002984937560578
0.002984853875374
0.002985097057626
0.002985636950668
0.002986420338314
0.002987375552277
0.002988418473057
0.002989459427565
0.002990410422590
0.002991192134396
0.002991740102230
0.002992009644460
