0.002820997769646
0.002818277967493
0.002815902651790
0.002813981385469
0.002812604855695
0.002811840687875
0.002811730230396
0.002812286460944
0.002813493117574
0.002815305105049
0.002817650171624
0.002820431795741
0.002823533168527
0.002826822108881
0.002830156705434
0.002833391445817
0.002836383569869
0.002838999370922
0.002841120168737
0.002842647689119
0.002843508608417
0.002843658055062
0.002843081903626
0.002841797747900
0.002839854495921
0.002837330589400
0.002834330910057
0.002830982493323
0.002827429223176
0.002823825728198
0.002820330736206
0.002817100171231
0.002814280291009
0.002812001164775
0.002810370779671
0.002809470040065
0.002809348888230
0.002810023728704
0.002811476284135
0.002813653949644
0.002816471648507
0.002819815126742
0.002823545561039
0.002827505295970
0.002831524475231
0.002835428290086
0.002839044538048
0.002842211167667
0.002844783481891
0.002846640683211
0.002847691468320
0.002847878417474
0.002847180972618
0.002845616856729
0.002843241852229
0.002840147926142
0.002836459760803
0.002832329818474
0.002827932133081
0.002823455079667
0.002819093419489
0.002815039953803
0.002811477140711
0.002808569035747
0.002806453907897
0.002805237858504
0.002804989731954
0.002805737555632
0.002807466684324
0.002810119753706
0.002813598471521
0.002817767196830
0.002822458180539
0.002827478267584
0.002832616795847
0.002837654371968
0.002842372162141
0.002846561308733
0.002850032072454
0.002852622305559
0.002854204884119
0.002854693766057
0.002854048394970
0.002852276235712
0.002849433303663
0.002845622632499
0.002840990711719
0.002835722011555
0.002830031795611
0.002824157497046
0.002818348999160
0.002812858212855
0.002807928379466
0.002803783545908
0.002800618659229
0.002798590708958
0.002797811308826
0.002798341055623
0.002800185934250
0.002803295956993
0.002807566134924
0.002812839783678
0.002818914068636
0.002825547599615
0.002832469796660
0.002839391670046
0.002846017592616
0.002852057593910
0.002857239675483
0.002861321636858
0.002864101912351
0.002865428950618
0.002865208719917
0.002863409991312
0.002860067136546
0.002855280274001
0.002849212701376
0.002842085663117
0.002834170610072
0.002825779213826
0.002817251494316
0.002808942502819
0.002801208069509
0.002794390172692
0.002788802513281
0.002784716881642
0.002782350884255
0.002781857554943
0.002783317311184
0.002786732632397
0.002792025737019
0.002799039422434
0.002807541110491
0.002817230016106
0.002827747232109
0.002838688404792
0.002849618566379
0.002860088597008
0.002869652713726
0.002877886330525
0.002884403603970
0.002888873974918
0.002891037038722
0.002890715123743
0.002887823029424
0.002882374468353
0.002874484868494
0.002864370318086
0.002852342572324
0.002838800182756
0.002824215952429
0.002809121056969
0.002794086298960
0.002779701075626
0.002766550733700
0.002755193056991
0.002746134678871
0.002739808231827
0.002736551038520
0.002736586113564
0.002740006183500
0.002746761346329
0.002756650884178
0.002769319616925
0.002784259045069
0.002800813381448
0.002818190418591
0.002835477026528
0.002851658929842
0.002865644277353
0.002876290397359
0.002882433029742
0.002882917246448
0.002876629216330
0.002862527940518
0.002839676081044
0.002807269028119
0.002764661399175
0.002711390233585
0.002647194238435
0.002572028549448
0.002486074593684
0.002389744772883
0.002283681824121
0.002168752853635
0.002046038176112
0.001916815221571
0.001782537891724
0.001644811854265
0.001505366354507
0.001366023197166
0.001228663605627
0.001095193701148
0.000967509360015
0.000847461203350
0.000736820453093
0.000637246350174
0.000550255779026
0.000477195678471
0.000419218744995
0.000377262853014
0.000352034530232
0.000343996737053
0.000353361109262
0.000380084734941
0.000423871451335
0.000484177566723
0.000560221837207
0.000650999459690
0.000755299780562
0.000871727365258
0.000998726026804
0.001134605371891
0.001277569390702
0.001425746591426
0.001577221162096
0.001730064630773
0.001882367490152
0.002032270254312
0.002177993423663
0.002317865849230
0.002450351009459
0.002574070741925
0.002687826008860
0.002790614319404
0.002881643482989
0.002960341427086
0.003026361878499
0.003079585779740
0.003120118390121
0.003148282103832
0.003164605103091
0.003169806051802
0.003164775122094
0.003150551730488
0.003128299440059
0.003099278557353
0.003064817015700
0.003026280187642
0.002985040306370
0.002942446197544
0.002899794027166
0.002858299757382
0.002819073969584
0.002783099663209
0.002751213569720
0.002724091435876
0.002702237630277
0.002685979314950
0.002675465302272
0.002670669590303
0.002671399440265
0.002677307732499
0.002687909215661
0.002702600152158
0.002720680764662
0.002741379807261
0.002763880523402
0.002787347213485
0.002810951619503
0.002833898343162
0.002855448547688
0.002874941251040
0.002891811597940
0.002905605597586
0.002915990929921
0.002922763552197
0.002925849974999
0.002925305218326
0.002921306598963
0.002914143635449
0.002904204481811
0.002891959411605
0.002877941965844
0.002862728448982
0.002846916503722
0.002831103516574
0.002815865601017
0.002801737874142
0.002789196686945
0.002778644390081
0.002770397118799
0.002764675966585
0.002761601790876
0.002761193760796
0.002763371621033
0.002767961512613
0.002774705065417
0.002783271363254
0.002793271284225
0.002804273640613
0.002815822486090
0.002827454925758
0.002838718757257
0.002849189288937
0.002858484723028
0.002866279555925
0.002872315531609
0.002876409784355
0.002878459919316
0.002878445899970
0.002876428734943
0.002872546078874
0.002867004977841
0.002860072095315
0.002852061845536
0.002843322934400
0.002834223860756
0.002825137961695
0.002816428592984
0.002808435020333
0.002801459559552
0.002795756445587
0.002791522834474
0.002788892251641
0.002787930698436
0.002788635520394
0.002790937029995
0.002794702767807
0.002799744183363
0.002805825424698
0.002812673846894
0.002819991787996
0.002827469117656
0.002834796041219
0.002841675640331
0.002847835650326
0.002853039013551
0.002857092804616
0.002859855195816
0.002861240215425
0.002861220144848
0.002859825498610
0.002857142630079
0.002853309101453
0.002848507045183
0.002842954822121
0.002836897346202
0.002830595494042
0.002824315048598
0.002818315638045
0.002812840124027
0.002808104867936
0.002804291261219
0.002801538847816
0.002799940296320
0.002799538399351
0.002800325191380
0.002802243187447
0.002805188657583
0.002809016768856
0.002813548352178
0.002818577987316
0.002823883049405
0.002829233325639
0.002834400792805
0.002839169145662
0.002843342682419
0.002846754186070
0.002849271487365
0.002850802454688
0.002851298225434
0.002850754569565
0.002849211355704
0.002846750169955
0.002843490214304
0.002839582681846
0.002835203867248
0.002830547320431
0.002825815387432
0.002821210503546
0.002816926609308
0.002813141049778
0.002810007292382
0.002807648759670
0.002806154022356
0.002805573537422
0.002805918048386
0.002807158693081
0.002809228791524
0.002812027215711
0.002815423177494
0.002819262212690
0.002823373091725
0.002827575351182
0.002831687118162
0.002835532890971
0.002838950945719
0.002841800058351
0.002843965264557
0.002845362424311
0.002845941411475
0.002845687809615
0.002844623060234
0.002842803076179
0.002840315398307
0.002837275034650
0.002833819175928
0.002830101026933
0.002826283028279
0.002822529765854
