0.002982404976530
0.002982099813277
0.002981540755536
0.002980769402057
0.002979844178866
0.002978836127493
0.002977823670321
0.002976886738936
0.002976100704987
0.002975530573808
0.002975225886972
0.002975216731754
0.002975511176343
0.002976094345282
0.002976929227619
0.002977959179704
0.002979111955238
0.002980304976947
0.002981451466194
0.002982466976620
0.002983275841257
0.002983817042574
0.002984049052165
0.002983953258793
0.002983535705375
0.002982826979808
0.002981880242231
0.002980767512142
0.002979574472143
0.002978394160844
0.002977320016567
0.002976438788995
0.002975823853114
0.002975529436889
0.002975586212375
0.002975998603417
0.002976744038621
0.002977774234864
0.002979018444711
0.002980388452181
0.002981784966368
0.002983104952054
0.002984249359059
0.002985130674076
0.002985679723451
0.002985851203107
0.002985627499536
0.002985020487559
0.002984071137684
0.002982846927784
0.002981437218494
0.002979946906997
0.002978488807872
0.002977175312183
0.002976109938777
0.002975379409603
0.002975046851726
0.002975146654041
0.002975681391413
0.002976621080988
0.002977904865339
0.002979445037237
0.002981133144371
0.002982847752624
0.002984463315528
0.002985859505652
0.002986930318262
0.002987592262873
0.002987791014630
0.002987506001528
0.002986752548369
0.002985581373911
0.002984075431408
0.002982344280636
0.002980516366778
0.002978729744308
0.002977121909586
0.002975819484420
0.002974928517617
0.002974526139798
0.002974654219776
0.002975315534110
0.002976472784169
0.002978050589636
0.002979940368498
0.002982007797139
0.002984102346294
0.002986068224242
0.002987755940613
0.002989033642115
0.002989797371021
0.002989979459800
0.002989554397195
0.002988541674873
0.002987005337416
0.002985050197165
0.002982814922061
0.002980462441136
0.002978168321081
0.002976107932348
0.002974443331389
0.002973310827752
0.002972810176247
0.002972996235766
0.002973873773344
0.002975395875119
0.002977466169788
0.002979944792844
0.002982657741171
0.002985409008034
0.002987994667481
0.002990217912025
0.002991903951560
0.002992913663581
0.002993154948250
0.002992590883958
0.002991243991557
0.002989196184403
0.002986584288776
0.002983591343423
0.002980434204743
0.002977348272049
0.002974570383437
0.002972321098467
0.002970787664903
0.002970108954896
0.002970363549356
0.002971561952875
0.002973643647037
0.002976479355071
0.002979878517983
0.002983601597692
0.002987376453839
0.002990917715279
0.002993947809828
0.002996218147682
0.002997528890151
0.002997745784209
0.002996812705134
0.002994758816361
0.002991699612018
0.002987831530782
0.002983420291458
0.002978783569100
0.002974269071743
0.002970229459108
0.002966995835869
0.002964851728645
0.002964009500317
0.002964591058767
0.002966614480612
0.002969987804751
0.002974510776002
0.002979884764760
0.002985730490216
0.002991612572829
0.002997069378911
0.003001646138187
0.003004928952094
0.003006577097960
0.003006350994989
0.003004133343939
0.002999941283637
0.002993927911269
0.002986372164881
0.002977656829677
0.002968235259233
0.002958588246867
0.002949173285640
0.002940369162429
0.002932419390399
0.002925378350083
0.002919064147741
0.002913022088933
0.002906502298448
0.002898454403838
0.002887541363610
0.002872173502492
0.002850562667961
0.002820795207683
0.002780921256585
0.002729056687786
0.002663493094798
0.002582810398364
0.002485986165391
0.002372495530888
0.002242395751527
0.002096389897444
0.001935864993766
0.001762901022202
0.001580248535185
0.001391274154104
0.001199874840940
0.001010363462949
0.000827329723922
0.000655481925986
0.000499476173011
0.000363740462350
0.000252301583823
0.000168622820346
0.000115460111896
0.000094743614040
0.000107490486633
0.000153753340454
0.000232607120131
0.000342175395045
0.000479695159775
0.000641617409621
0.000823739051312
0.001021360223521
0.001229459914267
0.001442881934243
0.001656522878818
0.001865513707195
0.002065386982407
0.002252222625285
0.002422766192807
0.002574515131613
0.002705770101495
0.002815650221850
0.002904072871910
0.002971700378895
0.003019857468529
0.003050424651564
0.003065713714664
0.003068332128858
0.003061043458662
0.003046630745950
0.003027769371934
0.003006915105030
0.002986211975695
0.002967423349252
0.002951888171043
0.002940502916834
0.002933728376927
0.002931619111860
0.002933872308844
0.002939891896307
0.002948863178705
0.002959832957279
0.002971790108662
0.002983741888357
0.002994781779910
0.003004145478668
0.003011252526249
0.003015732135546
0.003017432800649
0.003016416306482
0.003012937679094
0.003007413397543
0.003000380781336
0.002992451845968
0.002984265070001
0.002976438442056
0.002969526870551
0.002963986571251
0.002960148436128
0.002958201677571
0.002958188284885
0.002960008076335
0.002963433428554
0.002968132159212
0.002973696563814
0.002979676288711
0.002985612573963
0.002991071424001
0.002995673451964
0.002999118475613
0.003001203390553
0.003001832375220
0.003001019052767
0.002998880807390
0.002995625987876
0.002991535194425
0.002986938207269
0.002982188356468
0.002977636239576
0.002973604665288
0.002970366543593
0.002968127171881
0.002967012004625
0.002967060569751
0.002968226739219
0.002970385107199
0.002973342807975
0.002976855745500
0.002980647930404
0.002984432444637
0.002987932487952
0.002990901005086
0.002993137541367
0.002994501213767
0.002994918994766
0.002994388863816
0.002992977759246
0.002990814634962
0.002988079265332
0.002984987725300
0.002981775682579
0.002978680762073
0.002975925273095
0.002973700527917
0.002972153832589
0.002971379010496
0.002971411043344
0.002972225104207
0.002973739935667
0.002975825216241
0.002978312281783
0.002981007344207
0.002983706192491
0.002986209279840
0.002988336100275
0.002989937835696
0.002990907403338
0.002991186241233
0.002990767419493
0.002989694939249
0.002988059358639
0.002985990146531
0.002983645391266
0.002981199668167
0.002978830984425
0.002976707766164
0.002974976828386
0.002973753177085
0.002973112342309
0.002973085743187
0.002973659356255
0.002974775713878
0.002976339018155
0.002978222934654
0.002980280445203
0.002982355002404
0.002984292149377
0.002985950751171
0.002987213029220
0.002987992692861
0.002988240613713
0.002987947677697
0.002987144661476
0.002985899199115
0.002984310115073
0.002982499585966
0.002980603742975
0.002978762429046
0.002977108873598
0.002975760039757
0.002974808336644
0.002974315277521
0.002974307512539
0.002974775484175
0.002975674757843
0.002976929884026
0.002978440465938
0.002980088951174
0.002981749547988
0.002983297594652
0.002984618688387
0.002985616909371
0.002986221552409
0.002986391897607
0.002986119702551
0.002985429270399
0.002984375128238
0.002983037524587
0.002981516111526
0.002979922304284
0.002978370900451
0.002976971586231
0.002975820955772
0.002974995622251
0.002974546910336
0.002974497495922
0.002974840210321
0.002975539063539
0.002976532377155
0.002977737763594
0.002979058556477
0.002980391195628
0.002981633007211
0.002982689798467
0.002983482708660
0.002983953820777
0.002984070137170
0.002983825648887
0.002983241373171
0.002982363385655
0.002981259021755
0.002980011554851
0.002978713767342
0.002977460906974
0.002976343559588
0.002975440968434
0.002974815289838
0.002974507198947
0.002974533153504
0.002974884496367
0.002975528438512
0.002976410823968
0.002977460446975
