0.002945137924094
0.002945967556474
0.002946838701764
0.002947697268722
0.002948489049017
0.002949163251484
0.002949675866935
0.002949992642469
0.002950091466441
0.002949964000634
0.002949616442655
0.002949069356266
0.002948356566825
0.002947523179562
0.002946622836034
0.002945714375090
0.002944858105698
0.002944111927115
0.002943527545268
0.002943147031657
0.002942999952671
0.002943101263680
0.002943450115803
0.002944029666504
0.002944807921661
0.002945739570581
0.002946768710672
0.002947832299462
0.002948864122182
0.002949799026534
0.002950577155161
0.002951147902261
0.002951473334269
0.002951530845008
0.002951314861448
0.002950837474542
0.002950127936929
0.002949231041474
0.002948204467036
0.002947115245922
0.002946035566678
0.002945038172333
0.002944191644649
0.002943555877213
0.002943178033184
0.002943089257336
0.002943302368076
0.002943810695838
0.002944588163317
0.002945590624611
0.002946758399512
0.002948019861023
0.002949295863720
0.002950504742526
0.002951567569724
0.002952413335603
0.002952983716792
0.002953237116509
0.002953151701874
0.002952727222668
0.002951985470227
0.002950969319895
0.002949740390478
0.002948375443814
0.002946961731022
0.002945591563917
0.002944356445537
0.002943341128899
0.002942617985315
0.002942242051616
0.002942247089755
0.002942642934226
0.002943414325902
0.002944521339663
0.002945901413184
0.002947472881599
0.002949139824037
0.002950797939495
0.002952341097202
0.002953668155347
0.002954689615647
0.002955333681856
0.002955551318605
0.002955319961683
0.002954645609148
0.002953563120080
0.002952134658522
0.002950446337550
0.002948603235085
0.002946723061604
0.002944928853197
0.002943341135190
0.002942070046698
0.002941207931447
0.002940822883333
0.002940953686780
0.002941606514159
0.002942753639716
0.002944334307329
0.002946257755337
0.002948408263770
0.002950651956270
0.002952844969295
0.002954842502893
0.002956508197144
0.002957723241552
0.002958394624484
0.002958461967256
0.002957902461304
0.002956733533526
0.002955012998455
0.002952836608855
0.002950333079527
0.002947656822554
0.002944978785668
0.002942475918868
0.002940319898850
0.002938665808751
0.002937641496726
0.002937338318030
0.002937803901204
0.002939037472358
0.002940988127538
0.002943556269635
0.002946598233093
0.002949933918185
0.002953357059221
0.002956647570194
0.002959585258878
0.002961964086959
0.002963606087635
0.002964374039397
0.002964182037957
0.002963003206999
0.002960873938606
0.002957894248452
0.002954224058829
0.002950075471499
0.002945701347711
0.002941380758860
0.002937402092727
0.002934044782252
0.002931560753540
0.002930156756983
0.002929978743248
0.002931099371347
0.002933509590520
0.002937115026761
0.002941737638331
0.002947122796120
0.002952951610896
0.002958857989240
0.002964449573496
0.002969331428604
0.002973131099464
0.002975523493386
0.002976253956949
0.002975157924555
0.002972175621572
0.002967360507282
0.002960880435227
0.002953010879030
0.002944120003189
0.002934645829520
0.002925066236185
0.002915863001062
0.002907481537367
0.002900288340657
0.002894528448462
0.002890285386783
0.002887446126074
0.002885673484083
0.002884388191453
0.002882762483127
0.002879726606162
0.002873989061373
0.002864070747047
0.002848352477750
0.002825134643330
0.002792707088258
0.002749426665020
0.002693799381648
0.002624563653264
0.002540770906401
0.002441859691924
0.002327719548905
0.002198741130615
0.002055849548779
0.001900518498377
0.001734763469225
0.001561113201593
0.001382559464344
0.001202486184360
0.001024579891596
0.000852724320965
0.000690882788157
0.000542972592941
0.000412736168058
0.000303613959268
0.000218624076350
0.000160253589352
0.000130365962875
0.000130128537670
0.000159963206672
0.000219522524174
0.000307692471204
0.000422622022057
0.000561778564184
0.000722027165019
0.000899730702417
0.001090867024053
0.001291158613556
0.001496209748121
0.001701645855441
0.001903249728864
0.002097089439777
0.002279633186021
0.002447846915120
0.002599271332682
0.002732075813263
0.002845087730946
0.002937796773970
0.003010334854071
0.003063433219807
0.003098359289803
0.003116836497322
0.003120951049378
0.003113049927534
0.003095634678399
0.003071255554718
0.003042410377199
0.003011452107341
0.002980508575040
0.002951417122032
0.002925676138928
0.002904414629614
0.002888380073555
0.002877944015420
0.002873124031496
0.002873620038450
0.002878862351425
0.002888068487301
0.002900305459476
0.002914554228651
0.002929773057016
0.002944956750453
0.002959189146692
0.002971686692764
0.002981831523582
0.002989193073087
0.002993537886651
0.002994827925277
0.002993208227637
0.002988985297616
0.002982597990315
0.002974582961747
0.002965536916504
0.002956077930374
0.002946808044561
0.002938279134747
0.002930963767129
0.002925232384746
0.002921337744245
0.002919407071019
0.002919441945181
0.002921325497143
0.002924836102341
0.002929666439342
0.002935446529252
0.002941769217248
0.002948216493934
0.002954385084593
0.002959909852416
0.002964483757178
0.002967873369166
0.002969929242215
0.002970590780301
0.002969885569323
0.002967923469954
0.002964886060714
0.002961012267094
0.002956581200368
0.002951893350055
0.002947251322630
0.002942941295934
0.002939216267933
0.002936282027899
0.002934286578778
0.002933313504974
0.002933379525009
0.002934436209349
0.002936375595328
0.002939039208029
0.002942229810253
0.002945725066156
0.002949292218163
0.002952702848711
0.002955746826805
0.002958244620779
0.002960057286328
0.002961093603712
0.002961314028910
0.002960731328162
0.002959407971072
0.002957450551862
0.002955001680195
0.002952229922504
0.002949318474749
0.002946453302944
0.002943811496911
0.002941550546210
0.002939799168690
0.002938650207684
0.002938155971367
0.002938326226848
0.002939128892357
0.002940493303951
0.002942315778661
0.002944467062909
0.002946801150862
0.002949164887765
0.002951407741449
0.002953391132085
0.002954996754410
0.002956133404336
0.002956741927510
0.002956798033725
0.002956312859883
0.002955331306609
0.002953928310773
0.002952203339828
0.002950273496741
0.002948265700533
0.002946308453102
0.002944523715918
0.002943019400398
0.002941882925295
0.002941176217113
0.002940932430721
0.002941154553748
0.002941815937179
0.002942862673634
0.002944217631503
0.002945785854347
0.002947460956414
0.002949132091376
0.002950691045028
0.002952039004976
0.002953092590286
0.002953788779432
0.002954088451504
0.002953978348458
0.002953471368997
0.002952605210910
0.002951439481686
0.002950051490613
0.002948531013716
0.002946974381286
0.002945478273112
0.002944133617075
0.002943019972431
0.002942200741145
0.002941719491966
0.002941597606554
0.002941833369977
0.002942402534830
0.002943260295160
0.002944344519013
0.002945580012195
0.002946883525229
0.002948169174142
0.002949353925712
0.002950362800154
0.002951133468266
0.002951619964030
0.002951795294301
0.002951652800580
0.002951206209055
0.002950488388855
0.002949548919564
0.002948450642391
0.002947265430523
0.002946069459430
0.002944938284762
0.002943942042445
0.002943141072671
0.002942582237719
0.002942296155331
0.002942295507872
0.002942574516987
0.002943109598327
0.002943861136078
0.002944776247195
0.002945792344655
0.002946841261495
0.002947853665607
0.002948763481001
0.002949512035234
0.002950051674249
0.002950348623563
0.002950384925769
