0.003006391677218
0.003006619174337
0.003006854182886
0.003007096820000
0.003007346684854
0.003007602907476
0.003007864233172
0.003008129135209
0.003008395946221
0.003008662997241
0.003008928752805
0.003009191930914
0.003009451598050
0.003009707231592
0.003009958744797
0.003010206472711
0.003010451120737
0.003010693680751
0.003010935322438
0.003011177269614
0.003011420672559
0.003011666487714
0.003011915375417
0.003012167624797
0.003012423112541
0.003012681299339
0.003012941264496
0.003013201775911
0.003013461389491
0.003013718569530
0.003013971819710
0.003014219813439
0.003014461512248
0.003014696261986
0.003014923858422
0.003015144576485
0.003015359160493
0.003015568776044
0.003015774927544
0.003015979348261
0.003016183872128
0.003016390298042
0.003016600257977
0.003016815099851
0.003017035794726
0.003017262875766
0.003017496413583
0.003017736029417
0.003017980944357
0.003018230059704
0.003018482060989
0.003018735536212
0.003018989097819
0.003019241497769
0.003019491725862
0.003019739083127
0.003019983224445
0.003020224167360
0.003020462267119
0.003020698160919
0.003020932687036
0.003021166786620
0.003021401397330
0.003021637348557
0.003021875267705
0.003022115505853
0.003022358089381
0.003022602701768
0.003022848697171
0.003023095144682
0.003023340899597
0.003023584695829
0.003023825251928
0.003024061382096
0.003024292103254
0.003024516729493
0.003024734946225
0.003024946857838
0.003025153004518
0.003025354346123
0.003025552213268
0.003025748228070
0.003025944199216
0.003026141997888
0.003026343422730
0.003026550063214
0.003026763171426
0.003026983552459
0.003027211483054
0.003027446666948
0.003027688233438
0.003027934783059
0.003028184480906
0.003028435194308
0.003028684667376
0.003028930720724
0.003029171460826
0.003029405480456
0.003029632029863
0.003029851138340
0.003030063667877
0.003030271284874
0.003030476342492
0.003030681674626
0.003030890312348
0.003031105143893
0.003031328548818
0.003031562044617
0.003031805988437
0.003032059376645
0.003032319779911
0.003032583441040
0.003032845547262
0.003033100669241
0.003033343337352
0.003033568704308
0.003033773224680
0.003033955269195
0.003034115587493
0.003034257539282
0.003034387031395
0.003034512126704
0.003034642328162
0.003034787583912
0.003034957102517
0.003035158105312
0.003035394669604
0.003035666826588
0.003035970067540
0.003036295379121
0.003036629874719
0.003036958017735
0.003037263351837
0.003037530572279
0.003037747702605
0.003037908094000
0.003038011950126
0.003038067105413
0.003038088851653
0.003038098713058
0.003038122204093
0.003038185752392
0.003038313111630
0.003038521704868
0.003038819407189
0.003039202280662
0.003039653705214
0.003040145205791
0.003040639069878
0.003041092601742
0.003041463601500
0.003041716424967
0.003041827812153
0.003041791601793
0.003041621499603
0.003041351247241
0.003041031836542
0.003040725799072
0.003040499025950
0.003040410975606
0.003040504440444
0.003040796204179
0.003041269881209
0.003041871963650
0.003042511618199
0.003043064117641
0.003043377039016
0.003043277619418
0.003042579055215
0.003041083185914
0.003038577027417
0.003034821081616
0.003029528268467
0.003022333656886
0.003012756799039
0.003000160223466
0.002983709293736
0.002962339944765
0.002934741528723
0.002899361935613
0.002854441170577
0.002798077638384
0.002728328587845
0.002643342705667
0.002541519029006
0.002421682558974
0.002283263637421
0.002126465725670
0.001952405069554
0.001763206117369
0.001562038596918
0.001353085802619
0.001141438660859
0.000932916131623
0.000733818933385
0.000550629831050
0.000389679169954
0.000256798390032
0.000156986448132
0.000094114120779
0.000070688972881
0.000087699504149
0.000144550984431
0.000239098303103
0.000367773453868
0.000525797778486
0.000707462504862
0.000906456045374
0.001116213421333
0.001330262295944
0.001542541452200
0.001747670941524
0.001941158155525
0.002119530191462
0.002280389461492
0.002422395891523
0.002545184676309
0.002649232925711
0.002735691332601
0.002806198077319
0.002862691602786
0.002907236860482
0.002941876483566
0.002968514515836
0.002988836270487
0.003004264044823
0.003015945142567
0.003024766218648
0.003031386506267
0.003036282032317
0.003039793381734
0.003042170751661
0.003043611701744
0.003044288893877
0.003044366969894
0.003044009325483
0.003043376748519
0.003042620617012
0.003041873583761
0.003041240463333
0.003040791481964
0.003040559281647
0.003040540224009
0.003040699745180
0.003040980872373
0.003041314593199
0.003041630597823
0.003041866981978
0.003041977764537
0.003041937474140
0.003041742522288
0.003041409533443
0.003040971184442
0.003040470371972
0.003039953655088
0.003039464908579
0.003039039989903
0.003038702999531
0.003038464441688
0.003038321311520
0.003038258883390
0.003038253782465
0.003038277805929
0.003038301926718
0.003038299955729
0.003038251443202
0.003038143545241
0.003037971743686
0.003037739464042
0.003037456767822
0.003037138388974
0.003036801432254
0.003036463054176
0.003036138410023
0.003035839083131
0.003035572127440
0.003035339764004
0.003035139688479
0.003034965878849
0.003034809746965
0.003034661456395
0.003034511231840
0.003034350508471
0.003034172807390
0.003033974269666
0.003033753829288
0.003033513049262
0.003033255680251
0.003032987024864
0.003032713201775
0.003032440402833
0.003032174224988
0.003031919140029
0.003031678141929
0.003031452587241
0.003031242221380
0.003031045364968
0.003030859221087
0.003030680257103
0.003030504613317
0.003030328494506
0.003030148508206
0.003029961923829
0.003029766838126
0.003029562243590
0.003029348006179
0.003029124766412
0.003028893783023
0.003028656740939
0.003028415545477
0.003028172122780
0.003027928243186
0.003027685379915
0.003027444610811
0.003027206566294
0.003026971422571
0.003026738935712
0.003026508509615
0.003026279289174
0.003026050269045
0.003025820408284
0.003025588741570
0.003025354478724
0.003025117085591
0.003024876340978
0.003024632366204
0.003024385625734
0.003024136899346
0.003023887228184
0.003023637838838
0.003023390051078
0.003023145176104
0.003022904412913
0.003022668750658
0.003022438884581
0.003022215152256
0.003021997495484
0.003021785451321
0.003021578173532
0.003021374483395
0.003021172946411
0.003020971969294
0.003020769909891
0.003020565191452
0.003020356412171
0.003020142441174
0.003019922493133
0.003019696175372
0.003019463503587
0.003019224884948
0.003018981070094
0.003018733078228
0.003018482101846
0.003018229399433
0.003017976185520
0.003017723527744
0.003017472259959
0.003017222919008
0.003016975710697
0.003016730507864
0.003016486880597
0.003016244155714
0.003016001499982
0.003015758019360
0.003015512865077
0.003015265336624
0.003015014972013
0.003014761616649
0.003014505464082
0.003014247064311
0.003013987298227
0.003013727319774
0.003013468470304
0.003013212172147
0.003012959810326
0.003012712612529
0.003012471537712
0.003012237183113
0.003012009717993
0.003011788850208
0.003011573829011
0.003011363484424
0.003011156300467
0.003010950516621
0.003010744249565
0.003010535625434
0.003010322911988
0.003010104640004
0.003009879704128
0.003009647435084
0.003009407637517
0.003009160590602
0.003008907011624
0.003008647985784
0.003008384868286
0.003008119167002
0.003007852415594
0.003007586047706
0.003007321282678
0.003007059032223
0.003006799835709
