0.000042350251816
0.000042206405384
0.000042073884678
0.000041952784215
0.000041843190278
0.000041745180856
0.000041658825592
0.000041584185731
0.000041521314081
0.000041470254975
0.000041431044239
0.000041403709171
0.000041388268521
0.000041384732481
0.000041393102677
0.000041413372171
0.000041445525467
0.000041489538526
0.000041545378780
0.000041613005163
0.000041692368139
0.000041783409737
0.000041886063601
0.000042000255033
0.000042125901052
0.000042262910451
0.000042411183871
0.000042570613868
0.000042741084994
0.000042922473883
0.000043114649337
0.000043317472428
0.000043530796594
0.000043754467746
0.000043988324385
0.000044232197716
0.000044485911768
0.000044749283528
0.000045022123070
0.000045304233693
0.000045595412064
0.000045895448367
0.000046204126451
0.000046521223991
0.000046846512646
0.000047179758225
0.000047520720855
0.000047869155158
0.000048224810423
0.000048587430793
0.000048956755444
0.000049332518776
0.000049714450605
0.000050102276358
0.000050495717268
0.000050894490578
0.000051298309744
0.000051706884641
0.000052119921770
0.000052537124474
0.000052958193147
0.000053382825450
0.000053810716533
0.000054241559246
0.000054675044369
0.000055110860827
0.000055548695917
0.000055988235531
0.000056429164384
0.000056871166238
0.000057313924127
0.000057757120591
0.000058200437897
0.000058643558271
0.000059086164122
0.000059527938275
0.000059968564195
0.000060407726210
0.000060845109747
0.000061280401547
0.000061713289896
0.000062143464843
0.000062570618428
0.000062994444896
0.000063414640919
0.000063830905813
0.000064242941752
0.000064650453980
0.000065053151022
0.000065450744894
0.000065842951307
0.000066229489870
0.000066610084289
0.000066984462566
0.000067352357192
0.000067713505338
0.000068067649041
0.000068414535391
0.000068753916706
0.000069085550714
0.000069409200719
0.000069724635777
0.000070031630853
0.000070329966985
0.000070619431437
0.000070899817855
0.000071170926406
0.000071432563926
0.000071684544053
0.000071926687361
0.000072158821488
0.000072380781255
0.000072592408783
0.000072793553608
0.000072984072785
0.000073163830985
0.000073332700599
0.000073490561819
0.000073637302728
0.000073772819374
0.000073897015846
0.000074009804343
0.000074111105228
0.000074200847089
0.000074278966789
0.000074345409504
0.000074400128767
0.000074443086496
0.000074474253020
0.000074493607098
0.000074501135934
0.000074496835185
0.000074480708959
0.000074452769815
0.000074413038749
0.000074361545176
0.000074298326915
0.000074223430150
0.000074136909403
0.000074038827491
0.000073929255478
0.000073808272626
0.000073675966331
0.000073532432068
0.000073377773312
0.000073212101467
0.000073035535787
0.000072848203284
0.000072650238640
0.000072441784108
0.000072222989409
0.000071994011621
0.000071755015072
0.000071506171216
0.000071247658508
0.000070979662282
0.000070702374610
0.000070415994168
0.000070120726092
0.000069816781831
0.000069504378992
0.000069183741188
0.000068855097873
0.000068518684180
0.000068174740751
0.000067823513567
0.000067465253765
0.000067100217465
0.000066728665583
0.000066350863645
0.000065967081593
0.000065577593599
0.000065182677863
0.000064782616415
0.000064377694914
0.000063968202444
0.000063554431305
0.000063136676809
0.000062715237061
0.000062290412755
0.000061862506952
0.000061431824867
0.000060998673653
0.000060563362175
0.000060126200798
0.000059687501159
0.000059247575949
0.000058806738687
0.000058365303498
0.000057923584889
0.000057481897527
0.000057040556011
0.000056599874649
0.000056160167237
0.000055721746833
0.000055284925534
0.000054850014257
0.000054417322515
0.000053987158197
0.000053559827350
0.000053135633964
0.000052714879750
0.000052297863931
0.000051884883028
0.000051476230649
0.000051072197282
0.000050673070084
0.000050279132687
0.000049890664987
0.000049507942950
0.000049131238418
0.000048760818913
0.000048396947451
0.000048039882351
0.000047689877058
0.000047347179960
0.000047012034212
0.000046684677568
0.000046365342207
0.000046054254576
0.000045751635224
0.000045457698649
0.000045172653148
0.000044896700667
0.000044630036662
0.000044372849959
0.000044125322621
0.000043887629823
0.000043659939725
0.000043442413356
0.000043235204501
0.000043038459591
0.000042852317604
0.000042676909965
0.000042512360455
0.000042358785125
0.000042216292213
0.000042084982073
0.000041964947101
0.000041856271671
0.000041759032080
0.000041673296494
0.000041599124899
0.000041536569062
0.000041485672498
0.000041446470436
0.000041418989797
0.000041403249180
0.000041399258848
0.000041407020719
0.000041426528374
0.000041457767054
0.000041500713681
0.000041555336870
0.000041621596955
0.000041699446018
0.000041788827926
0.000041889678372
0.000042001924920
0.000042125487061
0.000042260276272
0.000042406196076
0.000042563142117
0.000042731002233
0.000042909656537
0.000043098977504
0.000043298830065
0.000043509071698
0.000043729552540
0.000043960115487
0.000044200596307
0.000044450823764
0.000044710619736
0.000044979799341
0.000045258171075
0.000045545536944
0.000045841692609
0.000046146427528
0.000046459525113
0.000046780762876
0.000047109912595
0.000047446740476
0.000047791007314
0.000048142468671
0.000048500875044
0.000048865972048
0.000049237500593
0.000049615197070
0.000049998793539
0.000050388017921
0.000050782594186
0.000051182242556
0.000051586679699
0.000051995618934
0.000052408770431
0.000052825841419
0.000053246536393
0.000053670557326
0.000054097603876
0.000054527373604
0.000054959562183
0.000055393863619
0.000055829970466
0.000056267574042
0.000056706364649
0.000057146031795
0.000057586264408
0.000058026751062
0.000058467180194
0.000058907240324
0.000059346620279
0.000059785009409
0.000060222097809
0.000060657576536
0.000061091137831
0.000061522475331
0.000061951284290
0.000062377261793
0.000062800106967
0.000063219521199
0.000063635208339
0.000064046874917
0.000064454230344
0.000064856987119
0.000065254861031
0.000065647571361
0.000066034841078
0.000066416397032
0.000066791970152
0.000067161295630
0.000067524113109
0.000067880166868
0.000068229205998
0.000068570984581
0.000068905261863
0.000069231802420
0.000069550376328
0.000069860759318
0.000070162732940
0.000070456084712
0.000070740608268
0.000071016103508
0.000071282376731
0.000071539240776
0.000071786515148
0.000072024026151
0.000072251607001
0.000072469097948
0.000072676346388
0.000072873206963
0.000073059541668
0.000073235219947
0.000073400118780
0.000073554122769
0.000073697124222
0.000073829023223
0.000073949727702
0.000074059153499
0.000074157224422
0.000074243872301
0.000074319037028
0.000074382666605
0.000074434717177
0.000074475153058
0.000074503946760
0.000074521079004
0.000074526538740
0.000074520323147
0.000074502437635
0.000074472895840
0.000074431719615
0.000074378939007
0.000074314592241
0.000074238725687
0.000074151393827
0.000074052659215
0.000073942592432
0.000073821272033
0.000073688784493
0.000073545224140
0.000073390693093
0.000073225301181
0.000073049165872
0.000072862412183
0.000072665172594
0.000072457586949
0.000072239802361
0.000072011973106
0.000071774260507
0.000071526832828
0.000071269865148
0.000071003539239
0.000070728043435
0.000070443572499
0.000070150327486
0.000069848515597
0.000069538350035
0.000069220049853
0.000068893839798
0.000068559950150
0.000068218616564
