0.002578665221252
0.002583416491223
0.002587716818320
0.002591415434556
0.002594380366699
0.002596503015217
0.002597701995790
0.002597926109512
0.002597156335673
0.002595406772447
0.002592724485049
0.002589188256761
0.002584906274470
0.002580012815953
0.002574664039719
0.002569033008813
0.002563304106492
0.002557667023154
0.002552310509706
0.002547416101992
0.002543152023700
0.002539667471139
0.002537087472495
0.002535508496940
0.002534994965835
0.002535576789849
0.002537248023114
0.002539966689521
0.002543655798089
0.002548205525290
0.002553476503533
0.002559304117959
0.002565503679551
0.002571876312441
0.002578215368228
0.002584313160971
0.002589967803995
0.002594989924188
0.002599209031340
0.002602479329270
0.002604684771774
0.002605743189359
0.002605609341570
0.002604276783617
0.002601778473896
0.002598186089646
0.002593608060110
0.002588186368806
0.002582092217460
0.002575520682474
0.002568684529217
0.002561807378762
0.002555116444945
0.002548835075956
0.002543175343542
0.002538330923847
0.002534470506917
0.002531731957070
0.002530217424064
0.002529989575958
0.002531069089664
0.002533433495428
0.002537017428209
0.002541714293412
0.002547379308237
0.002553833834466
0.002560870875318
0.002568261569499
0.002575762481138
0.002583123455952
0.002590095792933
0.002596440467619
0.002601936138333
0.002606386670741
0.002609627928686
0.002611533600294
0.002612019857030
0.002611048679072
0.002608629721810
0.002604820644322
0.002599725869793
0.002593493798511
0.002586312544686
0.002578404317215
0.002570018610089
0.002561424408869
0.002552901654218
0.002544732230605
0.002537190767127
0.002530535547117
0.002524999823505
0.002520783827542
0.002518047739806
0.002516905864735
0.002517422214151
0.002519607662402
0.002523418787084
0.002528758456388
0.002535478168532
0.002543382092269
0.002552232701926
0.002561757847574
0.002571659052483
0.002581620787702
0.002591320438624
0.002600438652243
0.002608669737133
0.002615731781958
0.002621376162519
0.002625396122339
0.002627634136913
0.002627987806552
0.002626414066149
0.002622931550945
0.002617621013927
0.002610623751229
0.002602138054766
0.002592413774570
0.002581745134739
0.002570462004674
0.002558919879454
0.002547488868099
0.002536542024503
0.002526443381819
0.002517536066035
0.002510130867732
0.002504495642450
0.002500845889585
0.002499336828012
0.002500057244335
0.002503025338105
0.002508186728885
0.002515414724614
0.002524512881010
0.002535219810211
0.002547216125333
0.002560133338661
0.002573564466742
0.002587076037905
0.002600221148525
0.002612553175339
0.002623639723679
0.002633076376583
0.002640499808067
0.002645599835616
0.002648130011992
0.002647916394243
0.002644864177302
0.002638961939471
0.002630283315778
0.002618985990552
0.002605307980640
0.002589561262883
0.002572122881486
0.002553423750277
0.002533935439007
0.002514155299669
0.002494590346079
0.002475740345895
0.002458080617282
0.002442045041465
0.002428009806638
0.002416278387826
0.002407068241471
0.002400499653266
0.002396587124095
0.002395233613310
0.002396227882695
0.002399245100435
0.002403850774605
0.002409507992626
0.002415587849415
0.002421382855376
0.002426123028434
0.002428994294718
0.002429158752401
0.002425776294801
0.002418027043870
0.002405134014969
0.002386385419310
0.002361156012245
0.002328926913547
0.002289303359753
0.002242029897447
0.002187002588897
0.002124277875929
0.002054077832290
0.001976791626751
0.001892973116198
0.001803334587333
0.001708736764561
0.001610175297481
0.001508764031437
0.001405715446373
0.001302318720581
0.001199915934817
0.001099876977238
0.001003573739467
0.000912354208076
0.000827517053711
0.000750287302106
0.000681793637958
0.000623047845272
0.000574926827630
0.000538157580861
0.000513305410842
0.000500765602931
0.000500758659489
0.000513329130418
0.000538347971482
0.000575518278687
0.000624384166643
0.000684342486788
0.000754657019403
0.000834474723133
0.000922843588383
0.001018731617246
0.001121046442931
0.001228655105873
0.001340403521416
0.001455135204174
0.001571708855732
0.001689014473665
0.001805987699054
0.001921622184740
0.002034979835393
0.002145198840609
0.002251499491750
0.002353187839606
0.002449657311456
0.002540388460659
0.002624947068145
0.002702980851673
0.002774215064724
0.002838447281702
0.002895541669630
0.002945423039013
0.002988070948430
0.003023514109811
0.003051825305374
0.003073116984403
0.003087537660138
0.003095269175966
0.003096524857662
0.003091548516855
0.003080614221862
0.003064026707643
0.003042122258338
0.003015269865187
0.002983872440792
0.002948367858418
0.002909229582892
0.002866966667821
0.002822122912000
0.002775274995519
0.002727029452226
0.002678018378625
0.002628893828540
0.002580320896125
0.002532969545283
0.002487505299187
0.002444578957396
0.002404815558070
0.002368802847069
0.002337079552555
0.002310123791731
0.002288341954106
0.002272058412499
0.002261506408221
0.002256820440321
0.002258030460791
0.002265058138615
0.002277715406705
0.002295705448178
0.002318626213930
0.002345976493749
0.002377164490461
0.002411518773021
0.002448301412247
0.002486723034428
0.002525959465446
0.002565169583400
0.002603513952853
0.002640173780359
0.002674369709972
0.002705379970069
0.002732557389301
0.002755344820091
0.002773288542227
0.002786049266249
0.002793410415030
0.002795283430875
0.002791709932650
0.002782860630736
0.002769030994685
0.002750633756847
0.002728188422330
0.002702308038978
0.002673683558099
0.002643066185192
0.002611248177818
0.002579042593313
0.002547262520777
0.002516700348754
0.002488107621576
0.002462176023379
0.002439519999630
0.002420661482345
0.002406017128239
0.002395888410439
0.002390454825981
0.002389770395328
0.002393763539090
0.002402240323556
0.002414890973193
0.002431299457788
0.002450955876733
0.002473271285866
0.002497594545153
0.002523230710558
0.002549460452064
0.002575559953276
0.002600820737033
0.002624568866324
0.002646182990331
0.002665110741002
0.002680883035117
0.002693125898868
0.002701569504711
0.002706054191514
0.002706533326391
0.002703072957624
0.002695848299938
0.002685137183553
0.002671310684224
0.002654821230396
0.002636188553475
0.002615983905954
0.002594813018159
0.002573298296415
0.002552060782582
0.002531702396859
0.002512788972431
0.002495834562557
0.002481287458885
0.002469518305526
0.002460810628397
0.002455354025545
0.002453240183807
0.002454461802735
0.002458914420666
0.002466401052762
0.002476639469253
0.002489271866408
0.002503876615091
0.002519981714113
0.002537079529518
0.002554642367837
0.002572138411897
0.002589047542603
0.002604876579150
0.002619173492960
0.002631540186539
0.002641643476104
0.002649223974811
0.002654102639772
0.002656184818828
0.002655461709873
0.002652009224157
0.002645984323004
0.002637618972373
0.002627211929599
0.002615118639149
0.002601739567862
0.002587507352994
0.002572873167617
0.002558292726484
0.002544212361021
0.002531055584613
0.002519210549176
0.002509018761862
0.002500765387819
0.002494671412535
0.002490887877231
0.002489492334885
0.002490487604873
0.002493802833036
0.002499296793457
0.002506763300467
0.002515938536492
0.002526510045070
0.002538127090543
0.002550412047702
0.002562972457330
0.002575413367701
0.002587349578091
0.002598417408243
0.002608285637044
0.002616665283828
0.002623317945506
0.002628062450972
