0.002899547233246
0.002900691507513
0.002902243977356
0.002904108631792
0.002906168077558
0.002908290765686
0.002910339208283
0.002912178673162
0.002913685808198
0.002914756645971
0.002915313472817
0.002915310113040
0.002914735274780
0.002913613723181
0.002912005181617
0.002910001004582
0.002907718807300
0.002905295368344
0.002902878234172
0.002900616541129
0.002898651625502
0.002897108011874
0.002896085352611
0.002895651837726
0.002895839507482
0.002896641785082
0.002898013410679
0.002899872808886
0.002902106769409
0.002904577173689
0.002907129368973
0.002909601683270
0.002911835497302
0.002913685247953
0.002915027734793
0.002915770137694
0.002915856227359
0.002915270357706
0.002914038962993
0.002912229435411
0.002909946421157
0.002907325734818
0.002904526243082
0.002901720199858
0.002899082617405
0.002896780325414
0.002894961397457
0.002893745609782
0.002893216541372
0.002893415829645
0.002894339968439
0.002895939881634
0.002898123336051
0.002900760081552
0.002903689435224
0.002906729870990
0.002909690045580
0.002912380595101
0.002914625979641
0.002916275640655
0.002917213768463
0.002917367053734
0.002916709913097
0.002915266828337
0.002913111612302
0.002910363602130
0.002907180970478
0.002903751526299
0.002900281537203
0.002896983235299
0.002894061759358
0.002891702331933
0.002890058467349
0.002889241954711
0.002889315261770
0.002890286866002
0.002892109846608
0.002894683875425
0.002897860537615
0.002901451707037
0.002905240509006
0.002908994236734
0.002912478457591
0.002915471460115
0.002917778158104
0.002919242587255
0.002919758202105
0.002919275303120
0.002917805088740
0.002915420025840
0.002912250452690
0.002908477558001
0.002904323104220
0.002900036469049
0.002895879753423
0.002892111835679
0.002888972331721
0.002886666443848
0.002885351644226
0.002885127043916
0.002886026149761
0.002888013517258
0.002890985578945
0.002894775677936
0.002899163079935
0.002903885489733
0.002908654375060
0.002913172215616
0.002917150660234
0.002920328499355
0.002922488349230
0.002923471000285
0.002923186502862
0.002921621243067
0.002918840489953
0.002914986160046
0.002910269830848
0.002904961324815
0.002899373461754
0.002893843823912
0.002888714578479
0.002884311543962
0.002880923759919
0.002878784818073
0.002878057135225
0.002878820197706
0.002881063590614
0.002884685354453
0.002889495901917
0.002895227396159
0.002901548158394
0.002908081356972
0.002914426951593
0.002920185642613
0.002924983421282
0.002928495243113
0.002930466359968
0.002930729948214
0.002929219856680
0.002925977560241
0.002921152729001
0.002914997191561
0.002907852462990
0.002900131401073
0.002892294924819
0.002884825054377
0.002878195790636
0.002872843528658
0.002869138778580
0.002867360943211
0.002867677771340
0.002870130874249
0.002874628370502
0.002880945326941
0.002888732212952
0.002897531105327
0.002906798899801
0.002915936330864
0.002924321201553
0.002931343905060
0.002936443102013
0.002939139317741
0.002939064253294
0.002935983765715
0.002929812763169
0.002920620667336
0.002908626600564
0.002894184033631
0.002877755251779
0.002859876628360
0.002841116301559
0.002822026395011
0.002803092374253
0.002784682458471
0.002767000187162
0.002750043257396
0.002733571591072
0.002717087263493
0.002699828434779
0.002680778793070
0.002658693270547
0.002632139964678
0.002599557327820
0.002559324822370
0.002509844421177
0.002449629608565
0.002377397947086
0.002292162855099
0.002193320018604
0.002080723856873
0.001954749684037
0.001816337655724
0.001667015247431
0.001508895854967
0.001344652102478
0.001177463547053
0.001010939630996
0.000849019899534
0.000695854617188
0.000555669925596
0.000432622538259
0.000330649618734
0.000253319902280
0.000203692271363
0.000184187869362
0.000196481433666
0.000241416861873
0.000318951118142
0.000428129478165
0.000567093847816
0.000733124527430
0.000922714391608
0.001131673076499
0.001355257475613
0.001588323700794
0.001825494720201
0.002061337184459
0.002290540528882
0.002508091314604
0.002709435951661
0.002890625425456
0.003048436403817
0.003180464101299
0.003285183475571
0.003361976673402
0.003411126070386
0.003433773694430
0.003431849223213
0.003407970037465
0.003365317937699
0.003307498042579
0.003238386043465
0.003161970364965
0.003082195861885
0.003002815469182
0.002927255727196
0.002858501356508
0.002799003093532
0.002750611867281
0.002714541154611
0.002691358055104
0.002681002338505
0.002682831496724
0.002695688734158
0.002717989902851
0.002747824671984
0.002783066743097
0.002821487699517
0.002860869114858
0.002899107832405
0.002934309844276
0.002964868915328
0.002989526971939
0.003007414263127
0.003018068350191
0.003021432038221
0.003017831376889
0.003007935780496
0.002992703106025
0.002973313148198
0.002951093437067
0.002927441441513
0.002903747287115
0.002881320895981
0.002861327066208
0.002844731455540
0.002832259751166
0.002824371534317
0.002821249527060
0.002822804083023
0.002828691996405
0.002838347993794
0.002851026675218
0.002865852211714
0.002881872805869
0.002898116789484
0.002913647270183
0.002927612438583
0.002939288993636
0.002948116612754
0.002953721956231
0.002955931319264
0.002954771694166
0.002950460644482
0.002943385987765
0.002934076804011
0.002923167706569
0.002911358612255
0.002899372414882
0.002887912996657
0.002877625907497
0.002869063813272
0.002862658476593
0.002858700610094
0.002857328457891
0.002858525444830
0.002862126714491
0.002867833884625
0.002875236909162
0.002883841572028
0.002893100867774
0.002902448359771
0.002911331554543
0.002919243390520
0.002925750104411
0.002930513996497
0.002933309950205
0.002934034950523
0.002932710266735
0.002929476392943
0.002924581250602
0.002918362528024
0.002911225342588
0.002903616646184
0.002895997941865
0.002888817933674
0.002882486691455
0.002877352782811
0.002873684614938
0.002871656953670
0.002871343263270
0.002872714157735
0.002875641893864
0.002879910488645
0.002885230728454
0.002891259072407
0.002897619251009
0.002903925234147
0.002909804195010
0.002914918129711
0.002918982902378
0.002921783664288
0.002923185831342
0.002923141081887
0.002921688139685
0.002918948416541
0.002915116887659
0.002910448843102
0.002905243385742
0.002899824717417
0.002894522361955
0.002889651511338
0.002885494648796
0.002882285503344
0.002880196231378
0.002879328512808
0.002879709005082
0.002881289333139
0.002883950522918
0.002887511526357
0.002891741251840
0.002896373319084
0.002901122612077
0.002905702615616
0.002909842494228
0.002913302907325
0.002915889648140
0.002917464339667
0.002917951609157
0.002917342381662
0.002915693169381
0.002913121472884
0.002909797638487
0.002905933719885
0.002901770060010
0.002897560431679
0.002893556646379
0.002889993556342
0.002887075335678
0.002884963835176
0.002883769668543
0.002883546514328
0.002884288918260
0.002885933667656
0.002888364595612
0.002891420470702
0.002894905449576
0.002898601425543
0.002902281503766
0.002905723778834
0.002908724585430
0.002911110437416
0.002912747961286
0.002913551260678
0.002913486310970
0.002912572166870
0.002910878960024
0.002908522856233
0.002905658321549
0.002902468202569
0.002899152249871
0.002895914797680
0.002892952353043
0.002890441842319
0.002888530212511
0.002887325993554
0.002886893301199
0.002887248606551
0.002888360427333
0.002890151917942
0.002892506161162
