0.002584514195484
0.002589656543398
0.002594890679271
0.002600040558526
0.002604931454517
0.002609395939997
0.002613279669980
0.002616446766552
0.002618784618113
0.002620207924029
0.002620661840020
0.002620124109146
0.002618606096931
0.002616152685919
0.002612841023505
0.002608778156023
0.002604097620326
0.002598955100329
0.002593523288778
0.002587986122869
0.002582532585117
0.002577350277414
0.002572618985699
0.002568504454952
0.002565152588908
0.002562684276368
0.002561191026345
0.002560731568398
0.002561329542958
0.002562972370478
0.002565611348842
0.002569162987101
0.002573511541564
0.002578512678993
0.002583998152619
0.002589781341115
0.002595663469907
0.002601440309282
0.002606909125570
0.002611875650959
0.002616160834601
0.002619607142814
0.002622084189285
0.002623493496768
0.002623772219381
0.002622895688179
0.002620878681315
0.002617775362381
0.002613677875197
0.002608713628750
0.002603041350789
0.002596846031117
0.002590332914544
0.002583720737282
0.002577234428246
0.002571097517151
0.002565524503755
0.002560713446613
0.002556839025019
0.002554046314491
0.002552445494636
0.002552107679047
0.002553062021018
0.002555294207455
0.002558746407696
0.002563318695564
0.002568871913490
0.002575231898503
0.002582194943106
0.002589534320976
0.002597007669638
0.002604364991033
0.002611357007388
0.002617743594810
0.002623302011252
0.002627834639128
0.002631175975925
0.002633198628360
0.002633818096210
0.002632996170108
0.002630742812057
0.002627116436740
0.002622222564441
0.002616210870590
0.002609270711041
0.002601625254209
0.002593524399472
0.002585236704061
0.002577040576627
0.002569215023365
0.002562030251147
0.002555738440675
0.002550565000975
0.002546700604387
0.002544294279015
0.002543447803833
0.002544211611394
0.002546582355496
0.002550502247731
0.002555860209324
0.002562494824855
0.002570199024341
0.002578726361704
0.002587798702844
0.002597115087154
0.002606361484176
0.002615221133555
0.002623385132817
0.002630562924583
0.002636492333312
0.002640948811605
0.002643753577404
0.002644780355533
0.002643960478935
0.002641286155553
0.002636811764440
0.002630653107546
0.002622984609865
0.002614034527933
0.002604078292981
0.002593430178188
0.002582433537236
0.002571449911958
0.002560847348365
0.002550988291445
0.002542217448532
0.002534850018096
0.002529160675007
0.002525373684778
0.002523654488309
0.002524103056206
0.002526749258927
0.002531550437439
0.002538391290583
0.002547086122088
0.002557383414376
0.002568972620426
0.002581492991342
0.002594544188449
0.002607698366791
0.002620513364064
0.002632546587005
0.002643369157614
0.002652579865368
0.002659818469611
0.002664777908685
0.002667214999076
0.002666959248132
0.002663919456777
0.002658087852554
0.002649541566497
0.002638441347550
0.002625027493188
0.002609613061886
0.002592574519550
0.002574340055250
0.002555375878912
0.002536170882708
0.002517220106331
0.002499007492363
0.002481988449896
0.002466572761301
0.002453108367865
0.002441866554718
0.002433029024262
0.002426677301007
0.002422784850480
0.002421212222333
0.002421705445013
0.002423897808698
0.002427315077194
0.002431384071032
0.002435444465890
0.002438763555562
0.002440553639956
0.002439991618443
0.002436240299924
0.002428470885188
0.002415886036179
0.002397742922101
0.002373375624462
0.002342216292662
0.002303814468270
0.002257854039050
0.002204167341901
0.002142746005490
0.002073748206611
0.001997502106631
0.001914505333369
0.001825420476451
0.001731066667800
0.001632407420417
0.001530534995268
0.001426651655143
0.001322048243314
0.001218080591691
0.001116144315964
0.001017648592743
0.000923989535009
0.000836523786765
0.000756542945830
0.000685249395672
0.000623734084115
0.000572956730054
0.000533728870820
0.000506700084653
0.000492347637253
0.000490969711134
0.000502682284165
0.000527419631860
0.000564938339373
0.000614824626064
0.000676504710324
0.000749257876892
0.000832231854881
0.000924460073308
0.001024880332984
0.001132354419481
0.001245688181578
0.001363651612560
0.001484998497221
0.001608485224044
0.001732888408401
0.001857021026750
0.001979746821863
0.002099992802829
0.002216759728777
0.002329130529889
0.002436276681024
0.002537462600463
0.002632048197013
0.002719489731646
0.002799339193856
0.002871242417178
0.002934936172456
0.002990244481476
0.003037074387683
0.003075411405763
0.003105314848696
0.003126913200883
0.003140399670571
0.003146028015672
0.003144108696108
0.003135005364654
0.003119131668852
0.003096948300517
0.003068960198267
0.003035713783669
0.002997794094140
0.002955821666370
0.002910449023294
0.002862356625572
0.002812248164924
0.002760845100949
0.002708880374326
0.002657091266365
0.002606211416315
0.002556962052062
0.002510042535006
0.002466120364281
0.002425820827137
0.002389716519482
0.002358316991658
0.002332058797985
0.002311296243225
0.002296293124019
0.002287215757806
0.002284127575615
0.002286985528483
0.002295638520574
0.002309828036263
0.002329191074686
0.002353265445009
0.002381497410803
0.002413251604244
0.002447823062746
0.002484451173968
0.002522335252447
0.002560651414228
0.002598570367002
0.002635275694081
0.002669982182586
0.002701953730683
0.002730520366396
0.002755093921840
0.002775181931692
0.002790399362858
0.002800477832799
0.002805272035537
0.002804763165379
0.002799059206946
0.002788392043865
0.002773111425218
0.002753675915830
0.002730641041325
0.002704644918829
0.002676391736992
0.002646633512266
0.002616150600172
0.002585731478943
0.002556152347137
0.002528157085741
0.002502438128482
0.002479618761634
0.002460237337017
0.002444733830221
0.002433439111653
0.002426567222714
0.002424210865378
0.002426340223064
0.002432805136663
0.002443340564607
0.002457575162748
0.002475042731330
0.002495196195074
0.002517423710778
0.002541066437014
0.002565437454228
0.002589841292202
0.002613593506389
0.002636039745497
0.002656573769820
0.002674653912791
0.002689817525893
0.002701693008121
0.002710009093704
0.002714601153653
0.002715414355381
0.002712503617498
0.002706030391204
0.002696256392494
0.002683534498104
0.002668297099935
0.002651042285283
0.002632318271390
0.002612706570915
0.002592804398347
0.002573206845493
0.002554489356201
0.002537191016737
0.002521799149028
0.002508735650417
0.002498345466993
0.002490887519780
0.002486528326261
0.002485338476196
0.002487292033101
0.002492268843813
0.002500059650910
0.002510373819087
0.002522849409494
0.002537065267685
0.002552554733358
0.002568820535072
0.002585350401932
0.002601632907631
0.002617173060659
0.002631507167781
0.002644216525653
0.002654939536446
0.002663381896522
0.002669324570516
0.002672629334719
0.002673241751147
0.002671191514586
0.002666590196740
0.002659626491808
0.002650559143950
0.002639707806739
0.002627442145857
0.002614169547091
0.002600321830607
0.002586341398559
0.002572667255460
0.002559721339339
0.002547895586567
0.002537540125087
0.002528952950546
0.002522371388968
0.002517965589793
0.002515834226311
0.002516002508920
0.002518422542570
0.002522975985507
0.002529478894427
0.002537688573583
0.002547312184359
0.002558016819212
0.002569440701229
0.002581205139123
0.002592926848150
0.002604230240671
0.002614759296007
0.002624188637406
0.002632233473875
0.002638658104935
0.002643282735980
0.002645988408860
0.002646719914936
0.002645486623919
0.002642361229269
