0.002407856295129
0.002404787176655
0.002402329541985
0.002400558405748
0.002399530908332
0.002399284555924
0.002399835978237
0.002401180243219
0.002403290753258
0.002406119731811
0.002409599293422
0.002413643074097
0.002418148383544
0.002422998826172
0.002428067324405
0.002433219466256
0.002438317089426
0.002443222006842
0.002447799773682
0.002451923393734
0.002455476863483
0.002458358455635
0.002460483649810
0.002461787626691
0.002462227252913
0.002461782496946
0.002460457231095
0.002458279390862
0.002455300480088
0.002451594427906
0.002447255821227
0.002442397553698
0.002437147948365
0.002431647426261
0.002426044806232
0.002420493332376
0.002415146533930
0.002410154028241
0.002405657380307
0.002401786132144
0.002398654112039
0.002396356127413
0.002394965135909
0.002394529977485
0.002395073736098
0.002396592783334
0.002399056538540
0.002402407960988
0.002406564770002
0.002411421369216
0.002416851431748
0.002422711084652
0.002428842614016
0.002435078596954
0.002441246354003
0.002447172605387
0.002452688207548
0.002457632842592
0.002461859532838
0.002465238855709
0.002467662740624
0.002469047739203
0.002469337672891
0.002468505577550
0.002466554882440
0.002463519780796
0.002459464770394
0.002454483364546
0.002448695996353
0.002442247161043
0.002435301862395
0.002428041448915
0.002420658943056
0.002413353981922
0.002406327500046
0.002399776293671
0.002393887611216
0.002388833916023
0.002384767965047
0.002381818340840
0.002380085564078
0.002379638900257
0.002380513957342
0.002382711151426
0.002386195095459
0.002390894942228
0.002396705687792
0.002403490415973
0.002411083439079
0.002419294265426
0.002427912301020
0.002436712171742
0.002445459533988
0.002453917226581
0.002461851605284
0.002469038893797
0.002475271381940
0.002480363302996
0.002484156227904
0.002486523824108
0.002487375841163
0.002486661203371
0.002484370111326
0.002480535078846
0.002475230858636
0.002468573238634
0.002460716720509
0.002451851121500
0.002442197169910
0.002432001192361
0.002421529016578
0.002411059236314
0.002400876004485
0.002391261535918
0.002382488512069
0.002374812586126
0.002368465187908
0.002363646823764
0.002360521057345
0.002359209342721
0.002359786862250
0.002362279498193
0.002366662039913
0.002372857698177
0.002380738965377
0.002390129826158
0.002400809287880
0.002412516165409
0.002424955020847
0.002437803126855
0.002450718293018
0.002463347369149
0.002475335218060
0.002486333933968
0.002496012071715
0.002504063646788
0.002510216666965
0.002514240963373
0.002515955101734
0.002515232173395
0.002512004290014
0.002506265635000
0.002498073958269
0.002487550437956
0.002474877872354
0.002460297206800
0.002444102442300
0.002426634014483
0.002408270771860
0.002389420720395
0.002370510735972
0.002351975476677
0.002334245751998
0.002317736625364
0.002302835539428
0.002289890759534
0.002279200429853
0.002271002528402
0.002265465991885
0.002262683259042
0.002262664452585
0.002265333385302
0.002270525536298
0.002277988099538
0.002287382159744
0.002298287001487
0.002310206507040
0.002322577548500
0.002334780230941
0.002346149797265
0.002355989962904
0.002363587410840
0.002368227145437
0.002369208378063
0.002365860599335
0.002357559482293
0.002343742258487
0.002323922214819
0.002297701973102
0.002264785236354
0.002224986715492
0.002178239986624
0.002124603071877
0.002064261584629
0.001997529332087
0.001924846323274
0.001846774187232
0.001763989063534
0.001677272083472
0.001587497614452
0.001495619490711
0.001402655499458
0.001309670431691
0.001217758040393
0.001128022274672
0.001041558176150
0.000959432832879
0.000882666786317
0.000812216278055
0.000748956705489
0.000693667629736
0.000647019645329
0.000609563380501
0.000581720849943
0.000563779330008
0.000555887870564
0.000558056499337
0.000570158115098
0.000591933006667
0.000622995876969
0.000662845196489
0.000710874659853
0.000766386473956
0.000828606167230
0.000896698578148
0.000969784657617
0.001046958705081
0.001127305652255
0.001209918011570
0.001293912118513
0.001378443317791
0.001462719772116
0.001546014608692
0.001627676161263
0.001707136113851
0.001783915404849
0.001857627805705
0.001927981145630
0.001994776211268
0.002057903406593
0.002117337312193
0.002173129333134
0.002225398669686
0.002274321884146
0.002320121368950
0.002363053045412
0.002403393638236
0.002441427877997
0.002477435982023
0.002511681753436
0.002544401619030
0.002575794899454
0.002606015570659
0.002635165734612
0.002663290970820
0.002690377689562
0.002716352553982
0.002741083982914
0.002764385690633
0.002786022165282
0.002805715935720
0.002823156428336
0.002838010172215
0.002849932073956
0.002858577453423
0.002863614509522
0.002864736871239
0.002861675884155
0.002854212286479
0.002842186941349
0.002825510313399
0.002804170406882
0.002778238919333
0.002747875407857
0.002713329313718
0.002674939743694
0.002633132962443
0.002588417607440
0.002541377695617
0.002492663547060
0.002442980804796
0.002393077779354
0.002343731391221
0.002295732022462
0.002249867619573
0.002206907412350
0.002167585627630
0.002132585581690
0.002102524530803
0.002077939645986
0.002059275455554
0.002046873068310
0.002040961451614
0.002041650993268
0.002048929524953
0.002062660929273
0.002082586393452
0.002108328311885
0.002139396778467
0.002175198549346
0.002215048298979
0.002258181938431
0.002303771716007
0.002350942777872
0.002398790831067
0.002446400524407
0.002492864144541
0.002537300215597
0.002578871591492
0.002616802640105
0.002650395137966
0.002679042522408
0.002702242184582
0.002719605530569
0.002730865587955
0.002735881990541
0.002734643232994
0.002727266148895
0.002713992628315
0.002695183653289
0.002671310789950
0.002642945333184
0.002610745352181
0.002575440931938
0.002537817945583
0.002498700724388
0.002458934015843
0.002419364634576
0.002380823216045
0.002344106478547
0.002309960385470
0.002279064577143
0.002252018410654
0.002229328907419
0.002211400863045
0.002198529323093
0.002190894573146
0.002188559733191
0.002191470986329
0.002199460411472
0.002212251330496
0.002229466023598
0.002250635613715
0.002275211872949
0.002302580662176
0.002332076680248
0.002362999172215
0.002394628227448
0.002426241288630
0.002457129491682
0.002486613464545
0.002514058229256
0.002538886876377
0.002560592712920
0.002578749623712
0.002593020430575
0.002603163082753
0.002609034564468
0.002610592460007
0.002607894172170
0.002601093844708
0.002590437092502
0.002576253693211
0.002558948440009
0.002538990395562
0.002516900821926
0.002493240088539
0.002468593880599
0.002443559042293
0.002418729393494
0.002394681854524
0.002371963201758
0.002351077757408
0.002332476290446
0.002316546372977
0.002303604398304
0.002293889424410
0.002287558960730
0.002284686767987
0.002285262691720
0.002289194501181
0.002296311657614
0.002306370890757
0.002319063420767
0.002334023625579
0.002350838921898
0.002369060602216
0.002388215351011
0.002407817151054
0.002427379285647
0.002446426144746
0.002464504552096
0.002481194346439
0.002496117972031
0.002508948861552
0.002519418427233
0.002527321512750
0.002532520198288
0.002534945893084
0.002534599692624
0.002531551020538
0.002525934616963
0.002517945974761
0.002507835361528
0.002495900597976
0.002482478791200
0.002467937244061
0.002452663778723
0.002437056723224
0.002421514814344
0.002406427268200
