0.002845456567373
0.002844600232262
0.002843510225971
0.002842243804463
0.002840868772141
0.002839459886632
0.002838094837953
0.002836850016064
0.002835796294937
0.002834995063083
0.002834494719918
0.002834327834684
0.002834509131108
0.002835034418137
0.002835880537247
0.002837006342535
0.002838354673964
0.002839855229780
0.002841428194161
0.002842988433352
0.002844450040365
0.002845730986525
0.002846757629249
0.002847468829868
0.002847819453214
0.002847783051030
0.002847353572779
0.002846545997911
0.002845395840444
0.002843957537006
0.002842301789889
0.002840511994056
0.002838679928239
0.002836900932415
0.002835268824740
0.002833870828520
0.002832782783063
0.002832064900705
0.002831758306592
0.002831882558921
0.002832434297304
0.002833387108271
0.002834692632638
0.002836282872935
0.002838073593896
0.002839968648599
0.002841865010588
0.002843658251089
0.002845248172627
0.002846544297653
0.002847470914071
0.002847971398932
0.002848011576134
0.002847581912211
0.002846698413782
0.002845402157906
0.002843757459037
0.002841848749631
0.002839776321829
0.002837651141181
0.002835588996716
0.002833704291531
0.002832103802471
0.002830880744479
0.002830109464511
0.002829841061518
0.002830100184369
0.002830883200644
0.002832157859032
0.002833864490092
0.002835918708397
0.002838215497990
0.002840634486797
0.002843046148463
0.002845318615705
0.002847324750714
0.002848949097931
0.002850094343850
0.002850686927915
0.002850681487273
0.002850063874559
0.002848852559155
0.002847098305164
0.002844882109349
0.002842311474896
0.002839515187230
0.002836636841369
0.002833827441896
0.002831237452547
0.002829008709384
0.002827266627221
0.002826113122114
0.002825620643294
0.002825827656963
0.002826735854162
0.002828309268858
0.002830475394557
0.002833128283250
0.002836133504607
0.002839334741615
0.002842561706877
0.002845638986499
0.002848395360357
0.002850673112027
0.002852336831134
0.002853281226446
0.002853437509475
0.002852777974015
0.002851318484075
0.002849118686909
0.002846279884260
0.002842940617652
0.002839270146242
0.002835460112015
0.002831714790618
0.002828240411163
0.002825234090025
0.002822872958091
0.002821304065739
0.002820635623905
0.002820930083665
0.002822199472819
0.002824403299859
0.002827449208334
0.002831196424213
0.002835461892390
0.002840028853428
0.002844657475677
0.002849097038265
0.002853099063993
0.002856430733345
0.002858887876198
0.002860306838892
0.002860574562307
0.002859636280340
0.002857500355063
0.002854239900210
0.002849991002287
0.002844947521087
0.002839352630122
0.002833487433480
0.002827657159582
0.002822175575473
0.002817348379461
0.002813456408374
0.002810739533166
0.002809382109764
0.002809500799821
0.002811135479557
0.002814243817526
0.002818699929700
0.002824297320157
0.002830756097364
0.002837734229934
0.002844842383190
0.002851661670406
0.002857763471279
0.002862730325496
0.002866176809757
0.002867769259396
0.002867243205176
0.002864417463950
0.002859203947596
0.002851612434197
0.002841749772219
0.002829813253135
0.002816078179193
0.002800879957610
0.002784591355989
0.002767595841332
0.002750258181877
0.002732893703326
0.002715737746399
0.002698916961110
0.002682424087212
0.002666097805830
0.002649609103715
0.002632455371824
0.002613963170775
0.002593300247216
0.002569496990656
0.002541477095669
0.002508096757552
0.002468191299656
0.002420627727267
0.002364361345304
0.002298494282962
0.002222333553572
0.002135446154997
0.002037708694120
0.001929349103446
0.001810978209209
0.001683609204650
0.001548663470852
0.001407961657763
0.001263699473152
0.001118408207076
0.000974900621667
0.000836203436280
0.000705478211849
0.000585932961025
0.000480727259760
0.000392873990839
0.000325141093562
0.000279956813421
0.000259321933193
0.000264732319518
0.000297114839392
0.000356779297078
0.000443388527085
0.000555948170915
0.000692816986469
0.000851737814473
0.001029888583675
0.001223952004437
0.001430201907384
0.001644603557385
0.001862924738461
0.002080853983860
0.002294122035090
0.002498622466403
0.002690527413926
0.002866394502294
0.003023261361046
0.003158724557547
0.003271000326281
0.003358965125335
0.003422174774599
0.003460861699022
0.003475910584530
0.003468813523772
0.003441606454135
0.003396789343839
0.003337233138453
0.003266076919190
0.003186619029641
0.003102206088568
0.003016123818103
0.002931493480258
0.002851177437025
0.002777696942973
0.002713164761754
0.002659234590907
0.002617068608014
0.002587323742791
0.002570156562628
0.002565245961767
0.002571832193866
0.002588770209014
0.002614594770873
0.002647594454899
0.002685891377163
0.002727523382478
0.002770525432255
0.002813007073175
0.002853223128626
0.002889635122358
0.002920961400394
0.002946214441900
0.002964724419302
0.002976148657786
0.002980467229580
0.002977965475128
0.002969204748965
0.002954983123411
0.002936288131825
0.002914243883160
0.002890055023303
0.002864950053370
0.002840126442568
0.002816699799910
0.002795659105430
0.002777829661750
0.002763845027976
0.002754128758861
0.002748886313444
0.002748107039346
0.002751575701559
0.002758892626357
0.002769501187981
0.002782721091387
0.002797785708296
0.002813881612279
0.002830188433685
0.002845917215204
0.002860345588160
0.002872848299464
0.002882921887710
0.002890202620081
0.002894477143978
0.002895685662093
0.002893917790404
0.002889401589598
0.002882486557039
0.002873621616331
0.002863329334723
0.002852177728096
0.002840751075128
0.002829621155854
0.002819320257695
0.002810317159653
0.002802997120848
0.002797646673223
0.002794443762008
0.002793453504358
0.002794629559883
0.002797820839655
0.002802783035101
0.002809194235737
0.002816673734159
0.002824802994728
0.002833147693354
0.002841279721322
0.002848798085164
0.002855347723788
0.002860635397480
0.002864441973387
0.002866630629289
0.002867150711679
0.002866037204455
0.002863405980154
0.002859445206295
0.002854403455759
0.002848575214430
0.002842284585409
0.002835868052989
0.002829657189257
0.002823962162134
0.002819056838034
0.002815166169781
0.002812456426774
0.002811028667206
0.002810915679732
0.002812082443202
0.002814429976978
0.002817802289443
0.002821995986487
0.002826771981687
0.002831868660788
0.002837015798640
0.002841948508583
0.002846420522529
0.002850216152641
0.002853160369218
0.002855126539071
0.002856041498292
0.002855887775863
0.002854702932637
0.002852576126254
0.002849642149394
0.002846073309665
0.002842069618868
0.002837847832752
0.002833629926793
0.002829631607312
0.002826051440515
0.002823061136355
0.002820797452386
0.002819356089328
0.002818787839990
0.002819097132508
0.002820242983859
0.002822142256702
0.002824674997923
0.002827691536509
0.002831020936205
0.002834480338701
0.002837884698278
0.002841056400191
0.002843834272450
0.002846081542612
0.002847692355066
0.002848596546412
0.002848762472282
0.002848197783199
0.002846948154367
0.002845094079027
0.002842745932011
0.002840037594507
0.002837118998822
0.002834147999936
0.002831282006849
0.002828669810209
0.002826444023752
0.002824714517088
0.002823563158800
0.002823040115009
0.002823161863645
0.002823910993084
0.002825237760560
0.002827063295481
0.002829284250158
0.002831778629582
0.002834412476084
0.002837047046750
0.002839546102766
0.002841782931219
0.002843646740723
0.002845048111234
0.002845923233191
0.002846236738581
