0.002879945905780
0.002881585809283
0.002882962991751
0.002883991923060
0.002884606724645
0.002884765267665
0.002884451915038
0.002883678731307
0.002882485072695
0.002880935564086
0.002879116564640
0.002877131313697
0.002875094028255
0.002873123287778
0.002871335087604
0.002869835965737
0.002868716607930
0.002868046312272
0.002867868648243
0.002868198578823
0.002869021231445
0.002870292408962
0.002871940830885
0.002873871993657
0.002875973442638
0.002878121163470
0.002880186731577
0.002882044810031
0.002883580560838
0.002884696534624
0.002885318629061
0.002885400755861
0.002884927927277
0.002883917561828
0.002882418910437
0.002880510612617
0.002878296501511
0.002875899880116
0.002873456582904
0.002871107211733
0.002868988987904
0.002867227690198
0.002865930149693
0.002865177745826
0.002865021295677
0.002865477652566
0.002866528234859
0.002868119596648
0.002870166034923
0.002872554109537
0.002875148839640
0.002877801239861
0.002880356777244
0.002882664270936
0.002884584724407
0.002885999576911
0.002886817887466
0.002886982019657
0.002886471476370
0.002885304635677
0.002883538257022
0.002881264753996
0.002878607359064
0.002875713429313
0.002872746253361
0.002869875811418
0.002867269007637
0.002865079932054
0.002863440715988
0.002862453519001
0.002862184128313
0.002862657565822
0.002863855988126
0.002865719037029
0.002868146659179
0.002871004271344
0.002874130010663
0.002877343684860
0.002880456933244
0.002883284031592
0.002885652727667
0.002887414482219
0.002888453514130
0.002888694107127
0.002888105726326
0.002886705611174
0.002884558650792
0.002881774500626
0.002878502057213
0.002874921561801
0.002871234744665
0.002867653541922
0.002864388008334
0.002861634107157
0.002859562077760
0.002858306061646
0.002857955608098
0.002858549584664
0.002860072889833
0.002862456212282
0.002865578911225
0.002869274915011
0.002873341360178
0.002877549530687
0.002881657516419
0.002885423899821
0.002888621706504
0.002891051824629
0.002892555111667
0.002893022465615
0.002892402238720
0.002890704510217
0.002888001903539
0.002884426823949
0.002880165194188
0.002875446967438
0.002870533887135
0.002865705130992
0.002861241611997
0.002857409803761
0.002854446005064
0.002852541955232
0.002851832656784
0.002852387156894
0.002854202889000
0.002857203988111
0.002861243777411
0.002866111391352
0.002871542264084
0.002877231985148
0.002882852819703
0.002888072020447
0.002892570933006
0.002896063824386
0.002898315350311
0.002899155624352
0.002898491958620
0.002896316508074
0.002892709260569
0.002887836062229
0.002881941639716
0.002875337862977
0.002868387768556
0.002861486118983
0.002855037493122
0.002849433072450
0.002845027397909
0.002842116413386
0.002840918080522
0.002841556744804
0.002844052258366
0.002848314627893
0.002854144667635
0.002861240812092
0.002869211897142
0.002877595370722
0.002885880063819
0.002893532358357
0.002900024348120
0.002904862417467
0.002907614572285
0.002907934856584
0.002905583279937
0.002900439864454
0.002892511688876
0.002881932150822
0.002868952070742
0.002853922703795
0.002837271186560
0.002819469400682
0.002800997660626
0.002782305004166
0.002763768159840
0.002745651466793
0.002728070114154
0.002710959039848
0.002694049678287
0.002676856474835
0.002658674700518
0.002638590617268
0.002615504481921
0.002588166260435
0.002555223280556
0.002515278411739
0.002466956756983
0.002408978303145
0.002340233533045
0.002259858679542
0.002167307119080
0.002062413374413
0.001945446330901
0.001817148567944
0.001678759159410
0.001532017889196
0.001379149538374
0.001222827700509
0.001066118438591
0.000912404973721
0.000765295453696
0.000628516649861
0.000505797135838
0.000400744077907
0.000316718184956
0.000256711603315
0.000223233583535
0.000218208585426
0.000242891126829
0.000297801131638
0.000382682813299
0.000496489268828
0.000637393989600
0.000802829458179
0.000989551938314
0.001193730522735
0.001411057524874
0.001636876428379
0.001866322880216
0.002094473661453
0.002316498219189
0.002527807209798
0.002724192594639
0.002901954141958
0.003058007710628
0.003189971401253
0.003296226528562
0.003375951359626
0.003429126633512
0.003456512984608
0.003459601487394
0.003440539579074
0.003402035554831
0.003347245629846
0.003279648190032
0.003202910284698
0.003120751632944
0.003036811414433
0.002954522897073
0.002877000531053
0.002806943531468
0.002746559209005
0.002697508424851
0.002660874581902
0.002637156562255
0.002626285024615
0.002627660527440
0.002640211084412
0.002662466023420
0.002692642438036
0.002728740113327
0.002768640589458
0.002810206002007
0.002851373503501
0.002890241414182
0.002925143751685
0.002954710422511
0.002977911091132
0.002994081539645
0.003002932154463
0.003004538988593
0.002999318612309
0.002987988647938
0.002971516457563
0.002951058892626
0.002927896305599
0.002903364157378
0.002878785528495
0.002855407663925
0.002834345363503
0.002816533591956
0.002802691148947
0.002793296638580
0.002788577340139
0.002788510939020
0.002792839459670
0.002801094179503
0.002812629819531
0.002826665924422
0.002842333077013
0.002858721449224
0.002874929175513
0.002890108143146
0.002903505016073
0.002914495631542
0.002922611311373
0.002927556090674
0.002929214360797
0.002927648925003
0.002923089949299
0.002915915733675
0.002906626609642
0.002895813571490
0.002884123458382
0.002872222614708
0.002860760964556
0.002850338345637
0.002841474766169
0.002834585987276
0.002829965509156
0.002827773670209
0.002828034174747
0.002830637967841
0.002835353995818
0.002841846046945
0.002849694575671
0.002858422188846
0.002867521323338
0.002876482576892
0.002884822169014
0.002892107102979
0.002897976766478
0.002902159936181
0.002904486426928
0.002904892933544
0.002903422935412
0.002900220853532
0.002895520950121
0.002889631726538
0.002882916793395
0.002875773346836
0.002868609480353
0.002861821588652
0.002855773079548
0.002850775505437
0.002847073064920
0.002844831217554
0.002844129912921
0.002844961672799
0.002847234496983
0.002850779303499
0.002855361376500
0.002860695092015
0.002866461033143
0.002872324499608
0.002877954366283
0.002883041252750
0.002887314029390
0.002890553800147
0.002892604660575
0.002893380722537
0.002892869112694
0.002891128878568
0.002888285960886
0.002884524602076
0.002880075746908
0.002875203142938
0.002870187958046
0.002865312794961
0.002860845995869
0.002857027094299
0.002854054189496
0.002852073895931
0.002851174364874
0.002851381695371
0.002852659858806
0.002854914065238
0.002857997311792
0.002861719683586
0.002865859834922
0.002870177970107
0.002874429574493
0.002878379120175
0.002881812987824
0.002884550904658
0.002886455294465
0.002887438062989
0.002887464493210
0.002886554091354
0.002884778396399
0.002882255933856
0.002879144649434
0.002875632291674
0.002871925317600
0.002868236966809
0.002864775183649
0.002861731063175
0.002859268455172
0.002857515284692
0.002856557042090
0.002856432766742
0.002857133704086
0.002858604663575
0.002860747954143
0.002863429632261
0.002866487673188
0.002869741575382
0.002873002836294
0.002876085698533
0.002878817560261
0.002881048472459
0.002882659206163
0.002883567461150
0.002883731898411
0.002883153805572
0.002881876339979
0.002879981430598
0.002877584549754
0.002874827681746
0.002871870911368
0.002868883126185
0.002866032368571
0.002863476384986
