0.002580095527999
0.002585099723048
0.002589780459606
0.002593975363682
0.002597536974236
0.002600337833212
0.002602274949768
0.002603273484025
0.002603289520419
0.002602311830038
0.002600362554223
0.002597496777122
0.002593800991673
0.002589390500480
0.002584405828867
0.002579008261059
0.002573374640608
0.002567691601952
0.002562149420431
0.002556935682434
0.002552228985150
0.002548192876289
0.002544970238006
0.002542678306352
0.002541404498126
0.002541203191727
0.002542093578175
0.002544058663978
0.002547045469941
0.002550966430688
0.002555701959787
0.002561104106316
0.002567001191747
0.002573203282439
0.002579508323873
0.002585708739196
0.002591598277318
0.002596978885463
0.002601667378145
0.002605501679042
0.002608346424295
0.002610097734827
0.002610686990996
0.002610083474295
0.002608295777029
0.002605371920759
0.002601398166461
0.002596496542513
0.002590821159352
0.002584553420482
0.002577896277172
0.002571067707313
0.002564293626431
0.002557800459764
0.002551807617891
0.002546520124106
0.002542121639322
0.002538768119714
0.002536582323906
0.002535649360753
0.002536013436423
0.002537675921628
0.002540594817566
0.002544685653827
0.002549823804675
0.002555848163156
0.002562566067065
0.002569759328357
0.002577191179566
0.002584613918496
0.002591777006965
0.002598435361661
0.002604357565836
0.002609333730055
0.002613182738582
0.002615758635122
0.002616955927035
0.002616713620042
0.002615017834911
0.002611902902377
0.002607450881246
0.002601789495680
0.002595088539437
0.002587554845684
0.002579425969190
0.002570962771701
0.002562441139560
0.002554143093912
0.002546347576976
0.002539321212023
0.002533309339393
0.002528527625713
0.002525154528627
0.002523324875072
0.002523124778234
0.002524588077607
0.002527694439422
0.002532369202483
0.002538484998788
0.002545865120990
0.002554288551628
0.002563496513895
0.002573200352432
0.002583090506851
0.002592846301985
0.002602146248569
0.002610678527268
0.002618151318422
0.002624302640126
0.002628909368364
0.002631795134670
0.002632836828657
0.002631969473823
0.002629189294110
0.002624554844290
0.002618186137715
0.002610261768378
0.002601014088639
0.002590722567294
0.002579705512923
0.002568310402626
0.002556903104533
0.002545856322280
0.002535537619492
0.002526297401227
0.002518457236518
0.002512298901163
0.002508054502893
0.002505898022165
0.002505938562049
0.002508215550908
0.002512696083394
0.002519274520334
0.002527774398316
0.002537952627377
0.002549505882295
0.002562079021994
0.002575275304582
0.002588668104885
0.002601813788819
0.002614265356478
0.002625586434740
0.002635365181738
0.002643227660401
0.002648850246798
0.002651970661233
0.002652397245275
0.002650016155531
0.002644796203392
0.002636791137862
0.002626139243733
0.002613060207778
0.002597849288829
0.002580868911113
0.002562537881550
0.002543318508308
0.002523701967476
0.002504192324933
0.002485289669597
0.002467472850404
0.002451182331537
0.002436803687598
0.002424652252285
0.002414959410669
0.002407860986944
0.002403388127415
0.002401461013901
0.002401885667433
0.002404354018115
0.002408447326773
0.002413642949952
0.002419324344778
0.002424794116778
0.002429289824765
0.002432002174902
0.002432095163441
0.002428727666659
0.002421075928828
0.002408356366322
0.002389848089047
0.002364914539907
0.002333023669155
0.002293766092703
0.002246870731109
0.002192217487581
0.002129846597358
0.002059964365153
0.001982945099618
0.001899329151486
0.001809817062420
0.001715259931823
0.001616646206238
0.001515085187668
0.001411787640816
0.001308043952401
0.001205200356549
0.001104633787078
0.001007725949103
0.000915837218012
0.000830280973293
0.000752298957946
0.000683038222041
0.000623530162422
0.000574672111047
0.000537211853818
0.000511735382210
0.000498658093742
0.000498219567051
0.000510481945485
0.000535331872419
0.000572485834441
0.000621498687488
0.000681775068242
0.000752583330315
0.000833071593763
0.000922285458250
0.001019186905640
0.001122673907269
0.001231600254505
0.001344795148041
0.001461082110756
0.001579296829602
0.001698303582426
0.001817009963893
0.001934379688773
0.002049443318699
0.002161306827656
0.002269157989873
0.002372270639194
0.002470006909437
0.002561817618857
0.002647241007163
0.002725900069264
0.002797498755248
0.002861817320438
0.002918707112669
0.002968085076380
0.003009928235322
0.003044268388717
0.003071187220631
0.003090811980871
0.003103311849488
0.003108895047816
0.003107806708992
0.003100327471817
0.003086772715786
0.003067492313677
0.003042870743030
0.003013327370383
0.002979316703433
0.002941328397065
0.002899886799810
0.002855549837906
0.002808907054288
0.002760576648967
0.002711201404307
0.002661443422386
0.002611977650402
0.002563484222158
0.002516639697201
0.002472107332153
0.002430526569211
0.002392501972774
0.002358591884906
0.002329297102126
0.002305049898655
0.002286203733446
0.002273023979507
0.002265680003695
0.002264238903347
0.002268661173247
0.002278798533137
0.002294394093548
0.002315084977440
0.002340407448856
0.002369804529358
0.002402636010677
0.002438190699900
0.002475700663979
0.002514357175624
0.002553328004785
0.002591775651003
0.002628876073517
0.002663837449642
0.002695918478598
0.002724445748369
0.002748829697556
0.002768578732430
0.002783311100827
0.002792764178284
0.002796800886356
0.002795413036796
0.002788721476046
0.002776972990161
0.002760534018246
0.002739881310367
0.002715589750968
0.002688317648703
0.002658789865778
0.002627779222341
0.002596086662075
0.002564520702572
0.002533876716897
0.002504916600370
0.002478349368553
0.002454813208951
0.002434859470527
0.002418939022870
0.002407391352147
0.002400436685672
0.002398171353118
0.002400566502504
0.002407470195700
0.002418612813980
0.002433615611796
0.002452002169256
0.002473212413106
0.002496618804890
0.002521544235291
0.002547281117251
0.002573111138676
0.002598325119192
0.002622242415090
0.002644229332129
0.002663716036964
0.002680211503458
0.002693316088899
0.002702731405244
0.002708267229965
0.002709845287506
0.002707499823226
0.002701374984318
0.002691719113849
0.002678876152085
0.002663274421100
0.002645413141893
0.002625847095841
0.002605169892424
0.002583996341450
0.002562944449420
0.002542617565754
0.002523587195170
0.002506376968066
0.002491448221984
0.002479187595550
0.002469896973122
0.002463786045890
0.002460967675404
0.002461456161002
0.002465168425899
0.002471928050294
0.002481471996481
0.002493459792918
0.002507484873905
0.002523087710933
0.002539770322653
0.002557011714093
0.002574283773270
0.002591067145181
0.002606866609491
0.002621225508668
0.002633738807184
0.002644064408483
0.002651932413259
0.002657152068328
0.002659616227978
0.002659303226876
0.002656276142960
0.002650679507943
0.002642733599529
0.002632726521114
0.002621004339228
0.002607959604670
0.002594018628296
0.002579627915742
0.002565240185909
0.002551300405430
0.002538232265430
0.002526425508049
0.002516224479061
0.002507918240695
0.002501732526709
0.002497823761734
0.002496275300718
0.002497095974099
0.002500220952323
0.002505514871773
0.002512777095144
0.002521748915138
0.002532122452698
0.002543550951807
0.002555660133433
0.002568060242648
0.002580358406090
0.002592170912112
0.002603135033238
0.002612920029512
0.002621237001327
0.002627847300225
0.002632569254721
0.002635283023673
