0.002514567576009
0.002510571535013
0.002505977056163
0.002500916784644
0.002495538365212
0.002490000178769
0.002484466721287
0.002479103759062
0.002474073402101
0.002469529241154
0.002465611693351
0.002462443696501
0.002460126883123
0.002458738352199
0.002458328140080
0.002458917472172
0.002460497854675
0.002463031041311
0.002466449884420
0.002470660053677
0.002475542579844
0.002480957156148
0.002486746106780
0.002492738911413
0.002498757157079
0.002504619774853
0.002510148408958
0.002515172760485
0.002519535747087
0.002523098323881
0.002525743819247
0.002527381652045
0.002527950313745
0.002527419519457
0.002525791455428
0.002523101076526
0.002519415434788
0.002514832048541
0.002509476350013
0.002503498276978
0.002497068099908
0.002490371599657
0.002483604731096
0.002476967924741
0.002470660190723
0.002464873197105
0.002459785497155
0.002455557077753
0.002452324393532
0.002450196038899
0.002449249192996
0.002449526951415
0.002451036633697
0.002453749127913
0.002457599303830
0.002462487495112
0.002468282019546
0.002474822675432
0.002481925122851
0.002489386031456
0.002496988852524
0.002504510052963
0.002511725633492
0.002518417742729
0.002524381193824
0.002529429690799
0.002533401577923
0.002536164937122
0.002537621875401
0.002537711866004
0.002536414033083
0.002533748299174
0.002529775347078
0.002524595381807
0.002518345713195
0.002511197214514
0.002503349746017
0.002495026663749
0.002486468562231
0.002477926423971
0.002469654368360
0.002461902206730
0.002454908018793
0.002448890967934
0.002444044568784
0.002440530610262
0.002438473920893
0.002437958141300
0.002439022641699
0.002441660690845
0.002445818947941
0.002451398311613
0.002458256121047
0.002466209665097
0.002475040916517
0.002484502371769
0.002494323843031
0.002504220019206
0.002513898587751
0.002523068689846
0.002531449468387
0.002538778462011
0.002544819599099
0.002549370553551
0.002552269238920
0.002553399238949
0.002552694000124
0.002550139644816
0.002545776301155
0.002539697886797
0.002532050327280
0.002523028234310
0.002512870114001
0.002501852218364
0.002490281194135
0.002478485719934
0.002466807354883
0.002455590847982
0.002445174177093
0.002435878598519
0.002427998992557
0.002421794786681
0.002417481726305
0.002415224743449
0.002415132146620
0.002417251321458
0.002421566091960
0.002427995847550
0.002436396492921
0.002446563226884
0.002458235104728
0.002471101287254
0.002484808830185
0.002498971821464
0.002513181632335
0.002527018012388
0.002540060729907
0.002551901437919
0.002562155433907
0.002570472977781
0.002576549838588
0.002580136755603
0.002581047523553
0.002579165444364
0.002574447928108
0.002566929072856
0.002556720105718
0.002544007624110
0.002529049635728
0.002512169456301
0.002493747584281
0.002474211729526
0.002454025227235
0.002433674117252
0.002413653211097
0.002394451503358
0.002376537309365
0.002360343526657
0.002346253422860
0.002334587347185
0.002325590746596
0.002319423841189
0.002316153276998
0.002315746029055
0.002318065774261
0.002322871893668
0.002329821198683
0.002338472407078
0.002348293324319
0.002358670615400
0.002368921983928
0.002378310510465
0.002386060842816
0.002391376878665
0.002393460537119
0.002391531181585
0.002384845232917
0.002372715499692
0.002354529752160
0.002329768078087
0.002298018582067
0.002258991024500
0.002212528041505
0.002158613641488
0.002097378736596
0.002029103536337
0.001954216704497
0.001873291257337
0.001787037258903
0.001696291446244
0.001602003991383
0.001505222676198
0.001407074819105
0.001308747347093
0.001211465451694
0.001116470301892
0.001024996309737
0.000938248455066
0.000857380173914
0.000783472300978
0.000717513530255
0.000660382820367
0.000612834123141
0.000575483756867
0.000548800680909
0.000533099857561
0.000528538812118
0.000535117424930
0.000552680911826
0.000580925873521
0.000619409222615
0.000667559730221
0.000724691874821
0.000790021625244
0.000862683748788
0.000941750205511
0.001026249171382
0.001115184226508
0.001207553250247
0.001302366582424
0.001398664038381
0.001495530404537
0.001592109089238
0.001687613659640
0.001781337057554
0.001872658353948
0.001961046971192
0.002046064372324
0.002127363285658
0.002204684599068
0.002277852119525
0.002346765448230
0.002411391268620
0.002471753382291
0.002527921855634
0.002580001656897
0.002628121169230
0.002672420959843
0.002713043169044
0.002750121856125
0.002783774602647
0.002814095628824
0.002841150626647
0.002864973455739
0.002885564786310
0.002902892709893
0.002916895274417
0.002927484837774
0.002934554074853
0.002937983418989
0.002937649671383
0.002933435472626
0.002925239300260
0.002912985636143
0.002896634937874
0.002876193050024
0.002851719703363
0.002823335773361
0.002791229002392
0.002755657932335
0.002716953844513
0.002675520560731
0.002631832020993
0.002586427618569
0.002539905339568
0.002492912820263
0.002446136499136
0.002400289100186
0.002356095737774
0.002314278979544
0.002275543241437
0.002240558916366
0.002209946654866
0.002184262221396
0.002163982343749
0.002149491955157
0.002141073199701
0.002138896532059
0.002143014193565
0.002153356289188
0.002169729625811
0.002191819402896
0.002219193773900
0.002251311222776
0.002287530626351
0.002327123802430
0.002369290276932
0.002413173943127
0.002457881233663
0.002502500383062
0.002546121325934
0.002587855755134
0.002626856855273
0.002662338230520
0.002693591561587
0.002720002554831
0.002741064785780
0.002756391089252
0.002765722207194
0.002768932472098
0.002766032376482
0.002757167955718
0.002742616990432
0.002722782113721
0.002698180985565
0.002669433769985
0.002637248217858
0.002602402718105
0.002565727730632
0.002528086054655
0.002490352414810
0.002453392863978
0.002418044505706
0.002385096030229
0.002355269536791
0.002329204081687
0.002307441347080
0.002290413771417
0.002278435419485
0.002271695800535
0.002270256768212
0.002274052558204
0.002282892940623
0.002296469386096
0.002314364069462
0.002336061464756
0.002360962221515
0.002388398957095
0.002417653553964
0.002447975515928
0.002478600913913
0.002508771440700
0.002537753095158
0.002564854029947
0.002589441121937
0.002610954860968
0.002628922199070
0.002642967057575
0.002652818252223
0.002658314664675
0.002659407560986
0.002656160031719
0.002648743602444
0.002637432135562
0.002622593212733
0.002604677250028
0.002584204653626
0.002561751370999
0.002537933230032
0.002513389485393
0.002488766007159
0.002464698550927
0.002441796541281
0.002420627782040
0.002401704477520
0.002385470910245
0.002372293072995
0.002362450498348
0.002356130468313
0.002353424721953
0.002354328711943
0.002358743393324
0.002366479461406
0.002377263892344
0.002390748581102
0.002406520818910
0.002424115307060
0.002443027367314
0.002462726981986
0.002482673279714
0.002502329076232
0.002521175083271
0.002538723412809
0.002554530027674
0.002568205822418
0.002579426059201
0.002587937931218
0.002593566079366
0.002596215945096
0.002595874902004
0.002592611169108
0.002586570568336
0.002577971245804
0.002567096529641
0.002554286144904
0.002539926047337
0.002524437171379
0.002508263412998
0.002491859184145
0.002475676882489
0.002460154617534
0.002445704522512
0.002432701960839
0.002421475907329
0.002412300748384
0.002405389703357
0.002400890022213
0.002398880063994
0.002399368307746
0.002402294294063
0.002407531442581
