0.002574328709750
0.002578047934087
0.002580988845842
0.002583049797275
0.002584156778365
0.002584266054051
0.002583365842984
0.002581476975261
0.002578652499110
0.002574976240238
0.002570560351409
0.002565541922830
0.002560078754857
0.002554344422480
0.002548522785066
0.002542802114080
0.002537369025372
0.002532402410548
0.002528067563706
0.002524510695225
0.002521854013540
0.002520191539076
0.002519585792380
0.002520065471567
0.002521624203289
0.002524220417597
0.002527778361243
0.002532190227418
0.002537319343669
0.002543004325114
0.002549064068061
0.002555303430876
0.002561519425338
0.002567507723603
0.002573069273842
0.002578016812135
0.002582181059493
0.002585416400936
0.002587605858270
0.002588665189060
0.002588545970751
0.002587237560157
0.002584767853571
0.002581202810602
0.002576644744175
0.002571229418837
0.002565122038233
0.002558512239099
0.002551608242279
0.002544630339882
0.002537803920854
0.002531352254236
0.002525489259380
0.002520412495336
0.002516296596994
0.002513287373733
0.002511496767401
0.002510998841050
0.002511826938701
0.002513972120463
0.002517382937647
0.002521966570333
0.002527591306550
0.002534090299042
0.002541266494083
0.002548898588097
0.002556747833420
0.002564565485343
0.002572100659754
0.002579108354906
0.002585357382796
0.002590637955523
0.002594768680070
0.002597602730892
0.002599032993203
0.002598996000178
0.002597474523612
0.002594498718760
0.002590145768908
0.002584538022313
0.002577839662003
0.002570251996071
0.002562007501046
0.002553362792148
0.002544590730501
0.002535971907417
0.002527785768616
0.002520301656037
0.002513770051015
0.002508414299854
0.002504423091152
0.002501943933915
0.002501077857062
0.002501875515127
0.002504334842960
0.002508400355115
0.002513964134918
0.002520868505434
0.002528910321360
0.002537846768851
0.002547402511220
0.002557277973763
0.002567158522213
0.002576724257768
0.002585660128346
0.002593666041517
0.002600466660073
0.002605820566567
0.002609528498490
0.002611440380568
0.002611460914403
0.002609553527371
0.002605742531139
0.002600113393961
0.002592811088449
0.002584036536060
0.002574041229279
0.002563120170532
0.002551603321443
0.002539845805404
0.002528217148951
0.002517089881726
0.002506827839722
0.002497774531073
0.002490241927344
0.002484500035839
0.002480767589843
0.002479204164541
0.002479903987148
0.002482891661809
0.002488119974268
0.002495469879827
0.002504752712544
0.002515714585804
0.002528042886449
0.002541374698652
0.002555306931597
0.002569407868880
0.002583229809017
0.002596322427233
0.002608246460040
0.002618587297111
0.002626968060198
0.002633061756758
0.002636602116389
0.002637392750808
0.002635314322047
0.002630329457698
0.002622485214968
0.002611912965136
0.002598825644986
0.002583512399519
0.002566330718687
0.002547696247548
0.002528070522029
0.002507946948973
0.002487835407532
0.002468245897238
0.002449671694821
0.002432572505714
0.002417358106403
0.002404372969820
0.002393882347752
0.002386060252142
0.002380979731877
0.002378605784347
0.002378791173252
0.002381275347515
0.002385686573007
0.002391547301166
0.002398282709125
0.002405232257016
0.002411664022305
0.002416791490745
0.002419792411051
0.002419829257958
0.002416070797579
0.002407714211577
0.002394007213654
0.002374269584072
0.002347913555589
0.002314462507253
0.002273567460415
0.002225020923038
0.002168767692690
0.002104912303610
0.002033722887098
0.001955631304771
0.001871229508607
0.001781262177518
0.001686615774943
0.001588304262863
0.001487451792522
0.001385272768388
0.001283049747676
0.001182109691227
0.001083799121284
0.000989458766722
0.000900398285995
0.000817871652227
0.000743053763811
0.000677018808240
0.000620720857798
0.000574977114630
0.000540454151364
0.000517657413966
0.000506924168142
0.000508419981721
0.000522138745643
0.000547906147870
0.000585386430147
0.000634092179428
0.000693396835929
0.000762549540073
0.000840691892477
0.000926876165830
0.001020084485702
0.001119248489372
0.001223268977705
0.001331035094329
0.001441442598145
0.001553410838288
0.001665898093520
0.001777914998899
0.001888535849441
0.001996907641196
0.002102256782514
0.002203893479962
0.002301213872299
0.002393700049913
0.002480918154444
0.002562514802206
0.002638212114168
0.002707801663680
0.002771137670109
0.002828129771777
0.002878735705270
0.002922954200624
0.002960818373993
0.002992389862314
0.003017753899592
0.003037015483386
0.003050296724844
0.003057735418043
0.003059484806576
0.003055714469314
0.003046612194945
0.003032386668171
0.003013270750915
0.002989525110897
0.002961441928675
0.002929348403396
0.002893609777517
0.002854631611679
0.002812861062501
0.002768786947480
0.002722938421653
0.002675882138672
0.002628217823048
0.002580572238664
0.002533591599315
0.002487932527989
0.002444251730741
0.002403194606346
0.002365383062478
0.002331402851198
0.002301790769480
0.002277022093137
0.002257498623772
0.002243537727770
0.002235362733549
0.002233095028494
0.002236748160662
0.002246224203501
0.002261312585491
0.002281691522606
0.002306932121377
0.002336505146288
0.002369790369422
0.002406088344845
0.002444634377624
0.002484614389681
0.002525182324150
0.002565478678314
0.002604649714354
0.002641866868333
0.002676345862165
0.002707365021400
0.002734282313789
0.002756550649582
0.002773731023870
0.002785503132932
0.002791673159310
0.002792178492382
0.002787089230723
0.002776606397230
0.002761056885546
0.002740885244270
0.002716642491282
0.002688972231790
0.002658594428080
0.002626287234294
0.002592867363911
0.002559169499411
0.002526025281552
0.002494242429003
0.002464584537207
0.002437752088351
0.002414365172616
0.002394948375246
0.002379918225719
0.002369573536004
0.002364088876475
0.002363511352683
0.002367760756321
0.002376633071802
0.002389807228538
0.002406854900825
0.002427253074616
0.002450399025890
0.002475627290636
0.002502228153757
0.002529467144701
0.002556605002536
0.002582917563197
0.002607715026892
0.002630360084076
0.002650284413257
0.002667003112271
0.002680126684974
0.002689370275956
0.002694559924736
0.002695635695659
0.002692651628071
0.002685772540610
0.002675267811206
0.002661502338074
0.002644924964259
0.002626054717040
0.002605465271711
0.002583768095469
0.002561594759968
0.002539578929844
0.002518338538621
0.002498458652905
0.002480475501129
0.002464862105016
0.002452015901712
0.002442248683639
0.002435779113463
0.002432727995135
0.002433116401127
0.002436866673028
0.002443806230018
0.002453674039865
0.002466129532140
0.002480763665597
0.002497111802911
0.002514667997846
0.002532900263810
0.002551266369484
0.002569229697378
0.002586274704981
0.002601921545271
0.002615739433259
0.002627358386760
0.002636479021620
0.002642880142321
0.002646423936524
0.002647058654591
0.002644818730223
0.002639822373946
0.002632266744889
0.002622420876113
0.002610616592588
0.002597237716944
0.002582707904802
0.002567477487557
0.002552009724939
0.002536766881930
0.002522196544512
0.002508718576281
0.002496713093762
0.002486509803173
0.002478378996490
0.002472524451480
0.002469078420522
0.002468098828458
0.002469568732227
0.002473398026925
0.002479427315970
0.002487433799464
0.002497138976329
0.002508217904122
0.002520309717071
0.002533029069026
0.002545978144519
0.002558758868744
0.002570984945994
0.002582293366107
0.002592355039110
