0.002904810854484
0.002904654023808
0.002905736046961
0.002908010835657
0.002911354056943
0.002915569579815
0.002920400683355
0.002925545399373
0.002930675085222
0.002935455097646
0.002939566281573
0.002942725909848
0.002944706717615
0.002945352769416
0.002944591073835
0.002942438110050
0.002939000738520
0.002934471315874
0.002929117200648
0.002923265198838
0.002917281833470
0.002911550608445
0.002906447654902
0.002902317282809
0.002899449001261
0.002898057513320
0.002898267036730
0.002900101057997
0.002903478307596
0.002908215366864
0.002914035904898
0.002920586121754
0.002927455568714
0.002934202153328
0.002940379840245
0.002945567348757
0.002949396039945
0.002951575189555
0.002951912960048
0.002950331612045
0.002946875820426
0.002941713365716
0.002935127933954
0.002927504250451
0.002919306264836
0.002911049565570
0.002903269602147
0.002896487605578
0.002891176300419
0.002887727578579
0.002886424247832
0.002887417775654
0.002890713629509
0.002896165383747
0.002903478243983
0.002912222061485
0.002921853306628
0.002931744878284
0.002941222082254
0.002949602651800
0.002956238338520
0.002960555397744
0.002962091247420
0.002960524701998
0.002955697472512
0.002947625070074
0.002936495831840
0.002922657476840
0.002906591357018
0.002888875354155
0.002870137140447
0.002851000223053
0.002832025786707
0.002813653793666
0.002796147064203
0.002779542119948
0.002763610413852
0.002747833193607
0.002731392661300
0.002713181324700
0.002691830519483
0.002665758061430
0.002633233914980
0.002592461696338
0.002541672824097
0.002479229245568
0.002403729955362
0.002314116029915
0.002209768662620
0.002090594722113
0.001957094679865
0.001810408356794
0.001652334801279
0.001485323697678
0.001312436967534
0.001137280606593
0.000963908233642
0.000796699241165
0.000640215761531
0.000499043826988
0.000377625044805
0.000280085777735
0.000210071174617
0.000170591411242
0.000163887168952
0.000191320706437
0.000253297894434
0.000349225325230
0.000477505134686
0.000635568551362
0.000819947490692
0.001026381822138
0.001249958334627
0.001485275987474
0.001726630830413
0.001968213066220
0.002204308157893
0.002429493678200
0.002638823773847
0.002827993662194
0.002993477470070
0.003132633919696
0.003243775809110
0.003326200854929
0.003380183186640
0.003406926521756
0.003408481727857
0.003387633011644
0.003347758295356
0.003292670386664
0.003226446272909
0.003153252243823
0.003077172555676
0.003002048999183
0.002931338046000
0.002867991263064
0.002814363453232
0.002772151568862
0.002742365924071
0.002725333677694
0.002720733048808
0.002727655332941
0.002744690575254
0.002770031782331
0.002801591858673
0.002837127064811
0.002874360722136
0.002911101129888
0.002945348191324
0.002975384033634
0.002999843902350
0.003017764758856
0.003028610246065
0.003032271946314
0.003029048071635
0.003019601838452
0.003004902732213
0.002986154618049
0.002964715168919
0.002942011343506
0.002919455647432
0.002898367661726
0.002879904843893
0.002865005932636
0.002854349460211
0.002848328946238
0.002847045367302
0.002850316522627
0.002857702000267
0.002868541638589
0.002882004715012
0.002897146609344
0.002912969403272
0.002928482799548
0.002942761871476
0.002954998471277
0.002964543610683
0.002970938745801
0.002973934611649
0.002973497016475
0.002969799777020
0.002963205709458
0.002954237246285
0.002943538792213
0.002931833334717
0.002919876068776
0.002908407871553
0.002898111372237
0.002889572115381
0.002883246931993
0.002879441137830
0.002878295604836
0.002879784135253
0.002883720945711
0.002889777477143
0.002897507219246
0.002906376804475
0.002915801308865
0.002925181510773
0.002933940810991
0.002941559607649
