0.002889461134894
0.002891093073291
0.002893775461382
0.002897360133726
0.002901639426129
0.002906357887117
0.002911227191228
0.002915943396250
0.002920205525264
0.002923734352473
0.002926290236696
0.002927688881545
0.002927814005853
0.002926626076878
0.002924166483115
0.002920556790682
0.002915993021688
0.002910735197420
0.002905092685237
0.002899406157495
0.002894027196714
0.002889296748850
0.002885523724487
0.002882965068561
0.002881808559876
0.002882159464045
0.002884031954112
0.002887345943132
0.002891929657301
0.002897527935024
0.002903815886609
0.002910417212260
0.002916926173338
0.002922931962720
0.002928044040797
0.002931916906878
0.002934272769368
0.002934920664805
0.002933770752819
0.002930842773006
0.002926267977142
0.002920284228218
0.002913224365057
0.002905498343984
0.002897570062643
0.002889930121117
0.002883066059960
0.002877431814363
0.002873418224025
0.002871326430345
0.002871345873398
0.002873538374414
0.002877829465390
0.002884007722103
0.002891732391799
0.002900549107880
0.002909912979646
0.002919217865301
0.002927830210597
0.002935125490698
0.002940525052760
0.002943531039415
0.002943757090548
0.002940952676772
0.002935019209351
0.002926016486426
0.002914158555394
0.002899798670289
0.002883403670018
0.002865518762971
0.002846724338855
0.002827587002149
0.002808607498254
0.002790168551786
0.002772485831388
0.002755565278932
0.002739169884019
0.002722798647577
0.002705679971537
0.002686781054584
0.002664834095867
0.002638379245356
0.002605823333645
0.002565512511473
0.002515816077696
0.002455218020681
0.002382412185366
0.002296396544124
0.002196561823739
0.002082769743111
0.001955416355851
0.001815476465670
0.001664525775829
0.001504738320376
0.001338857767675
0.001170142340106
0.001002284305038
0.000839306204461
0.000685437145290
0.000544973512110
0.000422129335930
0.000320882210012
0.000244821050251
0.000197002127251
0.000179819637363
0.000194896631473
0.000243001397865
0.000323993427167
0.000436801913474
0.000579438416851
0.000749043887377
0.000941968793787
0.001153883677053
0.001379916126500
0.001614809014855
0.001853093883515
0.002089272685185
0.002318000700793
0.002534263370689
0.002733540021459
0.002911948019158
0.003066361713153
0.003194501614249
0.003294990527345
0.003367374774095
0.003412110130341
0.003430513598475
0.003424683568378
0.003397392227431
0.003351955201913
0.003292084299313
0.003221729835868
0.003144919350867
0.003065599518258
0.002987487770710
0.002913939569565
0.002847836417445
0.002791498661601
0.002746625927778
0.002714266715444
0.002694817338744
0.002688049077017
0.002693161165452
0.002708856166504
0.002733433363902
0.002764895151517
0.002801060974920
0.002839683237437
0.002878559704724
0.002915637319307
0.002949102943815
0.002977457352999
0.002999569745606
0.003014711096941
0.003022565767398
0.003023221866064
0.003017141888851
0.003005116058824
0.002988201550957
0.002967651351819
0.002944836864128
0.002921168505579
0.002898018470989
0.002876649537969
0.002858153320763
0.002843400745030
0.002833006765909
0.002827310525365
0.002826371287732
0.002829979650148
0.002837682740433
0.002848821427987
0.002862577016094
0.002878024481555
0.002894189095837
0.002910103207358
0.002924860084105
0.002937661997222
0.002947860149068
0.002954984586070
0.002958762854932
0.002959126824226
0.002956207764879
0.002950320425708
0.002941937420203
0.002931655728330
0.002920157488843
0.002908167496573
0.002896409916709
0.002885566683087
0.002876239867149
0.002868920002505
0.002863961947538
0.002861569390623
0.002861788578134
0.002864511305205
0.002869486683761
0.002876340720585
0.002884602325980
0.002893734051801
0.002903165642004
