0.002748856427294
0.002745632700081
0.002742399767753
0.002739297231985
0.002736462662536
0.002734025687988
0.002732102282184
0.002730789490829
0.002730160829832
0.002730262564141
0.002731111043920
0.002732691234943
0.002734956533555
0.002737829905266
0.002741206331945
0.002744956497918
0.002748931592137
0.002752969054378
0.002756899050020
0.002760551422492
0.002763762846376
0.002766383888846
0.002768285683438
0.002769365928445
0.002769553942570
0.002768814542234
0.002767150547124
0.002764603771745
0.002761254419020
0.002757218855234
0.002752645811327
0.002747711121205
0.002742611170618
0.002737555287731
0.002732757356209
0.002728426971395
0.002724760487928
0.002721932321697
0.002720086869181
0.002719331392779
0.002719730191700
0.002721300335227
0.002724009179844
0.002727773825865
0.002732462594911
0.002737898529708
0.002743864835159
0.002750112097612
0.002756367041086
0.002762342507998
0.002767748290766
0.002772302392260
0.002775742259751
0.002777835520557
0.002778389749268
0.002777260816795
0.002774359410346
0.002769655370050
0.002763179560681
0.002755023083633
0.002745333732162
0.002734309698629
0.002722190652319
0.002709246416424
0.002695763578830
0.002682030469284
0.002668321021491
0.002654878108901
0.002641896994391
0.002629509563944
0.002617770020977
0.002606642699955
0.002595992615127
0.002585579293098
0.002575054348107
0.002563963148489
0.002551750795111
0.002537772491223
0.002521308232826
0.002501581593900
0.002477782227117
0.002449091553080
0.002414710975061
0.002373891836624
0.002325966241058
0.002270377778266
0.002206711159921
0.002134719749844
0.002054349995142
0.001965761815100
0.001869344088631
0.001765724495472
0.001655773108566
0.001540599301531
0.001421541721066
0.001300151274387
0.001178167290226
0.001057487222383
0.000940130470581
0.000828197088047
0.000723822322313
0.000629128089412
0.000546172606552
0.000476899500007
0.000423087759720
0.000386303927695
0.000367857882080
0.000368763513140
0.000389705482088
0.000431013111496
0.000492642280414
0.000574165992978
0.000674774061931
0.000793282104499
0.000928149794483
0.001077508058644
0.001239194655047
0.001410797333425
0.001589703559984
0.001773155598083
0.001958309577601
0.002142297064711
0.002322287563820
0.002495550347447
0.002659514018986
0.002811822267635
0.002950384372973
0.003073419155887
0.003179491248947
0.003267538767824
0.003336891699851
0.003387280579548
0.003418835286500
0.003432074070540
0.003427883174980
0.003407487682805
0.003372414445994
0.003324448167607
0.003265581883983
0.003197963235312
0.003123838013080
0.003045492529733
0.002965196368073
0.002885147035376
0.002807417971337
0.002733911242376
0.002666316101427
0.002606074407028
0.002554353684127
0.002512028378164
0.002479669610778
0.002457543497279
0.002445617840311
0.002443576778295
0.002450842748031
0.002466604924754
0.002489853135408
0.002519416106483
0.002554002810056
0.002592245612872
0.002632743914584
0.002674106982380
0.002714994748828
0.002754155435243
0.002790458990579
0.002822925491213
0.002850747824610
0.002873308173787
0.002890188023312
0.002901171614813
0.002906242983909
0.002905576905002
0.002899524249370
0.002888592420386
0.002873421662764
0.002854758147018
0.002833424803097
0.002810290916885
0.002786241509555
0.002762147493106
0.002738837537679
0.002717072499893
0.002697523150188
0.002680751805082
0.002667198322376
0.002657170758767
0.002650840825693
0.002648244115883
0.002649284915655
0.002653745271278
0.002661297846560
0.002671521996964
0.002683922396422
0.002697949488837
0.002713020998605
0.002728543723914
0.002743934852677
0.002758642082460
0.002772161890637
0.002784055386311
0.002793961277853
