0.002835057756139
0.002837441073582
0.002839346249644
0.002840659998392
0.002841297098914
0.002841205579376
0.002840370297810
0.002838814692839
0.002836600566594
0.002833825860521
0.002830620487635
0.002827140386975
0.002823560062269
0.002820063952019
0.002816837047768
0.002814055227226
0.002811875796157
0.002810428735475
0.002809809127135
0.002810071184585
0.002811224242559
0.002813230969898
0.002816007961890
0.002819428750473
0.002823329147159
0.002827514710911
0.002831770017707
0.002835869306207
0.002839587990388
0.002842714469997
0.002845061636970
0.002846477472959
0.002846854160841
0.002846135191166
0.002844320030672
0.002841466031020
0.002837687386667
0.002833151095484
0.002828070027336
0.002822693356997
0.002817294760814
0.002812158903953
0.002807566849988
0.002803781100905
0.002801031018595
0.002799499385244
0.002799310828118
0.002800522764413
0.002803119416216
0.002807009308230
0.002812026497517
0.002817935602262
0.002824440503959
0.002831196403567
0.002837824726784
0.002843930206171
0.002849119327399
0.002853019221500
0.002855296021282
0.002855671682911
0.002853938305834
0.002849969066301
0.002843725009821
0.002835257121783
0.002824703306618
0.002812280145834
0.002798269563617
0.002783000794088
0.002766828304250
0.002750106568612
0.002733162803196
0.002716268936624
0.002699614214494
0.002683279892186
0.002667217465160
0.002651231811849
0.002634970482646
0.002617920162409
0.002599411069739
0.002578629743007
0.002554640312648
0.002526413985124
0.002492866081886
0.002452899602765
0.002405453934281
0.002349557015496
0.002284379022343
0.002209285448942
0.002123887362029
0.002028086589931
0.001922113684700
0.001806556665614
0.001682378810887
0.001550924104854
0.001413909359272
0.001273402495613
0.001131786983240
0.000991712957240
0.000856036068763
0.000727745628966
0.000609884074143
0.000505460184661
0.000417358816047
0.000348250131959
0.000300501454171
0.000276094856369
0.000276553523150
0.000302879674346
0.000355506523484
0.000434266308058
0.000538375912800
0.000666441023254
0.000816479116560
0.000985960942726
0.001171869496936
0.001370774856500
0.001578922678742
0.001792333650951
0.002006910770196
0.002218551026024
0.002423257875053
0.002617250841429
0.002797068653831
0.002959662536334
0.003102476599841
0.003223512721241
0.003321377832886
0.003395312155550
0.003445197571157
0.003471546022408
0.003475468519293
0.003458626001385
0.003423163925026
0.003371632992926
0.003306898900277
0.003232044319718
0.003150266575067
0.003064774553173
0.002978688371938
0.002894945163085
0.002816214047897
0.002744822995115
0.002682699768427
0.002631328616109
0.002591723749448
0.002564420023524
0.002549480598191
0.002546520743139
0.002554746381743
0.002573005465173
0.002599849848863
0.002633605022591
0.002672444833336
0.002714468242693
0.002757775179192
0.002800538676944
0.002841070727905
0.002877879603850
0.002909716810659
0.002935612303679
0.002954897098698
0.002967212937264
0.002972509186335
0.002971027649624
0.002963276422335
0.002949994315059
0.002932107692170
0.002910681804496
0.002886868838055
0.002861854947417
0.002836808494609
0.002812831577332
0.002790916712016
0.002771910249469
0.002756483757788
0.002745114224774
0.002738073527716
0.002735427209686
0.002737042205839
0.002742602796958
0.002751633745185
0.002763529300848
0.002777586569011
0.002793041596330
0.002809106485979
0.002825005870771
0.002840011168519
0.002853471202812
0.002864837987605
0.002873686734036
0.002879729429877
0.002882821652125
0.002882962587084
0.002880288536098
0.002875060465577
0.002867646405540
0.002858499701845
0.002848134276001
0.002837098138148
0.002825946431171
0.002815215257446
