0.002586498215355
0.002590775328102
0.002596328027967
0.002602981519269
0.002610519381244
0.002618690517695
0.002627217424998
0.002635805509162
0.002644153142497
0.002651962120421
0.002658948160345
0.002664851078054
0.002669444283028
0.002672543252623
0.002674012675481
0.002673771996076
0.002671799143632
0.002668132288144
0.002662869531931
0.002656166514919
0.002648231983298
0.002639321441990
0.002629729078931
0.002619778211349
0.002609810558632
0.002600174691208
0.002591214038380
0.002583254858990
0.002576594586296
0.002571490952009
0.002568152274186
0.002566729260028
0.002567308628600
0.002569908801401
0.002574477842402
0.002580893755707
0.002588967170729
0.002598446364324
0.002609024489316
0.002620348801962
0.002632031609778
0.002643662598219
0.002654822142184
0.002665095168103
0.002674085105959
0.002681427459099
0.002686802523633
0.002689946808784
0.002690662744219
0.002688826309344
0.002684392281274
0.002677396870997
0.002667957598770
0.002656270347649
0.002642603625376
0.002627290156809
0.002610716018714
0.002593307613101
0.002575516851631
0.002557804989438
0.002540625599667
0.002524407218397
0.002509536211890
0.002496340423472
0.002485074145299
0.002475904931154
0.002468902720709
0.002464031684844
0.002461145127186
0.002459983691209
0.002460177027601
0.002461248975833
0.002462626210125
0.002463650196274
0.002463592205337
0.002461671035925
0.002457073011803
0.002448973748159
0.002436561120567
0.002419058827225
0.002395749908741
0.002365999581565
0.002329276751253
0.002285173600013
0.002233422688501
0.002173911073377
0.002106691017876
0.002031986960398
0.001950198503336
0.001861899288242
0.001767831730887
0.001668897697880
0.001566145312011
0.001460752173534
0.001354005376351
0.001247278778996
0.001142008058278
0.001039664126695
0.000941725531906
0.000849650476891
0.000764849102630
0.000688656661337
0.000622308178265
0.000566915154939
0.000523444808052
0.000492702267972
0.000475316081261
0.000471727275125
0.000482182150978
0.000506728881900
0.000545217897428
0.000597305951207
0.000662463685054
0.000739986428873
0.000829007911497
0.000928516504251
0.001037373577900
0.001154333525277
0.001278064986439
0.001407172810491
0.001540220297645
0.001675751285706
0.001812311675650
0.001948470029942
0.002082836922824
0.002214082772302
0.002340953937057
0.002462286916013
0.002577020542218
0.002684206114136
0.002783015455122
0.002872746934411
0.002952829519466
0.003022824959348
0.003082428221488
0.003131466319836
0.003169895681070
0.003197798197878
0.003215376115015
0.003222945885907
0.003220931125983
0.003209854775090
0.003190330566230
0.003163053882992
0.003128792074289
0.003088374283616
0.003042680841738
0.002992632267190
0.002939177918672
0.002883284347491
0.002825923406552
0.002768060184670
0.002710640850625
0.002654580509520
0.002600751193714
0.002549970130703
0.002502988449603
0.002460480505088
0.002423034011492
0.002391141189134
0.002365191128729
0.002345463577077
0.002332124337563
0.002325222461784
0.002324689383919
0.002330340117363
0.002341876594201
0.002358893183141
0.002380884371580
0.002407254543991
0.002437329733203
0.002470371165323
0.002505590364577
0.002542165533386
0.002579258877108
0.002616034504057
0.002651676501027
0.002685406764223
0.002716502156080
0.002744310560929
0.002768265427142
0.002787898410342
0.002802849771133
0.002812876230825
0.002817856048653
0.002817791152549
0.002812806230749
0.002803144771398
0.002789162119497
0.002771315702644
0.002750152656598
0.002726295156226
0.002700423824594
0.002673259650635
0.002645544892029
0.002618023473146
0.002591421406781
0.002566427772307
0.002543676771312
0.002523731354967
0.002507068875904
