0.000024825003584
0.000026429733442
0.000028122067020
0.000029868355738
0.000031633877587
0.000033383527703
0.000035082516529
0.000036697061681
0.000038195059761
0.000039546724752
0.000040725180316
0.000041706994201
0.000042472644148
0.000043006906033
0.000043299156528
0.000043343584270
0.000043139305351
0.000042690380826
0.000042005735903
0.000041098982433
0.000039988148228
0.000038695318587
0.000037246197185
0.000035669595029
0.000033996857672
0.000032261242056
0.000030497255385
0.000028739969164
0.000027024322054
0.000025384425385
0.000023852885141
0.000022460153892
0.000021233925549
0.000020198584971
0.000019374723355
0.000018778729050
0.000018422461907
0.000018313017634
0.000018452586852
0.000018838411621
0.000019462840314
0.000020313479728
0.000021373441423
0.000022621677366
0.000024033398220
0.000025580565958
0.000027232451011
0.000028956242869
0.000030717702012
0.000032481840205
0.000034213615646
0.000035878629150
0.000037443807549
0.000038878060711
0.000040152899157
0.000041242999976
0.000042126709828
0.000042786475031
0.000043209190190
0.000043386458465
0.000043314758294
0.000042995513279
0.000042435063841
0.000041644541230
0.000040639646370
0.000039440337973
0.000038070436089
0.000036557148986
0.000034930532769
0.000033222894443
0.000031468150322
0.000029701152481
0.000027956996665
0.000026270325375
0.000024674639989
0.000023201635554
0.000021880571481
0.000020737690613
0.000019795698214
0.000019073311214
0.000018584886649
0.000018340136685
0.000018343935856
0.000018596224360
0.000019092009305
0.000019821463900
0.000020770122588
0.000021919168268
0.000023245805876
0.000024723714923
0.000026323571992
0.000028013632824
0.000029760362427
0.000031529100715
0.000033284750444
0.000034992473805
0.000036618383843
0.000038130216977
0.000039497973280
0.000040694511815
0.000041696089205
0.000042482830773
0.000043039124878
0.000043353932657
0.000043421007009
0.000043239016492
0.000042811571675
0.000042147153432
0.000041258944607
0.000040164568389
0.000038885738602
0.000037447828845
0.000035879369041
0.000034211479389
0.000032477252942
0.000030711099075
0.000028948060859
0.000027223119896
0.000025570502388
0.000024023000227
0.000022611320552
0.000021363476685
0.000020304232521
0.000019454611389
0.000018831479122
0.000018447209602
0.000018309439402
0.000018420916396
0.000018779445330
0.000019377931419
0.000020204521117
0.000021242837245
0.000022472303823
0.000023868554142
0.000025403914008
0.000027047950534
0.000028768075624
0.000030530192170
0.000032299370143
0.000034040539170
0.000035719183879
0.000037302028203
0.000038757695101
0.000040057328595
0.000041175165811
0.000042089047676
0.000042780858158
0.000043236883336
0.000043448083198
0.000043410270777
0.000043124195081
0.000042595526181
0.000041834742756
0.000040856924327
0.000039681452316
0.000038331625843
0.000036834199893
0.000035218855009
0.000033517609019
0.000031764182465
0.000029993330317
0.000028240153199
0.000026539401801
0.000024924788247
0.000023428318067
0.000022079656014
0.000020905538280
0.000019929242771
0.000019170127916
0.000018643249159
0.000018359060716
0.000018323208513
0.000018536418384
0.000018994481766
0.000019688339135
0.000020604259557
0.000021724112764
0.000023025728378
0.000024483335157
0.000026068071547
0.000027748557441
0.000029491515800
0.000031262431822
0.000033026236617
0.000034748001814
0.000036393631378
0.000037930536900
0.000039328283015
0.000040559190151
0.000041598882674
0.000042426771591
0.000043026462234
0.000043386078877
0.000043498499845
0.000043361498482
0.000042977787172
0.000042354963564
0.000041505360067
0.000040445799593
0.000039197262399
0.000037784470632
0.000036235398790
0.000034580719820
0.000032853197805
0.000031087039276
0.000029317215986
0.000027578772565
0.000025906132755
0.000024332417960
0.000022888791604
0.000021603842270
0.000020503017833
0.000019608121773
0.000018936881656
0.000018502598295
0.000018313882552
0.000018374484966
0.000018683221591
0.000019233997497
0.000020015927458
0.000021013551447
0.000022207140652
0.000023573087970
0.000025084375220
0.000026711107858
0.000028421106578
0.000030180544106
0.000031954614585
0.000033708222292
0.000035406676070
0.000037016375727
0.000038505476827
0.000039844520715
0.000041007017323
0.000041969969216
0.000042714326523
0.000043225363762
0.000043492971087
0.000043511854232
0.000043281639173
0.000042806879459
0.000042096966072
0.000041165941601
0.000040032222410
0.000038718234304
0.000037249968909
0.000035656469532
0.000033969256688
0.000032221704653
0.000030448381370
0.000028684364785
0.000026964549106
0.000025322954736
0.000023792055497
0.000022402136478
0.000021180695172
0.000020151897774
0.000019336101359
0.000018749451405
0.000018403562603
0.000018305289268
0.000018456589880
0.000018854488423
0.000019491133299
0.000020353952622
0.000021425902838
0.000022685805733
0.000024108767175
0.000025666669292
0.000027328726374
0.000029062093480
0.000030832515738
0.000032605005484
0.000034344533870
0.000036016723251
0.000037588526686
0.000039028881102
0.000040309321227
0.000041404542161
0.000042292899457
0.000042956836845
0.000043383233140
0.000043563661497
0.000043494555874
0.000043177281441
0.000042618107532
0.000041828083692
0.000040822821266
0.000039622184855
0.000038249899742
0.000036733083052
0.000035101707903
0.000033388011152
0.000031625856441
0.000029850065112
0.000028095728243
0.000026397513364
0.000024788979574
0.000023301914583
0.000021965706766
0.000020806764641
0.000019847995230
0.000019108351614
0.000018602458599
0.000018340323896
0.000018327140508
0.000018563184226
0.000019043808250
0.000019759535035
0.000020696243543
0.000021835448201
0.000023154664045
0.000024627850833
0.000026225927358
0.000027917345792
0.000029668714723
0.000031445458575
0.000033212500383
0.000034934954446
0.000036578815185
0.000038111628584
0.000039503132978
0.000040725856537
0.000041755659626
0.000042572211378
0.000043159391031
0.000043505606147
0.000043604021408
0.000043452693493
0.000043054609376
0.000042417627293
0.000041554321542
0.000040481734205
0.000039221038677
0.000037797121662
0.000036238091884
0.000034574725229
0.000032839857247
0.000031067735039
0.000029293341298
0.000027551703860
0.000025877204394
0.000024302899859
0.000022859870141
0.000021576604724
0.000020478440502
0.000019587061836
0.000018920072688
0.000018490649309
0.000018307280290
0.000018373599138
0.000018688312645
0.000019245226473
0.000020033367441
0.000021037200096
0.000022236933288
0.000023608910698
0.000025126077603
0.000026758514671
0.000028474028255
0.000030238785524
0.000032017981909
0.000033776527698
0.000035479740228
0.000037094028017
0.000038587553357
0.000039930860281
0.000041097455534
0.000042064331083
0.000042812417866
0.000043326961842
0.000043597814915
0.000043619635015
0.000043391991383
0.000042919373000
0.000042211099991
0.000041281139759
0.000040147831489
0.000038833524441
0.000037364137194
0.000035768646514
0.000034078515947
0.000032327075394
0.000030548863912
0.000028778948699
0.000027052233688
0.000025402771391
0.000023863091546
0.000022463559820
0.000021231779189
0.000020192045817
0.000019364870129
0.000018766572542
0.000018408961804
0.000018299102277
0.000018439174757
0.000018826433551
0.000019453260669
0.000020307316045
0.000021371780830
0.000022625688944
