0.000021442089084
0.000021096345322
0.000020764183830
0.000020456660400
0.000020184014760
0.000019955330371
0.000019778232595
0.000019658635228
0.000019600543842
0.000019605922465
0.000019674628030
0.000019804414777
0.000019991008468
0.000020228247964
0.000020508289463
0.000020821866627
0.000021158597970
0.000021507331302
0.000021856513810
0.000022194575478
0.000022510313137
0.000022793262379
0.000023034045012
0.000023224680500
0.000023358851062
0.000023432111619
0.000023442037627
0.000023388305868
0.000023272705524
0.000023099079157
0.000022873195545
0.000022602558578
0.000022296158573
0.000021964174220
0.000021617635077
0.000021268055776
0.000020927054099
0.000020605965575
0.000020315467391
0.000020065224091
0.000019863566822
0.000019717216762
0.000019631061916
0.000019607994686
0.000019648815604
0.000019752206435
0.000019914773545
0.000020131160103
0.000020394223398
0.000020695271415
0.000021024350801
0.000021370576714
0.000021722493585
0.000022068454865
0.000022397009146
0.000022697279873
0.000022959326037
0.000023174471909
0.000023335594866
0.000023437361773
0.000023476406071
0.000023451439704
0.000023363296161
0.000023214903198
0.000023011186155
0.000022758905032
0.000022466430752
0.000022143468000
0.000021800733819
0.000021449602618
0.000021101729347
0.000020768663322
0.000020461465506
0.000020190341911
0.000019964305284
0.000019790876289
0.000019675834073
0.000019623024514
0.000019634232472
0.000019709122324
0.000019845248720
0.000020038137244
0.000020281432285
0.000020567107259
0.000020885730191
0.000021226775898
0.000021578974409
0.000021930684111
0.000022270277245
0.000022586525003
0.000022868969454
0.000023108270006
0.000023296512901
0.000023427473511
0.000023496822735
0.000023502270663
0.000023443642735
0.000023322885879
0.000023144004402
0.000022912927771
0.000022637314627
0.000022326299537
0.000021990190853
0.000021640129667
0.000021287721165
0.000020944650559
0.000020622296329
0.000020331353553
0.000020081479816
0.000019880975401
0.000019736508362
0.000019652893572
0.000019632933076
0.000019677323023
0.000019784630276
0.000019951339478
0.000020171969019
0.000020439252081
0.000020744376767
0.000021077277396
0.000021426967303
0.000021781902164
0.000022130361814
0.000022460837935
0.000022762414790
0.000023025130403
0.000023240306246
0.000023400834511
0.000023501413473
0.000023538723147
0.000023511535428
0.000023420755060
0.000023269390074
0.000023062452667
0.000022806793790
0.000022510876910
0.000022184498421
0.000021838463938
0.000021484231182
0.000021133531254
0.000020797980814
0.000020488698002
0.000020215934772
0.000019988737829
0.000019814649346
0.000019699457395
0.000019647004308
0.000019659059344
0.000019735259859
0.000019873122923
0.000020068127036
0.000020313861218
0.000020602236570
0.000020923753319
0.000021267814524
0.000021623076083
0.000021977821476
0.000022320348869
0.000022639357781
0.000022924322550
0.000023165840239
0.000023355941503
0.000023488354134
0.000023558710561
0.000023564692473
0.000023506107750
0.000023384897169
0.000023205070658
0.000022972575189
0.000022695098670
0.000022381816305
0.000022043087800
0.000021690115400
0.000021334574054
0.000020988225922
0.000020662531941
0.000020368273293
0.000020115195264
0.000019911685263
0.000019764495632
0.000019678520411
0.000019656633426
0.000019699593060
0.000019806016857
0.000019972426792
0.000020193363746
0.000020461567387
0.000020768215538
0.000021103215145
0.000021455535224
0.000021813570824
0.000022165525977
0.000022499803013
0.000022805385377
0.000023072201326
0.000023291456486
0.000023455924311
0.000023560184828
0.000023600803807
0.000023576446426
0.000023487921678
0.000023338156039
0.000023132097271
0.000022876551515
0.000022579959052
0.000022252116116
0.000021903851932
0.000021546671634
0.000021192376837
0.000020852676369
0.000020538800019
0.000020261128025
0.000020028848544
0.000019849654379
0.000019729488999
0.000019672350210
0.000019680157976
0.000019752690741
0.000019887592369
0.000020080449478
0.000020324936626
0.000020613024566
0.000020935244711
0.000021281001095
0.000021638919555
0.000021997222606
0.000022344117681
0.000022668185913
0.000022958758649
0.000023206269294
0.000023402568862
0.000023541194851
0.000023617584553
0.000023629225783
0.000023575740031
0.000023458895307
0.000023282548236
0.000023052517308
0.000022776391460
0.000022463280277
0.000022123514049
0.000021768303561
0.000021409370819
0.000021058562881
0.000020727461509
0.000020427001517
0.000020167110370
0.000019956380934
0.000019801788142
0.000019708458928
0.000019679503004
0.000019715910071
0.000019816516857
0.000019978045057
0.000020195208963
0.000020460889215
0.000020766366988
0.000021101610877
0.000021455607061
0.000021816721867
0.000022173084800
0.000022512979418
0.000022825229196
0.000023099565666
0.000023326966697
0.000023499953791
0.000023612838596
0.000023661910503
0.000023645559158
0.000023564327846
0.000023420895973
0.000023219991227
0.000022968234291
0.000022673921227
0.000022346750668
0.000021997504814
0.000021637694709
0.000021279181483
0.000020933786014
0.000020612899866
0.000020327110298
0.000020085851688
0.000019897094857
0.000019767084506
0.000019700133418
0.000019698480212
0.000019762215316
0.000019889277625
0.000020075521941
0.000020314855002
0.000020599435618
0.000020919932342
0.000021265830208
0.000021625776445
0.000021987953798
0.000022340469188
0.000022671744913
0.000022970899535
0.000023228105917
0.000023434914634
0.000023584532114
0.000023672044361
0.000023694578895
0.000023651399568
0.000023543931146
0.000023375712834
0.000023152282251
0.000022880993695
0.000022570776627
0.000022231842343
0.000021875348454
0.000021513032201
0.000021156824671
0.000020818458575
0.000020509082501
0.000020238894311
0.000020016805740
0.000019850149227
0.000019744436615
0.000019703177663
0.000019727764332
0.000019817424675
0.000019969247821
0.000020178279283
0.000020437683420
0.000020738967758
0.000021072261784
0.000021426641064
0.000021790486041
0.000022151863722
0.000022498919719
0.000022820267763
0.000023105363894
0.000023344853027
0.000023530876508
0.000023657330557
0.000023720067088
0.000023717030320
0.000023648324673
0.000023516211709
0.000023325036230
0.000023081083923
0.000022792375243
0.000022468402295
0.000022119817335
0.000021758083132
0.000021395096660
0.000021042798479
0.000020712780626
0.000020415905899
0.000020161951033
0.000019959285479
0.000019814596359
0.000019732668606
0.000019716227531
0.000019765848989
0.000019879940100
0.000020054791162
0.000020284697063
0.000020562144216
0.000020878056886
0.000021222094828
0.000021582992467
0.000021948928516
0.000022307913862
0.000022648185037
0.000022958590324
0.000023228955852
0.000023450419643
0.000023615722663
0.000023719447309
0.000023758195506
0.000023730700561
0.000023637869097
0.000023482751692
0.000023270443157
0.000023007915743
0.000022703790724
0.000022368055847
0.000022011737917
0.000021646541249
0.000021284463841
0.000020937403862
0.000020616769356
0.000020333103970
0.000020095740972
0.000019912496932
0.000019789415088
0.000019730566845
0.000019737917905
0.000019811263434
0.000019948234401
0.000020144374884
0.000020393287814
0.000020686844397
0.000021015450340
0.000021368360169
0.000021734029334
0.000022100492563
0.000022455756062
0.000022788190707
