0.002827345383764
0.002829580848086
0.002831536920493
0.002833124237460
0.002834269015680
0.002834916459640
0.002835033359476
0.002834609757737
0.002833659603731
0.002832220358017
0.002830351555563
0.002828132381970
0.002825658361058
0.002823037292048
0.002820384608722
0.002817818359826
0.002815454028322
0.002813399416031
0.002811749819254
0.002810583710118
0.002809959118017
0.002809910876449
0.002810448863989
0.002811557325594
0.002813195313809
0.002815298240602
0.002817780481798
0.002820538929360
0.002823457344295
0.002826411326542
0.002829273689529
0.002831920007429
0.002834234093494
0.002836113168721
0.002837472491424
0.002838249239864
0.002838405470860
0.002837930016146
0.002836839223449
0.002835176498966
0.002833010659951
0.002830433158263
0.002827554285659
0.002824498517223
0.002821399188443
0.002818392732464
0.002815612725435
0.002813183998610
0.002811217075483
0.002809803180507
0.002809010043431
0.002808878690702
0.002809421374204
0.002810620739439
0.002812430282182
0.002814776086889
0.002817559784185
0.002820662610893
0.002823950406826
0.002827279339981
0.002830502117856
0.002833474418894
0.002836061265650
0.002838143060867
0.002839621019349
0.002840421751939
0.002840500792179
0.002839844899967
0.002838473027887
0.002836435892791
0.002833814155226
0.002830715269802
0.002827269128077
0.002823622669364
0.002819933681638
0.002816364052494
0.002813072756902
0.002810208883319
0.002807905001534
0.002806271164418
0.002805389811728
0.002805311808239
0.002806053802158
0.002807597034864
0.002809887671826
0.002812838659617
0.002816333047999
0.002820228652040
0.002824363869727
0.002828564418383
0.002832650710538
0.002836445558792
0.002839781881082
0.002842510073525
0.002844504728101
0.002845670396438
0.002845946138211
0.002845308641517
0.002843773761284
0.002841396387743
0.002838268627647
0.002834516353202
0.002830294244546
0.002825779518030
0.002821164591590
0.002816648987598
0.002812430810426
0.002808698158954
0.002805620842071
0.002803342757485
0.002801975270907
0.002801591894703
0.002802224513856
0.002803861344563
0.002806446739415
0.002809882875981
0.002814033285665
0.002818728100574
0.002823770820903
0.002828946337514
0.002834029886733
0.002838796569581
0.002843031037807
0.002846536935579
0.002849145689383
0.002850724259680
0.002851181505491
0.002850472866056
0.002848603129929
0.002845627138896
0.002841648358715
0.002836815337491
0.002831316161943
0.002825371107960
0.002819223761235
0.002813130952810
0.002807351910130
0.002802137064089
0.002797716974634
0.002794291840624
0.002792022043320
0.002791020137468
0.002791344650685
0.002792995982484
0.002795914611627
0.002799981727549
0.002805022302145
0.002810810516259
0.002817077354801
0.002823520089880
0.002829813286532
0.002835620894288
0.002840608933134
0.002844458246890
0.002846876782536
0.002847610861551
0.002846454938954
0.002843259396851
0.002837935990083
0.002830460649733
0.002820873452526
0.002809275676795
0.002795823984332
0.002780721887629
0.002764208778851
0.002746546905842
0.002728006776979
0.002708851556744
0.002689321074016
0.002669616102519
0.002649883585619
0.002630203464765
0.002610577732260
0.002590922265582
0.002571061914068
0.002550729202247
0.002529566890856
0.002507134501093
0.002482918764430
0.002456347814695
0.002426808796209
0.002393668426910
0.002356295933512
0.002314087671490
0.002266492660049
0.002213038204458
0.002153354747661
0.002087199091322
0.002014475153928
0.001935251489604
0.001849774874329
0.001758479373772
0.001661990435502
0.001561123693736
0.001456878332400
0.001350425016801
0.001243088570300
0.001136325734582
0.001031698505122
0.000930843672177
0.000835439317788
0.000747169116811
0.000667685362030
0.000598571677679
0.000541306400998
0.000497227597520
0.000467500633334
0.000453089158226
0.000454730259860
0.000472914434217
0.000507870885328
0.000559558522138
0.000627662866877
0.000711598932377
0.000810519970165
0.000923331841502
0.001048712624132
0.001185136942194
0.001330904398720
0.001484171402089
0.001642985611429
0.001805322182503
0.001969120975214
0.002132323886304
0.002292911494716
0.002448938250971
0.002598565503254
0.002740091729208
0.002871979430566
0.002992878244649
0.003101643929094
0.003197352980858
0.003279312754556
0.003347067045783
0.003400397199902
0.003439318893825
0.003464074816062
0.003475123537645
0.003473124922868
0.003458922473830
0.003433523036784
0.003398074321750
0.003353840700508
0.003302177753001
0.003244506029293
0.003182284484865
0.003116984032126
0.003050061631745
0.002982935324562
0.002916960579157
0.002853408302271
0.002793444829330
0.002738114180656
0.002688322835395
0.002644827239697
0.002608224227921
0.002578944495418
0.002557249218479
0.002543229871187
0.002536811240140
0.002537757586481
0.002545681850810
0.002560057740875
0.002580234485458
0.002605453981644
0.002634870008018
0.002667569124903
0.002702592836165
0.002738960547098
0.002775692821285
0.002811834417724
0.002846476579391
0.002878778047111
0.002907984288927
0.002933444465662
0.002954625698175
0.002971124260291
0.002982673392839
0.002989147516928
0.002990562716806
0.002987073461746
0.002978965639785
0.002966646080611
0.002950628847156
0.002931518672235
0.002909992004445
0.002886776203420
0.002862627485510
0.002838308264632
0.002814564557386
0.002792104125343
0.002771576009946
0.002753552076837
0.002738511127448
0.002726826057979
0.002718754451557
0.002714432881507
0.002713875085527
0.002716974046118
0.002723507886031
0.002733149362990
0.002745478629962
0.002759998819832
0.002776153920322
0.002793348329830
0.002810967430186
0.002828398480291
0.002845051126471
0.002860376841470
0.002873886644058
0.002885166513697
0.002893889997636
0.002899827608189
0.002902852722268
0.002902943819447
0.002900183024409
0.002894751049994
0.002886918763440
0.002877035716277
0.002865516083371
0.002852822545101
0.002839448715331
0.002825900764262
0.002812678907855
0.002800259433435
0.002789077904638
0.002779514139019
0.002771879480386
0.002766406798074
0.002763243540264
0.002762448052165
0.002763989246790
0.002767749590839
0.002773531245510
0.002781065086557
0.002790022223842
0.002800027551850
0.002810674792371
0.002821542441365
0.002832210005499
0.002842273910950
0.002851362487584
0.002859149474581
0.002865365557255
0.002869807526353
0.002872344747516
0.002872922735686
0.002871563743089
0.002868364385405
0.002863490444370
0.002857169092031
0.002849678878073
0.002841337903428
0.002832490667730
0.002823494122859
0.002814703488130
0.002806458384136
0.002799069821846
0.002792808542505
0.002787895143868
0.002784492351997
0.002782699708381
0.002782550843243
0.002784013401458
0.002786991581894
0.002791331148199
0.002796826673261
0.002803230694438
0.002810264385434
0.002817629296052
0.002825019675012
0.002832134874721
0.002838691340817
0.002844433713012
0.002849144606119
0.002852652699189
0.002854838833852
0.002855639907215
0.002855050436364
0.002853121767043
0.002849958994395
0.002845715755036
0.002840587133447
0.002834800998533
0.002828608145297
0.002822271659765
0.002816055950972
0.002810215901153
0.002804986574257
0.002800573894077
0.002797146658139
0.002794830194063
0.002793701893851
0.002793788781721
0.002795067185858
0.002797464497466
0.002800862915291
0.002805104993805
0.002810000741746
0.002815335957486
0.002820881441056
