0.002810996201299
0.002810734568553
0.002809840151122
0.002808345977905
0.002806310275151
0.002803814258579
0.002800958953074
0.002797861163915
0.002794648759588
0.002791455456093
0.002788415314816
0.002785657179624
0.002783299283221
0.002781444247656
0.002780174689438
0.002779549616412
0.002779601772337
0.002780336047215
0.002781729028292
0.002783729720113
0.002786261413901
0.002789224638821
0.002792501082399
0.002795958326319
0.002799455208794
0.002802847597197
0.002805994335773
0.002808763124000
0.002811036081869
0.002812714769140
0.002813724446131
0.002814017393014
0.002813575141835
0.002812409519046
0.002810562444520
0.002808104483819
0.002805132201948
0.002801764416656
0.002798137495691
0.002794399883149
0.002790706073589
0.002787210277388
0.002784060035830
0.002781390048948
0.002779316472860
0.002777931926461
0.002777301420406
0.002777459385407
0.002778407933314
0.002780116434992
0.002782522445636
0.002785533953022
0.002789032869496
0.002792879636571
0.002796918763892
0.002800985084128
0.002804910473701
0.002808530767517
0.002811692585159
0.002814259786661
0.002816119288308
0.002817185992347
0.002817406618312
0.002816762266482
0.002815269594248
0.002812980541790
0.002809980602290
0.002806385691558
0.002802337729946
0.002797999103477
0.002793546218851
0.002789162406519
0.002785030455525
0.002781325082093
0.002778205640019
0.002775809374568
0.002774245502720
0.002773590372085
0.002773883909603
0.002775127520838
0.002777283543295
0.002780276294871
0.002783994693921
0.002788296362924
0.002793013066136
0.002797957275389
0.002802929609648
0.002807726855261
0.002812150246507
0.002816013671583
0.002819151467975
0.002821425483782
0.002822731107352
0.002823002005855
0.002822213362684
0.002820383461948
0.002817573533606
0.002813885842399
0.002809460074876
0.002804468148702
0.002799107634109
0.002793594036270
0.002788152236883
0.002783007431422
0.002778375923493
0.002774456148473
0.002771420294424
0.002769406869182
0.002768514529047
0.002768797437889
0.002770262367331
0.002772867681273
0.002776524273899
0.002781098452333
0.002786416676467
0.002792271992179
0.002798431923393
0.002804647526084
0.002810663255968
0.002816227263551
0.002821101707037
0.002825072666510
0.002827959252335
0.002829621526652
0.002829966898432
0.002828954708367
0.002826598787828
0.002822967853759
0.002818183685724
0.002812417119087
0.002805881976105
0.002798827141024
0.002791527062706
0.002784271035692
0.002777351665102
0.002771052960072
0.002765638522635
0.002761340303073
0.002758348378200
0.002756802176201
0.002756783521395
0.002758311806524
0.002761341520954
0.002765762273709
0.002771401353582
0.002778028768658
0.002785364607988
0.002793088473074
0.002800850639825
0.002808284536403
0.002815020061969
0.002820697228400
0.002824979583585
0.002827566872150
0.002828206407899
0.002826702671655
0.002822924707294
0.002816810965787
0.002808371339379
0.002797686232320
0.002784902627253
0.002770227223088
0.002753916836886
0.002736266374258
0.002717594775982
0.002698229438674
0.002678489681011
0.002658669880918
0.002639022941055
0.002619744748155
0.002600960275547
0.002582711937681
0.002564950741590
0.002547530694956
0.002530206826344
0.002512637053805
0.002494388007212
0.002474944772052
0.002453724382594
0.002430092755328
0.002403384624236
0.002372925922377
0.002338057953835
0.002298162619891
0.002252687906522
0.002201172809165
0.002143270866587
0.002078771499071
0.002007618396552
0.001929924278312
0.001845981445147
0.001756267664366
0.001661447063805
0.001562365858772
0.001460042890776
0.001355655113875
0.001250518318434
0.001146063527966
0.001043809637791
0.000945332980164
0.000852234595657
0.000766106061782
0.000688494775086
0.000620869600825
0.000564587794494
0.000520864062473
0.000490742566309
0.000475072588977
0.000474488474824
0.000489394331540
0.000519953846513
0.000566085425869
0.000627462717028
0.000703520429480
0.000793465228211
0.000896291344122
0.001010800429660
0.001135625088978
0.001269255432886
0.001410067951426
0.001556355962235
0.001706360881122
0.001858303571980
0.002010415065016
0.002160965983239
0.002308294084785
0.002450829409843
0.002587116612315
0.002715834154386
0.002835810143170
0.002946034688965
0.003045668761086
0.003134049606638
0.003210692877342
0.003275291677581
0.003327712801616
0.003367990468550
0.003396317889850
0.003413037016268
0.003418626809964
0.003413690374582
0.003398941253191
0.003375189173104
0.003343325480370
0.003304308467331
0.003259148756757
0.003208894867815
0.003154619054723
0.003097403480065
0.003038326762717
0.002978450926152
0.002918808766828
0.002860391664401
0.002804137865013
0.002750921284850
0.002701540902084
0.002656710829512
0.002617051185553
0.002583079905828
0.002555205658996
0.002533722046955
0.002518803278936
0.002510501509998
0.002508746025673
0.002513344435310
0.002523986006823
0.002540247235311
0.002561599688206
0.002587420111619
0.002617002718134
0.002649573507727
0.002684306403292
0.002720340913183
0.002756800968203
0.002792814522341
0.002827533458149
0.002860153301394
0.002889932227614
0.002916208837233
0.002938418186899
0.002956105593347
0.002968937772064
0.002976710935605
0.002979355553999
0.002976937570228
0.002969655964516
0.002957836669003
0.002941922945771
0.002922462452331
0.002900091325731
0.002875515715557
0.002849491283609
0.002822801260624
0.002796233705187
0.002770558644711
0.002746505791281
0.002724743515554
0.002705859729541
0.002690345274740
0.002678580337268
0.002670824318556
0.002667209481808
0.002667738574319
0.002672286497817
0.002680605967669
0.002692336971437
0.002707019712484
0.002724110609446
0.002743000821348
0.002763036684711
0.002783541386013
0.002803837152651
0.002823267229694
0.002841216918710
0.002857132988673
0.002870540826286
0.002881058771938
0.002888409185402
0.002892425898664
0.002893057838187
0.002890368730904
0.002884532942811
0.002875827631343
0.002864621518204
0.002851360703508
0.002836552041019
0.002820744674497
0.002804510393866
0.002788423505137
0.002773040918629
0.002758883145703
0.002746416855628
0.002736039582900
0.002728067093482
0.002722723819330
0.002720136657595
0.002720332308417
0.002723238197610
0.002728686902376
0.002736423874232
0.002746118137876
0.002757375541966
0.002769754051330
0.002782780502950
0.002795968202430
0.002808834715109
0.002820919207044
0.002831798715551
0.002841102775792
0.002848525896978
0.002853837466677
0.002856888760954
0.002857616848044
0.002856045289710
0.002852281663013
0.002846512041626
0.002838992685645
0.002830039288249
0.002820014212840
0.002809312222538
0.002798345252754
0.002787526805350
0.002777256548922
0.002767905693946
0.002759803674769
0.002753226614336
0.002748387974388
0.002745431706612
0.002744428122296
0.002745372593207
0.002748187088696
0.002752724447557
0.002758775181796
0.002766076517154
0.002774323295102
0.002783180296183
0.002792295497144
0.002801313745903
0.002809890329916
0.002817703924943
0.002824468441997
0.002829943338879
0.002833942027212
0.002836338083522
0.002837069060656
0.002836137790210
0.002833611163863
0.002829616478036
0.002824335518257
0.002817996643639
0.002810865204901
0.002803232688557
0.002795405023386
0.002787690511391
0.002780387853525
0.002773774730325
0.002768097369885
0.002763561491642
0.002760324956025
0.002758492379707
0.002758111896679
