0.002813903854068
0.002814069582168
0.002813600385127
0.002812512578225
0.002810848363679
0.002808674274266
0.002806078588983
0.002803167820285
0.002800062411953
0.002796891820678
0.002793789181484
0.002790885776129
0.002788305533559
0.002786159792040
0.002784542543576
0.002783526362893
0.002783159196472
0.002783462152710
0.002784428393765
0.002786023184633
0.002788185107249
0.002790828398998
0.002793846327850
0.002797115472455
0.002800500736720
0.002803860896387
0.002807054451215
0.002809945541698
0.002812409684452
0.002814339085775
0.002815647308295
0.002816273090511
0.002816183152454
0.002815373861319
0.002813871677168
0.002811732348739
0.002809038881060
0.002805898347766
0.002802437669658
0.002798798525122
0.002795131595581
0.002791590378676
0.002788324822020
0.002785475040205
0.002783165376824
0.002781499061454
0.002780553689337
0.002780377719578
0.002780988147415
0.002782369458985
0.002784473924964
0.002787223234591
0.002790511416073
0.002794208935613
0.002798167817421
0.002802227583238
0.002806221773945
0.002809984789319
0.002813358766167
0.002816200210528
0.002818386106890
0.002819819246082
0.002820432543013
0.002820192154819
0.002819099257404
0.002817190392315
0.002814536353884
0.002811239646529
0.002807430601361
0.002803262297567
0.002798904484859
0.002794536746664
0.002790341177645
0.002786494872229
0.002783162531899
0.002780489497605
0.002778595499617
0.002777569390919
0.002777465092848
0.002778298934438
0.002780048511689
0.002782653131989
0.002786015844483
0.002790006992040
0.002794469157162
0.002799223315416
0.002804075958102
0.002808826903241
0.002813277482239
0.002817238770359
0.002820539523227
0.002823033489439
0.002824605790785
0.002825178095905
0.002824712359161
0.002823212952316
0.002820727080189
0.002817343440289
0.002813189157693
0.002808425097429
0.002803239724236
0.002797841741246
0.002792451792071
0.002787293552886
0.002782584570419
0.002778527217007
0.002775300134228
0.002773050521836
0.002771887599317
0.002771877524191
0.002773039995952
0.002775346709180
0.002778721746532
0.002783043924740
0.002788151027588
0.002793845782194
0.002799903362022
0.002806080134853
0.002812123319147
0.002817781170313
0.002822813291071
0.002827000648771
0.002830154887834
0.002832126547490
0.002832811832954
0.002832157640938
0.002830164605946
0.002826888009730
0.002822436479713
0.002816968489909
0.002810686766323
0.002803830784706
0.002796667628095
0.002789481541829
0.002782562581494
0.002776194792212
0.002770644383777
0.002766148374147
0.002762904163075
0.002761060468326
0.002760710009908
0.002761884264528
0.002764550535399
0.002768611494327
0.002773907257060
0.002780219952732
0.002787280647942
0.002794778389311
0.002802371039278
0.002809697501999
0.002816390872764
0.002822091998068
0.002826462906544
0.002829199564715
0.002830043426661
0.002828791282942
0.002825302970589
0.002819506580735
0.002811400891105
0.002801054853830
0.002788604081305
0.002774244389799
0.002758222578030
0.002740824731416
0.002722362447769
0.002703157472817
0.002683525310224
0.002663758427665
0.002644109715433
0.002624776865271
0.002605888323761
0.002587491436674
0.002569543339080
0.002551905062567
0.002534339228184
0.002516511575113
0.002497996444579
0.002478286200500
0.002456804427783
0.002432922610834
0.002405979863763
0.002375305164593
0.002340241442970
0.002300170788151
0.002254539984669
0.002202885549283
0.002144857436281
0.002080240599277
0.002008973646070
0.001931163897496
0.001847098259268
0.001757249434453
0.001662277139744
0.001563024136551
0.001460507043481
0.001355902054755
0.001250525844480
0.001145812084317
0.001043284137110
0.000944524607211
0.000851142525600
0.000764739021566
0.000686872380226
0.000619023405312
0.000562561998908
0.000518715834644
0.000488541939748
0.000472901916406
0.000472441427218
0.000487574446743
0.000518472645324
0.000565060127163
0.000627013596601
0.000703767879518
0.000794526585280
0.000898277563037
0.001013812688248
0.001139751414419
0.001274567443722
0.001416617810473
0.001564173634290
0.001715451785572
0.001868646714205
0.002021961721847
0.002173639006878
0.002321987876620
0.002465410600770
0.002602425469774
0.002731686718629
0.002852001076693
0.002962340803989
0.003061853170824
0.003149866427393
0.003225892390703
0.003289625845580
0.003340941013230
0.003379885383863
0.003406671238876
0.003421665203494
0.003425376173182
0.003418441948105
0.003401614891031
0.003375746897416
0.003341773934283
0.003300700369146
0.003253583274080
0.003201516855153
0.003145617125892
0.003087006916762
0.003026801292162
0.002966093432865
0.002905941035564
0.002847353282021
0.002791278437690
0.002738592152496
0.002690086553376
0.002646460237453
0.002608309294523
0.002576119505779
0.002550259880552
0.002530977702292
0.002518395257488
0.002512508415381
0.002513187211117
0.002520178560018
0.002533111195803
0.002551502881409
0.002574769888518
0.002602238682502
0.002633159685106
0.002666722920203
0.002702075280780
0.002738339090824
0.002774631576682
0.002810084811531
0.002843865656406
0.002875195193987
0.002903367138969
0.002927764712671
0.002947875490374
0.002963303767852
0.002973780048280
0.002979167320887
0.002979463886690
0.002974802581976
0.002965446354014
0.002951780252413
0.002934300010120
0.002913597496265
0.002890343425301
0.002865267799273
0.002839138639187
0.002812739624233
0.002786847301483
0.002762208551664
0.002739518997470
0.002719403019129
0.002702395997903
0.002688929342988
0.002679318772784
0.002673756220345
0.002672305618218
0.002674902693639
0.002681358775309
0.002691368482149
0.002704521037050
0.002720314829103
0.002738174740322
0.002757471661272
0.002777543547607
0.002797717318832
0.002817330873631
0.002835754493825
0.002852410931570
0.002866793521216
0.002878481726543
0.002887153623677
0.002892594926641
0.002894704282491
0.002893494692191
0.002889091047119
0.002881723904756
0.002871719755936
0.002859488155434
0.002845506193538
0.002830300874751
0.002814430037938
0.002798462497565
0.002782958106848
0.002768448439753
0.002755418760349
0.002744291895962
0.002735414557081
0.002729046554591
0.002725353257311
0.002724401513762
0.002726159136102
0.002730497915763
0.002737200014207
0.002745967452912
0.002756434318517
0.002768181205822
0.002780751346315
0.002793667815722
0.002806451182447
0.002818636950799
0.002829792168489
0.002839530606426
0.002847525978541
0.002853522747980
0.002857344160355
0.002858897251207
0.002858174689449
0.002855253436841
0.002850290321290
0.002843514734389
0.002835218767173
0.002825745188707
0.002815473746615
0.002804806324459
0.002794151526029
0.002783909270081
0.002774455970575
0.002766130847550
0.002759223863859
0.002753965715110
0.002750520217090
0.002748979340005
0.002749361035767
0.002751609897225
0.002755600580843
0.002761143820901
0.002767994767696
0.002775863297968
0.002784425875999
0.002793338490897
0.002802250161390
0.002810816485057
0.002818712714604
0.002825645869135
0.002831365432161
0.002835672248381
0.002838425305681
0.002839546174162
0.002839020967042
0.002836899785266
0.002833293704845
0.002828369459586
0.002822342058465
0.002815465653088
0.002808023033786
0.002800314180561
0.002792644325697
0.002785311997404
0.002778597508154
0.002772752327726
0.002767989740679
0.002764477132639
0.002762330181879
0.002761609154839
0.002762317419735
