0.002946013072142
0.002945392073451
0.002944822317669
0.002944345468902
0.002943997522304
0.002943806345768
0.002943789727942
0.002943954067139
0.002944293795137
0.002944791582728
0.002945419323091
0.002946139837971
0.002946909203528
0.002947679550872
0.002948402163369
0.002949030671206
0.002949524134859
0.002949849813834
0.002949985435110
0.002949920806174
0.002949658658465
0.002949214655962
0.002948616557401
0.002947902575822
0.002947119032104
0.002946317446555
0.002945551251125
0.002944872331940
0.002944327625654
0.002943955992456
0.002943785573461
0.002943831811293
0.002944096271806
0.002944566354455
0.002945215922072
0.002946006821349
0.002946891206868
0.002947814528094
0.002948718993670
0.002949547293797
0.002950246341754
0.002950770791114
0.002951086096533
0.002951170912506
0.002951018664738
0.002950638180331
0.002950053322627
0.002949301640518
0.002948432106274
0.002947502076246
0.002946573661212
0.002945709734230
0.002944969830628
0.002944406205530
0.002944060307882
0.002943959906715
0.002944117066462
0.002944527115939
0.002945168693177
0.002946004879703
0.002946985367270
0.002948049532163
0.002949130231312
0.002950158084712
0.002951065973387
0.002951793463851
0.002952290870190
0.002952522683756
0.002952470137125
0.002952132721286
0.002951528539973
0.002950693458479
0.002949679081747
0.002948549672992
0.002947378194622
0.002946241713217
0.002945216455638
0.002944372830912
0.002943770740250
0.002943455484516
0.002943454545303
0.002943775464119
0.002944404977161
0.002945309484764
0.002946436849726
0.002947719432612
0.002949078190517
0.002950427593706
0.002951681057142
0.002952756544877
0.002953581987619
0.002954100159006
0.002954272684242
0.002954082904482
0.002953537388896
0.002952665969583
0.002951520267474
0.002950170774201
0.002948702649513
0.002947210480030
0.002945792317276
0.002944543366083
0.002943549724786
0.002942882583774
0.002942593268022
0.002942709462997
0.002943232894311
0.002944138643504
0.002945376180769
0.002946872086324
0.002948534322524
0.002950257815491
0.002951931014979
0.002953443030338
0.002954690893775
0.002955586483313
0.002956062648529
0.002956078122603
0.002955620872306
0.002954709629752
0.002953393460660
0.002951749346865
0.002949877888360
0.002947897354149
0.002945936423657
0.002944126053876
0.002942590975346
0.002941441357534
0.002940765187879
0.002940621877684
0.002941037543125
0.002942002314188
0.002943469903531
0.002945359528131
0.002947560127499
0.002949936672333
0.002952338216394
0.002954607221295
0.002956589587093
0.002958144758176
0.002959155248748
0.002959534948177
0.002959235623664
0.002958251133889
0.002956618997416
0.002954419116645
0.002951769632730
0.002948820068668
0.002945742095331
0.002942718417178
0.002939930409854
0.002937545241433
0.002935703265048
0.002934506478019
0.002934008799244
0.002934208823342
0.002935045571153
0.002936397578740
0.002938085461006
0.002939877863436
0.002941500489959
0.002942647680868
0.002942995826338
0.002942217751607
0.002939997110739
0.002936041785759
0.002930095312333
0.002921945443734
0.002911429119243
0.002898433314980
0.002882891514109
0.002864775825815
0.002844085091818
0.002820829627222
0.002795013529865
0.002766615740069
0.002735571223003
0.002701753763560
0.002664961896928
0.002624909439351
0.002581221930459
0.002533440053766
0.002481030773728
0.002423406529632
0.002359952376690
0.002290060485199
0.002213170924514
0.002128817196461
0.002036674569535
0.001936608926527
0.001828723596907
0.001713401520386
0.001591340093195
0.001463576191231
0.001331499144883
0.001196849852548
0.001061704749680
0.000928443977393
0.000799703792631
0.000678313999683
0.000567221925727
0.000469405175038
0.000387776041210
0.000325081000065
0.000283799117311
0.000266043459237
0.000273469673538
0.000307195800153
0.000367737077112
0.000454959030990
0.000568051501728
0.000705525471834
0.000865233682025
0.001044415056970
0.001239761977952
0.001447508468296
0.001663536446766
0.001883496396488
0.002102938130771
0.002317446845157
0.002522779352133
0.002714995317291
0.002890578459696
0.003046543040906
0.003180521532533
0.003290830097872
0.003376509416891
0.003437339386694
0.003473827297065
0.003487170165429
0.003479192969081
0.003452265487831
0.003409201323920
0.003353143360373
0.003287440423648
0.003215520210093
0.003140763606807
0.003066385384798
0.002995325875175
0.002930157676434
0.002873010710803
0.002825518085477
0.002788784261676
0.002763376035590
0.002749335836962
0.002746215898869
0.002753130989079
0.002768826656957
0.002791759371461
0.002820184528488
0.002852248103628
0.002886077723861
0.002919869123680
0.002951964323161
0.002980918395159
0.003005552346165
0.003024990385562
0.003038680662184
0.003046399365094
0.003048238877332
0.003044581399766
0.003036060093662
0.003023510297792
0.003007913738167
0.002990338853166
0.002971880399332
0.002953601387329
0.002936480134913
0.002921364833004
0.002908937526460
0.002899688841829
0.002893904182040
0.002891661485470
0.002892840046374
0.002897139345382
0.002904106368754
0.002913169524829
0.002923677010760
0.002934937351106
0.002946259824102
0.002956992606712
0.002966556695025
0.002974473975776
0.002980388217029
0.002984078187441
0.002985462578419
0.002984596865874
0.002981662683332
0.002976950663309
0.002970838020211
0.002963762380976
0.002956193509803
0.002948604616563
0.002941444886289
0.002935114726097
0.002929945007321
0.002926181299601
0.002923973768356
0.002923373057268
0.002924332123667
0.002926713657085
0.002930302408072
0.002934821501501
0.002939951618444
0.002945351811677
0.002950680676133
0.002955616626903
0.002959876139056
0.002963228967371
0.002965509578246
0.002966624276604
0.002966553781710
0.002965351281187
0.002963136256007
0.002960084606103
0.002956415803610
0.002952377948551
0.002948231693084
0.002944234031907
0.002940622928156
0.002937603659900
0.002935337638825
0.002933934279505
0.002933446296082
0.002933868586230
0.002935140642980
0.002937152226628
0.002939751843211
0.002942757423461
0.002945968484491
0.002949178991250
0.002952190118363
0.002954822144795
0.002956924790596
0.002958385420688
0.002959134687370
0.002959149351051
0.002958452197219
0.002957109145630
0.002955223814636
0.002952929949744
0.002950382242644
0.002947746148994
0.002945187356113
0.002942861554021
0.002940905125923
0.002939427300625
0.002938504204904
0.002938175125713
0.002938441148659
0.002939266189512
0.002940580288869
0.002942284905293
0.002944259827097
0.002946371234054
0.002948480382270
0.002950452361094
0.002952164380888
0.002953513093200
0.002954420517073
0.002954838241648
0.002954749689445
0.002954170349382
0.002953146015724
0.002951749191038
0.002950073920464
0.002948229414826
0.002946332886223
0.002944502058258
0.002942847822272
0.002941467490928
0.002940439053161
0.002939816763336
0.002939628307427
0.002939873686021
0.002940525844601
0.002941532972760
0.002942822292428
0.002944305066908
0.002945882492720
0.002947452088872
0.002948914175581
0.002950178037619
0.002951167395617
0.002951824859474
0.002952115108093
0.002952026624010
0.002951571904859
0.002950786169873
0.002949724672844
0.002948458817428
0.002947071341296
0.002945650888322
0.002944286319835
0.002943061125366
0.002942048280123
0.002941305861924
0.002940873686965
0.002940771155357
0.002940996418263
0.002941526893928
