0.002906751792417
0.002906704269317
0.002906540959037
0.002906270943950
0.002905909066678
0.002905475197361
0.002904993219249
0.002904489783946
0.002903992900884
0.002903530435397
0.002903128595800
0.002902810491501
0.002902594841472
0.002902494905312
0.002902517698055
0.002902663535300
0.002902925937984
0.002903291906964
0.002903742557681
0.002904254085442
0.002904799013499
0.002905347660038
0.002905869747368
0.002906336067719
0.002906720115711
0.002906999597992
0.002907157735846
0.002907184286488
0.002907076222887
0.002906838029533
0.002906481591713
0.002906025677559
0.002905495034198
0.002904919140611
0.002904330679103
0.002903763803606
0.002903252295303
0.002902827703766
0.002902517574203
0.002902343858545
0.002902321599829
0.002902457966123
0.002902751692735
0.002903192970397
0.002903763793736
0.002904438759767
0.002905186281677
0.002905970160148
0.002906751434187
0.002907490416882
0.002908148809897
0.002908691784254
0.002909089914744
0.002909320861051
0.002909370700366
0.002909234833149
0.002908918405273
0.002908436214609
0.002907812097304
0.002907077816790
0.002906271505775
0.002905435736396
0.002904615315160
0.002903854915918
0.002903196675039
0.002902677877376
0.002902328859304
0.002902171245892
0.002902216623723
0.002902465729449
0.002902908208146
0.002903522965996
0.002904279110439
0.002905137439237
0.002906052409634
0.002906974491580
0.002907852786326
0.002908637774957
0.002909284051510
0.002909752893054
0.002910014524595
0.002910049949944
0.002909852240100
0.002909427197386
0.002908793345200
0.002907981228273
0.002907032044959
0.002905995669369
0.002904928155229
0.002903888843290
0.002902937218230
0.002902129677936
0.002901516386670
0.002901138383327
0.002901025106560
0.002901192480268
0.002901641676561
0.002902358640076
0.002903314418953
0.002904466305877
0.002905759749409
0.002907130953722
0.002908510045954
0.002909824656974
0.002911003735202
0.002911981395911
0.002912700601225
0.002913116469502
0.002913199027035
0.002912935239562
0.002912330194875
0.002911407349422
0.002910207799108
0.002908788585250
0.002907220098240
0.002905582691201
0.002903962661109
0.002902447793042
0.002901122692124
0.002900064145616
0.002899336763227
0.002898989136346
0.002899050736652
0.002899529741995
0.002900411934023
0.002901660759632
0.002903218589423
0.002905009143874
0.002906940995049
0.002908911991571
0.002910814400633
0.002912540515898
0.002913988447008
0.002915067787049
0.002915704850311
0.002915847184587
0.002915467090121
0.002914563920100
0.002913164993601
0.002911325018679
0.002909123997679
0.002906663665241
0.002904062587973
0.002901450129154
0.002898959548279
0.002896720559818
0.002894851715147
0.002893452993452
0.002892598989864
0.002892333071188
0.002892662831567
0.002893557123469
0.002894944865752
0.002896715743358
0.002898722816564
0.002900786956109
0.002902702919289
0.002904246786272
0.002905184390952
0.002905280311324
0.002904306935098
0.002902053090513
0.002898331732620
0.002892986202784
0.002885894634010
0.002876972155255
0.002866170651581
0.002853475959608
0.002838902514171
0.002822485606108
0.002804271555945
0.002784306246659
0.002762622583393
0.002739227552033
0.002714089625514
0.002687127311301
0.002658199641515
0.002627099376053
0.002593549617960
0.002557204430085
0.002517653895607
0.002474433886937
0.002427040604070
0.002374949722649
0.002317639762591
0.002254619060178
0.002185455510156
0.002109808050022
0.002027458695983
0.001938343818129
0.001842583268559
0.001740505956489
0.001632670502463
0.001519879701194
0.001403187678282
0.001283898836583
0.001163557947435
0.001043931042007
0.000926977088419
0.000814810789119
0.000709657187003
0.000613799114112
0.000529518839277
0.000459035557161
0.000404440598088
0.000367632414623
0.000350253507966
0.000353631488210
0.000378726413442
0.000426086422771
0.000495813469937
0.000587540682672
0.000700422526883
0.000833138555224
0.000983911080249
0.001150536648486
0.001330430720158
0.001520684497241
0.001718132407379
0.001919428359661
0.002121128555470
0.002319778377023
0.002512000698534
0.002694582877859
0.002864559694644
0.003019289605072
0.003156521880845
0.003274452484494
0.003371766895141
0.003447668525660
0.003501891848735
0.003534699858509
0.003546866017901
0.003539641360276
0.003514707909042
0.003474120031922
0.003420235741612
0.003355640276981
0.003283064537374
0.003205301088584
0.003125120507771
0.003045190784952
0.002968002353078
0.002895801083498
0.002830531268078
0.002773790226056
0.002726795737703
0.002690367034754
0.002664919587560
0.002650473439156
0.002646674365452
0.002652826705609
0.002667936323076
0.002690761839249
0.002719872038873
0.002753707186979
0.002790641925428
0.002829047434067
0.002867350644300
0.002904088475758
0.002937955320759
0.002967842314883
0.002992867291722
0.003012394710503
0.003026045250958
0.003033695174222
0.003035465936036
0.003031704894276
0.003022958263817
0.003009937727066
0.002993482299514
0.002974517170989
0.002954011292020
0.002932935451319
0.002912222498017
0.002892731206957
0.002875215075324
0.002860297084615
0.002848451175193
0.002839990874321
0.002835065205847
0.002833661703798
0.002835616065365
0.002840627722491
0.002848280395031
0.002858066519925
0.002869414335371
0.002881716339602
0.002894357841038
0.002906744368377
0.002918326811486
0.002928623310463
0.002937237093172
0.002943869671653
0.002948329035035
0.002950532710492
0.002950505793977
0.002948374269054
0.002944354126151
0.002938736958404
0.002931872837681
0.002924151361346
0.002915981804229
0.002907773310960
0.002899916022723
0.002892763953042
0.002886620314284
0.002881725856566
0.002878250620801
0.002876289335794
0.002875860513651
0.002876909126466
0.002879312587878
0.002882889622428
0.002887411489470
0.002892614941090
0.002898216238028
0.002903925525382
0.002909460880736
0.002914561389635
0.002918998673889
0.002922586392930
0.002925187351876
0.002926717976450
0.002927150047852
0.002926509723841
0.002924873999378
0.002922364875424
0.002919141603002
0.002915391447230
0.002911319469897
0.002907137857495
0.002903055323953
0.002899267094478
0.002895945930719
0.002893234591016
0.002891240036486
0.002890029598738
0.002889629222945
0.002890023795952
0.002891159468118
0.002892947784396
0.002895271358929
0.002897990761796
0.002900952238995
0.002903995859120
0.002906963673159
0.002909707487054
0.002912095878878
0.002914020141600
0.002915398895422
0.002916181187175
0.002916347974378
0.002915911974092
0.002914915937717
0.002913429488325
0.002911544723577
0.002909370841742
0.002907028088503
0.002904641346551
0.002902333697725
0.002900220278732
0.002898402727232
0.002896964476822
0.002895967109656
0.002895447916680
0.002895418751055
0.002895866193516
0.002896752982574
0.002898020600833
0.002899592854221
0.002901380236039
0.002903284834500
0.002905205522071
0.002907043158206
0.002908705543836
0.002910111885703
0.002911196559792
0.002911912004037
0.002912230618769
0.002912145606449
0.002911670737340
0.002910839082115
0.002909700803235
0.002908320141878
0.002906771774115
0.002905136737235
0.002903498143615
0.002901936904593
0.002900527680611
0.002899335256909
0.002898411517501
0.002897793155540
0.002897500217411
0.002897535533274
0.002897885040514
0.002898518961126
0.002899393751681
0.002900454707259
0.002901639070396
0.002902879473954
