0.002982487661162
0.002982737437411
0.002983203643306
0.002983855914622
0.002984648149293
0.002985522046090
0.002986411695616
0.002987248861496
0.002987968528377
0.002988514266027
0.002988842968043
0.002988928569160
0.002988764423504
0.002988364131399
0.002987760726164
0.002987004264950
0.002986157998189
0.002985293410241
0.002984484519395
0.002983801890582
0.002983306843392
0.002983046328353
0.002983048896401
0.002983322103376
0.002983851579632
0.002984601863105
0.002985518952859
0.002986534400514
0.002987570630413
0.002988547076075
0.002989386649264
0.002990022024691
0.002990401231386
0.002990492090665
0.002990285127247
0.002989794697653
0.002989058219718
0.002988133537797
0.002987094608172
0.002986025826250
0.002985015430277
0.002984148496116
0.002983500077403
0.002983129041454
0.002983073103323
0.002983345471842
0.002983933398691
0.002984798774031
0.002985880751281
0.002987100221971
0.002988365811982
0.002989580944966
0.002990651427625
0.002991492962366
0.002992037990196
0.002992241311330
0.002992084019920
0.002991575416180
0.002990752714401
0.002989678537063
0.002988436360124
0.002987124238821
0.002985847283910
0.002984709463745
0.002983805369227
0.002983212590949
0.002982985319228
0.002983149690411
0.002983701273184
0.002984604926025
0.002985797073916
0.002987190262860
0.002988679669564
0.002990151085055
0.002991489767802
0.002992589484297
0.002993361029663
0.002993739550544
0.002993690075726
0.002993210790960
0.002992333763746
0.002991123018809
0.002989670070768
0.002988087221198
0.002986499107193
0.002985033133325
0.002983809516664
0.002982931717010
0.002982478007467
0.002982494864319
0.002982992724864
0.002983944486643
0.002985286914295
0.002986924896549
0.002988738272883
0.002990590744272
0.002992340211581
0.002993849762268
0.002994998461524
0.002995691103828
0.002995866146169
0.002995501171127
0.002994615407717
0.002993269057540
0.002991559417015
0.002989614034953
0.002987581379333
0.002985619689520
0.002983884844035
0.002982518166635
0.002981635116492
0.002981315758662
0.002981597791134
0.002982472722508
0.002983885562507
0.002985738123058
0.002987895750175
0.002990197037567
0.002992465832572
0.002994524652880
0.002996208504183
0.002997378035832
0.002997930999171
0.002997811081375
0.002997013369534
0.002995585943244
0.002993627381581
0.002991280281108
0.002988721192091
0.002986147666517
0.002983763351363
0.002981762234311
0.002980313241824
0.002979546392199
0.002979541616378
0.002980321181665
0.002981846399277
0.002984018983571
0.002986687081118
0.002989655627431
0.002992700345331
0.002995584398387
0.002998076479714
0.002999968970286
0.003001094755366
0.003001341348957
0.003000661142580
0.002999076856505
0.002996681611536
0.002993633433751
0.002990144424856
0.002986465245469
0.002982865935940
0.002979614409091
0.002976954165718
0.002975082887213
0.002974133538551
0.002974159466708
0.002975124711185
0.002976900371308
0.002979267424229
0.002981925889834
0.002984509730962
0.002986606398104
0.002987779515658
0.002987592896571
0.002985633892645
0.002981534058915
0.002974985242146
0.002965749493690
0.002953661641853
0.002938623913296
0.002920592631281
0.002899557697308
0.002875516233110
0.002848442371226
0.002818255685191
0.002784791100671
0.002747773290805
0.002706798508419
0.002661326533901
0.002610684924853
0.002554087062024
0.002490664630160
0.002419514200402
0.002339756551101
0.002250606342245
0.002151448813848
0.002041919378153
0.001921981380952
0.001791996970281
0.001652785968618
0.001505667918183
0.001352483059350
0.001195588891199
0.001037830112745
0.000882481097474
0.000733161541291
0.000593727462521
0.000468141233228
0.000360325693547
0.000274008558999
0.000212564198376
0.000178860374862
0.000175117662494
0.000202788952530
0.000262465752331
0.000353816879595
0.000475563717210
0.000625494489286
0.000800518134825
0.000996756392074
0.001209670770388
0.001434219284433
0.001665036259002
0.001896627271002
0.002123570450500
0.002340714965787
0.002543367594199
0.002727458830376
0.002889680979771
0.003027592075110
0.003139681162765
0.003225392441872
0.003285107796304
0.003320089326197
0.003332385449522
0.003324705899204
0.003300272394086
0.003262652836611
0.003215587532764
0.003162816111425
0.003107913538370
0.003054142898269
0.003004331504397
0.002960775460064
0.002925176124731
0.002898610129974
0.002881532750281
0.002873812665121
0.002874794549440
0.002883384585077
0.002898152964323
0.002917446806862
0.002939506657874
0.002962579879236
0.002985024765404
0.003005400066927
0.003022535725791
0.003035581941632
0.003044035111399
0.003047740628158
0.003046873900675
0.003041902184014
0.003033530824694
0.003022638269267
0.003010204628332
0.002997238714711
0.002984708290468
0.002973477787690
0.002964257054094
0.002957563772298
0.002953701176012
0.002952751608157
0.002954585405997
0.002958883623909
0.002965172274471
0.002972865130428
0.002981311716847
0.002989846951628
0.002997838964047
0.003004731920049
0.003010081179821
0.003013578766412
0.003015067883433
0.003014546029921
0.003012157064688
0.003008173316868
0.003002969476060
0.002996990485596
0.002990715978621
0.002984623924259
0.002979156088924
0.002974687677594
0.002971503125119
0.002969779491614
0.002969578319100
0.002970846173340
0.002973423470613
0.002977060617346
0.002981440008964
0.002986202073642
0.002990973327722
0.002995394342825
0.002999145609489
0.003001969507213
0.003003686935438
0.003004207595649
0.003003533407587
0.003001755055458
0.002999042155972
0.002995627984093
0.002991790054585
0.002987828114439
0.002984041237975
0.002980705726741
0.002978055403458
0.002976265664957
0.002975442342909
0.002975616038541
0.002976742178168
0.002978706611406
0.002981336174476
0.002984413295022
0.002987693446101
0.002990924082667
0.002993863624097
0.002996299083318
0.002998061081262
0.002999035212049
0.002999169020556
0.002998474196463
0.002997023951376
0.002994945901087
0.002992411097810
0.002989620124352
0.002986787355660
0.002984124600473
0.002981825351290
0.002980050795511
0.002978918582127
0.002978495110398
0.002978791827832
0.002979765716283
0.002981323830434
0.002983331455653
0.002985623193747
0.002988016083634
0.002990323733104
0.002992370385662
0.002994003875192
0.002995106526928
0.002995603236508
0.002995466185539
0.002994715914092
0.002993418747900
0.002991680849710
0.002989639410314
0.002987451697472
0.002985282826055
0.002983293190644
0.002981626508070
0.002980399352838
0.002979692939330
0.002979547721820
0.002979961161454
0.002980888765586
0.002982248257889
0.002983926505928
0.002985788633360
0.002987688591031
0.002989480365393
0.002991028970155
0.002992220399099
0.002992969811034
0.002993227363936
0.002992981302456
0.002992258116560
0.002991119812576
0.002989658554391
0.002987989125976
0.002986239822528
0.002984542485352
0.002983022447769
0.002981789152877
0.002980928140347
0.002980494984290
0.002980511607169
0.002980965208146
0.002981809842746
0.002982970489703
0.002984349255445
0.002985833210639
0.002987303237912
0.002988643203245
0.002989748750055
0.002990535054704
0.002990942971364
0.002990943125308
0.002990537676244
0.002989759654481
0.002988669958513
0.002987352278889
0.002985906366750
0.002984440184918
0.002983061556195
0.002981869952580
0.002980949048644
0.002980360594854
0.002980140057773
0.002980294332786
