0.002934430108015
0.002934203749459
0.002934117177278
0.002934178357864
0.002934386107136
0.002934730065755
0.002935191251820
0.002935743163268
0.002936353367235
0.002936985482119
0.002937601432205
0.002938163835999
0.002938638379271
0.002938996022876
0.002939214903956
0.002939281806634
0.002939193103869
0.002938955104181
0.002938583773639
0.002938103842452
0.002937547344417
0.002936951673875
0.002936357276331
0.002935805113573
0.002935334060216
0.002934978395095
0.002934765547208
0.002934714242118
0.002934833171545
0.002935120277724
0.002935562706697
0.002936137443421
0.002936812598873
0.002937549277918
0.002938303919117
0.002939030966436
0.002939685709821
0.002940227118620
0.002940620489577
0.002940839740074
0.002940869197016
0.002940704761021
0.002940354362985
0.002939837673108
0.002939185068724
0.002938435913818
0.002937636247048
0.002936836013662
0.002936086007383
0.002935434709138
0.002934925218939
0.002934592474509
0.002934460935457
0.002934542885531
0.002934837469318
0.002935330535721
0.002935995311267
0.002936793874825
0.002937679354717
0.002938598722752
0.002939496020317
0.002940315821854
0.002941006722974
0.002941524635278
0.002941835678302
0.002941918480604
0.002941765735648
0.002941384902025
0.002940797989071
0.002940040425053
0.002939159062356
0.002938209429012
0.002937252384955
0.002936350381499
0.002935563550940
0.002934945868037
0.002934541625134
0.002934382447683
0.002934485047470
0.002934849868596
0.002935460728494
0.002936285496172
0.002937277785925
0.002938379580981
0.002939524641770
0.002940642501644
0.002941662812193
0.002942519773625
0.002943156374900
0.002943528174433
0.002943606375136
0.002943379986385
0.002942856917916
0.002942063913920
0.002941045305832
0.002939860635456
0.002938581271541
0.002937286208364
0.002936057289999
0.002934974145262
0.002934109142758
0.002933522681379
0.002933259117973
0.002933343601347
0.002933780031700
0.002934550299800
0.002935614884309
0.002936914803112
0.002938374830234
0.002939907809065
0.002941419820287
0.002942815903770
0.002944005991665
0.002944910688129
0.002945466531285
0.002945630395756
0.002945382738596
0.002944729455438
0.002943702193784
0.002942357062084
0.002940771771153
0.002939041342840
0.002937272613488
0.002935577840885
0.002934067787725
0.002932844697657
0.002931995598608
0.002931586360310
0.002931656898655
0.002932217859902
0.002933249035853
0.002934699661253
0.002936490632393
0.002938518567847
0.002940661515309
0.002942786000036
0.002944755017166
0.002946436498429
0.002947711738578
0.002948483251733
0.002948681544800
0.002948270344006
0.002947249889566
0.002945658018659
0.002943568882693
0.002941089284299
0.002938352764486
0.002935511712400
0.002932727900150
0.002930161955063
0.002927962363934
0.002926254652357
0.002925131392952
0.002924643667066
0.002924794535746
0.002925534970116
0.002926762553755
0.002928323107573
0.002930015209863
0.002931597401005
0.002932797684820
0.002933324777893
0.002932880425017
0.002931172002785
0.002927924581861
0.002922891617029
0.002915863485443
0.002906673197048
0.002895198753603
0.002881361827367
0.002865122658036
0.002846471315026
0.002825415728068
0.002801967137470
0.002776123841061
0.002747854303086
0.002717080827733
0.002683665075247
0.002647396703469
0.002607986347034
0.002565063999612
0.002518183644535
0.002466834693430
0.002410460452369
0.002348483455746
0.002280337107271
0.002205502665496
0.002123550229209
0.002034182037299
0.001937276118632
0.001832928128382
0.001721489103056
0.001603596868376
0.001480198948197
0.001352565049742
0.001222287535828
0.001091268728029
0.000961694400223
0.000835993399302
0.000716783944540
0.000606807782059
0.000508853977126
0.000425674685435
0.000359895727124
0.000313925168373
0.000289863373431
0.000289418108007
0.000313828242343
0.000363799414848
0.000439454677707
0.000540302664383
0.000665225212075
0.000812485663007
0.000979758285023
0.001164178426669
0.001362412189739
0.001570743599166
0.001785176511679
0.002001547864206
0.002215648350061
0.002423346250044
0.002620709954557
0.002804124702574
0.002970399236575
0.003116858424070
0.003241418413064
0.003342641549894
0.003419769066385
0.003472730406465
0.003502128974009
0.003509205004815
0.003495777157126
0.003464165238906
0.003417097211017
0.003357604193163
0.003288907629215
0.003214303022883
0.003137044723941
0.003060236127765
0.002986729353756
0.002919038005863
0.002859266012876
0.002809054825472
0.002769550443989
0.002741390901837
0.002724713971872
0.002719184034806
0.002724036285254
0.002738135784765
0.002760048329339
0.002788119702746
0.002820559650684
0.002855526841041
0.002891211171392
0.002925910037628
0.002958095571948
0.002986470372460
0.003010009853900
0.003027990018956
0.003040000150126
0.003045940619774
0.003046006679159
0.003040659686130
0.003030587740240
0.003016658092489
0.002999863969866
0.002981268593815
0.002961949174804
0.002942943536963
0.002925201778099
0.002909545017513
0.002896632847640
0.002886940609773
0.002880747085122
0.002878132657227
0.002878987486526
0.002883028767219
0.002889825731814
0.002898830747408
0.002909414622392
0.002920904120523
0.002932619663019
0.002943911285313
0.002954191094928
0.002962960737863
0.002969832706460
0.002974544692840
0.002976966587923
0.002977100125528
0.002975071553367
0.002971118058960
0.002965568972023
0.002958822992669
0.002951322847465
0.002943528848068
0.002935892819079
0.002928833776619
0.002922716584278
0.002917834599634
0.002914397065848
0.002912521714613
0.002912232745325
0.002913464047412
0.002916067254148
0.002919823971146
0.002924461323009
0.002929669816405
0.002935122432853
0.002940493842111
0.002945478666203
0.002949807820198
0.002953262101762
0.002955682387160
0.002956976005395
0.002957119091580
0.002956154952350
0.002954188697316
0.002951378589268
0.002947924732059
0.002944055840584
0.002940014916652
0.002936044684928
0.002932373624557
0.002929203367311
0.002926698127317
0.002924976687972
0.002924107307502
0.002924105725783
0.002924936272172
0.002926515897463
0.002928720792643
0.002931395121231
0.002934361287617
0.002937431095840
0.002940417124335
0.002943143652706
0.002945456524713
0.002947231413454
0.002948380064449
0.002948854222860
0.002948647094322
0.002947792336173
0.002946360718777
0.002944454727017
0.002942201482773
0.002939744454608
0.002937234476697
0.002934820622994
0.002932641474279
0.002930817276435
0.002929443421322
0.002928585591560
0.002928276803264
0.002928516463045
0.002929271434471
0.002930478991790
0.002932051431833
0.002933882024450
0.002935851912502
0.002937837527734
0.002939718070755
0.002941382612173
0.002942736406451
0.002943706067566
0.002944243332115
0.002944327226119
0.002943964550767
0.002943188703776
0.002942056950756
0.002940646349537
0.002939048604683
0.002937364185485
0.002935696075787
0.002934143536342
0.002932796250118
0.002931729188922
0.002930998488619
0.002930638553249
0.002930660530086
0.002931052212833
0.002931779343944
0.002932788204671
0.002934009307492
0.002935361944459
0.002936759299808
0.002938113808443
0.002939342434555
0.002940371556947
0.002941141178138
0.002941608221098
0.002941748737109
0.002941558917214
0.002941054873415
0.002940271230032
0.002939258635757
0.002938080369022
0.002936808259755
0.002935518186661
0.002934285429036
0.002933180154878
0.002932263313021
