0.002975565831076
0.002976458620228
0.002977304251959
0.002978040034439
0.002978610734670
0.002978972923223
0.002979098472992
0.002978976933779
0.002978616587079
0.002978044083846
0.002977302674962
0.002976449151497
0.002975549711535
0.002974675054671
0.002973895067599
0.002973273499731
0.002972863033292
0.002972701127317
0.002972806960795
0.002973179720839
0.002973798382772
0.002974623017846
0.002975597549089
0.002976653765278
0.002977716305588
0.002978708250620
0.002979556905253
0.002980199339226
0.002980587264283
0.002980690871596
0.002980501326871
0.002980031717959
0.002979316363761
0.002978408515398
0.002977376601965
0.002976299284530
0.002975259674869
0.002974339142709
0.002973611171424
0.002973135724387
0.002972954551632
0.002973087801538
0.002973532208968
0.002974261016734
0.002975225659370
0.002976359106635
0.002977580638593
0.002978801713980
0.002979932507376
0.002980888635012
0.002981597568600
0.002982004253109
0.002982075497373
0.002981802792131
0.002981203322755
0.002980319075343
0.002979214075637
0.002977969939875
0.002976680044995
0.002975442732666
0.002974354039441
0.002973500487556
0.002972952474021
0.002972758758923
0.002972942479390
0.002973499008571
0.002974395846647
0.002975574582829
0.002976954814245
0.002978439760802
0.002979923185482
0.002981297126978
0.002982459883915
0.002983323662832
0.002983821317984
0.002983911669497
0.002983582983636
0.002982854328439
0.002981774670512
0.002980419743675
0.002978886885172
0.002977288188434
0.002975742451186
0.002974366494321
0.002973266482673
0.002972529888902
0.002972218704762
0.002972364421949
0.002972965182922
0.002973985348774
0.002975357557284
0.002976987162005
0.002978758765994
0.002980544404577
0.002982212802406
0.002983639040950
0.002984713930634
0.002985352391110
0.002985500203632
0.002985138607812
0.002984286364000
0.002982999081949
0.002981365813764
0.002979503110198
0.002977546929578
0.002975642953847
0.002973935993916
0.002972559246610
0.002971624191331
0.002971211883135
0.002971366311472
0.002972090355676
0.002973344688484
0.002975049769747
0.002977090848718
0.002979325670908
0.002981594380737
0.002983730939360
0.002985575251314
0.002986985124192
0.002987847178562
0.002988085882756
0.002987670006084
0.002986615957214
0.002984987690471
0.002982893106879
0.002980477131785
0.002977911898542
0.002975384689844
0.002973084468094
0.002971187949667
0.002969846234684
0.002969172988286
0.002969235080710
0.002970046436369
0.002971565626320
0.002973697478115
0.002976298689877
0.002979187141579
0.002982154317117
0.002984980006483
0.002987448266737
0.002989363498920
0.002990565456072
0.002990942040549
0.002990438875900
0.002989064843036
0.002986893039565
0.002984056937358
0.002980741855164
0.002977172206356
0.002973595301735
0.002970262759956
0.002967410782167
0.002965240665928
0.002963900955032
0.002963472541672
0.002963957857958
0.002965275024752
0.002967257483569
0.002969659244385
0.002972165465373
0.002974407669515
0.002975982528190
0.002976472832169
0.002975469051661
0.002972589779273
0.002967499366139
0.002959921206990
0.002949645400426
0.002936529893025
0.002920494688560
0.002901509237274
0.002879573680093
0.002854695170271
0.002826860990540
0.002796010589175
0.002762008939244
0.002724623754209
0.002683509051191
0.002638197332085
0.002588102255628
0.002532533115173
0.002470721743766
0.002401861676726
0.002325158557189
0.002239889922912
0.002145471716881
0.002041528173256
0.001927961193913
0.001805014991903
0.001673331669565
0.001533993541232
0.001388548409667
0.001239014652898
0.001087863849621
0.000937979728480
0.000792593418037
0.000655196238761
0.000529432547874
0.000418976350930
0.000327396460493
0.000258015846897
0.000213771432662
0.000197080887247
0.000209722954104
0.000252737476990
0.000326350594968
0.000429929572149
0.000561970462986
0.000720120346578
0.000901234265880
0.001101465361038
0.001316385075138
0.001541128820689
0.001770561205814
0.001999453900875
0.002222668535979
0.002435336697405
0.002633029157342
0.002811906926560
0.002968847543248
0.003101541162916
0.003208552436014
0.003289345779165
0.003344273379416
0.003374527029399
0.003382056584104
0.003369459370242
0.003339846188588
0.003296690562399
0.003243668551750
0.003184496743690
0.003122775931503
0.003061847523605
0.003004668904507
0.002953712855615
0.002910894796461
0.002877530102928
0.002854322180746
0.002841380405420
0.002838265566563
0.002844059151691
0.002857451736796
0.002876844969466
0.002900461168582
0.002926454438146
0.002953017397878
0.002978478148007
0.003001382871441
0.003020560480731
0.003035166876429
0.003044707627507
0.003049039140499
0.003048349580965
0.003043121882979
0.003034082073737
0.003022136806924
0.003008304410900
0.002993643902512
0.002979186296675
0.002965872173974
0.002954498885006
0.002945680014532
0.002939818852682
0.002937096681677
0.002937475743689
0.002940715865400
0.002946402929121
0.002953986742275
0.002962825399312
0.002972232973061
0.002981527323556
0.002990074965651
0.002997330274335
0.003002866799736
0.003006399075093
0.003007793987149
0.003007071493111
0.003004395165269
0.003000053679889
0.002994434903269
0.002987994634503
0.002981222320735
0.002974606155910
0.002968599908577
0.002963593608563
0.002959889876198
0.002957687228774
0.002957071180206
0.002958013398004
0.002960378634066
0.002963938638259
0.002968391828187
0.002973387151139
0.002978550353621
0.002983510780645
0.002987926862708
0.002991508606239
0.002994035668490
0.002995369948986
0.002995462040332
0.002994351321851
0.002992159919663
0.002989081166797
0.002985363550184
0.002981291405892
0.002977163803691
0.002973273137933
0.002969884911757
0.002967220071257
0.002965441027303
0.002964642212824
0.002964845684394
0.002966001913481
0.002967995550224
0.002970655605882
0.002973769211348
0.002977097886847
0.002980395115402
0.002983423957400
0.002985973477118
0.002987872869439
0.002989002366012
0.002989300249605
0.002988765594524
0.002987456658907
0.002985485159527
0.002983006940568
0.002980209785855
0.002977299303803
0.002974483924937
0.002971960087257
0.002969898644425
0.002968433420271
0.002967652660073
0.002967593907765
0.002968242585414
0.002969534285123
0.002971360522976
0.002973577467619
0.002976016958733
0.002978498985659
0.002980844712961
0.002982889122025
0.002984492385831
0.002985549202895
0.002985995477206
0.002985811931357
0.002985024465132
0.002983701305268
0.002981947217407
0.002979895252739
0.002977696665905
0.002975509756549
0.002973488447347
0.002971771413314
0.002970472521562
0.002969673232720
0.002969417463329
0.002969709224440
0.002970513148787
0.002971757812093
0.002973341557853
0.002975140363018
0.002977017146043
0.002978831827747
0.002980451414897
0.002981759388396
0.002982663740582
0.002983103114139
0.002983050639975
0.002982515242301
0.002981540363440
0.002980200245304
0.002978594075999
0.002976838456578
0.002975058754746
0.002973379981806
0.002971917852258
0.002970770661205
0.002970012545712
0.002969688588037
0.002969812079605
0.002970364105128
0.002971295437987
0.002972530573082
0.002973973573515
0.002975515283073
0.002977041366058
0.002978440585478
0.002979612722927
0.002980475578579
0.002980970564393
0.002981066511996
0.002980761450509
0.002980082258806
0.002979082250590
0.002977836897975
0.002976438029702
0.002974986944479
