0.002844084993386
0.002845210880566
0.002846614079177
0.002848229935379
0.002849983112053
0.002851791072635
0.002853567934946
0.002855228516424
0.002856692381657
0.002857887701494
0.002858754740230
0.002859248803355
0.002859342502294
0.002859027223447
0.002858313725276
0.002857231827496
0.002855829198767
0.002854169291657
0.002852328514123
0.002850392763373
0.002848453478990
0.002846603396168
0.002844932195572
0.002843522252979
0.002842444688989
0.002841755906890
0.002841494785603
0.002841680665514
0.002842312229154
0.002843367337773
0.002844803840708
0.002846561329142
0.002848563761412
0.002850722845650
0.002852942029060
0.002855120913397
0.002857159894616
0.002858964812224
0.002860451391449
0.002861549268834
0.002862205409362
0.002862386749674
0.002862081936449
0.002861302069899
0.002860080407815
0.002858471033556
0.002856546539713
0.002854394825455
0.002852115147861
0.002849813603624
0.002847598245808
0.002845574059383
0.002843838028088
0.002842474523320
0.002841551233119
0.002841115826474
0.002841193516035
0.002841785642246
0.002842869355803
0.002844398425085
0.002846305143298
0.002848503258721
0.002850891803114
0.002853359650337
0.002855790601484
0.002858068766142
0.002860083993134
0.002861737098967
0.002862944648778
0.002863643062459
0.002863791847291
0.002863375796536
0.002862406039405
0.002860919879611
0.002858979414971
0.002856668986792
0.002854091562415
0.002851364204837
0.002848612827348
0.002845966466573
0.002843551332393
0.002841484906780
0.002839870364719
0.002838791579037
0.002838308947407
0.002838456245033
0.002839238661954
0.002840632131528
0.002842583998700
0.002845015015764
0.002847822592218
0.002850885166762
0.002854067516276
0.002857226771107
0.002860218870531
0.002862905168404
0.002865158888172
0.002866871129106
0.002867956141986
0.002868355621902
0.002868041807150
0.002867019224745
0.002865324982533
0.002863027572760
0.002860224219324
0.002857036867787
0.002853606980505
0.002850089356078
0.002846645240004
0.002843435029687
0.002840610900028
0.002838309684437
0.002836646339673
0.002835708301579
0.002835551003152
0.002836194778017
0.002837623313145
0.002839783747137
0.002842588437435
0.002845918344737
0.002849627908823
0.002853551220527
0.002857509232670
0.002861317701440
0.002864795511362
0.002867773013585
0.002870099999950
0.002871652944886
0.002872341173291
0.002872111654465
0.002870952178105
0.002868892736219
0.002866005011670
0.002862399956671
0.002858223529398
0.002853650740185
0.002848878236858
0.002844115728059
0.002839576600752
0.002835468130681
0.002831981710295
0.002829283526071
0.002827506105638
0.002826741124765
0.002827033816076
0.002828379257173
0.002830720738041
0.002833950319407
0.002837911598804
0.002842404603312
0.002847192631680
0.002852010777880
0.002856575787209
0.002860596828507
0.002863786715224
0.002865873076343
0.002866608967558
0.002865782424382
0.002863224492166
0.002858815322482
0.002852487999033
0.002844229846743
0.002834081081425
0.002822130770446
0.002808510192678
0.002793383803852
0.002776938126472
0.002759368986731
0.002740867610121
0.002721606158378
0.002701723339881
0.002681310750867
0.002660400604302
0.002638955476113
0.002616860645216
0.002593919525634
0.002569852588405
0.002544300051202
0.002516828478719
0.002486941291637
0.002454093031676
0.002417707080242
0.002377196384312
0.002331986610680
0.002281541033946
0.002225386369015
0.002163138689557
0.002094528532652
0.002019424279076
0.001937852919121
0.001850017365605
0.001756309557521
0.001657318707328
0.001553834179044
0.001446842638736
0.001337519289018
0.001227213179187
0.001117426766822
0.001009790089125
0.000906030076856
0.000807935704832
0.000717319815188
0.000635978568279
0.000565649567350
0.000507969763787
0.000464434277956
0.000436357265256
0.000424835918181
0.000430718624056
0.000454578196835
0.000496690972969
0.000557022409827
0.000635219655020
0.000730611371368
0.000842214910550
0.000968750734389
0.001108663791818
0.001260151377249
0.001421196827529
0.001589608264329
0.001763061460878
0.001939145809454
0.002115412291606
0.002289422308200
0.002458796211873
0.002621260400098
0.002774691872017
0.002917159224510
0.003046959160447
0.003162647701450
0.003263065435321
0.003347356280675
0.003414979413899
0.003465714172189
0.003499657916575
0.003517217006392
0.003519091197388
0.003506251925979
0.003479915078476
0.003441508963613
0.003392638306850
0.003335045163797
0.003270567706326
0.003201097867663
0.003128538841768
0.003054763417822
0.002981574093480
0.002910665852042
0.002843592410441
0.002781736649174
0.002726285824411
0.002678212039234
0.002638258318303
0.002606930491300
0.002584494948554
0.002570982190522
0.002566195954636
0.002569727571494
0.002580975080626
0.002599166526763
0.002623386763392
0.002652607013447
0.002685716379227
0.002721554456374
0.002758944190942
0.002796724124673
0.002833779201521
0.002869069357435
0.002901655184508
0.002930720047819
0.002955588136715
0.002975738048994
0.002990811633607
0.003000617951518
0.003005132351761
0.003004490796583
0.002998979702127
0.002989021685522
0.002975157721935
0.002958026312796
0.002938340346007
0.002916862388175
0.002894379185794
0.002871676165699
0.002849512714491
0.002828598982266
0.002809574898788
0.002792992012060
0.002779298662317
0.002768828892036
0.002761795367990
0.002758286458831
0.002758267475390
0.002761585945330
0.002767980663378
0.002777094137573
0.002788487944628
0.002801660417396
0.002816066017447
0.002831135698328
0.002846297541709
0.002860996950095
0.002874715705948
0.002886989256944
0.002897421658778
0.002905697697932
0.002911591823662
0.002914973637391
0.002915809814341
0.002914162461950
0.002910184047832
0.002904109151938
0.002896243408894
0.002886950103159
0.002876634958207
0.002865729718698
0.002854675159448
0.002843904165974
0.002833825518172
0.002824808971944
0.002817172175079
0.002811169875593
0.002806985786367
0.002804727362941
0.002804423635941
0.002806026120359
0.002809412705377
0.002814394315184
0.002820724027625
0.002828108247433
0.002836219457638
0.002844710019119
0.002853226456152
0.002861423656137
0.002868978424671
0.002875601871925
0.002881050161370
0.002885133224719
0.002887721134554
0.002888747924690
0.002888212753971
0.002886178417415
0.002882767315195
0.002878155090522
0.002872562238101
0.002866244061924
0.002859479421863
0.002852558750390
0.002845771842556
0.002839395923218
0.002833684475851
0.002828857278017
0.002825092031669
0.002822517904407
0.002821211213808
0.002821193394565
0.002822431291402
0.002824839723561
0.002828286173125
0.002832597363490
0.002837567419222
0.002842967237491
0.002848554656535
0.002854084979861
0.002859321406994
0.002864044932718
0.002868063306034
0.002871218686250
0.002873393694307
0.002874515630094
0.002874558707789
0.002873544247608
0.002871538850151
0.002868650664910
0.002865023943973
0.002860832142171
0.002856269882989
0.002851544153218
0.002846865116845
0.002842436949127
0.002838449084924
0.002835068251678
0.002832431618201
0.002830641337492
0.002829760697614
0.002829812022163
0.002830776384217
0.002832595118333
0.002835173037526
0.002838383189695
0.002842072923519
0.002846070980307
0.002850195287739
0.002854261105454
0.002858089162078
0.002861513428664
0.002864388194331
0.002866594144937
0.002868043193321
0.002868681867626
0.002868493129962
