0.003005016778170
0.003005349408892
0.003005715586745
0.003006103135435
0.003006496200977
0.003006876758574
0.003007226480197
0.003007528773754
0.003007770771259
0.003007945033803
0.003008050758185
0.003008094313361
0.003008089001107
0.003008054017991
0.003008012686264
0.003007990109399
0.003008010483366
0.003008094347781
0.003008256084400
0.003008501959731
0.003008828963270
0.003009224616362
0.003009667826253
0.003010130745768
0.003010581483711
0.003010987407521
0.003011318700387
0.003011551790000
0.003011672262018
0.003011676910464
0.003011574657110
0.003011386185176
0.003011142268075
0.003010880917264
0.003010643608805
0.003010470960675
0.003010398308707
0.003010451658708
0.003010644470527
0.003010975657452
0.003011429067162
0.003011974560015
0.003012570631895
0.003013168359976
0.003013716298948
0.003014165839436
0.003014476473227
0.003014620400266
0.003014585963030
0.003014379501326
0.003014025374851
0.003013564087051
0.003013048642836
0.003012539463842
0.003012098347607
0.003011782073129
0.003011636311389
0.003011690487780
0.003011954163559
0.003012415361855
0.003013041073745
0.003013779959939
0.003014567036048
0.003015329917555
0.003015996027059
0.003016500049958
0.003016790878980
0.003016837319303
0.003016631933073
0.003016192575727
0.003015561400426
0.003014801359350
0.003013990486487
0.003013214479762
0.003012558286773
0.003012097517819
0.003011890548903
0.003011972130025
0.003012349183312
0.003012999272654
0.003013871970385
0.003014893061652
0.003015971241537
0.003017006702176
0.003017900803538
0.003018565893586
0.003018934305726
0.003018965619301
0.003018651418899
0.003018017017338
0.003017119894485
0.003016044922438
0.003014896766146
0.003013790136102
0.003012838797197
0.003012144381660
0.003011786098300
0.003011812368623
0.003012235256486
0.003013028305756
0.003014128082527
0.003015439364462
0.003016843563409
0.003018209643093
0.003019406533638
0.003020315875439
0.003020843864850
0.003020931031399
0.003020558947918
0.003019753146912
0.003018581864805
0.003017150628559
0.003015593099793
0.003014058961731
0.003012699937869
0.003011655237648
0.003011037811717
0.003010922756465
0.003011339035585
0.003012265398796
0.003013630999272
0.003015320775667
0.003017185211850
0.003019053660305
0.003020750054559
0.003022109577889
0.003022994726784
0.003023309223617
0.003023008395748
0.003022104936176
0.003020669369219
0.003018825027807
0.003016737863277
0.003014601906495
0.003012621633375
0.003010992815996
0.003009883628776
0.003009417806137
0.003009661506790
0.003010615238691
0.003012211761613
0.003014320348095
0.003016757195546
0.003019301195949
0.003021713739674
0.003023760807484
0.003025235332603
0.003025977722605
0.003025892532972
0.003024959577111
0.003023238219996
0.003020864196778
0.003018038972582
0.003015012354873
0.003012059721053
0.003009455768905
0.003007447081344
0.003006225977955
0.003005908079248
0.003006515731273
0.003007968944900
0.003010084833396
0.003012585739437
0.003015115397743
0.003017261659435
0.003018583587758
0.003018640195019
0.003017017787994
0.003013352865692
0.003007347787990
0.002998776999168
0.002987482412857
0.002973357585468
0.002956321443807
0.002936283493688
0.002913103516896
0.002886549660873
0.002856259445909
0.002821708482763
0.002782191559259
0.002736820197849
0.002684539821782
0.002624168344360
0.002554456395390
0.002474167630400
0.002382175760910
0.002277573238436
0.002159785061643
0.002028680085472
0.001884671601898
0.001728798912460
0.001562782162778
0.001389043856008
0.001210692158042
0.001031463261775
0.000855622562616
0.000687827054432
0.000532954006701
0.000395903445407
0.000281384053734
0.000193693675050
0.000136506512433
0.000112679290025
0.000124088034543
0.000171505765748
0.000254529320715
0.000371560895897
0.000519846832493
0.000695572885490
0.000894011914498
0.001109716829194
0.001336748917507
0.001568929559474
0.001800101925870
0.002024388672641
0.002236431910243
0.002431602834658
0.002606170281390
0.002757419981583
0.002883719294492
0.002984525466052
0.003060338805105
0.003112605360818
0.003143576523066
0.003156135274981
0.003153600464626
0.003139521339490
0.003117474664931
0.003090876042352
0.003062815623898
0.003035926403790
0.003012290805665
0.002993388560214
0.002980086070509
0.002972664785191
0.002970883719118
0.002974069327320
0.002981224564977
0.002991148223556
0.003002555544220
0.003014191649538
0.003024930435052
0.003033853117489
0.003040302512013
0.003043911155180
0.003044603445710
0.003042573890567
0.003038245185095
0.003032211115672
0.003025170077499
0.003017855312753
0.003010967798179
0.003005117086344
0.003000774403858
0.002998241030968
0.002997633545212
0.002998886029572
0.003001767942470
0.003005915130747
0.003010870525339
0.003016130454350
0.003021192271607
0.003025599131189
0.003028978210602
0.003031069441691
0.003031742772694
0.003031003067131
0.003028982849668
0.003025924142420
0.003022151513746
0.003018039118523
0.003013974898333
0.003010325210679
0.003007402971944
0.003005441957045
0.003004579247929
0.003004847027407
0.003006174048358
0.003008396248297
0.003011275199512
0.003014522449699
0.003017827366635
0.003020885884125
0.003023427565654
0.003025238646799
0.003026179158235
0.003026192822773
0.003025309105512
0.003023637512639
0.003021354918019
0.003018687288500
0.003015887629950
0.003013212251235
0.003010897524059
0.003009139201770
0.003008076066049
0.003007779228380
0.003008247866875
0.003009411579853
0.003011138940320
0.003013251293019
0.003015540394717
0.003017788195176
0.003019786913924
0.003021357594742
0.003022365508643
0.003022731105774
0.003022435653787
0.003021521202945
0.003020085039599
0.003018269282632
0.003016246698332
0.003014204122131
0.003012325055141
0.003010773036811
0.003009677282811
0.003009121833252
0.003009139105773
0.003009708325179
0.003010758846150
0.003012177940138
0.003013822221920
0.003015531580267
0.003017144276942
0.003018511804481
0.003019512149702
0.003020060288460
0.003020115018894
0.003019681597082
0.003018810036563
0.003017589334166
0.003016138252408
0.003014593590254
0.003013097083227
0.003011782173381
0.003010761872859
0.003010118815619
0.003009898364704
0.003010105340291
0.003010704585976
0.003011625230561
0.003012768163468
0.003014015954775
0.003015244241295
0.003016333485855
0.003017180006714
0.003017705266589
0.003017862595402
0.003017640778548
0.003017064247617
0.003016189933784
0.003015101154862
0.003013899176464
0.003012693291567
0.003011590383101
0.003010684961468
0.003010050602400
0.003009733558451
0.003009749095636
0.003010080837680
0.003010683110242
0.003011485994219
0.003012402547425
0.003013337460578
0.003014196293815
0.003014894403789
0.003015364720543
0.003015563661463
0.003015474662870
0.003015109048554
0.003014504215015
0.003013719370073
0.003012829290341
0.003011916742374
0.003011064326013
0.003010346536823
0.003009822805461
0.003009532160635
0.003009489991117
0.003009687168936
0.003010091561729
0.003010651730490
0.003011302401985
0.003011971142456
0.003012585555885
0.003013080294837
0.003013403206742
0.003013520038630
0.003013417277581
0.003013102896319
0.003012604983806
0.003011968448329
0.003011250165152
0.003010513084511
0.003009819905450
0.003009226948864
0.003008778827875
0.003008504420030
0.003008414504500
0.003008501253378
0.003008739577533
