0.003409689721549333
0.003395567840964484
0.003388050825735118
0.0033881547784710793
0.0033961696974201677
0.00341160459697238
0.0034332077232313756
0.003459062060634935
0.003486749079216526
0.0035135669652165765
0.00353678405214866
0.003553904358442511
0.0035629204158678547
0.0035625291206743664
0.003552289127187574
0.0035327030954437847
0.0035052144808945225
0.0034721159523541456
0.003436374290537899
0.0034013840696262873
0.003370668905801599
0.0033475540067664936
0.0033348367502726104
0.003334482806347238
0.0033473738377589263
0.0033731291996537214
0.003410018622173781
0.003454976054580834
0.0035037172338596148
0.003550955725378212
0.0035907047783306834
0.003616645904641922
0.003622540093471188
0.003602654354279357
0.003552175031880617
0.0034675800943047333
0.0033469452468935013
0.0031901630305193746
0.002999059669975706
0.0027774009302637143
0.002530785157065823
0.0022664285650942414
0.001992854266329741
0.0017195021275611799
0.0014562810161221022
0.001213088123398134
0.0009993217265914373
0.0008234139268321987
0.0006924086324030005
0.0006116074551045459
0.0005843024278414102
0.0006116097485351526
0.0006924133577376346
0.0008234213345336154
0.000999332129409529
0.001213101829607223
0.0014562982540405637
0.0017195229709226932
0.001992878570199052
0.002266455921021652
0.002530814874160953
0.0027774320460630525
0.002999090991692386
0.0031901932038650585
0.0033469728465324216
0.0034676037274909413
0.003552193445224782
0.0036026665330738273
0.0036225453436331675
0.0036166439090478866
0.003590695621923293
0.003550939886642699
0.003503695543735329
0.003454949627212713
0.0034099887647503994
0.0033730973106126036
0.0033473413036456037
0.0033344509074884057
0.0033348065841885483
0.0033475264360514198
0.0033706445342975505
0.0034013632474404806
0.003436357145178722
0.003472102440359659
0.0035052044521271795
0.0035326963609728533
0.003552285521513526
0.003562528549979769
0.003562922885893191
0.003553909978255828
0.003536793013191174
0.0035135794981965684
0.003486765394317116
0.0034590822787561506
0.0034332318073359742
0.003411632292883797
0.0033962004925893532
0.003388187885373926
0.003388085193890127
0.0033956021983725547
0.003409722643017041
