0.003519075128095861
0.0035227353818569366
0.003525483913957136
0.0035269459141252352
0.003526889996687193
0.003525281002288787
0.003522310541296094
0.0035183976963032155
0.0035141557265054814
0.003510325151195773
0.0035076787097529176
0.003506908712912954
0.0035085114415843426
0.003512685761215036
0.0035192633843075197
0.0035276858632358604
0.0035370384035310542
0.0035461433223340647
0.0035537072014199212
0.0035585065995212216
0.00355958891389693
0.003556458986931526
0.0035492195642083018
0.003538635601055464
0.0035260990339445616
0.0035134816828266973
0.0035028784444767055
0.0034962592588059344
0.0034950643909432604
0.0034997910565940805
0.0035096280940305944
0.0035221974339247624
0.00353345543978074
0.0035377936442892695
0.003528357923898956
0.0034975797216453023
0.0034378854094956044
0.003342523697045828
0.0032064296971405937
0.0030270310583667475
0.002804898862858337
0.0025441549572379598
0.0022525677788303136
0.0019412987947980249
0.001624298263071961
0.0013173880061753997
0.001037105598829627
0.0007994142201016707
0.0006184015080792449
0.0005050963991449306
0.0004665240649377414
0.0005050963991449325
0.0006184015080792501
0.0007994142201016778
0.001037105598829636
0.0013173880061754092
0.001624298263071971
0.0019412987947980344
0.0022525677788303227
0.00254415495723797
0.002804898862858346
0.003027031058366755
0.0032064296971405994
0.003342523697045832
0.003437885409495604
0.0034975797216453015
0.003528357923898949
0.003537793644289265
0.0035334554397807314
0.0035221974339247493
0.003509628094030587
0.0034997910565940735
0.00349506439094325
0.0034962592588059253
0.003502878444476697
0.0035134816828266907
0.0035260990339445564
0.003538635601055459
0.0035492195642082983
0.003556458986931523
0.003559588913896932
0.0035585065995212247
0.003553707201419927
0.0035461433223340673
0.0035370384035310594
0.0035276858632358656
0.0035192633843075275
0.0035126857612150448
0.0035085114415843496
0.0035069087129129596
0.003507678709752922
0.003510325151195777
0.003514155726505486
0.0035183976963032216
0.0035223105412961007
0.0035252810022887897
0.0035268899966871964
0.003526945914125235
0.0035254839139571316
0.0035227353818569384
0.0035190751280958594
