0.0034844271682864403
0.0035082930941734963
0.003524648342147803
0.003532182519999771
0.003530097353562872
0.003518171878056178
0.0034967942544864806
0.00346695750498754
0.0034302185596508466
0.0033886221741820663
0.003344593382329803
0.003300804061323719
0.003260020794610574
0.003224942413925581
0.0031980363165510497
0.003181382837379604
0.003176536595717072
0.003184412854025262
0.003205205573036992
0.00323834210716357
0.0032824774620766753
0.00333552885596232
0.003394749119234438
0.003456835366617816
0.003518067504083837
0.003574469598204304
0.003621986020766816
0.0036566636421900157
0.0036748312071031566
0.003673267375846026
0.003649349717272001
0.003601178124670712
0.003527667609842481
0.0034286071076310137
0.0033046826848684516
0.0031574652850350866
0.002989364752914085
0.002803553287291145
0.002603862599885075
0.002394659874552614
0.0021807081068692586
0.001967016569336149
0.001758687022354345
0.0015607609238794031
0.001378072341446328
0.0012151106049578045
0.0010758960226446295
0.0009638712748939861
0.0008818104487721802
0.0008317471126419918
0.0008149223709740267
0.0008317534828912432
0.0008818233573158944
0.0009638910236613974
0.0010759229827844228
0.0012151451286303073
0.0013781146596579617
0.0015608110416358747
0.0017587446229974275
0.001967080939351158
0.0021807780907543567
0.002394733866681307
0.00260393857691663
0.002803628880906045
0.002989437358828439
0.0031575322007401357
0.003304741265681822
0.0034286549287083573
0.0035277026209688755
0.003601198785015217
0.00364935509881837
0.003673257226771852
0.0036748059697358972
0.0036566244240145065
0.0036219345209422184
0.0035744079958034023
0.003517998317450927
0.0034567612955625077
0.003394672883029378
0.0033354530401840336
0.0032824043862227387
0.0032382737228079635
0.003205143399259783
0.00318435795326307
0.0031764895893684948
0.0031813439568256444
0.0031980054820603164
0.0032249193315053025
0.0032600050594592915
0.003300795256265602
0.0033445911604802585
0.0033886263170174362
0.003430229004438065
0.0034669743388968206
0.003496817676331048
0.0035182021321219594
0.00353013464306359
0.003532226910016473
0.0035246996632566593
0.0035083508581955827
0.0034844905066789707
