0.002038208895318
0.002038210809165
0.002038212713639
0.002038214608735
0.002038216494416
0.002038218370615
0.002038220237246
0.002038222094206
0.002038223941390
0.002038225778694
0.002038227606028
0.002038229423319
0.002038231230515
0.002038233027588
0.002038234814539
0.002038236591392
0.002038238358199
0.002038240115033
0.002038241861988
0.002038243599168
0.002038245326686
0.002038247044651
0.002038248753160
0.002038250452289
0.002038252142088
0.002038253822574
0.002038255493731
0.002038257155510
0.002038258807839
0.002038260450622
0.002038262083754
0.002038263707130
0.002038265320649
0.002038266924226
0.002038268517792
0.002038270101304
0.002038271674744
0.002038273238118
0.002038274791462
0.002038276334833
0.002038277868314
0.002038279392000
0.002038280906002
0.002038282410430
0.002038283905392
0.002038285390978
0.002038286867257
0.002038288334266
0.002038289792013
0.002038291240469
0.002038292679576
0.002038294109252
0.002038295529397
0.002038296939906
0.002038298340671
0.002038299731597
0.002038301112602
0.002038302483626
0.002038303844634
0.002038305195614
0.002038306536584
0.002038307867585
0.002038309188684
0.002038310499968
0.002038311801540
0.002038313093510
0.002038314375989
0.002038315649079
0.002038316912864
0.002038318167403
0.002038319412724
0.002038320648821
0.002038321875655
0.002038323093159
0.002038324301243
0.002038325499803
0.002038326688732
0.002038327867926
0.002038329037291
0.002038330196753
0.002038331346258
0.002038332485778
0.002038333615312
0.002038334734883
0.002038335844541
0.002038336944359
0.002038338034427
0.002038339114849
0.002038340185734
0.002038341247186
0.002038342299294
0.002038343342127
0.002038344375720
0.002038345400074
0.002038346415145
0.002038347420854
0.002038348417079
0.002038349403664
0.002038350380421
0.002038351347129
0.002038352303534
0.002038353249345
0.002038354184214
0.002038355107723
0.002038356019351
0.002038356918431
0.002038357804099
0.002038358675211
0.002038359530250
0.002038360367191
0.002038361183334
0.002038361975074
0.002038362737621
0.002038363464626
0.002038364147712
0.002038364775864
0.002038365334665
0.002038365805309
0.002038366163356
0.002038366377148
0.002038366405798
0.002038366196650
0.002038365682080
0.002038364775469
0.002038363366158
0.002038361313158
0.002038358437306
0.002038354511558
0.002038349248979
0.002038342287963
0.002038333174093
0.002038321337963
0.002038306068170
0.002038286478529
0.002038261468448
0.002038229675209
0.002038189416744
0.002038138623286
0.002038074756085
0.002037994711160
0.002037894705827
0.002037770145577
0.002037615468598
0.002037423965139
0.002037187568692
0.002036896615933
0.002036539572282
0.002036102720061
0.002035569806355
0.002034921648043
0.002034135691954
0.002033185528794
0.002032040360460
0.002030664421547
0.002029016357437
0.002027048563172
0.002024706489602
0.002021927925900
0.002018642270563
0.002014769806416
0.002010220998929
0.002004895841210
0.001998683273421
0.001991460708821
0.001983093703200
0.001973435808804
0.001962328657957
0.001949602324987
0.001935076017768
0.001918559151624
0.001899852858395
0.001878751981659
0.001855047605170
0.001828530155133
0.001798993107694
0.001766237320745
0.001730075993596
0.001690340239225
0.001646885231644
0.001599596865724
0.001548398838790
0.001493260033206
0.001434202047605
0.001371306692478
0.001304723234712
0.001234675146720
0.001161466090717
0.001085484849062
0.001007208899365
0.000927206329846
0.000846135798175
0.000764744257014
0.000683862203136
0.000604396255026
0.000527318926584
0.000453655541625
0.000384468324225
0.000320837801722
0.000263841767662
0.000214532167682
0.000173910387922
0.000142901538083
0.000122328424258
0.000112885994283
0.000115117104792
0.000129390498765
0.000155881890166
0.000194559024092
0.000245171514015
0.000307246150824
0.000380088232208
0.000462789278134
0.000554241283576
0.000653157420325
0.000758098844578
0.000867507006863
0.000979740607694
0.001093116108977
0.001205950510525
0.001316604945340
0.001423527547575
0.001525294011963
0.001620644299041
0.001708514049126
0.001788059448453
0.001858674537679
0.001920000256692
0.001971924867107
0.002014575768505
0.002048303107622
0.002073655950976
0.002091352130527
0.002102243159324
0.002107275832850
0.002107452268216
0.002103790178663
0.002097285131184
0.002088876392703
0.002079417742889
0.002069654332660
0.002060206314805
0.002051559588333
0.002044063604962
0.002037935808776
0.002033271941727
0.002030061168586
0.002028204771520
0.002027537047238
0.002027847013505
0.002028899594750
0.002030455100630
0.002032286023059
0.002034190438365
0.002036001590955
0.002037593530807
0.002038882957588
0.002039827669625
0.002040422210561
0.002040691439200
0.002040682813480
0.002040458177902
0.002040085780836
0.002039633134441
0.002039161179284
0.002038720044272
0.002038346516728
0.002038063173026
0.002037878980356
0.002037791074869
0.002037787356428
0.002037849516994
0.002037956135722
0.002038085522963
0.002038218068931
0.002038337940443
0.002038434060401
0.002038500389712
0.002038535602147
0.002038542293499
0.002038525894600
0.002038493463098
0.002038452514028
0.002038410018374
0.002038371657939
0.002038341379834
0.002038321250812
0.002038311575196
0.002038311213872
0.002038318027358
0.002038329363436
0.002038342517825
0.002038355112200
0.002038365354417
0.002038372167630
0.002038375194984
0.002038374702408
0.002038371412141
0.002038366303525
0.002038360415765
0.002038354680864
0.002038349805541
0.002038346210359
0.002038344024360
0.002038343125460
0.002038343211723
0.002038343886572
0.002038344741966
0.002038345426763
0.002038345692219
0.002038345411664
0.002038344576131
0.002038343271301
0.002038341643201
0.002038339860584
0.002038338081023
0.002038336425774
0.002038334966051
0.002038333720878
0.002038332664634
0.002038331741056
0.002038330879929
0.002038330012930
0.002038329085886
0.002038328065926
0.002038326943176
0.002038325727785
0.002038324443741
0.002038323121306
0.002038321789781
0.002038320471945
0.002038319180917
0.002038317919578
0.002038316682155
0.002038315457234
0.002038314231291
0.002038312991937
0.002038311730267
0.002038310441994
0.002038309127394
0.002038307790292
0.002038306436502
0.002038305072166
0.002038303702347
0.002038302330156
0.002038300956472
0.002038299580205
0.002038298198949
0.002038296809778
0.002038295409999
0.002038293997702
0.002038292572008
0.002038291133045
0.002038289681687
0.002038288219193
0.002038286746824
0.002038285265549
0.002038283775888
0.002038282277898
0.002038280771274
0.002038279255521
0.002038277730135
0.002038276194750
0.002038274649213
0.002038273093591
0.002038271528111
0.002038269953073
0.002038268368749
0.002038266775313
0.002038265172798
0.002038263561101
0.002038261940016
0.002038260309289
0.002038258668671
0.002038257017966
0.002038255357054
0.002038253685898
0.002038252004527
0.002038250313017
0.002038248611468
0.002038246899980
0.002038245178648
0.002038243447554
0.002038241706773
0.002038239956378
0.002038238196439
0.002038236427026
0.002038234648200
0.002038232860003
0.002038231062455
0.002038229255538
0.002038227439202
0.002038225613365
0.002038223777919
0.002038221932744
0.002038220077720
0.002038218212737
0.002038216337704
0.002038214452556
0.002038212557254
0.002038210651791
0.002038208736182
