0.002038224740848
0.002038226654462
0.002038228558478
0.002038230452829
0.002038232337441
0.002038234212234
0.002038236077138
0.002038237932092
0.002038239777054
0.002038241612004
0.002038243436942
0.002038245251893
0.002038247056897
0.002038248852013
0.002038250637307
0.002038252412848
0.002038254178706
0.002038255934941
0.002038257681606
0.002038259418738
0.002038261146357
0.002038262864469
0.002038264573059
0.002038266272099
0.002038267961548
0.002038269641352
0.002038271311455
0.002038272971800
0.002038274622335
0.002038276263017
0.002038277893818
0.002038279514727
0.002038281125746
0.002038282726897
0.002038284318213
0.002038285899737
0.002038287471516
0.002038289033600
0.002038290586036
0.002038292128862
0.002038293662113
0.002038295185811
0.002038296699969
0.002038298204590
0.002038299699667
0.002038301185185
0.002038302661122
0.002038304127449
0.002038305584133
0.002038307031141
0.002038308468443
0.002038309896011
0.002038311313825
0.002038312721872
0.002038314120152
0.002038315508668
0.002038316887433
0.002038318256466
0.002038319615787
0.002038320965416
0.002038322305374
0.002038323635674
0.002038324956330
0.002038326267348
0.002038327568729
0.002038328860469
0.002038330142558
0.002038331414977
0.002038332677698
0.002038333930681
0.002038335173871
0.002038336407198
0.002038337630572
0.002038338843883
0.002038340046994
0.002038341239743
0.002038342421931
0.002038343593320
0.002038344753622
0.002038345902485
0.002038347039481
0.002038348164084
0.002038349275650
0.002038350373387
0.002038351456321
0.002038352523258
0.002038353572731
0.002038354602939
0.002038355611676
0.002038356596236
0.002038357553311
0.002038358478853
0.002038359367926
0.002038360214513
0.002038361011301
0.002038361749414
0.002038362418100
0.002038363004360
0.002038363492504
0.002038363863621
0.002038364094958
0.002038364159175
0.002038364023466
0.002038363648519
0.002038362987295
0.002038361983584
0.002038360570313
0.002038358667561
0.002038356180237
0.002038352995361
0.002038348978906
0.002038343972111
0.002038337787205
0.002038330202445
0.002038320956386
0.002038309741253
0.002038296195314
0.002038279894104
0.002038260340356
0.002038236952472
0.002038209051345
0.002038175845333
0.002038136413157
0.002038089684498
0.002038034418002
0.002037969176444
0.002037892298726
0.002037801868398
0.002037695678358
0.002037571191373
0.002037425496050
0.002037255257871
0.002037056664894
0.002036825367734
0.002036556413411
0.002036244172704
0.002035882260620
0.002035463449657
0.002034979575568
0.002034421435354
0.002033778677359
0.002033039683329
0.002032191442503
0.002031219417845
0.002030107404740
0.002028837382622
0.002027389360214
0.002025741215288
0.002023868530133
0.002021744424180
0.002019339385593
0.002016621103957
0.002013554306601
0.002010100601492
0.002006218330082
0.002001862433935
0.001996984339448
0.001991531865452
0.001985449158970
0.001978676664880
0.001971151135686
0.001962805688028
0.001953569912935
0.001943370047122
0.001932129212905
0.001919767734368
0.001906203537503
0.001891352641825
0.001875129750738
0.001857448947363
0.001838224501899
0.001817371795600
0.001794808365296
0.001770455070897
0.001744237386602
0.001716086814467
0.001685942416671
0.001653752460167
0.001619476164473
0.001583085540192
0.001544567302373
0.001503924839189
0.001461180212607
0.001416376163794
0.001369578092085
0.001320875972428
0.001270386172503
0.001218253127221
0.001164650825198
0.001109784059185
0.001053889390470
0.000997235776016
0.000940124806836
0.000882890506769
0.000825898642782
0.000769545501047
0.000714256087631
0.000660481718680
0.000608696972525
0.000559395985237
0.000513088081852
0.000470292747532
0.000431533956537
0.000397333891526
0.000368206101559
0.000344648163663
0.000327133929867
0.000316105458713
0.000311964747076
0.000315065394159
0.000325704344355
0.000344113868688
0.000370453955329
0.000404805287564
0.000447162992231
0.000497431342372
0.000555419594386
0.000620839131843
0.000693302075131
0.000772321498030
0.000857313369143
0.000947600307907
0.001042417211985
0.001140918775505
0.001242188876577
0.001345251768411
0.001449084962191
0.001552633642622
0.001654826410027
0.001754592097289
0.001850877367252
0.001942664757795
0.002028990809193
0.002108963882906
0.002181781263945
0.002246745131579
0.002303276986368
0.002350930136041
0.002389399868962
0.002418530982040
0.002438322379562
0.002448928519935
0.002450657557715
0.002443966106994
0.002429450637508
0.002407835604441
0.002379958504398
0.002346752140660
0.002309224467794
0.002268436465903
0.002225478565533
0.002181446202525
0.002137415125581
0.002094417105588
0.002053416703379
0.002015289740150
0.001980804081857
0.001950603295648
0.001925193663657
0.001904934948854
0.001890035201572
0.001880549776672
0.001876384603821
0.001877303621063
0.001882940149262
0.001892811856750
0.001906338844357
0.001922864275430
0.001941676887770
0.001962034658238
0.001983188849156
0.002004407650708
0.002024998646487
0.002044329370278
0.002061845290151
0.002077084648842
0.002089689704112
0.002099414045157
0.002106125806305
0.002109806751559
0.002110547357100
0.002108538167452
0.002104057838579
0.002097458402065
0.002089148383577
0.002079574481882
0.002069202558604
0.002058498701742
0.002047911107225
0.002037853473204
0.002028690523675
0.002020726174851
0.002014194734114
0.002009255383027
0.002005990049053
0.002004404621953
0.002004433327210
0.002005945936590
0.002008757381222
0.002012639240321
0.002017332512879
0.002022561042989
0.002028044963068
0.002033513542907
0.002038716884272
0.002043435977688
0.002047490735537
0.002050745728462
0.002053113474164
0.002054555252687
0.002055079543798
0.002054738293973
0.002053621317469
0.002051849213416
0.002049565235587
0.002046926581375
0.002044095571032
0.002041231168085
0.002038481249253
0.002035975970254
0.002033822497014
0.002032101284613
0.002030863994256
0.002030133046794
0.002029902724944
0.002030141659806
0.002030796474303
0.002031796309464
0.002033057930701
0.002034491100974
0.002036003915278
0.002037507814837
0.002038922037060
0.002040177305868
0.002041218622668
0.002042007077549
0.002042520659381
0.002042754099228
0.002042717830782
0.002042436192320
0.002041945025229
0.002041288843752
0.002040517759122
0.002039684339263
0.002038840573821
0.002038035095077
0.002037310779976
0.002036702829145
0.002036237387242
0.002035930737065
0.002035789069189
0.002035808800754
0.002035977392408
0.002036274591980
0.002036674017680
0.002037144982621
0.002037654456234
0.002038169056585
0.002038656970448
0.002039089704929
0.002039443585242
0.002039700927335
0.002039850831294
0.002039889560958
0.002039820496628
0.002039653670131
0.002039404913988
0.002039094677982
0.002038746585775
0.002038385820245
0.002038037437761
0.002037724717507
0.002037467651652
0.002037281674992
0.002037176718787
0.002037156653367
0.002037219158669
0.002037356032733
0.002037553917257
0.002037795388804
0.002038060336533
0.002038327524693
0.002038576222571
0.002038787777761
0.002038947011320
0.002039043325930
0.002039071439778
0.002039031688106
0.002038929869048
0.002038776647662
0.002038586568870
0.002038376763122
0.002038165455050
0.002037970402625
0.002037807400694
0.002037688977430
0.002037623395427
0.002037614042254
0.002037659260548
0.002037752628157
0.002037883658215
