0.002038211063237
0.002038212976559
0.002038214880213
0.002038216774239
0.002038218658662
0.002038220533495
0.002038222398730
0.002038224254353
0.002038226100334
0.002038227936639
0.002038229763230
0.002038231580070
0.002038233387121
0.002038235184348
0.002038236971720
0.002038238749213
0.002038240516810
0.002038242274505
0.002038244022301
0.002038245760218
0.002038247488287
0.002038249206553
0.002038250915067
0.002038252613885
0.002038254303063
0.002038255982645
0.002038257652668
0.002038259313150
0.002038260964097
0.002038262605499
0.002038264237332
0.002038265859567
0.002038267472166
0.002038269075092
0.002038270668305
0.002038272251769
0.002038273825452
0.002038275389323
0.002038276943362
0.002038278487555
0.002038280021898
0.002038281546401
0.002038283061087
0.002038284565992
0.002038286061164
0.002038287546657
0.002038289022525
0.002038290488820
0.002038291945586
0.002038293392851
0.002038294830629
0.002038296258919
0.002038297677705
0.002038299086960
0.002038300486652
0.002038301876742
0.002038303257191
0.002038304627960
0.002038305989015
0.002038307340324
0.002038308681860
0.002038310013604
0.002038311335546
0.002038312647686
0.002038313950039
0.002038315242633
0.002038316525507
0.002038317798711
0.002038319062300
0.002038320316328
0.002038321560842
0.002038322795882
0.002038324021468
0.002038325237610
0.002038326444297
0.002038327641508
0.002038328829212
0.002038330007370
0.002038331175939
0.002038332334877
0.002038333484140
0.002038334623685
0.002038335753474
0.002038336873468
0.002038337983632
0.002038339083938
0.002038340174358
0.002038341254869
0.002038342325450
0.002038343386072
0.002038344436693
0.002038345477243
0.002038346507616
0.002038347527646
0.002038348537092
0.002038349535615
0.002038350522755
0.002038351497902
0.002038352460257
0.002038353408788
0.002038354342173
0.002038355258719
0.002038356156263
0.002038357032052
0.002038357882576
0.002038358703371
0.002038359488764
0.002038360231557
0.002038360922631
0.002038361550453
0.002038362100454
0.002038362554266
0.002038362888769
0.002038363074910
0.002038363076256
0.002038362847203
0.002038362330790
0.002038361456026
0.002038360134621
0.002038358257019
0.002038355687578
0.002038352258727
0.002038347763914
0.002038341949106
0.002038334502573
0.002038325042646
0.002038313103088
0.002038298115667
0.002038279389455
0.002038256086305
0.002038227191911
0.002038191481734
0.002038147481037
0.002038093418149
0.002038027170008
0.002037946198914
0.002037847479362
0.002037727413682
0.002037581735178
0.002037405397338
0.002037192447638
0.002036935884415
0.002036627495262
0.002036257675413
0.002035815224641
0.002035287121301
0.002034658272331
0.002033911238265
0.002033025932641
0.002031979295651
0.002030744942407
0.002029292786876
0.002027588643376
0.002025593808466
0.002023264627209
0.002020552049080
0.002017401180226
0.002013750840462
0.002009533135104
0.002004673053729
0.001999088109944
0.001992688038383
0.001985374567317
0.001977041287383
0.001967573638998
0.001956849042889
0.001944737199787
0.001931100586561
0.001915795176800
0.001898671413967
0.001879575464606
0.001858350777487
0.001834839972036
0.001808887075549
0.001780340123639
0.001749054131882
0.001714894438614
0.001677740409377
0.001637489482480
0.001594061522669
0.001547403436129
0.001497493985080
0.001444348724440
0.001388024966749
0.001328626665157
0.001266309088414
0.001201283146954
0.001133819216158
0.001064250292276
0.000992974309278
0.000920455441667
0.000847224220046
0.000773876293463
0.000701069686205
0.000629520417018
0.000559996376321
0.000493309391794
0.000430305454775
0.000371853128768
0.000318830216276
0.000272108820127
0.000232538999014
0.000200931282256
0.000178038373887
0.000164536438442
0.000161006417859
0.000167915877724
0.000185601918993
0.000214255715446
0.000253909244875
0.000304424771167
0.000365487603168
0.000436602603367
0.000517094844586
0.000606114716487
0.000702647667164
0.000805528630844
0.000913461044240
0.001025040195765
0.001138780489042
0.001253146041001
0.001366583882030
0.001477558888077
0.001584589459334
0.001686282873784
0.001781369192439
0.001868732581569
0.001947438949121
0.002016758869801
0.002076184895918
0.002125442516880
0.002164494234938
0.002193536461799
0.002212989201698
0.002223478761041
0.002225814001303
0.002220956917944
0.002209988570917
0.002194071599598
0.002174410715146
0.002152212666965
0.002128647219700
0.002104810648708
0.002081693164173
0.002060151509405
0.002040887753525
0.002024435022235
0.002011150595370
0.002001216461672
0.001994647076645
0.001991303736352
0.001990914676329
0.001993099746956
0.001997398319037
0.002003298947226
0.002010269271594
0.002017784671936
0.002025354303470
0.002032543329614
0.002038990416537
0.002044419850045
0.002048647960229
0.002051583873347
0.002053224933321
0.002053647427257
0.002052993493156
0.002051455268978
0.002049257450548
0.002046639456112
0.002043838348011
0.002041073542186
0.002038534154471
0.002036369603199
0.002034683828039
0.002033533214346
0.002032928050160
0.002032837107710
0.002033194748675
0.002033909814767
0.002034875490080
0.002035979311743
0.002037112558213
0.002038178352868
0.002039097972932
0.002039815035891
0.002040297431163
0.002040537057348
0.002040547599294
0.002040360721180
0.002040021151966
0.002039581191867
0.002039095171689
0.002038614353672
0.002038182679891
0.002037833662108
0.002037588577469
0.002037456000456
0.002037432575631
0.002037504829192
0.002037651738555
0.002037847733776
0.002038065794273
0.002038280327527
0.002038469568314
0.002038617310231
0.002038713866869
0.002038756248314
0.002038747620523
0.002038696182613
0.002038613644350
0.002038513509914
0.002038409373613
0.002038313410910
0.002038235207936
0.002038181020728
0.002038153498249
0.002038151847864
0.002038172374183
0.002038209286971
0.002038255653916
0.002038304370500
0.002038349030854
0.002038384607641
0.002038407881692
0.002038417598576
0.002038414364849
0.002038400327176
0.002038378699504
0.002038353215208
0.002038327582043
0.002038305008755
0.002038287855439
0.002038277438062
0.002038273994190
0.002038276795176
0.002038284372466
0.002038294814221
0.002038306084012
0.002038316315884
0.002038324048463
0.002038328373374
0.002038328987864
0.002038326155956
0.002038320594700
0.002038313310761
0.002038305416621
0.002038297955260
0.002038291757523
0.002038287348903
0.002038284913265
0.002038284311822
0.002038285147720
0.002038286860933
0.002038288835440
0.002038290500947
0.002038291414343
0.002038291310917
0.002038290121240
0.002038287955359
0.002038285060906
0.002038281764958
0.002038278410920
0.002038275301098
0.002038272653459
0.002038270577756
0.002038269072431
0.002038268040191
0.002038267317300
0.002038266710019
0.002038266031222
0.002038265131033
0.002038263917098
0.002038262362390
0.002038260500808
0.002038258412886
0.002038256205358
0.002038253988890
0.002038251858112
0.002038249877135
0.002038248072417
0.002038246433270
0.002038244918951
0.002038243470198
0.002038242022559
0.002038240518880
0.002038238918765
0.002038237203691
0.002038235377386
0.002038233462028
0.002038231491517
0.002038229503453
0.002038227531503
0.002038225599553
0.002038223718505
0.002038221886004
0.002038220088745
0.002038218306587
0.002038216517434
0.002038214701833
0.002038212846426
0.002038210945733
