0.002038210551730
0.002038212464395
0.002038214367300
0.002038216260546
0.002038218144227
0.002038220018423
0.002038221883193
0.002038223738565
0.002038225584541
0.002038227421090
0.002038229248153
0.002038231065652
0.002038232873493
0.002038234671580
0.002038236459817
0.002038238238123
0.002038240006428
0.002038241764687
0.002038243512874
0.002038245250987
0.002038246979048
0.002038248697100
0.002038250405207
0.002038252103450
0.002038253791923
0.002038255470727
0.002038257139961
0.002038258799715
0.002038260450064
0.002038262091056
0.002038263722713
0.002038265345023
0.002038266957945
0.002038268561414
0.002038270155344
0.002038271739639
0.002038273314201
0.002038274878938
0.002038276433772
0.002038277978639
0.002038279513501
0.002038281038339
0.002038282553158
0.002038284057987
0.002038285552877
0.002038287037897
0.002038288513133
0.002038289978683
0.002038291434646
0.002038292881121
0.002038294318194
0.002038295745931
0.002038297164373
0.002038298573529
0.002038299973378
0.002038301363870
0.002038302744930
0.002038304116469
0.002038305478389
0.002038306830590
0.002038308172986
0.002038309505501
0.002038310828079
0.002038312140688
0.002038313443316
0.002038314735977
0.002038316018706
0.002038317291560
0.002038318554614
0.002038319807959
0.002038321051692
0.002038322285916
0.002038323510724
0.002038324726197
0.002038325932392
0.002038327129339
0.002038328317036
0.002038329495451
0.002038330664521
0.002038331824164
0.002038332974281
0.002038334114768
0.002038335245523
0.002038336366452
0.002038337477475
0.002038338578528
0.002038339669564
0.002038340750554
0.002038341821482
0.002038342882346
0.002038343933145
0.002038344973879
0.002038346004534
0.002038347025069
0.002038348035397
0.002038349035367
0.002038350024733
0.002038351003128
0.002038351970028
0.002038352924715
0.002038353866229
0.002038354793312
0.002038355704337
0.002038356597218
0.002038357469293
0.002038358317173
0.002038359136547
0.002038359921933
0.002038360666362
0.002038361360976
0.002038361994525
0.002038362552737
0.002038363017531
0.002038363366031
0.002038363569353
0.002038363591089
0.002038363385443
0.002038362894931
0.002038362047551
0.002038360753323
0.002038358900056
0.002038356348189
0.002038352924528
0.002038348414642
0.002038342553678
0.002038335015278
0.002038325398256
0.002038313210615
0.002038297850448
0.002038278583168
0.002038254514452
0.002038224558210
0.002038187398766
0.002038141446381
0.002038084785108
0.002038015111884
0.002037929665645
0.002037825145136
0.002037697613990
0.002037542391538
0.002037353927733
0.002037125660497
0.002036849853751
0.002036517414388
0.002036117686463
0.002035638220972
0.002035064519736
0.002034379752139
0.002033564443792
0.002032596136617
0.002031449020423
0.002030093536729
0.002028495956438
0.002026617934000
0.002024416041907
0.002021841290723
0.002018838641497
0.002015346519130
0.002011296337267
0.002006612047422
0.002001209727311
0.001994997225787
0.001987873884200
0.001979730356492
0.001970448552659
0.001959901732479
0.001947954778252
0.001934464676872
0.001919281242461
0.001902248111113
0.001883204038671
0.001861984530872
0.001838423832398
0.001812357297228
0.001783624157038
0.001752070697193
0.001717553840875
0.001679945131228
0.001639135088942
0.001595037908586
0.001547596441367
0.001496787395064
0.001442626663989
0.001385174683424
0.001324541684527
0.001260892707929
0.001194452217742
0.001125508143446
0.001054415165792
0.000981597055561
0.000907547871536
0.000832831827332
0.000758081646663
0.000683995243832
0.000611330591345
0.000540898669923
0.000473554437784
0.000410185805775
0.000351700662095
0.000299012053917
0.000253021701907
0.000214602095482
0.000184577489577
0.000163704194951
0.000152650620923
0.000151977588599
0.000162119481057
0.000183366831222
0.000215850965306
0.000259531316928
0.000314186002094
0.000379406196496
0.000454594783319
0.000538969642090
0.000631571828291
0.000731278751979
0.000836822305001
0.000946811715390
0.001059760729974
0.001174118548818
0.001288303765289
0.001400740411096
0.001509895074453
0.001614313959143
0.001712658689508
0.001803739646993
0.001886545651957
0.001960268882271
0.002024324047954
0.002078361016232
0.002122270299456
0.002156181071752
0.002180451659953
0.002195652748528
0.002202543834312
0.002202043750718
0.002195196338986
0.002183132562206
0.002167030524137
0.002148074959072
0.002127417793618
0.002106141342238
0.002085225585207
0.002065520793951
0.002047726522039
0.002032377681658
0.002019838089759
0.002010301512250
0.002003799877365
0.002000217989857
0.001999313774722
0.002000742829722
0.002004085884187
0.002008877657875
0.002014635593833
0.002020887004177
0.002027193313064
0.002033170297615
0.002038503501325
0.002042958308182
0.002046384499319
0.002048715446445
0.002049962406604
0.002050204651667
0.002049576377204
0.002048251476647
0.002046427330983
0.002044308749612
0.002042093108530
0.002039957576464
0.002038049111710
0.002036477669000
0.002035312796003
0.002034583542497
0.002034281370844
0.002034365560398
0.002034770453791
0.002035413808052
0.002036205491391
0.002037055805446
0.002037882806078
0.002038618132490
0.002039211020770
0.002039630358016
0.002039864811115
0.002039921224961
0.002039821615659
0.002039599175872
0.002039293756553
0.002038947290847
0.002038599585255
0.002038284827054
0.002038029055234
0.002037848726374
0.002037750389057
0.002037731372015
0.002037781302068
0.002037884205136
0.002038020911306
0.002038171483735
0.002038317418610
0.002038443414137
0.002038538573351
0.002038596979991
0.002038617660221
0.002038604007789
0.002038562800136
0.002038502963827
0.002038434257887
0.002038366033954
0.002038306205507
0.002038260519529
0.002038232178296
0.002038221812675
0.002038227766653
0.002038246620407
0.002038273858996
0.002038304586845
0.002038334194280
0.002038358899253
0.002038376112021
0.002038384598952
0.002038384449986
0.002038376878825
0.002038363903110
0.002038347961767
0.002038331528122
0.002038316770853
0.002038305302187
0.002038298036199
0.002038295162355
0.002038296223026
0.002038300270736
0.002038306072803
0.002038312328347
0.002038317865234
0.002038321791387
0.002038323584620
0.002038323116005
0.002038320612101
0.002038316569668
0.002038311641820
0.002038306516437
0.002038301806197
0.002038297965398
0.002038295242712
0.002038293672392
0.002038293100138
0.002038293234963
0.002038293715415
0.002038294177729
0.002038294314791
0.002038293917672
0.002038292895362
0.002038291272449
0.002038289168082
0.002038286762244
0.002038284256641
0.002038281837474
0.002038279646111
0.002038277761533
0.002038276195954
0.002038274902557
0.002038273792357
0.002038272756025
0.002038271686161
0.002038270496059
0.002038269132116
0.002038267578555
0.002038265854674
0.002038264006143
0.002038262092760
0.002038260175358
0.002038258304418
0.002038256512213
0.002038254809475
0.002038253186571
0.002038251618341
0.002038250071177
0.002038248510693
0.002038246908440
0.002038245246511
0.002038243519443
0.002038241733432
0.002038239903382
0.002038238048671
0.002038236188651
0.002038234338805
0.002038232508234
0.002038230698796
0.002038228905818
0.002038227120039
0.002038225330194
0.002038223525634
0.002038221698429
0.002038219844605
0.002038217964361
0.002038216061398
0.002038214141587
0.002038212211391
0.002038210276383
