0.002038208311916
0.002038210226834
0.002038212132250
0.002038214028091
0.002038215914272
0.002038217790699
0.002038219657281
0.002038221513934
0.002038223360589
0.002038225197195
0.002038227023722
0.002038228840161
0.002038230646530
0.002038232442866
0.002038234229228
0.002038236005694
0.002038237772354
0.002038239529307
0.002038241276651
0.002038243014475
0.002038244742854
0.002038246461841
0.002038248171459
0.002038249871703
0.002038251562541
0.002038253243911
0.002038254915737
0.002038256577928
0.002038258230390
0.002038259873032
0.002038261505776
0.002038263128557
0.002038264741331
0.002038266344073
0.002038267936785
0.002038269519490
0.002038271092232
0.002038272655078
0.002038274208110
0.002038275751422
0.002038277285113
0.002038278809278
0.002038280324004
0.002038281829358
0.002038283325383
0.002038284812093
0.002038286289474
0.002038287757480
0.002038289216047
0.002038290665089
0.002038292104515
0.002038293534230
0.002038294954146
0.002038296364189
0.002038297764299
0.002038299154438
0.002038300534591
0.002038301904766
0.002038303264993
0.002038304615324
0.002038305955832
0.002038307286602
0.002038308607731
0.002038309919318
0.002038311221456
0.002038312514226
0.002038313797687
0.002038315071873
0.002038316336787
0.002038317592404
0.002038318838672
0.002038320075517
0.002038321302851
0.002038322520579
0.002038323728609
0.002038324926855
0.002038326115246
0.002038327293731
0.002038328462279
0.002038329620880
0.002038330769551
0.002038331908329
0.002038333037273
0.002038334156460
0.002038335265981
0.002038336365933
0.002038337456413
0.002038338537512
0.002038339609302
0.002038340671834
0.002038341725129
0.002038342769180
0.002038343803949
0.002038344829372
0.002038345845363
0.002038346851825
0.002038347848651
0.002038348835735
0.002038349812977
0.002038350780283
0.002038351737567
0.002038352684750
0.002038353621755
0.002038354548496
0.002038355464870
0.002038356370736
0.002038357265893
0.002038358150043
0.002038359022749
0.002038359883372
0.002038360730999
0.002038361564332
0.002038362381565
0.002038363180209
0.002038363956872
0.002038364706964
0.002038365424318
0.002038366100690
0.002038366725098
0.002038367282960
0.002038367754972
0.002038368115645
0.002038368331406
0.002038368358157
0.002038368138133
0.002038367595879
0.002038366633119
0.002038365122243
0.002038362898056
0.002038359747374
0.002038355395962
0.002038349492182
0.002038341586630
0.002038331106847
0.002038317326086
0.002038299324855
0.002038275943809
0.002038245726274
0.002038206848448
0.002038157035030
0.002038093457715
0.002038012613688
0.002037910180902
0.002037780846622
0.002037618105401
0.002037414022387
0.002037158957666
0.002036841247196
0.002036446835913
0.002035958858733
0.002035357165522
0.002034617786732
0.002033712337291
0.002032607357608
0.002031263592240
0.002029635208909
0.002027668963229
0.002025303317741
0.002022467527685
0.002019080710343
0.002015050919845
0.002010274254867
0.002004634032709
0.001998000069614
0.001990228113728
0.001981159483630
0.001970620971445
0.001958425075069
0.001944370628326
0.001928243900695
0.001909820238966
0.001888866321310
0.001865143089255
0.001838409414400
0.001808426543920
0.001774963351607
0.001737802399103
0.001696746785030
0.001651627727949
0.001602312793007
0.001548714632244
0.001490800065950
0.001428599288493
0.001362214938295
0.001291830730213
0.001217719311712
0.001140248974436
0.001059888832751
0.000977212073222
0.000892896886278
0.000807724715840
0.000722575506186
0.000638419688872
0.000556306736515
0.000477350213922
0.000402709378535
0.000333567518561
0.000271107364051
0.000216484058161
0.000170796326357
0.000135056622940
0.000110161159007
0.000096860815674
0.000095734013129
0.000107162632698
0.000131312069711
0.000168116425439
0.000217269724851
0.000278223874275
0.000350193852828
0.000432170370473
0.000522939933450
0.000621111946823
0.000725152168650
0.000833421526799
0.000944219034430
0.001055827310077
0.001166559038274
0.001274802609240
0.001379065160838
0.001478011317563
0.001570496080155
0.001655590560294
0.001732599567611
0.001801070425859
0.001860792802221
0.001911789756373
0.001954300629935
0.001988756778430
0.002015751474098
0.002036005559411
0.002050330592806
0.002059591290607
0.002064669029343
0.002066428034457
0.002065685655010
0.002063187825543
0.002059590466691
0.002055447199340
0.002051203368590
0.002047196018368
0.002043659147655
0.002040733333487
0.002038478637176
0.002036889625398
0.002035911337259
0.002035455106086
0.002035413288858
0.002035672150924
0.002036122380001
0.002036666941521
0.002037226217716
0.002037740578389
0.002038170698387
0.002038496056379
0.002038712117393
0.002038826718376
0.002038856147033
0.002038821337849
0.002038744516691
0.002038646518735
0.002038544895618
0.002038452827284
0.002038378770333
0.002038326713290
0.002038296872611
0.002038286651058
0.002038291689252
0.002038306867191
0.002038327149256
0.002038348207808
0.002038366801139
0.002038380916802
0.002038389717916
0.002038393346534
0.002038392644259
0.002038388847527
0.002038383305203
0.002038377252198
0.002038371657370
0.002038367149292
0.002038364011627
0.002038362231667
0.002038361581700
0.002038361712731
0.002038362243051
0.002038362829114
0.002038363211873
0.002038363237276
0.002038362854018
0.002038362094631
0.002038361047250
0.002038359825168
0.002038358539960
0.002038357281940
0.002038356109521
0.002038355047130
0.002038354089863
0.002038353212346
0.002038352379081
0.002038351553983
0.002038350707519
0.002038349820698
0.002038348885955
0.002038347905553
0.002038346888450
0.002038345846653
0.002038344791923
0.002038343733404
0.002038342676429
0.002038341622444
0.002038340569773
0.002038339514849
0.002038338453520
0.002038337382137
0.002038336298231
0.002038335200750
0.002038334089905
0.002038332966775
0.002038331832804
0.002038330689357
0.002038329537404
0.002038328377380
0.002038327209214
0.002038326032463
0.002038324846510
0.002038323650749
0.002038322444725
0.002038321228204
0.002038320001170
0.002038318763780
0.002038317516288
0.002038316258969
0.002038314992060
0.002038313715735
0.002038312430087
0.002038311135154
0.002038309830930
0.002038308517393
0.002038307194516
0.002038305862276
0.002038304520647
0.002038303169598
0.002038301809084
0.002038300439039
0.002038299059384
0.002038297670026
0.002038296270869
0.002038294861829
0.002038293442837
0.002038292013847
0.002038290574846
0.002038289125845
0.002038287666885
0.002038286198026
0.002038284719349
0.002038283230943
0.002038281732906
0.002038280225329
0.002038278708296
0.002038277181875
0.002038275646111
0.002038274101021
0.002038272546595
0.002038270982793
0.002038269409550
0.002038267826783
0.002038266234396
0.002038264632290
0.002038263020368
0.002038261398547
0.002038259766758
0.002038258124952
0.002038256473102
0.002038254811205
0.002038253139281
0.002038251457373
0.002038249765543
0.002038248063870
0.002038246352446
0.002038244631364
0.002038242900718
0.002038241160587
0.002038239411034
0.002038237652096
0.002038235883781
0.002038234106068
0.002038232318906
0.002038230522223
0.002038228715930
0.002038226899929
0.002038225074119
0.002038223238410
0.002038221392722
0.002038219536992
0.002038217671178
0.002038215795262
0.002038213909247
0.002038212013162
0.002038210107055
0.002038208190994
