0.000189074405992
0.000189104639908
0.000189135246135
0.000189166227090
0.000189197574979
0.000189229271588
0.000189261288352
0.000189293586739
0.000189326118954
0.000189358828973
0.000189391653887
0.000189424525519
0.000189457372286
0.000189490121227
0.000189522700133
0.000189555039703
0.000189587075630
0.000189618750548
0.000189650015753
0.000189680832647
0.000189711173832
0.000189741023843
0.000189770379490
0.000189799249804
0.000189827655621
0.000189855628820
0.000189883211263
0.000189910453478
0.000189937413151
0.000189964153466
0.000189990741351
0.000190017245671
0.000190043735422
0.000190070277950
0.000190096937228
0.000190123772242
0.000190150835476
0.000190178171569
0.000190205816129
0.000190233794766
0.000190262122349
0.000190290802535
0.000190319827574
0.000190349178429
0.000190378825212
0.000190408727944
0.000190438837620
0.000190469097574
0.000190499445077
0.000190529813155
0.000190560132521
0.000190590333591
0.000190620348480
0.000190650112910
0.000190679567965
0.000190708661614
0.000190737349965
0.000190765598205
0.000190793381201
0.000190820683775
0.000190847500654
0.000190873836120
0.000190899703410
0.000190925123908
0.000190950126171
0.000190974744853
0.000190999019558
0.000191022993673
0.000191046713209
0.000191070225676
0.000191093579001
0.000191116820508
0.000191139995960
0.000191163148668
0.000191186318664
0.000191209541949
0.000191232849822
0.000191256268296
0.000191279817617
0.000191303511906
0.000191327358939
0.000191351360068
0.000191375510314
0.000191399798613
0.000191424208232
0.000191448717323
0.000191473299608
0.000191497925154
0.000191522561211
0.000191547173069
0.000191571724895
0.000191596180514
0.000191620504108
0.000191644660805
0.000191668617152
0.000191692341472
0.000191715804111
0.000191738977603
0.000191761836778
0.000191784358835
0.000191806523424
0.000191828312756
0.000191849711762
0.000191870708315
0.000191891293511
0.000191911462005
0.000191931212373
0.000191950547475
0.000191969474789
0.000191988006662
0.000192006160464
0.000192023958597
0.000192041428343
0.000192058601534
0.000192075514049
0.000192092205138
0.000192108716601
0.000192125091844
0.000192141374851
0.000192157609112
0.000192173836535
0.000192190096386
0.000192206424291
0.000192222851311
0.000192239403119
0.000192256099295
0.000192272952725
0.000192289969139
0.000192307146759
0.000192324476080
0.000192341939784
0.000192359512784
0.000192377162428
0.000192394848859
0.000192412525552
0.000192430140045
0.000192447634863
0.000192464948645
0.000192482017474
0.000192498776367
0.000192515160930
0.000192531109101
0.000192546562953
0.000192561470477
0.000192575787279
0.000192589478124
0.000192602518251
0.000192614894400
0.000192626605495
0.000192637662950
0.000192648090578
0.000192657924099
0.000192667210259
0.000192676005604
0.000192684374946
0.000192692389587
0.000192700125361
0.000192707660562
0.000192715073835
0.000192722442083
0.000192729838452
0.000192737330445
0.000192744978203
0.000192752832988
0.000192760935893
0.000192769316791
0.000192777993553
0.000192786971530
0.000192796243323
0.000192805788839
0.000192815575644
0.000192825559624
0.000192835685936
0.000192845890259
0.000192856100322
0.000192866237687
0.000192876219746
0.000192885961890
0.000192895379784
0.000192904391688
0.000192912920735
0.000192920897103
0.000192928259980
0.000192934959277
0.000192940956991
0.000192946228201
0.000192950761635
0.000192954559812
0.000192957638749
0.000192960027266
0.000192961765923
0.000192962905644
0.000192963506088
0.000192963633843
0.000192963360504
0.000192962760712
0.000192961910204
0.000192960883941
0.000192959754341
0.000192958589664
0.000192957452561
0.000192956398806
0.000192955476226
0.000192954723818
0.000192954171073
0.000192953837496
0.000192953732334
0.000192953854514
0.000192954192790
0.000192954726106
0.000192955424188
0.000192956248334
0.000192957152422
0.000192958084100
0.000192958986135
0.000192959797888
0.000192960456871
0.000192960900328
0.000192961066802
0.000192960897614
0.000192960338219
0.000192959339386
0.000192957858163
0.000192955858617
0.000192953312326
0.000192950198629
0.000192946504657
0.000192942225167
0.000192937362209
0.000192931924679
0.000192925927781
0.000192919392451
0.000192912344754
0.000192904815307
0.000192896838697
0.000192888452948
0.000192879698983
0.000192870620101
0.000192861261440
0.000192851669409
0.000192841891066
0.000192831973448
0.000192821962833
0.000192811903944
0.000192801839111
0.000192791807410
0.000192781843810
0.000192771978351
0.000192762235407
0.000192752633041
0.000192743182505
0.000192733887881
0.000192724745904
0.000192715745944
0.000192706870166
0.000192698093837
0.000192689385775
0.000192680708920
0.000192672020999
0.000192663275266
0.000192654421310
0.000192645405915
0.000192636173954
0.000192626669341
0.000192616836016
0.000192606618980
0.000192595965375
0.000192584825605
0.000192573154490
0.000192560912432
0.000192548066561
0.000192534591843
0.000192520472075
0.000192505700758
0.000192490281760
0.000192474229747
0.000192457570330
0.000192440339892
0.000192422585086
0.000192404361988
0.000192385734920
0.000192366774987
0.000192347558341
0.000192328164259
0.000192308673089
0.000192289164127
0.000192269713519
0.000192250392234
0.000192231264196
0.000192212384607
0.000192193798524
0.000192175539709
0.000192157629774
0.000192140077641
0.000192122879297
0.000192106017860
0.000192089463932
0.000192073176222
0.000192057102442
0.000192041180435
0.000192025339541
0.000192009502169
0.000191993585554
0.000191977503688
0.000191961169371
0.000191944496363
0.000191927401581
0.000191909807286
0.000191891643204
0.000191872848508
0.000191853373599
0.000191833181608
0.000191812249578
0.000191790569245
0.000191768147406
0.000191745005831
0.000191721180731
0.000191696721785
0.000191671690765
0.000191646159810
0.000191620209409
0.000191593926183
0.000191567400524
0.000191540724197
0.000191513987968
0.000191487279338
0.000191460680444
0.000191434266171
0.000191408102524
0.000191382245271
0.000191356738876
0.000191331615728
0.000191306895658
0.000191282585734
0.000191258680328
0.000191235161440
0.000191211999263
0.000191189152990
0.000191166571840
0.000191144196286
0.000191121959486
0.000191099788881
0.000191077607940
0.000191055338010
0.000191032900245
0.000191010217543
0.000190987216456
0.000190963829004
0.000190939994339
0.000190915660198
0.000190890784105
0.000190865334277
0.000190839290205
0.000190812642911
0.000190785394867
0.000190757559607
0.000190729161060
0.000190700232646
0.000190670816179
0.000190640960646
0.000190610720893
0.000190580156288
0.000190549329382
0.000190518304620
0.000190487147113
0.000190455921486
0.000190424690805
0.000190393515587
0.000190362452875
0.000190331555379
0.000190300870674
0.000190270440451
0.000190240299826
0.000190210476715
0.000190180991294
0.000190151855561
0.000190123073024
0.000190094638545
0.000190066538352
0.000190038750244
0.000190011243993
0.000189983981945
0.000189956919809
0.000189930007615
0.000189903190809
0.000189876411460
0.000189849609524
0.000189822724139
0.000189795694909
0.000189768463139
0.000189740973001
0.000189713172602
0.000189685014957
0.000189656458847
0.000189627469574
0.000189598019616
0.000189568089179
0.000189537666667
0.000189506749048
0.000189475342132
0.000189443460740
