0.000587370664302
0.000587656792020
0.000587942389242
0.000588226358487
0.000588507628013
0.000588785152781
0.000589057915387
0.000589324926958
0.000589585228005
0.000589837889244
0.000590082012379
0.000590316730839
0.000590541210484
0.000590754650262
0.000590956282837
0.000591145375160
0.000591321229015
0.000591483181511
0.000591630605536
0.000591762910171
0.000591879541056
0.000591979980718
0.000592063748852
0.000592130402562
0.000592179536556
0.000592210783299
0.000592223813125
0.000592218334301
0.000592194093054
0.000592150873549
0.000592088497827
0.000592006825705
0.000591905754628
0.000591785219477
0.000591645192349
0.000591485682279
0.000591306734933
0.000591108432259
0.000590890892094
0.000590654267740
0.000590398747494
0.000590124554144
0.000589831944433
0.000589521208475
0.000589192669149
0.000588846681449
0.000588483631806
0.000588103937372
0.000587708045279
0.000587296431861
0.000586869601848
0.000586428087533
0.000585972447906
0.000585503267769
0.000585021156817
0.000584526748701
0.000584020700059
0.000583503689536
0.000582976416772
0.000582439601376
0.000581893981877
0.000581340314663
0.000580779372898
0.000580211945423
0.000579638835652
0.000579060860441
0.000578478848961
0.000577893641546
0.000577306088543
0.000576717049151
0.000576127390250
0.000575537985232
0.000574949712820
0.000574363455892
0.000573780100301
0.000573200533691
0.000572625644323
0.000572056319897
0.000571493446382
0.000570937906845
0.000570390580297
0.000569852340537
0.000569324055009
0.000568806583675
0.000568300777885
0.000567807479276
0.000567327518676
0.000566861715023
0.000566410874305
0.000565975788511
0.000565557234608
0.000565155973530
0.000564772749196
0.000564408287541
0.000564063295576
0.000563738460468
0.000563434448649
0.000563151904947
0.000562891451743
0.000562653688156
0.000562439189264
0.000562248505337
0.000562082161119
0.000561940655128
0.000561824458989
0.000561734016805
0.000561669744553
0.000561632029520
0.000561621229766
0.000561637673627
0.000561681659252
0.000561753454171
0.000561853294901
0.000561981386594
0.000562137902708
0.000562322984732
0.000562536741928
0.000562779251131
0.000563050556568
0.000563350669728
0.000563679569260
0.000564037200918
0.000564423477530
0.000564838279022
0.000565281452466
0.000565752812167
0.000566252139798
0.000566779184556
0.000567333663368
0.000567915261130
0.000568523630975
0.000569158394589
0.000569819142555
0.000570505434731
0.000571216800669
0.000571952740064
0.000572712723235
0.000573496191646
0.000574302558449
0.000575131209071
0.000575981501822
0.000576852768541
0.000577744315265
0.000578655422933
0.000579585348116
0.000580533323772
0.000581498560031
0.000582480245007
0.000583477545627
0.000584489608494
0.000585515560767
0.000586554511061
0.000587605550376
0.000588667753035
0.000589740177652
0.000590821868111
0.000591911854561
0.000593009154431
0.000594112773459
0.000595221706730
0.000596334939728
0.000597451449406
0.000598570205254
0.000599690170385
0.000600810302627
0.000601929555615
0.000603046879899
0.000604161224046
0.000605271535750
0.000606376762945
0.000607475854912
0.000608567763393
0.000609651443697
0.000610725855806
0.000611789965476
0.000612842745330
0.000613883175950
0.000614910246954
0.000615922958070
0.000616920320196
0.000617901356447
0.000618865103198
0.000619810611105
0.000620736946110
0.000621643190440
0.000622528443581
0.000623391823236
0.000624232466262
0.000625049529594
0.000625842191142
0.000626609650665
0.000627351130629
0.000628065877032
0.000628753160213
0.000629412275634
0.000630042544627
0.000630643315126
0.000631213962365
0.000631753889544
0.000632262528477
0.000632739340195
0.000633183815530
0.000633595475665
0.000633973872647
0.000634318589876
0.000634629242553
0.000634905478098
0.000635146976540
0.000635353450859
0.000635524647309
0.000635660345693
0.000635760359612
0.000635824536675
0.000635852758671
0.000635844941709
0.000635801036322
0.000635721027530
0.000635604934872
0.000635452812403
0.000635264748647
0.000635040866521
0.000634781323222
0.000634486310075
0.000634156052351
0.000633790809039
0.000633390872597
0.000632956568657
0.000632488255697
0.000631986324686
0.000631451198685
0.000630883332422
0.000630283211829
0.000629651353554
0.000628988304430
0.000628294640920
0.000627570968533
0.000626817921206
0.000626036160652
0.000625226375691
0.000624389281544
0.000623525619102
0.000622636154168
0.000621721676677
0.000620782999884
0.000619820959537
0.000618836413019
0.000617830238472
0.000616803333902
0.000615756616256
0.000614691020489
0.000613607498605
0.000612507018688
0.000611390563910
0.000610259131531
0.000609113731877
0.000607955387314
0.000606785131199
0.000605604006837
0.000604413066410
0.000603213369910
0.000602005984060
0.000600791981232
0.000599572438357
0.000598348435830
0.000597121056421
0.000595891384174
0.000594660503312
0.000593429497141
0.000592199446961
0.000590971430969
0.000589746523181
0.000588525792349
0.000587310300890
0.000586101103819
0.000584899247699
0.000583705769591
0.000582521696027
0.000581348041981
0.000580185809870
0.000579035988559
0.000577899552384
0.000576777460193
0.000575670654407
0.000574580060095
0.000573506584073
0.000572451114023
0.000571414517634
0.000570397641763
0.000569401311628
0.000568426330011
0.000567473476504
0.000566543506768
0.000565637151827
0.000564755117383
0.000563898083166
0.000563066702310
0.000562261600761
0.000561483376712
0.000560732600076
0.000560009811982
0.000559315524309
0.000558650219256
0.000558014348936
0.000557408335014
0.000556832568370
0.000556287408806
0.000555773184778
0.000555290193173
0.000554838699113
0.000554418935802
0.000554031104402
0.000553675373950
0.000553351881312
0.000553060731164
0.000552801996026
0.000552575716312
0.000552381900432
0.000552220524923
0.000552091534619
0.000551994842850
0.000551930331687
0.000551897852214
0.000551897224836
0.000551928239628
0.000551990656709
0.000552084206656
0.000552208590952
0.000552363482460
0.000552548525939
0.000552763338584
0.000553007510603
0.000553280605817
0.000553582162304
0.000553911693052
0.000554268686661
0.000554652608062
0.000555062899260
0.000555498980114
0.000555960249133
0.000556446084303
0.000556955843932
0.000557488867522
0.000558044476659
0.000558621975929
0.000559220653850
0.000559839783822
0.000560478625095
0.000561136423761
0.000561812413747
0.000562505817837
0.000563215848699
0.000563941709924
0.000564682597084
0.000565437698788
0.000566206197756
0.000566987271897
0.000567780095392
0.000568583839786
0.000569397675080
0.000570220770828
0.000571052297231
0.000571891426239
0.000572737332647
0.000573589195184
0.000574446197612
0.000575307529803
0.000576172388825
0.000577039980013
0.000577909518029
0.000578780227923
0.000579651346170
0.000580522121706
0.000581391816943
0.000582259708773
0.000583125089557
0.000583987268091
0.000584845570569
0.000585699341504
0.000586547944653
0.000587390763903
0.000588227204144
0.000589056692112
0.000589878677217
0.000590692632337
0.000591498054587
0.000592294466067
0.000593081414574
0.000593858474288
0.000594625246431
0.000595381359890
0.000596126471813
0.000596860268168
0.000597582464275
0.000598292805298
0.000598991066707
0.000599677054705
0.000600350606613
0.000601011591229
0.000601659909141
0.000602295493009
0.000602918307806
