0.000184555747519
0.000184574428160
0.000184593471643
0.000184613020459
0.000184633215071
0.000184654191728
0.000184676079954
0.000184698999767
0.000184723058715
0.000184748348819
0.000184774943576
0.000184802895141
0.000184832231853
0.000184862956239
0.000184895043624
0.000184928441453
0.000184963069397
0.000184998820284
0.000185035561850
0.000185073139258
0.000185111378330
0.000185150089342
0.000185189071276
0.000185228116335
0.000185267014583
0.000185305558519
0.000185343547434
0.000185380791416
0.000185417114885
0.000185452359577
0.000185486386931
0.000185519079860
0.000185550343930
0.000185580107995
0.000185608324340
0.000185634968435
0.000185660038381
0.000185683554122
0.000185705556525
0.000185726106370
0.000185745283306
0.000185763184775
0.000185779924922
0.000185795633445
0.000185810454353
0.000185824544567
0.000185838072308
0.000185851215216
0.000185864158141
0.000185877090587
0.000185890203793
0.000185903687477
0.000185917726296
0.000185932496094
0.000185948160053
0.000185964864880
0.000185982737161
0.000186001880052
0.000186022370439
0.000186044256721
0.000186067557312
0.000186092259967
0.000186118321976
0.000186145671238
0.000186174208190
0.000186203808510
0.000186234326515
0.000186265599086
0.000186297449984
0.000186329694374
0.000186362143383
0.000186394608514
0.000186426905779
0.000186458859393
0.000186490304956
0.000186521092037
0.000186551086146
0.000186580170087
0.000186608244741
0.000186635229347
0.000186661061355
0.000186685695962
0.000186709105428
0.000186731278254
0.000186752218334
0.000186771944108
0.000186790487784
0.000186807894633
0.000186824222339
0.000186839540394
0.000186853929456
0.000186867480643
0.000186880294666
0.000186892480758
0.000186904155339
0.000186915440377
0.000186926461445
0.000186937345478
0.000186948218271
0.000186959201799
0.000186970411443
0.000186981953233
0.000186993921242
0.000187006395252
0.000187019438814
0.000187033097820
0.000187047399660
0.000187062353034
0.000187077948433
0.000187094159280
0.000187110943677
0.000187128246676
0.000187146002951
0.000187164139744
0.000187182579924
0.000187201245003
0.000187220057960
0.000187238945736
0.000187257841286
0.000187276685096
0.000187295426136
0.000187314022216
0.000187332439780
0.000187350653202
0.000187368643662
0.000187386397727
0.000187403905747
0.000187421160208
0.000187438154160
0.000187454879845
0.000187471327592
0.000187487485074
0.000187503336938
0.000187518864819
0.000187534047713
0.000187548862649
0.000187563285583
0.000187577292427
0.000187590860113
0.000187603967591
0.000187616596685
0.000187628732735
0.000187640364975
0.000187651486634
0.000187662094761
0.000187672189818
0.000187681775085
0.000187690855972
0.000187699439299
0.000187707532660
0.000187715143943
0.000187722281077
0.000187728952075
0.000187735165382
0.000187740930550
0.000187746259192
0.000187751166172
0.000187755670930
0.000187759798859
0.000187763582595
0.000187767063112
0.000187770290490
0.000187773324273
0.000187776233305
0.000187779095020
0.000187781994143
0.000187785020832
0.000187788268314
0.000187791830101
0.000187795796906
0.000187800253406
0.000187805274999
0.000187810924725
0.000187817250501
0.000187824282811
0.000187832032968
0.000187840492034
0.000187849630445
0.000187859398363
0.000187869726712
0.000187880528852
0.000187891702795
0.000187903133847
0.000187914697534
0.000187926262702
0.000187937694620
0.000187948857994
0.000187959619767
0.000187969851628
0.000187979432183
0.000187988248758
0.000187996198837
0.000188003191180
0.000188009146650
0.000188013998827
0.000188017694474
0.000188020193924
0.000188021471437
0.000188021515581
0.000188020329645
0.000188017932086
0.000188014356986
0.000188009654458
0.000188003890935
0.000187997149270
0.000187989528537
0.000187981143469
0.000187972123439
0.000187962610938
0.000187952759507
0.000187942731130
0.000187932693116
0.000187922814528
0.000187913262274
0.000187904196975
0.000187895768759
0.000187888113162
0.000187881347290
0.000187875566419
0.000187870841177
0.000187867215444
0.000187864705060
0.000187863297399
0.000187862951829
0.000187863601033
0.000187865153113
0.000187867494396
0.000187870492792
0.000187874001559
0.000187877863314
0.000187881914111
0.000187885987453
0.000187889918066
0.000187893545352
0.000187896716401
0.000187899288542
0.000187901131379
0.000187902128347
0.000187902177815
0.000187901193788
0.000187899106297
0.000187895861538
0.000187891421850
0.000187885765594
0.000187878886983
0.000187870795907
0.000187861517739
0.000187851093141
0.000187839577800
0.000187827042071
0.000187813570438
0.000187799260747
0.000187784223122
0.000187768578527
0.000187752456928
0.000187735995046
0.000187719333711
0.000187702614869
0.000187685978319
0.000187669558280
0.000187653479914
0.000187637855950
0.000187622783560
0.000187608341628
0.000187594588551
0.000187581560692
0.000187569271558
0.000187557711770
0.000187546849825
0.000187536633632
0.000187526992751
0.000187517841228
0.000187509080899
0.000187500605002
0.000187492301939
0.000187484059001
0.000187475765903
0.000187467317983
0.000187458618934
0.000187449582990
0.000187440136503
0.000187430218896
0.000187419783021
0.000187408794961
0.000187397233369
0.000187385088437
0.000187372360614
0.000187359059179
0.000187345200789
0.000187330808090
0.000187315908466
0.000187300532981
0.000187284715530
0.000187268492200
0.000187251900813
0.000187234980600
0.000187217771945
0.000187200316121
0.000187182654969
0.000187164830435
0.000187146883931
0.000187128855497
0.000187110782756
0.000187092699688
0.000187074635282
0.000187056612131
0.000187038645061
0.000187020739911
0.000187002892554
0.000186985088272
0.000186967301569
0.000186949496486
0.000186931627467
0.000186913640763
0.000186895476363
0.000186877070375
0.000186858357761
0.000186839275309
0.000186819764683
0.000186799775406
0.000186779267620
0.000186758214451
0.000186736603877
0.000186714439971
0.000186691743453
0.000186668551513
0.000186644916918
0.000186620906429
0.000186596598632
0.000186572081272
0.000186547448243
0.000186522796367
0.000186498222141
0.000186473818580
0.000186449672312
0.000186425861031
0.000186402451402
0.000186379497474
0.000186357039618
0.000186335103990
0.000186313702469
0.000186292833010
0.000186272480325
0.000186252616806
0.000186233203592
0.000186214191690
0.000186195523088
0.000186177131785
0.000186158944739
0.000186140882692
0.000186122860922
0.000186104789934
0.000186086576173
0.000186068122796
0.000186049330597
0.000186030099129
0.000186010328080
0.000185989918939
0.000185968776943
0.000185946813299
0.000185923947617
0.000185900110480
0.000185875246044
0.000185849314547
0.000185822294593
0.000185794185065
0.000185765006555
0.000185734802168
0.000185703637645
0.000185671600713
0.000185638799665
0.000185605361179
0.000185571427435
0.000185537152628
0.000185502699009
0.000185468232604
0.000185433918792
0.000185399917907
0.000185366381052
0.000185333446284
0.000185301235301
0.000185269850752
0.000185239374241
0.000185209865054
0.000185181359621
0.000185153871664
0.000185127392961
0.000185101894642
0.000185077328898
0.000185053630974
0.000185030721342
0.000185008507935
0.000184986888337
0.000184965751880
0.000184944981569
0.000184924455842
0.000184904050152
0.000184883638411
0.000184863094332
0.000184842292730
0.000184821110843
