0.000183791999050
0.000183818897696
0.000183846631966
0.000183875165507
0.000183904444765
0.000183934400421
0.000183964949171
0.000183995995794
0.000184027435464
0.000184059156233
0.000184091041632
0.000184122973318
0.000184154833704
0.000184186508512
0.000184217889172
0.000184248875036
0.000184279375327
0.000184309310816
0.000184338615158
0.000184367235897
0.000184395135103
0.000184422289655
0.000184448691169
0.000184474345591
0.000184499272488
0.000184523504056
0.000184547083898
0.000184570065611
0.000184592511224
0.000184614489544
0.000184636074443
0.000184657343148
0.000184678374556
0.000184699247628
0.000184720039886
0.000184740826037
0.000184761676750
0.000184782657600
0.000184803828186
0.000184825241420
0.000184846943003
0.000184868971062
0.000184891355954
0.000184914120210
0.000184937278620
0.000184960838428
0.000184984799628
0.000185009155335
0.000185033892224
0.000185058991008
0.000185084426946
0.000185110170363
0.000185136187173
0.000185162439388
0.000185188885621
0.000185215481561
0.000185242180428
0.000185268933413
0.000185295690100
0.000185322398883
0.000185349007383
0.000185375462872
0.000185401712724
0.000185427704887
0.000185453388405
0.000185478713966
0.000185503634513
0.000185528105889
0.000185552087531
0.000185575543186
0.000185598441653
0.000185620757525
0.000185642471905
0.000185663573085
0.000185684057153
0.000185703928497
0.000185723200192
0.000185741894242
0.000185760041638
0.000185777682241
0.000185794864455
0.000185811644687
0.000185828086602
0.000185844260161
0.000185860240471
0.000185876106443
0.000185891939310
0.000185907821011
0.000185923832480
0.000185940051889
0.000185956552881
0.000185973402822
0.000185990661145
0.000186008377800
0.000186026591868
0.000186045330382
0.000186064607374
0.000186084423194
0.000186104764120
0.000186125602280
0.000186146895896
0.000186168589858
0.000186190616616
0.000186212897391
0.000186235343678
0.000186257859002
0.000186280340915
0.000186302683170
0.000186324778027
0.000186346518646
0.000186367801498
0.000186388528742
0.000186408610492
0.000186427966945
0.000186446530276
0.000186464246280
0.000186481075696
0.000186496995189
0.000186511997952
0.000186526093916
0.000186539309559
0.000186551687319
0.000186563284623
0.000186574172554
0.000186584434200
0.000186594162720
0.000186603459171
0.000186612430168
0.000186621185419
0.000186629835210
0.000186638487895
0.000186647247446
0.000186656211142
0.000186665467429
0.000186675094011
0.000186685156216
0.000186695705667
0.000186706779289
0.000186718398674
0.000186730569799
0.000186743283117
0.000186756514009
0.000186770223562
0.000186784359675
0.000186798858447
0.000186813645804
0.000186828639335
0.000186843750277
0.000186858885604
0.000186873950161
0.000186888848796
0.000186903488434
0.000186917780048
0.000186931640466
0.000186944994000
0.000186957773835
0.000186969923176
0.000186981396109
0.000186992158189
0.000187002186738
0.000187011470861
0.000187020011197
0.000187027819420
0.000187034917520
0.000187041336893
0.000187047117271
0.000187052305532
0.000187056954425
0.000187061121251
0.000187064866524
0.000187068252659
0.000187071342707
0.000187074199162
0.000187076882873
0.000187079452056
0.000187081961444
0.000187084461557
0.000187086998114
0.000187089611573
0.000187092336807
0.000187095202895
0.000187098233026
0.000187101444502
0.000187104848834
0.000187108451901
0.000187112254173
0.000187116250981
0.000187120432815
0.000187124785642
0.000187129291241
0.000187133927529
0.000187138668897
0.000187143486521
0.000187148348683
0.000187153221066
0.000187158067058
0.000187162848051
0.000187167523743
0.000187172052462
0.000187176391511
0.000187180497536
0.000187184326948
0.000187187836369
0.000187190983145
0.000187193725893
0.000187196025102
0.000187197843772
0.000187199148084
0.000187199908092
0.000187200098414
0.000187199698915
0.000187198695341
0.000187197079906
0.000187194851794
0.000187192017548
0.000187188591347
0.000187184595130
0.000187180058557
0.000187175018807
0.000187169520185
0.000187163613558
0.000187157355605
0.000187150807897
0.000187144035827
0.000187137107395
0.000187130091886
0.000187123058460
0.000187116074689
0.000187109205077
0.000187102509592
0.000187096042252
0.000187089849804
0.000187083970522
0.000187078433166
0.000187073256126
0.000187068446787
0.000187064001119
0.000187059903527
0.000187056126967
0.000187052633318
0.000187049374034
0.000187046291039
0.000187043317870
0.000187040381039
0.000187037401575
0.000187034296728
0.000187030981787
0.000187027371968
0.000187023384326
0.000187018939651
0.000187013964286
0.000187008391837
0.000187002164717
0.000186995235491
0.000186987567986
0.000186979138132
0.000186969934525
0.000186959958677
0.000186949224968
0.000186937760287
0.000186925603383
0.000186912803934
0.000186899421368
0.000186885523465
0.000186871184769
0.000186856484870
0.000186841506580
0.000186826334058
0.000186811050935
0.000186795738478
0.000186780473833
0.000186765328404
0.000186750366381
0.000186735643476
0.000186721205867
0.000186707089389
0.000186693318977
0.000186679908378
0.000186666860111
0.000186654165699
0.000186641806137
0.000186629752588
0.000186617967285
0.000186606404605
0.000186595012294
0.000186583732791
0.000186572504641
0.000186561263932
0.000186549945742
0.000186538485544
0.000186526820548
0.000186514890943
0.000186502641014
0.000186490020114
0.000186476983474
0.000186463492840
0.000186449516934
0.000186435031728
0.000186420020559
0.000186404474066
0.000186388389988
0.000186371772827
0.000186354633392
0.000186336988262
0.000186318859174
0.000186300272359
0.000186281257863
0.000186261848851
0.000186242080925
0.000186221991470
0.000186201619031
0.000186181002744
0.000186160181808
0.000186139195026
0.000186118080385
0.000186096874702
0.000186075613309
0.000186054329789
0.000186033055741
0.000186011820575
0.000185990651335
0.000185969572529
0.000185948605968
0.000185927770613
0.000185907082412
0.000185886554141
0.000185866195240
0.000185846011642
0.000185826005610
0.000185806175575
0.000185786515995
0.000185767017229
0.000185747665454
0.000185728442616
0.000185709326448
0.000185690290540
0.000185671304503
0.000185652334202
0.000185633342092
0.000185614287649
0.000185595127896
0.000185575818030
0.000185556312142
0.000185536564012
0.000185516527981
0.000185496159872
0.000185475417949
0.000185454263878
0.000185432663685
0.000185410588665
0.000185388016227
0.000185364930650
0.000185341323711
0.000185317195181
0.000185292553152
0.000185267414193
0.000185241803306
0.000185215753693
0.000185189306320
0.000185162509283
0.000185135416993
0.000185108089181
0.000185080589756
0.000185052985530
0.000185025344845
0.000184997736131
0.000184970226425
0.000184942879897
0.000184915756406
0.000184888910135
0.000184862388328
0.000184836230178
0.000184810465874
0.000184785115850
0.000184760190260
0.000184735688669
0.000184711600008
0.000184687902765
0.000184664565431
0.000184641547173
0.000184618798744
0.000184596263587
0.000184573879110
0.000184551578121
0.000184529290353
0.000184506944079
0.000184484467743
0.000184461791590
0.000184438849244
0.000184415579194
0.000184391926157
0.000184367842280
0.000184343288158
0.000184318233636
0.000184292658390
0.000184266552267
0.000184239915382
0.000184212757975
0.000184185100038
0.000184156970724
0.000184128407553
