0.000290819572136
0.000290901991950
0.000290985968465
0.000291071490710
0.000291158547431
0.000291247127084
0.000291337217841
0.000291428807590
0.000291521883942
0.000291616434233
0.000291712445531
0.000291809904647
0.000291908798137
0.000292009112312
0.000292110833244
0.000292213946766
0.000292318438485
0.000292424293775
0.000292531497781
0.000292640035421
0.000292749891380
0.000292861050108
0.000292973495821
0.000293087212495
0.000293202183865
0.000293318393425
0.000293435824430
0.000293554459895
0.000293674282599
0.000293795275096
0.000293917419713
0.000294040698565
0.000294165093559
0.000294290586402
0.000294417158613
0.000294544791524
0.000294673466288
0.000294803163887
0.000294933865127
0.000295065550648
0.000295198200916
0.000295331796228
0.000295466316705
0.000295601742294
0.000295738052762
0.000295875227702
0.000296013246523
0.000296152088460
0.000296291732573
0.000296432157754
0.000296573342728
0.000296715266068
0.000296857906198
0.000297001241405
0.000297145249845
0.000297289909556
0.000297435198461
0.000297581094378
0.000297727575022
0.000297874618012
0.000298022200868
0.000298170301014
0.000298318895779
0.000298467962390
0.000298617477975
0.000298767419558
0.000298917764061
0.000299068488300
0.000299219568993
0.000299370982757
0.000299522706118
0.000299674715515
0.000299826987308
0.000299979497791
0.000300132223196
0.000300285139707
0.000300438223469
0.000300591450594
0.000300744797172
0.000300898239272
0.000301051752949
0.000301205314244
0.000301358899185
0.000301512483787
0.000301666044049
0.000301819555952
0.000301972995458
0.000302126338508
0.000302279561023
0.000302432638902
0.000302585548032
0.000302738264286
0.000302890763535
0.000303043021654
0.000303195014532
0.000303346718083
0.000303498108254
0.000303649161040
0.000303799852485
0.000303950158699
0.000304100055856
0.000304249520203
0.000304398528058
0.000304547055816
0.000304695079942
0.000304842576972
0.000304989523511
0.000305135896228
0.000305281671855
0.000305426827190
0.000305571339091
0.000305715184485
0.000305858340368
0.000306000783816
0.000306142491987
0.000306283442138
0.000306423611629
0.000306562977937
0.000306701518666
0.000306839211553
0.000306976034483
0.000307111965487
0.000307246982752
0.000307381064622
0.000307514189595
0.000307646336328
0.000307777483627
0.000307907610450
0.000308036695900
0.000308164719224
0.000308291659810
0.000308417497186
0.000308542211025
0.000308665781143
0.000308788187512
0.000308909410260
0.000309029429684
0.000309148226260
0.000309265780652
0.000309382073723
0.000309497086544
0.000309610800403
0.000309723196811
0.000309834257506
0.000309943964457
0.000310052299859
0.000310159246140
0.000310264785949
0.000310368902158
0.000310471577856
0.000310572796342
0.000310672541126
0.000310770795924
0.000310867544663
0.000310962771474
0.000311056460707
0.000311148596928
0.000311239164933
0.000311328149754
0.000311415536672
0.000311501311222
0.000311585459205
0.000311667966699
0.000311748820059
0.000311828005929
0.000311905511236
0.000311981323199
0.000312055429318
0.000312127817378
0.000312198475439
0.000312267391834
0.000312334555161
0.000312399954278
0.000312463578304
0.000312525416611
0.000312585458828
0.000312643694845
0.000312700114812
0.000312754709150
0.000312807468558
0.000312858384020
0.000312907446818
0.000312954648535
0.000312999981068
0.000313043436632
0.000313085007765
0.000313124687331
0.000313162468518
0.000313198344836
0.000313232310117
0.000313264358502
0.000313294484443
0.000313322682688
0.000313348948282
0.000313373276557
0.000313395663130
0.000313416103903
0.000313434595058
0.000313451133067
0.000313465714688
0.000313478336980
0.000313488997304
0.000313497693334
0.000313504423063
0.000313509184812
0.000313511977236
0.000313512799329
0.000313511650422
0.000313508530188
0.000313503438637
0.000313496376112
0.000313487343284
0.000313476341143
0.000313463370990
0.000313448434434
0.000313431533379
0.000313412670021
0.000313391846846
0.000313369066624
0.000313344332414
0.000313317647563
0.000313289015711
0.000313258440797
0.000313225927068
0.000313191479080
0.000313155101710
0.000313116800161
0.000313076579961
0.000313034446972
0.000312990407384
0.000312944467718
0.000312896634815
0.000312846915838
0.000312795318256
0.000312741849841
0.000312686518658
0.000312629333056
0.000312570301660
0.000312509433368
0.000312446737344
0.000312382223017
0.000312315900083
0.000312247778505
0.000312177868518
0.000312106180632
0.000312032725642
0.000311957514627
0.000311880558959
0.000311801870308
0.000311721460639
0.000311639342216
0.000311555527598
0.000311470029636
0.000311382861466
0.000311294036500
0.000311203568419
0.000311111471163
0.000311017758921
0.000310922446125
0.000310825547438
0.000310727077752
0.000310627052182
0.000310525486066
0.000310422394964
0.000310317794658
0.000310211701159
0.000310104130706
0.000309995099774
0.000309884625079
0.000309772723576
0.000309659412464
0.000309544709187
0.000309428631430
0.000309311197114
0.000309192424396
0.000309072331653
0.000308950937480
0.000308828260678
0.000308704320242
0.000308579135356
0.000308452725381
0.000308325109849
0.000308196308457
0.000308066341063
0.000307935227685
0.000307802988499
0.000307669643843
0.000307535214215
0.000307399720281
0.000307263182874
0.000307125622999
0.000306987061832
0.000306847520722
0.000306707021189
0.000306565584920
0.000306423233764
0.000306279989725
0.000306135874955
0.000305990911742
0.000305845122503
0.000305698529772
0.000305551156193
0.000305403024510
0.000305254157561
0.000305104578271
0.000304954309652
0.000304803374798
0.000304651796883
0.000304499599168
0.000304346804995
0.000304193437794
0.000304039521084
0.000303885078469
0.000303730133648
0.000303574710404
0.000303418832606
0.000303262524204
0.000303105809223
0.000302948711755
0.000302791255950
0.000302633466011
0.000302475366176
0.000302316980720
0.000302158333937
0.000301999450136
0.000301840353636
0.000301681068760
0.000301521619830
0.000301362031168
0.000301202327093
0.000301042531923
0.000300882669972
0.000300722765557
0.000300562842994
0.000300402926600
0.000300243040691
0.000300083209579
0.000299923457574
0.000299763808970
0.000299604288048
0.000299444919063
0.000299285726238
0.000299126733755
0.000298967965747
0.000298809446290
0.000298651199394
0.000298493248998
0.000298335618964
0.000298178333072
0.000298021415017
0.000297864888408
0.000297708776768
0.000297553103529
0.000297397892040
0.000297243165560
0.000297088947261
0.000296935260227
0.000296782127454
0.000296629571846
0.000296477616210
0.000296326283255
0.000296175595583
0.000296025575684
0.000295876245929
0.000295727628565
0.000295579745701
0.000295432619310
0.000295286271216
0.000295140723090
0.000294995996447
0.000294852112643
0.000294709092866
0.000294566958145
0.000294425729337
0.000294285427138
0.000294146072072
0.000294007684499
0.000293870284612
0.000293733892433
0.000293598527815
0.000293464210441
0.000293330959816
0.000293198795267
0.000293067735938
0.000292937800782
0.000292809008561
0.000292681377835
0.000292554926959
0.000292429674077
0.000292305637117
0.000292182833787
0.000292061281572
0.000291940997729
0.000291821999285
0.000291704303039
0.000291587925556
0.000291472883169
0.000291359191978
0.000291246867850
0.000291135926418
0.000291026383081
