0.000198464473816
0.000198505518650
0.000198544358176
0.000198581050323
0.000198615680502
0.000198648361065
0.000198679230466
0.000198708452084
0.000198736212724
0.000198762720754
0.000198788203891
0.000198812906624
0.000198837087280
0.000198861014755
0.000198884964927
0.000198909216804
0.000198934048439
0.000198959732686
0.000198986532870
0.000199014698433
0.000199044460675
0.000199076028650
0.000199109585335
0.000199145284155
0.000199183245953
0.000199223556492
0.000199266264552
0.000199311380691
0.000199358876686
0.000199408685705
0.000199460703185
0.000199514788416
0.000199570766782
0.000199628432606
0.000199687552538
0.000199747869383
0.000199809106305
0.000199870971284
0.000199933161749
0.000199995369278
0.000200057284280
0.000200118600576
0.000200179019801
0.000200238255562
0.000200296037312
0.000200352113871
0.000200406256596
0.000200458262154
0.000200507954892
0.000200555188812
0.000200599849129
0.000200641853443
0.000200681152508
0.000200717730629
0.000200751605679
0.000200782828749
0.000200811483439
0.000200837684785
0.000200861577820
0.000200883335787
0.000200903157973
0.000200921267191
0.000200937906915
0.000200953338056
0.000200967835437
0.000200981683975
0.000200995174616
0.000201008600085
0.000201022250515
0.000201036409024
0.000201051347333
0.000201067321502
0.000201084567894
0.000201103299432
0.000201123702258
0.000201145932866
0.000201170115766
0.000201196341761
0.000201224666848
0.000201255111792
0.000201287662362
0.000201322270235
0.000201358854514
0.000201397303839
0.000201437479005
0.000201479216032
0.000201522329580
0.000201566616632
0.000201611860333
0.000201657833897
0.000201704304489
0.000201751036981
0.000201797797531
0.000201844356894
0.000201890493442
0.000201935995837
0.000201980665357
0.000202024317859
0.000202066785385
0.000202107917436
0.000202147581933
0.000202185665890
0.000202222075840
0.000202256738031
0.000202289598430
0.000202320622557
0.000202349795158
0.000202377119749
0.000202402618017
0.000202426329103
0.000202448308744
0.000202468628285
0.000202487373551
0.000202504643569
0.000202520549139
0.000202535211253
0.000202548759369
0.000202561329547
0.000202573062472
0.000202584101386
0.000202594589973
0.000202604670233
0.000202614480403
0.000202624152974
0.000202633812865
0.000202643575796
0.000202653546937
0.000202663819840
0.000202674475718
0.000202685583069
0.000202697197664
0.000202709362878
0.000202722110350
0.000202735460932
0.000202749425866
0.000202764008145
0.000202779203984
0.000202795004323
0.000202811396303
0.000202828364637
0.000202845892816
0.000202863964098
0.000202882562225
0.000202901671858
0.000202921278691
0.000202941369264
0.000202961930479
0.000202982948849
0.000203004409530
0.000203026295186
0.000203048584756
0.000203071252182
0.000203094265181
0.000203117584123
0.000203141161072
0.000203164939065
0.000203188851643
0.000203212822692
0.000203236766588
0.000203260588661
0.000203284185960
0.000203307448293
0.000203330259510
0.000203352498990
0.000203374043274
0.000203394767813
0.000203414548763
0.000203433264795
0.000203450798879
0.000203467039998
0.000203481884776
0.000203495238992
0.000203507018978
0.000203517152883
0.000203525581814
0.000203532260858
0.000203537159992
0.000203540264885
0.000203541577615
0.000203541117289
0.000203538920577
0.000203535042153
0.000203529555025
0.000203522550734
0.000203514139399
0.000203504449561
0.000203493627801
0.000203481838080
0.000203469260760
0.000203456091282
0.000203442538456
0.000203428822357
0.000203415171820
0.000203401821539
0.000203389008803
0.000203376969905
0.000203365936301
0.000203356130566
0.000203347762261
0.000203341023791
0.000203336086370
0.000203333096187
0.000203332170889
0.000203333396483
0.000203336824740
0.000203342471200
0.000203350313819
0.000203360292338
0.000203372308375
0.000203386226263
0.000203401874624
0.000203419048635
0.000203437512939
0.000203457005139
0.000203477239773
0.000203497912706
0.000203518705805
0.000203539291823
0.000203559339376
0.000203578517929
0.000203596502686
0.000203612979327
0.000203627648511
0.000203640230093
0.000203650467024
0.000203658128873
0.000203663014990
0.000203664957242
0.000203663822365
0.000203659513876
0.000203651973573
0.000203641182600
0.000203627162079
0.000203609973290
0.000203589717400
0.000203566534721
0.000203540603496
0.000203512138175
0.000203481387207
0.000203448630307
0.000203414175221
0.000203378353980
0.000203341518677
0.000203304036783
0.000203266286058
0.000203228649107
0.000203191507671
0.000203155236730
0.000203120198531
0.000203086736650
0.000203055170223
0.000203025788459
0.000202998845575
0.000202974556264
0.000202953091815
0.000202934576983
0.000202919087687
0.000202906649590
0.000202897237613
0.000202890776378
0.000202887141576
0.000202886162227
0.000202887623762
0.000202891271867
0.000202896816972
0.000202903939292
0.000202912294300
0.000202921518501
0.000202931235381
0.000202941061424
0.000202950612059
0.000202959507439
0.000202967377970
0.000202973869483
0.000202978648007
0.000202981404087
0.000202981856608
0.000202979756114
0.000202974887604
0.000202967072815
0.000202956172000
0.000202942085199
0.000202924753038
0.000202904157052
0.000202880319541
0.000202853302989
0.000202823209017
0.000202790176903
0.000202754381649
0.000202716031611
0.000202675365690
0.000202632650091
0.000202588174676
0.000202542248929
0.000202495197563
0.000202447355838
0.000202399064612
0.000202350665237
0.000202302494347
0.000202254878650
0.000202208129811
0.000202162539544
0.000202118375003
0.000202075874589
0.000202035244275
0.000201996654523
0.000201960237894
0.000201926087396
0.000201894255608
0.000201864754620
0.000201837556758
0.000201812596087
0.000201789770630
0.000201768945237
0.000201749955007
0.000201732609177
0.000201716695341
0.000201701983900
0.000201688232615
0.000201675191152
0.000201662605513
0.000201650222248
0.000201637792386
0.000201625075001
0.000201611840376
0.000201597872738
0.000201582972539
0.000201566958292
0.000201549667991
0.000201530960111
0.000201510714261
0.000201488831507
0.000201465234412
0.000201439866854
0.000201412693631
0.000201383699921
0.000201352890593
0.000201320289410
0.000201285938119
0.000201249895437
0.000201212235919
0.000201173048709
0.000201132436157
0.000201090512287
0.000201047401116
0.000201003234817
0.000200958151742
0.000200912294311
0.000200865806806
0.000200818833097
0.000200771514356
0.000200723986815
0.000200676379615
0.000200628812830
0.000200581395705
0.000200534225185
0.000200487384775
0.000200440943779
0.000200394956937
0.000200349464489
0.000200304492654
0.000200260054505
0.000200216151213
0.000200172773601
0.000200129903957
0.000200087518008
0.000200045586995
0.000200004079744
0.000199962964651
0.000199922211491
0.000199881792977
0.000199841686011
0.000199801872553
0.000199762340110
0.000199723081807
0.000199684096053
0.000199645385842
0.000199606957707
0.000199568820420
0.000199530983471
0.000199493455438
0.000199456242305
0.000199419345821
0.000199382761976
0.000199346479659
0.000199310479551
0.000199274733312
0.000199239203078
0.000199203841291
0.000199168590850
0.000199133385587
0.000199098151025
0.000199062805377
0.000199027260758
0.000198991424540
0.000198955200799
0.000198918491819
0.000198881199580
0.000198843227207
0.000198804480342
0.000198764868427
