0.000280045928980
0.000280177011734
0.000280308333971
0.000280439887088
0.000280571662351
0.000280703650914
0.000280835843839
0.000280968232124
0.000281100806731
0.000281233558609
0.000281366478729
0.000281499558101
0.000281632787799
0.000281766158971
0.000281899662854
0.000282033290767
0.000282167034112
0.000282300884357
0.000282434833016
0.000282568871623
0.000282702991703
0.000282837184739
0.000282971442137
0.000283105755193
0.000283240115067
0.000283374512754
0.000283508939072
0.000283643384647
0.000283777839914
0.000283912295127
0.000284046740376
0.000284181165610
0.000284315560672
0.000284449915340
0.000284584219363
0.000284718462507
0.000284852634598
0.000284986725559
0.000285120725441
0.000285254624449
0.000285388412955
0.000285522081505
0.000285655620810
0.000285789021731
0.000285922275249
0.000286055372434
0.000286188304397
0.000286321062247
0.000286453637044
0.000286586019750
0.000286718201185
0.000286850171998
0.000286981922630
0.000287113443307
0.000287244724029
0.000287375754586
0.000287506524569
0.000287637023412
0.000287767240428
0.000287897164863
0.000288026785946
0.000288156092950
0.000288285075247
0.000288413722356
0.000288542023991
0.000288669970091
0.000288797550843
0.000288924756690
0.000289051578324
0.000289178006666
0.000289304032834
0.000289429648096
0.000289554843822
0.000289679611418
0.000289803942271
0.000289927827687
0.000290051258836
0.000290174226702
0.000290296722054
0.000290418735418
0.000290540257069
0.000290661277044
0.000290781785159
0.000290901771053
0.000291021224234
0.000291140134140
0.000291258490206
0.000291376281934
0.000291493498959
0.000291610131113
0.000291726168478
0.000291841601432
0.000291956420672
0.000292070617227
0.000292184182452
0.000292297108010
0.000292409385825
0.000292521008039
0.000292631966943
0.000292742254913
0.000292851864331
0.000292960787517
0.000293069016664
0.000293176543777
0.000293283360630
0.000293389458740
0.000293494829351
0.000293599463446
0.000293703351767
0.000293806484863
0.000293908853143
0.000294010446942
0.000294111256607
0.000294211272566
0.000294310485413
0.000294408885981
0.000294506465404
0.000294603215166
0.000294699127137
0.000294794193588
0.000294888407182
0.000294981760955
0.000295074248270
0.000295165862761
0.000295256598262
0.000295346448726
0.000295435408147
0.000295523470471
0.000295610629525
0.000295696878949
0.000295782212144
0.000295866622239
0.000295950102073
0.000296032644206
0.000296114240938
0.000296194884362
0.000296274566423
0.000296353278990
0.000296431013949
0.000296507763282
0.000296583519163
0.000296658274036
0.000296732020688
0.000296804752303
0.000296876462504
0.000296947145370
0.000297016795429
0.000297085407635
0.000297152977325
0.000297219500151
0.000297284972006
0.000297349388936
0.000297412747049
0.000297475042424
0.000297536271028
0.000297596428639
0.000297655510793
0.000297713512738
0.000297770429422
0.000297826255492
0.000297880985328
0.000297934613083
0.000297987132753
0.000298038538260
0.000298088823539
0.000298137982636
0.000298186009803
0.000298232899585
0.000298278646900
0.000298323247103
0.000298366696021
0.000298408989982
0.000298450125804
0.000298490100776
0.000298528912604
0.000298566559350
0.000298603039342
0.000298638351090
0.000298672493181
0.000298705464185
0.000298737262566
0.000298767886596
0.000298797334298
0.000298825603400
0.000298852691314
0.000298878595139
0.000298903311693
0.000298926837553
0.000298949169132
0.000298970302761
0.000298990234784
0.000299008961661
0.000299026480063
0.000299042786973
0.000299057879764
0.000299071756264
0.000299084414804
0.000299095854238
0.000299106073942
0.000299115073785
0.000299122854080
0.000299129415517
0.000299134759072
0.000299138885916
0.000299141797307
0.000299143494492
0.000299143978609
0.000299143250604
0.000299141311165
0.000299138160676
0.000299133799192
0.000299128226447
0.000299121441872
0.000299113444656
0.000299104233807
0.000299093808248
0.000299082166906
0.000299069308823
0.000299055233259
0.000299039939784
0.000299023428365
0.000299005699438
0.000298986753948
0.000298966593375
0.000298945219733
0.000298922635540
0.000298898843766
0.000298873847766
0.000298847651188
0.000298820257875
0.000298791671759
0.000298761896757
0.000298730936673
0.000298698795114
0.000298665475417
0.000298630980605
0.000298595313362
0.000298558476040
0.000298520470676
0.000298481299053
0.000298440962768
0.000298399463317
0.000298356802198
0.000298312981017
0.000298268001587
0.000298221866032
0.000298174576870
0.000298126137077
0.000298076550142
0.000298025820081
0.000297973951439
0.000297920949261
0.000297866819040
0.000297811566641
0.000297755198219
0.000297697720111
0.000297639138735
0.000297579460484
0.000297518691626
0.000297456838220
0.000297393906044
0.000297329900554
0.000297264826856
0.000297198689707
0.000297131493550
0.000297063242558
0.000296993940709
0.000296923591873
0.000296852199912
0.000296779768783
0.000296706302644
0.000296631805947
0.000296556283526
0.000296479740658
0.000296402183116
0.000296323617183
0.000296244049650
0.000296163487787
0.000296081939291
0.000295999412213
0.000295915914865
0.000295831455727
0.000295746043335
0.000295659686185
0.000295572392626
0.000295484170788
0.000295395028504
0.000295304973274
0.000295214012236
0.000295122152177
0.000295029399556
0.000294935760556
0.000294841241161
0.000294745847234
0.000294649584624
0.000294552459260
0.000294454477256
0.000294355645005
0.000294255969258
0.000294155457187
0.000294054116430
0.000293951955103
0.000293848981802
0.000293745205563
0.000293640635817
0.000293535282311
0.000293429155022
0.000293322264061
0.000293214619566
0.000293106231607
0.000292997110088
0.000292887264669
0.000292776704705
0.000292665439199
0.000292553476790
0.000292440825755
0.000292327494042
0.000292213489317
0.000292098819041
0.000291983490553
0.000291867511162
0.000291750888248
0.000291633629362
0.000291515742307
0.000291397235219
0.000291278116625
0.000291158395479
0.000291038081175
0.000290917183540
0.000290795712798
0.000290673679520
0.000290551094545
0.000290427968901
0.000290304313704
0.000290180140061
0.000290055458978
0.000289930281266
0.000289804617472
0.000289678477818
0.000289551872168
0.000289424810012
0.000289297300475
0.000289169352353
0.000289040974161
0.000288912174207
0.000288782960675
0.000288653341712
0.000288523325530
0.000288392920488
0.000288262135181
0.000288130978503
0.000287999459704
0.000287867588420
0.000287735374678
0.000287602828887
0.000287469961796
0.000287336784447
0.000287203308095
0.000287069544127
0.000286935503971
0.000286801199002
0.000286666640454
0.000286531839334
0.000286396806364
0.000286261551922
0.000286126086018
0.000285990418284
0.000285854557991
0.000285718514081
0.000285582295223
0.000285445909885
0.000285309366410
0.000285172673109
0.000285035838342
0.000284898870612
0.000284761778630
0.000284624571380
0.000284487258163
0.000284349848621
0.000284212352735
0.000284074780810
0.000283937143435
0.000283799451422
0.000283661715741
0.000283523947430
0.000283386157516
0.000283248356921
0.000283110556384
0.000282972766387
0.000282834997097
0.000282697258326
0.000282559559508
0.000282421909701
0.000282284317605
0.000282146791602
0.000282009339814
0.000281871970172
0.000281734690494
0.000281597508568
0.000281460432235
0.000281323469464
