0.000462845615925
0.000462586343125
0.000462323622266
0.000462057666487
0.000461788693063
0.000461516923225
0.000461242581981
0.000460965897936
0.000460687103099
0.000460406432706
0.000460124125028
0.000459840421181
0.000459555564939
0.000459269802539
0.000458983382488
0.000458696555372
0.000458409573660
0.000458122691507
0.000457836164559
0.000457550249760
0.000457265205147
0.000456981289661
0.000456698762946
0.000456417885151
0.000456138916735
0.000455862118269
0.000455587750240
0.000455316072853
0.000455047345838
0.000454781828255
0.000454519778298
0.000454261453104
0.000454007108562
0.000453756999118
0.000453511377591
0.000453270494980
0.000453034600284
0.000452803940309
0.000452578759493
0.000452359299719
0.000452145800138
0.000451938496993
0.000451737623442
0.000451543409387
0.000451356081302
0.000451175862068
0.000451002970806
0.000450837622713
0.000450680028906
0.000450530396262
0.000450388927267
0.000450255819862
0.000450131267299
0.000450015457993
0.000449908575385
0.000449810797799
0.000449722298313
0.000449643244628
0.000449573798935
0.000449514117799
0.000449464352038
0.000449424646603
0.000449395140471
0.000449375966534
0.000449367251500
0.000449369115788
0.000449381673434
0.000449405032003
0.000449439292498
0.000449484549279
0.000449540889985
0.000449608395459
0.000449687139681
0.000449777189697
0.000449878605567
0.000449991440302
0.000450115739815
0.000450251542876
0.000450398881065
0.000450557778741
0.000450728253002
0.000450910313662
0.000451103963225
0.000451309196868
0.000451526002424
0.000451754360374
0.000451994243842
0.000452245618597
0.000452508443054
0.000452782668285
0.000453068238034
0.000453365088733
0.000453673149529
0.000453992342308
0.000454322581730
0.000454663775267
0.000455015823241
0.000455378618873
0.000455752048334
0.000456135990800
0.000456530318508
0.000456934896826
0.000457349584317
0.000457774232813
0.000458208687492
0.000458652786959
0.000459106363333
0.000459569242330
0.000460041243367
0.000460522179648
0.000461011858274
0.000461510080344
0.000462016641064
0.000462531329860
0.000463053930498
0.000463584221195
0.000464121974753
0.000464666958677
0.000465218935310
0.000465777661967
0.000466342891065
0.000466914370272
0.000467491842643
0.000468075046766
0.000468663716914
0.000469257583194
0.000469856371699
0.000470459804667
0.000471067600638
0.000471679474618
0.000472295138239
0.000472914299924
0.000473536665059
0.000474161936160
0.000474789813040
0.000475419992993
0.000476052170955
0.000476686039694
0.000477321289976
0.000477957610751
0.000478594689332
0.000479232211574
0.000479869862059
0.000480507324278
0.000481144280815
0.000481780413530
0.000482415403748
0.000483048932441
0.000483680680415
0.000484310328497
0.000484937557720
0.000485562049508
0.000486183485867
0.000486801549564
0.000487415924316
0.000488026294977
0.000488632347719
0.000489233770214
0.000489830251824
0.000490421483775
0.000491007159342
0.000491586974030
0.000492160625750
0.000492727814995
0.000493288245020
0.000493841622015
0.000494387655272
0.000494926057366
0.000495456544314
0.000495978835748
0.000496492655078
0.000496997729654
0.000497493790928
0.000497980574612
0.000498457820831
0.000498925274280
0.000499382684371
0.000499829805383
0.000500266396607
0.000500692222486
0.000501107052755
0.000501510662578
0.000501902832680
0.000502283349476
0.000502652005197
0.000503008598015
0.000503352932160
0.000503684818039
0.000504004072343
0.000504310518162
0.000504603985085
0.000504884309304
0.000505151333709
0.000505404907982
0.000505644888691
0.000505871139366
0.000506083530589
0.000506281940068
0.000506466252708
0.000506636360684
0.000506792163502
0.000506933568061
0.000507060488709
0.000507172847294
0.000507270573213
0.000507353603452
0.000507421882627
0.000507475363017
0.000507514004593
0.000507537775044
0.000507546649798
0.000507540612036
0.000507519652704
0.000507483770522
0.000507432971984
0.000507367271358
0.000507286690677
0.000507191259730
0.000507081016043
0.000506956004864
0.000506816279134
0.000506661899458
0.000506492934075
0.000506309458815
0.000506111557059
0.000505899319693
0.000505672845055
0.000505432238879
0.000505177614236
0.000504909091470
0.000504626798130
0.000504330868895
0.000504021445499
0.000503698676651
0.000503362717946
0.000503013731784
0.000502651887266
0.000502277360108
0.000501890332533
0.000501490993170
0.000501079536947
0.000500656164975
0.000500221084436
0.000499774508465
0.000499316656023
0.000498847751779
0.000498368025972
0.000497877714288
0.000497377057717
0.000496866302420
0.000496345699587
0.000495815505290
0.000495275980338
0.000494727390129
0.000494170004495
0.000493604097549
0.000493029947527
0.000492447836630
0.000491858050859
0.000491260879854
0.000490656616729
0.000490045557901
0.000489428002922
0.000488804254307
0.000488174617360
0.000487539400005
0.000486898912600
0.000486253467769
0.000485603380218
0.000484948966558
0.000484290545121
0.000483628435783
0.000482962959777
0.000482294439515
0.000481623198398
0.000480949560639
0.000480273851072
0.000479596394972
0.000478917517868
0.000478237545361
0.000477556802933
0.000476875615770
0.000476194308575
0.000475513205381
0.000474832629372
0.000474152902701
0.000473474346304
0.000472797279724
0.000472122020926
0.000471448886124
0.000470778189598
0.000470110243522
0.000469445357787
0.000468783839827
0.000468125994450
0.000467472123664
0.000466822526515
0.000466177498914
0.000465537333476
0.000464902319361
0.000464272742107
0.000463648883480
0.000463031021314
0.000462419429361
0.000461814377140
0.000461216129790
0.000460624947927
0.000460041087499
0.000459464799652
0.000458896330591
0.000458335921449
0.000457783808159
0.000457240221326
0.000456705386106
0.000456179522087
0.000455662843172
0.000455155557469
0.000454657867182
0.000454169968508
0.000453692051532
0.000453224300136
0.000452766891901
0.000452319998022
0.000451883783220
0.000451458405664
0.000451044016891
0.000450640761737
0.000450248778266
0.000449868197709
0.000449499144398
0.000449141735721
0.000448796082060
0.000448462286752
0.000448140446044
0.000447830649055
0.000447532977746
0.000447247506887
0.000446974304034
0.000446713429514
0.000446464936402
0.000446228870520
0.000446005270423
0.000445794167402
0.000445595585488
0.000445409541458
0.000445236044847
0.000445075097969
0.000444926695934
0.000444790826678
0.000444667470994
0.000444556602563
0.000444458188000
0.000444372186895
0.000444298551861
0.000444237228591
0.000444188155913
0.000444151265853
0.000444126483703
0.000444113728090
0.000444112911049
0.000444123938110
0.000444146708374
0.000444181114602
0.000444227043312
0.000444284374867
0.000444352983581
0.000444432737821
0.000444523500113
0.000444625127253
0.000444737470425
0.000444860375320
0.000444993682251
0.000445137226290
0.000445290837388
0.000445454340512
0.000445627555780
0.000445810298598
0.000446002379808
0.000446203605826
0.000446413778794
0.000446632696733
0.000446860153692
0.000447095939906
0.000447339841958
0.000447591642937
0.000447851122604
0.000448118057555
0.000448392221395
0.000448673384902
0.000448961316204
0.000449255780951
0.000449556542492
0.000449863362054
0.000450175998915
0.000450494210595
0.000450817753027
0.000451146380749
0.000451479847083
0.000451817904322
0.000452160303917
0.000452506796662
