0.000217462132202
0.000217536373110
0.000217608166833
0.000217677499616
0.000217744398470
0.000217808930587
0.000217871201677
0.000217931353286
0.000217989559241
0.000218046021367
0.000218100964640
0.000218154631997
0.000218207278983
0.000218259168440
0.000218310565444
0.000218361732638
0.000218412926121
0.000218464391982
0.000218516363552
0.000218569059398
0.000218622682027
0.000218677417244
0.000218733434069
0.000218790885082
0.000218849907061
0.000218910621760
0.000218973136671
0.000219037545644
0.000219103929233
0.000219172354679
0.000219242875470
0.000219315530443
0.000219390342432
0.000219467316513
0.000219546437908
0.000219627669648
0.000219710950137
0.000219796190742
0.000219883273582
0.000219972049671
0.000220062337580
0.000220153922776
0.000220246557753
0.000220339963098
0.000220433829533
0.000220527820997
0.000220621578756
0.000220714726488
0.000220806876252
0.000220897635193
0.000220986612817
0.000221073428608
0.000221157719757
0.000221239148760
0.000221317410626
0.000221392239458
0.000221463414190
0.000221530763299
0.000221594168325
0.000221653566123
0.000221708949776
0.000221760368165
0.000221807924247
0.000221851772129
0.000221892113051
0.000221929190461
0.000221963284344
0.000221994705022
0.000222023786634
0.000222050880506
0.000222076348624
0.000222100557393
0.000222123871863
0.000222146650557
0.000222169241013
0.000222191976111
0.000222215171222
0.000222239122158
0.000222264103884
0.000222290369901
0.000222318152184
0.000222347661534
0.000222379088192
0.000222412602548
0.000222448355801
0.000222486480422
0.000222527090313
0.000222570280578
0.000222616126859
0.000222664684237
0.000222715985725
0.000222770040434
0.000222826831504
0.000222886313941
0.000222948412502
0.000223013019787
0.000223079994694
0.000223149161403
0.000223220309004
0.000223293191906
0.000223367531105
0.000223443016372
0.000223519309375
0.000223596047733
0.000223672849931
0.000223749321012
0.000223825058916
0.000223899661301
0.000223972732655
0.000224043891494
0.000224112777416
0.000224179057785
0.000224242433835
0.000224302645966
0.000224359478092
0.000224412760862
0.000224462373694
0.000224508245541
0.000224550354421
0.000224588725736
0.000224623429511
0.000224654576664
0.000224682314507
0.000224706821671
0.000224728302660
0.000224746982271
0.000224763100074
0.000224776905155
0.000224788651301
0.000224798592754
0.000224806980653
0.000224814060224
0.000224820068761
0.000224825234376
0.000224829775479
0.000224833900907
0.000224837810597
0.000224841696664
0.000224845744727
0.000224850135338
0.000224855045329
0.000224860648926
0.000224867118493
0.000224874624764
0.000224883336497
0.000224893419468
0.000224905034816
0.000224918336754
0.000224933469713
0.000224950565049
0.000224969737430
0.000224991081096
0.000225014666161
0.000225040535158
0.000225068700006
0.000225099139577
0.000225131797998
0.000225166583820
0.000225203370109
0.000225241995519
0.000225282266324
0.000225323959366
0.000225366825845
0.000225410595820
0.000225454983279
0.000225499691610
0.000225544419284
0.000225588865562
0.000225632736032
0.000225675747784
0.000225717634055
0.000225758148204
0.000225797066875
0.000225834192284
0.000225869353566
0.000225902407189
0.000225933236462
0.000225961750226
0.000225987880838
0.000226011581607
0.000226032823849
0.000226051593755
0.000226067889276
0.000226081717190
0.000226093090559
0.000226102026685
0.000226108545706
0.000226112669882
0.000226114423623
0.000226113834217
0.000226110933221
0.000226105758421
0.000226098356212
0.000226088784279
0.000226077114379
0.000226063435069
0.000226047854186
0.000226030500921
0.000226011527325
0.000225991109111
0.000225969445661
0.000225946759141
0.000225923292718
0.000225899307858
0.000225875080758
0.000225850898011
0.000225827051598
0.000225803833388
0.000225781529323
0.000225760413489
0.000225740742287
0.000225722748935
0.000225706638487
0.000225692583566
0.000225680720963
0.000225671149223
0.000225663927286
0.000225659074209
0.000225656569951
0.000225656357153
0.000225658343805
0.000225662406648
0.000225668395163
0.000225676135943
0.000225685437264
0.000225696093670
0.000225707890388
0.000225720607409
0.000225734023120
0.000225747917353
0.000225762073805
0.000225776281782
0.000225790337257
0.000225804043300
0.000225817209921
0.000225829653446
0.000225841195530
0.000225851661967
0.000225860881441
0.000225868684373
0.000225874902034
0.000225879366054
0.000225881908451
0.000225882362268
0.000225880562875
0.000225876349946
0.000225869570083
0.000225860080013
0.000225847750240
0.000225832469013
0.000225814146430
0.000225792718484
0.000225768150858
0.000225740442272
0.000225709627195
0.000225675777773
0.000225639004835
0.000225599457900
0.000225557324112
0.000225512826127
0.000225466218951
0.000225417785833
0.000225367833308
0.000225316685547
0.000225264678170
0.000225212151738
0.000225159445113
0.000225106888906
0.000225054799227
0.000225003471930
0.000224953177545
0.000224904157049
0.000224856618585
0.000224810735239
0.000224766643878
0.000224724445074
0.000224684204032
0.000224645952442
0.000224609691108
0.000224575393198
0.000224543007908
0.000224512464366
0.000224483675549
0.000224456542038
0.000224430955447
0.000224406801369
0.000224383961748
0.000224362316602
0.000224341745075
0.000224322125839
0.000224303336884
0.000224285254795
0.000224267753615
0.000224250703447
0.000224233968922
0.000224217407696
0.000224200869128
0.000224184193278
0.000224167210364
0.000224149740764
0.000224131595672
0.000224112578424
0.000224092486535
0.000224071114402
0.000224048256620
0.000224023711808
0.000223997286811
0.000223968801118
0.000223938091317
0.000223905015385
0.000223869456629
0.000223831327084
0.000223790570207
0.000223747162722
0.000223701115526
0.000223652473586
0.000223601314821
0.000223547748008
0.000223491909777
0.000223433960826
0.000223374081507
0.000223312466950
0.000223249321937
0.000223184855708
0.000223119276922
0.000223052788940
0.000222985585620
0.000222917847755
0.000222849740289
0.000222781410377
0.000222712986339
0.000222644577522
0.000222576275018
0.000222508153188
0.000222440271864
0.000222372679107
0.000222305414336
0.000222238511674
0.000222172003282
0.000222105922519
0.000222040306723
0.000221975199460
0.000221910652094
0.000221846724591
0.000221783485481
0.000221721010984
0.000221659383318
0.000221598688270
0.000221539012156
0.000221480438307
0.000221423043261
0.000221366892855
0.000221312038394
0.000221258513113
0.000221206329072
0.000221155474663
0.000221105912839
0.000221057580154
0.000221010386672
0.000220964216749
0.000220918930688
0.000220874367172
0.000220830346420
0.000220786673920
0.000220743144595
0.000220699547256
0.000220655669134
0.000220611300342
0.000220566238074
0.000220520290372
0.000220473279340
0.000220425043662
0.000220375440371
0.000220324345801
0.000220271655752
0.000220217284883
0.000220161165443
0.000220103245444
0.000220043486427
0.000219981860998
0.000219918350302
0.000219852941621
0.000219785626259
0.000219716397861
0.000219645251289
0.000219572182127
0.000219497186874
0.000219420263822
0.000219341414579
0.000219260646181
0.000219177973668
0.000219093423000
0.000219007034160
0.000218918864264
0.000218828990507
0.000218737512767
0.000218644555691
0.000218550270119
0.000218454833700
0.000218358450609
0.000218261350291
