0.002670971774858
0.002673993352185
0.002676583927532
0.002678654487368
0.002680131970613
0.002680961783129
0.002681109741773
0.002680563380252
0.002679332568821
0.002677449421427
0.002674967486478
0.002671960240334
0.002668518925145
0.002664749794050
0.002660770846345
0.002656708152357
0.002652691881870
0.002648852160528
0.002645314885402
0.002642197633456
0.002639605795036
0.002637629058597
0.002636338362885
0.002635783419031
0.002635990887779
0.002636963277004
0.002638678602253
0.002641090829136
0.002644131091513
0.002647709654617
0.002651718568064
0.002656034931099
0.002660524672043
0.002665046726422
0.002669457484308
0.002673615367425
0.002677385390940
0.002680643563769
0.002683280984853
0.002685207500985
0.002686354804339
0.002686678864396
0.002686161609072
0.002684811792875
0.002682665015194
0.002679782878536
0.002676251303879
0.002672178047387
0.002667689488763
0.002662926785528
0.002658041508851
0.002653190894438
0.002648532855814
0.002644220916639
0.002640399223127
0.002637197796989
0.002634728183563
0.002633079639039
0.002632315985254
0.002632473240779
0.002633558113627
0.002635547414496
0.002638388420835
0.002642000192129
0.002646275806466
0.002651085458768
0.002656280332818
0.002661697133495
0.002667163143110
0.002672501647328
0.002677537562344
0.002682103086399
0.002686043195593
0.002689220806523
0.002691521436478
0.002692857205645
0.002693170044552
0.002692433993410
0.002690656507269
0.002687878711335
0.002684174583348
0.002679649073662
0.002674435207555
0.002668690247235
0.002662591021939
0.002656328562492
0.002650102200724
0.002644113313442
0.002638558904587
0.002633625227182
0.002629481648428
0.002626274956658
0.002624124297878
0.002623116912539
0.002623304820502
0.002624702574426
0.002627286169905
0.002630993165506
0.002635724028438
0.002641344683146
0.002647690201760
0.002654569538298
0.002661771174014
0.002669069510348
0.002676231819712
0.002683025543575
0.002689225712884
0.002694622258208
0.002699026976526
0.002702279928387
0.002704255053214
0.002704864811385
0.002704063688989
0.002701850433938
0.002698268929626
0.002693407653348
0.002687397710105
0.002680409476880
0.002672647936554
0.002664346823111
0.002655761739141
0.002647162441736
0.002638824522492
0.002631020730444
0.002624012202586
0.002618039874483
0.002613316343099
0.002610018445041
0.002608280796244
0.002608190513985
0.002609783309609
0.002613041101489
0.002617891253420
0.002624207495255
0.002631812531477
0.002640482291120
0.002649951720489
0.002659921970254
0.002670068782039
0.002680051838294
0.002689524804235
0.002698145763236
0.002705587728172
0.002711548901677
0.002715762358473
0.002718004833095
0.002718104316369
0.002715946193483
0.002711477694719
0.002704710475965
0.002695721198701
0.002684650036942
0.002671697099817
0.002657116821565
0.002641210433619
0.002624316694539
0.002606801110754
0.002589043932782
0.002571427256129
0.002554321591896
0.002538072298131
0.002522986278123
0.002509319355463
0.002497264727495
0.002486942878749
0.002478393304337
0.002471568350915
0.002466329430539
0.002462445801992
0.002459596046370
0.002457372290825
0.002455287158247
0.002452783343429
0.002449245640136
0.002444015170582
0.002436405501232
0.002425720268619
0.002411271887791
0.002392400875628
0.002368495292982
0.002339009794299
0.002303483771756
0.002261558093247
0.002212989959649
0.002157665446179
0.002095609344415
0.002026991984517
0.001952132789640
0.001871500394845
0.001785709248632
0.001695512704533
0.001601792700417
0.001505546212007
0.001407868752007
0.001309935265046
0.001212978838953
0.001118267712926
0.001027081111085
0.000940684464420
0.000860304604140
0.000787105514386
0.000722165221835
0.000666454374154
0.000620817019198
0.000585954043226
0.000562409660663
0.000550561271821
0.000550612920423
0.000562592492169
0.000586352701193
0.000621575815778
0.000667781980588
0.000724340902601
0.000790486584162
0.000865334711577
0.000947902243297
0.001037128689861
0.001131898539627
0.001231064261113
0.001333469304880
0.001437970535665
0.001543459548506
0.001648882360306
0.001753257019466
0.001855688739448
0.001955382235599
0.002051651026121
0.002143923545463
0.002231746009063
0.002314782059835
0.002392809316350
0.002465713027866
0.002533477119847
0.002596172983038
0.002653946417775
0.002707003191256
0.002755593697755
0.002799997229421
0.002840506367834
0.002877411994007
0.002910989387339
0.002941485843102
0.002969110184583
0.002994024481615
0.003016338213893
0.003036105037329
0.003053322227145
0.003067932784996
0.003079830111639
0.003088865064142
0.003094855139783
0.003097595459864
0.003096871167811
0.003092470808806
0.003084200224293
0.003071896475013
0.003055441301381
0.003034773640219
0.003009900741812
0.002980907470307
0.002947963422506
0.002911327563630
0.002871350151784
0.002828471803637
0.002783219639705
0.002736200536310
0.002688091599978
0.002639628066296
0.002591588906414
0.002544780498106
0.002500018782345
0.002458110378810
0.002419833172997
0.002385916912373
0.002357024358591
0.002333733536612
0.002316521599881
0.002305750793868
0.002301656949325
0.002304340872816
0.002313762927220
0.002329741011033
0.002351952054638
0.002379937056915
0.002413109589148
0.002450767597923
0.002492108247266
0.002536245455201
0.002582229703663
0.002629069635431
0.002675754899335
0.002721279666914
0.002764666221208
0.002804988011948
0.002841391581504
0.002873116792216
0.002899514827542
0.002920063495726
0.002934379433889
0.002942226890673
0.002943522854775
0.002938338392282
0.002926896155238
0.002909564124484
0.002886845748840
0.002859366737471
0.002827858850050
0.002793141107996
0.002756098917141
0.002717661646181
0.002678779244503
0.002640398506518
0.002603439596881
0.002568773441679
0.002537200565248
0.002509431911370
0.002486072132426
0.002467605762185
0.002454386609172
0.002446630620172
0.002444412369849
0.002447665235184
0.002456185215250
0.002469638260269
0.002487570881742
0.002509423730010
0.002534547749330
0.002562222455359
0.002591675827557
0.002622105270848
0.002652699077734
0.002682657814588
0.002711215064030
0.002737656978847
0.002761340141030
0.002781707270995
0.002798300395449
0.002810771155740
0.002818888019814
0.002822540247821
0.002821738551414
0.002816612477444
0.002807404635581
0.002794461973801
0.002778224383616
0.002759210986069
0.002738004508214
0.002715234206458
0.002691557826630
0.002667643110153
0.002644149360880
0.002621709578000
0.002600913637406
0.002582292967763
0.002566307119475
0.002553332566279
0.002543654012038
0.002537458401462
0.002534831755174
0.002535758868876
0.002540125835795
0.002547725273301
0.002558264060718
0.002571373328035
0.002586620376174
0.002603522160264
0.002621559929340
0.002640194589833
0.002658882346818
0.002677090176414
0.002694310694799
0.002710076013527
0.002723970206359
0.002735640058426
0.002744803822864
0.002751257771344
0.002754880391386
0.002755634152952
0.002753564837618
0.002748798493433
0.002741536145591
0.002732046455175
0.002720656573980
0.002707741491061
0.002693712205124
0.002679003085049
0.002664058798166
0.002649321191973
0.002635216509795
0.002622143304840
0.002610461390638
0.002600482130159
0.002592460321842
0.002586587890047
0.002582989531390
0.002581720408906
0.002582765924712
0.002586043540660
0.002591406557137
0.002598649704423
0.002607516350378
