0.000277826391406
0.000277956188072
0.000278086149523
0.000278216267203
0.000278346532383
0.000278476936209
0.000278607469748
0.000278738124048
0.000278868890191
0.000278999759346
0.000279130722817
0.000279261772081
0.000279392898818
0.000279524094926
0.000279655352526
0.000279786663947
0.000279918021703
0.000280049418456
0.000280180846967
0.000280312300038
0.000280443770452
0.000280575250911
0.000280706733967
0.000280838211973
0.000280969677029
0.000281101120948
0.000281232535232
0.000281363911062
0.000281495239308
0.000281626510553
0.000281757715133
0.000281888843190
0.000282019884733
0.000282150829712
0.000282281668089
0.000282412389919
0.000282542985412
0.000282673444999
0.000282803759381
0.000282933919564
0.000283063916879
0.000283193742978
0.000283323389819
0.000283452849628
0.000283582114850
0.000283711178081
0.000283840031991
0.000283968669248
0.000284097082434
0.000284225263963
0.000284353206012
0.000284480900461
0.000284608338851
0.000284735512353
0.000284862411764
0.000284989027522
0.000285115349740
0.000285241368256
0.000285367072707
0.000285492452604
0.000285617497427
0.000285742196715
0.000285866540157
0.000285990517678
0.000286114119513
0.000286237336260
0.000286360158926
0.000286482578938
0.000286604588143
0.000286726178779
0.000286847343428
0.000286968074945
0.000287088366382
0.000287208210892
0.000287327601628
0.000287446531649
0.000287564993823
0.000287682980744
0.000287800484665
0.000287917497447
0.000288034010535
0.000288150014955
0.000288265501333
0.000288380459942
0.000288494880770
0.000288608753603
0.000288722068122
0.000288834814013
0.000288946981072
0.000289058559314
0.000289169539067
0.000289279911057
0.000289389666466
0.000289498796978
0.000289607294788
0.000289715152594
0.000289822363559
0.000289928921253
0.000290034819562
0.000290140052602
0.000290244614600
0.000290348499784
0.000290451702269
0.000290554215952
0.000290656034417
0.000290757150865
0.000290857558060
0.000290957248308
0.000291056213455
0.000291154444922
0.000291251933762
0.000291348670736
0.000291444646419
0.000291539851307
0.000291634275944
0.000291727911043
0.000291820747600
0.000291912777006
0.000292003991127
0.000292094382374
0.000292183943740
0.000292272668809
0.000292360551737
0.000292447587203
0.000292533770336
0.000292619096615
0.000292703561763
0.000292787161615
0.000292869891996
0.000292951748594
0.000293032726845
0.000293112821834
0.000293192028224
0.000293270340197
0.000293347751445
0.000293424255169
0.000293499844129
0.000293574510707
0.000293648247005
0.000293721044954
0.000293792896446
0.000293863793464
0.000293933728221
0.000294002693277
0.000294070681658
0.000294137686943
0.000294203703324
0.000294268725646
0.000294332749408
0.000294395770730
0.000294457786298
0.000294518793271
0.000294578789179
0.000294637771790
0.000294695738975
0.000294752688572
0.000294808618252
0.000294863525396
0.000294917406999
0.000294970259589
0.000295022079186
0.000295072861285
0.000295122600873
0.000295171292488
0.000295218930291
0.000295265508179
0.000295311019908
0.000295355459228
0.000295398820037
0.000295441096509
0.000295482283236
0.000295522375332
0.000295561368529
0.000295599259230
0.000295636044543
0.000295671722270
0.000295706290870
0.000295739749387
0.000295772097346
0.000295803334637
0.000295833461377
0.000295862477758
0.000295890383908
0.000295917179751
0.000295942864884
0.000295967438473
0.000295990899190
0.000296013245165
0.000296034473981
0.000296054582709
0.000296073567962
0.000296091425995
0.000296108152815
0.000296123744325
0.000296138196465
0.000296151505362
0.000296163667481
0.000296174679751
0.000296184539677
0.000296193245430
0.000296200795892
0.000296207190683
0.000296212430141
0.000296216515267
0.000296219447650
0.000296221229349
0.000296221862765
0.000296221350494
0.000296219695173
0.000296216899334
0.000296212965260
0.000296207894866
0.000296201689605
0.000296194350397
0.000296185877602
0.000296176271021
0.000296165529936
0.000296153653185
0.000296140639264
0.000296126486450
0.000296111192951
0.000296094757055
0.000296077177280
0.000296058452529
0.000296038582209
0.000296017566345
0.000295995405655
0.000295972101593
0.000295947656362
0.000295922072879
0.000295895354722
0.000295867506027
0.000295838531375
0.000295808435647
0.000295777223874
0.000295744901084
0.000295711472146
0.000295676941640
0.000295641313732
0.000295604592094
0.000295566779840
0.000295527879506
0.000295487893067
0.000295446821987
0.000295404667298
0.000295361429720
0.000295317109785
0.000295271707995
0.000295225224970
0.000295177661603
0.000295129019205
0.000295079299625
0.000295028505352
0.000294976639581
0.000294923706245
0.000294869710015
0.000294814656259
0.000294758550969
0.000294701400657
0.000294643212228
0.000294583992835
0.000294523749722
0.000294462490074
0.000294400220864
0.000294336948727
0.000294272679846
0.000294207419877
0.000294141173903
0.000294073946419
0.000294005741366
0.000293936562187
0.000293866411920
0.000293795293319
0.000293723208993
0.000293650161553
0.000293576153770
0.000293501188721
0.000293425269926
0.000293348401464
0.000293270588059
0.000293191835135
0.000293112148839
0.000293031536024
0.000292950004198
0.000292867561440
0.000292784216292
0.000292699977620
0.000292614854470
0.000292528855915
0.000292441990904
0.000292354268119
0.000292265695852
0.000292176281913
0.000292086033557
0.000291994957457
0.000291903059700
0.000291810345833
0.000291716820928
0.000291622489687
0.000291527356565
0.000291431425909
0.000291334702109
0.000291237189750
0.000291138893748
0.000291039819479
0.000290939972884
0.000290839360537
0.000290737989694
0.000290635868294
0.000290533004931
0.000290429408795
0.000290325089576
0.000290220057349
0.000290114322437
0.000290007895264
0.000289900786205
0.000289793005446
0.000289684562848
0.000289575467840
0.000289465729335
0.000289355355679
0.000289244354631
0.000289132733380
0.000289020498596
0.000288907656511
0.000288794213023
0.000288680173829
0.000288565544558
0.000288450330924
0.000288334538860
0.000288218174655
0.000288101245062
0.000287983757390
0.000287865719560
0.000287747140131
0.000287628028293
0.000287508393825
0.000287388247020
0.000287267598590
0.000287146459539
0.000287024841031
0.000286902754247
0.000286780210241
0.000286657219808
0.000286533793366
0.000286409940864
0.000286285671709
0.000286160994738
0.000286035918209
0.000285910449834
0.000285784596840
0.000285658366060
0.000285531764041
0.000285404797174
0.000285277471830
0.000285149794498
0.000285021771917
0.000284893411190
0.000284764719883
0.000284635706096
0.000284506378504
0.000284376746366
0.000284246819499
0.000284116608231
0.000283986123309
0.000283855375803
0.000283724376976
0.000283593138158
0.000283461670603
0.000283329985362
0.000283198093162
0.000283066004307
0.000282933728597
0.000282801275284
0.000282668653048
0.000282535870018
0.000282402933810
0.000282269851599
0.000282136630221
0.000282003276278
0.000281869796272
0.000281736196728
0.000281602484327
0.000281468666020
0.000281334749129
0.000281200741429
0.000281066651192
0.000280932487220
0.000280798258827
0.000280663975808
0.000280529648370
0.000280395287040
0.000280260902563
0.000280126505773
0.000279992107469
0.000279857718291
0.000279723348598
0.000279589008368
0.000279454707114
0.000279320453829
0.000279186256955
