0.000187329325576
0.000187360919948
0.000187392119528
0.000187422870977
0.000187453132373
0.000187482874200
0.000187512079945
0.000187540746317
0.000187568883097
0.000187596512646
0.000187623669121
0.000187650397420
0.000187676751911
0.000187702794978
0.000187728595419
0.000187754226742
0.000187779765363
0.000187805288752
0.000187830873551
0.000187856593683
0.000187882518492
0.000187908710941
0.000187935225931
0.000187962108756
0.000187989393784
0.000188017103381
0.000188045247155
0.000188073821552
0.000188102809842
0.000188132182514
0.000188161898092
0.000188191904336
0.000188222139820
0.000188252535813
0.000188283018392
0.000188313510722
0.000188343935385
0.000188374216682
0.000188404282810
0.000188434067834
0.000188463513379
0.000188492570002
0.000188521198191
0.000188549369007
0.000188577064346
0.000188604276867
0.000188631009610
0.000188657275350
0.000188683095746
0.000188708500325
0.000188733525355
0.000188758212647
0.000188782608319
0.000188806761543
0.000188830723308
0.000188854545191
0.000188878278164
0.000188901971433
0.000188925671323
0.000188949420228
0.000188973255635
0.000188997209254
0.000189021306280
0.000189045564812
0.000189069995467
0.000189094601209
0.000189119377417
0.000189144312200
0.000189169386947
0.000189194577113
0.000189219853192
0.000189245181851
0.000189270527144
0.000189295851783
0.000189321118361
0.000189346290501
0.000189371333852
0.000189396216904
0.000189420911581
0.000189445393615
0.000189469642687
0.000189493642369
0.000189517379897
0.000189540845817
0.000189564033558
0.000189586938976
0.000189609559923
0.000189631895876
0.000189653947652
0.000189675717230
0.000189697207677
0.000189718423164
0.000189739369057
0.000189760052049
0.000189780480305
0.000189800663575
0.000189820613266
0.000189840342432
0.000189859865682
0.000189879199003
0.000189898359493
0.000189917365040
0.000189936233953
0.000189954984574
0.000189973634901
0.000189992202237
0.000190010702882
0.000190029151879
0.000190047562807
0.000190065947617
0.000190084316492
0.000190102677719
0.000190121037537
0.000190139399968
0.000190157766595
0.000190176136298
0.000190194504953
0.000190212865109
0.000190231205672
0.000190249511635
0.000190267763889
0.000190285939161
0.000190304010115
0.000190321945655
0.000190339711430
0.000190357270569
0.000190374584615
0.000190391614645
0.000190408322518
0.000190424672206
0.000190440631138
0.000190456171485
0.000190471271325
0.000190485915616
0.000190500096933
0.000190513815929
0.000190527081492
0.000190539910603
0.000190552327900
0.000190564364982
0.000190576059480
0.000190587453958
0.000190598594679
0.000190609530292
0.000190620310496
0.000190630984701
0.000190641600743
0.000190652203653
0.000190662834523
0.000190673529455
0.000190684318621
0.000190695225429
0.000190706265807
0.000190717447619
0.000190728770222
0.000190740224189
0.000190751791225
0.000190763444294
0.000190775147985
0.000190786859136
0.000190798527730
0.000190810098056
0.000190821510128
0.000190832701325
0.000190843608211
0.000190854168477
0.000190864322922
0.000190874017401
0.000190883204655
0.000190891845936
0.000190899912357
0.000190907385903
0.000190914260054
0.000190920540000
0.000190926242441
0.000190931394982
0.000190936035173
0.000190940209223
0.000190943970480
0.000190947377718
0.000190950493326
0.000190953381465
0.000190956106239
0.000190958729967
0.000190961311566
0.000190963905101
0.000190966558505
0.000190969312496
0.000190972199684
0.000190975243866
0.000190978459529
0.000190981851529
0.000190985414981
0.000190989135343
0.000190992988706
0.000190996942310
0.000191000955273
0.000191004979557
0.000191008961142
0.000191012841421
0.000191016558761
0.000191020050217
0.000191023253331
0.000191026107963
0.000191028558081
0.000191030553444
0.000191032051099
0.000191033016630
0.000191033425108
0.000191033261695
0.000191032521882
0.000191031211357
0.000191029345524
0.000191026948702
0.000191024053059
0.000191020697335
0.000191016925439
0.000191012784965
0.000191008325723
0.000191003598319
0.000190998652851
0.000190993537736
0.000190988298705
0.000190982977971
0.000190977613546
0.000190972238719
0.000190966881658
0.000190961565119
0.000190956306247
0.000190951116447
0.000190946001326
0.000190940960695
0.000190935988641
0.000190931073687
0.000190926199033
0.000190921342922
0.000190916479109
0.000190911577459
0.000190906604665
0.000190901525063
0.000190896301534
0.000190890896452
0.000190885272634
0.000190879394264
0.000190873227736
0.000190866742383
0.000190859911051
0.000190852710520
0.000190845121733
0.000190837129868
0.000190828724251
0.000190819898151
0.000190810648494
0.000190800975530
0.000190790882504
0.000190780375371
0.000190769462571
0.000190758154897
0.000190746465452
0.000190734409693
0.000190722005527
0.000190709273449
0.000190696236656
0.000190682921121
0.000190669355567
0.000190655571312
0.000190641601965
0.000190627482955
0.000190613250894
0.000190598942797
0.000190584595174
0.000190570243057
0.000190555918980
0.000190541651986
0.000190527466700
0.000190513382511
0.000190499412904
0.000190485564959
0.000190471839045
0.000190458228692
0.000190444720644
0.000190431295080
0.000190417925972
0.000190404581557
0.000190391224913
0.000190377814604
0.000190364305394
0.000190350649022
0.000190336795027
0.000190322691647
0.000190308286776
0.000190293529004
0.000190278368729
0.000190262759336
0.000190246658438
0.000190230029137
0.000190212841279
0.000190195072657
0.000190176710088
0.000190157750330
0.000190138200759
0.000190118079764
0.000190097416801
0.000190076252093
0.000190054635949
0.000190032627704
0.000190010294325
0.000189987708705
0.000189964947719
0.000189942090117
0.000189919214326
0.000189896396258
0.000189873707193
0.000189851211826
0.000189828966532
0.000189807017896
0.000189785401562
0.000189764141385
0.000189743248927
0.000189722723261
0.000189702551076
0.000189682707066
0.000189663154561
0.000189643846390
0.000189624725943
0.000189605728413
0.000189586782205
0.000189567810485
0.000189548732878
0.000189529467261
0.000189509931669
0.000189490046253
0.000189469735273
0.000189448929070
0.000189427565970
0.000189405594046
0.000189382972692
0.000189359673923
0.000189335683356
0.000189311000815
0.000189285640514
0.000189259630808
0.000189233013503
0.000189205842742
0.000189178183512
0.000189150109819
0.000189121702614
0.000189093047543
0.000189064232616
0.000189035345878
0.000189006473165
0.000188977696016
0.000188949089810
0.000188920722150
0.000188892651542
0.000188864926365
0.000188837584133
0.000188810651038
0.000188784141745
0.000188758059417
0.000188732395945
0.000188707132362
0.000188682239415
0.000188657678292
0.000188633401490
0.000188609353823
0.000188585473566
0.000188561693738
0.000188537943509
0.000188514149716
0.000188490238482
0.000188466136880
0.000188441774631
0.000188417085757
0.000188392010163
0.000188366495072
0.000188340496268
0.000188313979102
0.000188286919208
0.000188259302932
0.000188231127435
0.000188202400496
0.000188173140034
0.000188143373380
0.000188113136353
0.000188082472184
0.000188051430356
0.000188020065398
0.000187988435700
0.000187956602357
0.000187924628093
0.000187892576268
0.000187860509953
0.000187828491093
0.000187796579709
0.000187764833137
0.000187733305276
0.000187702045833
0.000187671099551
0.000187640505423
0.000187610295908
