0.000233756208547
0.000233826380450
0.000233896417119
0.000233966322224
0.000234036103428
0.000234105771963
0.000234175342092
0.000234244830465
0.000234314255387
0.000234383636040
0.000234452991663
0.000234522340739
0.000234591700207
0.000234661084725
0.000234730506018
0.000234799972322
0.000234869487956
0.000234939053026
0.000235008663281
0.000235078310120
0.000235147980751
0.000235217658503
0.000235287323271
0.000235356952090
0.000235426519809
0.000235495999852
0.000235565365024
0.000235634588355
0.000235703643933
0.000235772507704
0.000235841158214
0.000235909577253
0.000235977750388
0.000236045667366
0.000236113322351
0.000236180714018
0.000236247845465
0.000236314723974
0.000236381360610
0.000236447769680
0.000236513968074
0.000236579974506
0.000236645808691
0.000236711490476
0.000236777038975
0.000236842471726
0.000236907803907
0.000236973047637
0.000237038211403
0.000237103299605
0.000237168312269
0.000237233244914
0.000237298088596
0.000237362830105
0.000237427452337
0.000237491934799
0.000237556254240
0.000237620385388
0.000237684301754
0.000237747976482
0.000237811383204
0.000237874496876
0.000237937294557
0.000237999756113
0.000238061864801
0.000238123607739
0.000238184976221
0.000238245965883
0.000238306576714
0.000238366812900
0.000238426682530
0.000238486197156
0.000238545371238
0.000238604221489
0.000238662766143
0.000238721024175
0.000238779014505
0.000238836755202
0.000238894262733
0.000238951551265
0.000239008632057
0.000239065512961
0.000239122198039
0.000239178687320
0.000239234976699
0.000239291057984
0.000239346919079
0.000239402544313
0.000239457914880
0.000239513009403
0.000239567804572
0.000239622275859
0.000239676398270
0.000239730147114
0.000239783498765
0.000239836431390
0.000239888925611
0.000239940965092
0.000239992537014
0.000240043632442
0.000240094246547
0.000240144378692
0.000240194032370
0.000240243214996
0.000240291937560
0.000240340214149
0.000240388061358
0.000240435497608
0.000240482542391
0.000240529215472
0.000240575536084
0.000240621522123
0.000240667189402
0.000240712550963
0.000240757616498
0.000240802391878
0.000240846878832
0.000240891074763
0.000240934972734
0.000240978561608
0.000241021826348
0.000241064748459
0.000241107306572
0.000241149477126
0.000241191235142
0.000241232555062
0.000241273411596
0.000241313780585
0.000241353639809
0.000241392969735
0.000241431754160
0.000241469980742
0.000241507641374
0.000241544732409
0.000241581254717
0.000241617213573
0.000241652618377
0.000241687482229
0.000241721821361
0.000241755654457
0.000241789001886
0.000241821884875
0.000241854324652
0.000241886341600
0.000241917954438
0.000241949179477
0.000241980029963
0.000242010515537
0.000242040641835
0.000242070410232
0.000242099817747
0.000242128857107
0.000242157516967
0.000242185782277
0.000242213634783
0.000242241053641
0.000242268016118
0.000242294498361
0.000242320476199
0.000242345925956
0.000242370825237
0.000242395153666
0.000242418893555
0.000242442030467
0.000242464553669
0.000242486456454
0.000242507736319
0.000242528395003
0.000242548438374
0.000242567876179
0.000242586721659
0.000242604991043
0.000242622702948
0.000242639877686
0.000242656536525
0.000242672700903
0.000242688391652
0.000242703628222
0.000242718427971
0.000242732805510
0.000242746772151
0.000242760335464
0.000242773498967
0.000242786261952
0.000242798619463
0.000242810562426
0.000242822077917
0.000242833149577
0.000242843758152
0.000242853882135
0.000242863498495
0.000242872583478
0.000242881113423
0.000242889065603
0.000242896419024
0.000242903155183
0.000242909258736
0.000242914718064
0.000242919525706
0.000242923678649
0.000242927178455
0.000242930031225
0.000242932247398
0.000242933841385
0.000242934831056
0.000242935237100
0.000242935082276
0.000242934390577
0.000242933186355
0.000242931493424
0.000242929334180
0.000242926728774
0.000242923694362
0.000242920244474
0.000242916388506
0.000242912131375
0.000242907473333
0.000242902409963
0.000242896932344
0.000242891027381
0.000242884678303
0.000242877865280
0.000242870566176
0.000242862757364
0.000242854414619
0.000242845514015
0.000242836032818
0.000242825950336
0.000242815248685
0.000242803913458
0.000242791934260
0.000242779305096
0.000242766024600
0.000242752096098
0.000242737527494
0.000242722331001
0.000242706522718
0.000242690122070
0.000242673151131
0.000242655633869
0.000242637595312
0.000242619060700
0.000242600054620
0.000242580600180
0.000242560718228
0.000242540426670
0.000242519739874
0.000242498668218
0.000242477217769
0.000242455390114
0.000242433182353
0.000242410587243
0.000242387593494
0.000242364186213
0.000242340347458
0.000242316056917
0.000242291292652
0.000242266031916
0.000242240251988
0.000242213931016
0.000242187048833
0.000242159587714
0.000242131533058
0.000242102873961
0.000242073603670
0.000242043719892
0.000242013224953
0.000241982125804
0.000241950433857
0.000241918164672
0.000241885337496
0.000241851974665
0.000241818100903
0.000241783742520
0.000241748926551
0.000241713679871
0.000241678028296
0.000241641995724
0.000241605603339
0.000241568868898
0.000241531806150
0.000241494424385
0.000241456728150
0.000241418717129
0.000241380386207
0.000241341725703
0.000241302721774
0.000241263356974
0.000241223610951
0.000241183461252
0.000241142884209
0.000241101855879
0.000241060352997
0.000241018353910
0.000240975839459
0.000240932793770
0.000240889204930
0.000240845065520
0.000240800372984
0.000240755129825
0.000240709343604
0.000240663026772
0.000240616196303
0.000240568873177
0.000240521081712
0.000240472848771
0.000240424202885
0.000240375173315
0.000240325789091
0.000240276078059
0.000240226065984
0.000240175775720
0.000240125226500
0.000240074433352
0.000240023406669
0.000239972151953
0.000239920669729
0.000239868955642
0.000239817000725
0.000239764791831
0.000239712312214
0.000239659542234
0.000239606460165
0.000239553043067
0.000239499267711
0.000239445111496
0.000239390553353
0.000239335574586
0.000239280159634
0.000239224296715
0.000239167978342
0.000239111201688
0.000239053968789
0.000238996286581
0.000238938166767
0.000238879625522
0.000238820683046
0.000238761362974
0.000238701691681
0.000238641697473
0.000238581409734
0.000238520858013
0.000238460071121
0.000238399076238
0.000238337898082
0.000238276558154
0.000238215074097
0.000238153459184
0.000238091721955
0.000238029866019
0.000237967890031
0.000237905787832
0.000237843548776
0.000237781158198
0.000237718598044
0.000237655847611
0.000237592884390
0.000237529684982
0.000237466226048
0.000237402485259
0.000237338442225
0.000237274079354
0.000237209382622
0.000237144342218
0.000237078953042
0.000237013215043
0.000236947133369
0.000236880718342
0.000236813985236
0.000236746953883
0.000236679648107
0.000236612095016
0.000236544324167
0.000236476366644
0.000236408254074
0.000236340017624
0.000236271687009
0.000236203289554
0.000236134849345
0.000236066386489
0.000235997916525
0.000235929449998
0.000235860992217
0.000235792543200
0.000235724097807
0.000235655646070
0.000235587173688
0.000235518662678
0.000235450092162
0.000235381439256
0.000235312680025
0.000235243790480
0.000235174747573
0.000235105530150
0.000235036119846
0.000234966501867
0.000234896665646
0.000234826605347
0.000234756320199
0.000234685814647
0.000234615098320
