0.000290223580498
0.000290307400393
0.000290392723474
0.000290479538777
0.000290567835063
0.000290657600820
0.000290748824257
0.000290841493310
0.000290935595645
0.000291031118661
0.000291128049497
0.000291226375038
0.000291326081926
0.000291427156562
0.000291529585117
0.000291633353540
0.000291738447556
0.000291844852675
0.000291952554193
0.000292061537189
0.000292171786527
0.000292283286853
0.000292396022591
0.000292509977940
0.000292625136873
0.000292741483133
0.000292859000233
0.000292977671457
0.000293097479862
0.000293218408284
0.000293340439339
0.000293463555436
0.000293587738782
0.000293712971388
0.000293839235083
0.000293966511519
0.000294094782175
0.000294224028369
0.000294354231258
0.000294485371839
0.000294617430954
0.000294750389288
0.000294884227367
0.000295018925552
0.000295154464043
0.000295290822873
0.000295427981907
0.000295565920841
0.000295704619204
0.000295844056363
0.000295984211525
0.000296125063744
0.000296266591930
0.000296408774856
0.000296551591170
0.000296695019403
0.000296839037975
0.000296983625207
0.000297128759328
0.000297274418474
0.000297420580698
0.000297567223967
0.000297714326164
0.000297861865083
0.000298009818434
0.000298158163832
0.000298306878800
0.000298455940769
0.000298605327072
0.000298755014951
0.000298904981555
0.000299055203952
0.000299205659129
0.000299356324004
0.000299507175433
0.000299658190225
0.000299809345144
0.000299960616927
0.000300111982288
0.000300263417925
0.000300414900528
0.000300566406781
0.000300717913365
0.000300869396956
0.000301020834226
0.000301172201840
0.000301323476454
0.000301474634708
0.000301625653233
0.000301776508641
0.000301927177531
0.000302077636494
0.000302227862110
0.000302377830963
0.000302527519645
0.000302676904765
0.000302825962964
0.000302974670918
0.000303123005358
0.000303270943069
0.000303418460908
0.000303565535802
0.000303712144758
0.000303858264860
0.000304003873276
0.000304148947248
0.000304293464099
0.000304437401221
0.000304580736080
0.000304723446206
0.000304865509197
0.000305006902714
0.000305147604490
0.000305287592326
0.000305426844101
0.000305565337783
0.000305703051432
0.000305839963214
0.000305976051411
0.000306111294433
0.000306245670826
0.000306379159282
0.000306511738645
0.000306643387915
0.000306774086253
0.000306903812980
0.000307032547573
0.000307160269668
0.000307286959051
0.000307412595656
0.000307537159563
0.000307660630991
0.000307782990300
0.000307904217991
0.000308024294708
0.000308143201243
0.000308260918543
0.000308377427719
0.000308492710053
0.000308606747015
0.000308719520267
0.000308831011675
0.000308941203322
0.000309050077510
0.000309157616766
0.000309263803849
0.000309368621746
0.000309472053672
0.000309574083068
0.000309674693597
0.000309773869135
0.000309871593772
0.000309967851803
0.000310062627727
0.000310155906244
0.000310247672261
0.000310337910887
0.000310426607446
0.000310513747478
0.000310599316754
0.000310683301280
0.000310765687312
0.000310846461362
0.000310925610210
0.000311003120911
0.000311078980799
0.000311153177490
0.000311225698888
0.000311296533178
0.000311365668823
0.000311433094563
0.000311498799405
0.000311562772621
0.000311625003739
0.000311685482537
0.000311744199044
0.000311801143537
0.000311856306541
0.000311909678831
0.000311961251442
0.000312011015673
0.000312058963095
0.000312105085564
0.000312149375225
0.000312191824525
0.000312232426222
0.000312271173384
0.000312308059400
0.000312343077977
0.000312376223139
0.000312407489227
0.000312436870889
0.000312464363077
0.000312489961038
0.000312513660309
0.000312535456708
0.000312555346329
0.000312573325541
0.000312589390983
0.000312603539568
0.000312615768485
0.000312626075203
0.000312634457481
0.000312640913374
0.000312645441240
0.000312648039751
0.000312648707901
0.000312647445008
0.000312644250719
0.000312639125016
0.000312632068208
0.000312623080933
0.000312612164152
0.000312599319141
0.000312584547483
0.000312567851060
0.000312549232045
0.000312528692897
0.000312506236351
0.000312481865418
0.000312455583382
0.000312427393799
0.000312397300504
0.000312365307613
0.000312331419531
0.000312295640956
0.000312257976888
0.000312218432640
0.000312177013834
0.000312133726415
0.000312088576646
0.000312041571111
0.000311992716709
0.000311942020655
0.000311889490467
0.000311835133959
0.000311778959235
0.000311720974679
0.000311661188941
0.000311599610938
0.000311536249841
0.000311471115076
0.000311404216318
0.000311335563496
0.000311265166792
0.000311193036645
0.000311119183761
0.000311043619113
0.000310966353949
0.000310887399801
0.000310806768481
0.000310724472091
0.000310640523017
0.000310554933931
0.000310467717784
0.000310378887800
0.000310288457469
0.000310196440535
0.000310102850990
0.000310007703062
0.000309911011206
0.000309812790097
0.000309713054624
0.000309611819885
0.000309509101188
0.000309404914046
0.000309299274183
0.000309192197539
0.000309083700266
0.000308973798744
0.000308862509575
0.000308749849595
0.000308635835869
0.000308520485697
0.000308403816607
0.000308285846357
0.000308166592926
0.000308046074504
0.000307924309490
0.000307801316475
0.000307677114236
0.000307551721726
0.000307425158063
0.000307297442523
0.000307168594538
0.000307038633686
0.000306907579691
0.000306775452425
0.000306642271908
0.000306508058307
0.000306372831946
0.000306236613304
0.000306099423020
0.000305961281894
0.000305822210889
0.000305682231128
0.000305541363895
0.000305399630625
0.000305257052899
0.000305113652439
0.000304969451096
0.000304824470839
0.000304678733749
0.000304532262005
0.000304385077878
0.000304237203724
0.000304088661978
0.000303939475148
0.000303789665815
0.000303639256633
0.000303488270325
0.000303336729692
0.000303184657609
0.000303032077030
0.000302879010989
0.000302725482601
0.000302571515061
0.000302417131642
0.000302262355691
0.000302107210626
0.000301951719923
0.000301795907117
0.000301639795784
0.000301483409537
0.000301326772015
0.000301169906876
0.000301012837783
0.000300855588407
0.000300698182412
0.000300540643459
0.000300382995197
0.000300225261268
0.000300067465302
0.000299909630923
0.000299751781746
0.000299593941380
0.000299436133427
0.000299278381486
0.000299120709147
0.000298963139990
0.000298805697581
0.000298648405468
0.000298491287171
0.000298334366178
0.000298177665935
0.000298021209836
0.000297865021220
0.000297709123356
0.000297553539441
0.000297398292593
0.000297243405845
0.000297088902142
0.000296934804340
0.000296781135204
0.000296627917406
0.000296475173528
0.000296322926060
0.000296171197403
0.000296020009867
0.000295869385669
0.000295719346937
0.000295569915698
0.000295421113885
0.000295272963322
0.000295125485726
0.000294978702695
0.000294832635706
0.000294687306102
0.000294542735091
0.000294398943736
0.000294255952950
0.000294113783489
0.000293972455953
0.000293831990777
0.000293692408232
0.000293553728424
0.000293415971289
0.000293279156601
0.000293143303962
0.000293008432811
0.000292874562416
0.000292741711879
0.000292609900131
0.000292479145930
0.000292349467861
0.000292220884326
0.000292093413547
0.000291967073556
0.000291841882191
0.000291717857092
0.000291595015694
0.000291473375220
0.000291352952683
0.000291233764876
0.000291115828368
0.000290999159507
0.000290883774413
0.000290769688979
0.000290656918867
0.000290545479511
0.000290435386115
