0.001358114407461
0.001350180013427
0.001341936786006
0.001333398623059
0.001324579818611
0.001315495031295
0.001306159252225
0.001296587772378
0.001286796149559
0.001276800175018
0.001266615839814
0.001256259300981
0.001245746847592
0.001235094866792
0.001224319809867
0.001213438158447
0.001202466390902
0.001191420949005
0.001180318204953
0.001169174428803
0.001158005756395
0.001146828157850
0.001135657406682
0.001124509049621
0.001113398377191
0.001102340395109
0.001091349796578
0.001080440935511
0.001069627800761
0.001058923991392
0.001048342693060
0.001037896655532
0.001027598171396
0.001017459056007
0.001007490628699
0.000997703695294
0.000988108531957
0.000978714870405
0.000969531884499
0.000960568178253
0.000951831775257
0.000943330109542
0.000935070017896
0.000927057733627
0.000919298881790
0.000911798475868
0.000904560915905
0.000897589988092
0.000890888865773
0.000884460111887
0.000878305682802
0.000872426933530
0.000866824624306
0.000861498928489
0.000856449441765
0.000851675192614
0.000847174654003
0.000842945756274
0.000838985901173
0.000835291976984
0.000831860374720
0.000828687005316
0.000825767317781
0.000823096318250
0.000820668589883
0.000818478313546
0.000816519289233
0.000814784958152
0.000813268425418
0.000811962483296
0.000810859634921
0.000809952118449
0.000809231931545
0.000808690856169
0.000808320483587
0.000808112239532
0.000808057409460
0.000808147163833
0.000808372583361
0.000808724684145
0.000809194442645
0.000809772820427
0.000810450788613
0.000811219351981
0.000812069572651
0.000812992593305
0.000813979659880
0.000815022143679
0.000816111562853
0.000817239603198
0.000818398138220
0.000819579248423
0.000820775239780
0.000821978661331
0.000823182321888
0.000824379305804
0.000825562987760
0.000826727046561
0.000827865477899
0.000828972606059
0.000830043094550
0.000831071955645
0.000832054558803
0.000832986637969
0.000833864297745
0.000834684018416
0.000835442659830
0.000836137464140
0.000836766057399
0.000837326450020
0.000837817036110
0.000838236591687
0.000838584271795
0.000838859606535
0.000839062496035
0.000839193204373
0.000839252352496
0.000839240910139
0.000839160186797
0.000839011821772
0.000838797773334
0.000838520307027
0.000838181983170
0.000837785643593
0.000837334397636
0.000836831607486
0.000836280872866
0.000835686015149
0.000835051060939
0.000834380225157
0.000833677893713
0.000832948605784
0.000832197035774
0.000831427975005
0.000830646313185
0.000829857019723
0.000829065124926
0.000828275701161
0.000827493844003
0.000826724653456
0.000825973215276
0.000825244582466
0.000824543756988
0.000823875671743
0.000823245172881
0.000822657002468
0.000822115781592
0.000821625993919
0.000821191969770
0.000820817870753
0.000820507674999
0.000820265163022
0.000820093904279
0.000819997244419
0.000819978293301
0.000820039913778
0.000820184711294
0.000820415024321
0.000820732915649
0.000821140164567
0.000821638259940
0.000822228394209
0.000822911458324
0.000823688037619
0.000824558408647
0.000825522536970
0.000826580075912
0.000827730366284
0.000828972437057
0.000830305007010
0.000831726487310
0.000833234985044
0.000834828307674
0.000836503968402
0.000838259192430
0.000840090924096
0.000841995834854
0.000843970332085
0.000846010568706
0.000848112453543
0.000850271662446
0.000852483650105
0.000854743662533
0.000857046750182
0.000859387781647
0.000861761457924
0.000864162327175
0.000866584799959
0.000869023164885
0.000871471604638
0.000873924212333
0.000876375008158
0.000878817956235
0.000881246981682
0.000883655987799
0.000886038873343
0.000888389549842
0.000890701958892
0.000892970089393
0.000895187994675
0.000897349809461
0.000899449766625
0.000901482213689
0.000903441629024
0.000905322637697
0.000907120026928
0.000908828761112
0.000910443996359
0.000911961094517
0.000913375636639
0.000914683435847
0.000915880549573
0.000916963291127
0.000917928240575
0.000918772254880
0.000919492477294
0.000920086345969
0.000920551601756
0.000920886295189
0.000921088792612
0.000921157781456
0.000921092274631
0.000920891614035
0.000920555473171
0.000920083858855
0.000919477112019
0.000918735907614
0.000917861253592
0.000916854489001
0.000915717281173
0.000914451622027
0.000913059823497
0.000911544512097
0.000909908622637
0.000908155391116
0.000906288346801
0.000904311303529
0.000902228350244
0.000900043840805
0.000897762383093
0.000895388827444
0.000892928254448
0.000890385962138
0.000887767452624
0.000885078418187
0.000882324726892
0.000879512407749
0.000876647635471
0.000873736714867
0.000870786064922
0.000867802202592
0.000864791726388
0.000861761299762
0.000858717634371
0.000855667473246
0.000852617573926
0.000849574691594
0.000846545562272
0.000843536886119
0.000840555310869
0.000837607415471
0.000834699693972
0.000831838539674
0.000829030229632
0.000826280909519
0.000823596578904
0.000820983076990
0.000818446068846
0.000815991032166
0.000813623244604
0.000811347771713
0.000809169455514
0.000807092903744
0.000805122479790
0.000803262293360
0.000801516191894
0.000799887752752
0.000798380276200
0.000796996779198
0.000795739990031
0.000794612343767
0.000793615978579
0.000792752732927
0.000792024143607
0.000791431444671
0.000790975567232
0.000790657140124
0.000790476491448
0.000790433650972
0.000790528353388
0.000790760042410
0.000791127875708
0.000791630730645
0.000792267210823
0.000793035653389
0.000793934137106
0.000794960491142
0.000796112304560
0.000797386936484
0.000798781526896
0.000800293008044
0.000801918116418
0.000803653405268
0.000805495257605
0.000807439899671
0.000809483414822
0.000811621757779
0.000813850769217
0.000816166190635
0.000818563679470
0.000821038824400
0.000823587160805
0.000826204186318
0.000828885376438
0.000831626200146
0.000834422135475
0.000837268684999
0.000840161391178
0.000843095851519
0.000846067733511
0.000849072789274
0.000852106869897
0.000855165939394
0.000858246088262
0.000861343546578
0.000864454696603
0.000867576084851
0.000870704433584
0.000873836651699
0.000876969844967
0.000880101325592
0.000883228621064
0.000886349482272
0.000889461890840
0.000892564065685
0.000895654468749
0.000898731809896
0.000901795050960
0.000904843408916
0.000907876358170
0.000910893631951
0.000913895222810
0.000916881382194
0.000919852619123
0.000922809697947
0.000925753635194
0.000928685695519
0.000931607386745
0.000934520454028
0.000937426873141
0.000940328842902
0.000943228776763
0.000946129293579
0.000949033207575
0.000951943517551
0.000954863395340
0.000957796173550
0.000960745332631
0.000963714487295
0.000966707372325
0.000969727827816
0.000972779783890
0.000975867244911
0.000978994273276
0.000982164972790
0.000985383471699
0.000988653905425
0.000991980399035
0.000995367049518
0.000998817907906
0.001002336961298
0.001005928114837
0.001009595173690
0.001013341825094
0.001017171620513
0.001021087957964
0.001025094064564
0.001029192979354
0.001033387536447
0.001037680348562
0.001042073790991
0.001046569986041
0.001051170788023
0.001055877768813
0.001060692204053
0.001065615060016
0.001070646981208
0.001075788278722
0.001081038919408
0.001086398515880
0.001091866317413
0.001097441201753
0.001103121667883
0.001108905829770
0.001114791411117
0.001120775741161
0.001126855751522
0.001133027974134
0.001139288540278
0.001145633180721
0.001152057226981
