0.000198726002966
0.000198777637543
0.000198829602455
0.000198881818863
0.000198934207667
0.000198986690673
0.000199039191688
0.000199091637527
0.000199143958915
0.000199196091260
0.000199247975289
0.000199299557524
0.000199350790597
0.000199401633388
0.000199452050988
0.000199502014493
0.000199551500633
0.000199600491254
0.000199648972676
0.000199696934948
0.000199744371032
0.000199791275954
0.000199837645941
0.000199883477598
0.000199928767148
0.000199973509758
0.000200017698995
0.000200061326429
0.000200104381389
0.000200146850905
0.000200188719828
0.000200229971134
0.000200270586405
0.000200310546478
0.000200349832242
0.000200388425561
0.000200426310290
0.000200463473366
0.000200499905918
0.000200535604380
0.000200570571550
0.000200604817578
0.000200638360828
0.000200671228599
0.000200703457672
0.000200735094659
0.000200766196147
0.000200796828612
0.000200827068117
0.000200856999776
0.000200886717005
0.000200916320562
0.000200945917379
0.000200975619228
0.000201005541210
0.000201035800109
0.000201066512625
0.000201097793512
0.000201129753652
0.000201162498091
0.000201196124066
0.000201230719065
0.000201266358929
0.000201303106066
0.000201341007764
0.000201380094678
0.000201420379490
0.000201461855788
0.000201504497191
0.000201548256734
0.000201593066553
0.000201638837882
0.000201685461380
0.000201732807803
0.000201780729032
0.000201829059460
0.000201877617737
0.000201926208854
0.000201974626568
0.000202022656117
0.000202070077216
0.000202116667273
0.000202162204784
0.000202206472849
0.000202249262750
0.000202290377525
0.000202329635467
0.000202366873488
0.000202401950279
0.000202434749193
0.000202465180807
0.000202493185096
0.000202518733171
0.000202541828548
0.000202562507904
0.000202580841303
0.000202596931868
0.000202610914914
0.000202622956519
0.000202633251577
0.000202642021340
0.000202649510498
0.000202655983831
0.000202661722496
0.000202667020000
0.000202672177927
0.000202677501487
0.000202683294954
0.000202689857067
0.000202697476457
0.000202706427185
0.000202716964442
0.000202729320479
0.000202743700842
0.000202760280955
0.000202779203112
0.000202800573926
0.000202824462285
0.000202850897838
0.000202879870053
0.000202911327874
0.000202945179972
0.000202981295611
0.000203019506122
0.000203059606960
0.000203101360341
0.000203144498403
0.000203188726865
0.000203233729137
0.000203279170809
0.000203324704466
0.000203369974765
0.000203414623679
0.000203458295844
0.000203500643924
0.000203541333893
0.000203580050173
0.000203616500511
0.000203650420540
0.000203681577929
0.000203709776044
0.000203734857081
0.000203756704578
0.000203775245302
0.000203790450441
0.000203802336111
0.000203810963149
0.000203816436208
0.000203818902170
0.000203818547894
0.000203815597356
0.000203810308213
0.000203802967863
0.000203793889049
0.000203783405101
0.000203771864873
0.000203759627477
0.000203747056878
0.000203734516460
0.000203722363625
0.000203710944533
0.000203700589048
0.000203691605967
0.000203684278618
0.000203678860869
0.000203675573619
0.000203674601815
0.000203676092022
0.000203680150597
0.000203686842465
0.000203696190531
0.000203708175704
0.000203722737564
0.000203739775616
0.000203759151146
0.000203780689625
0.000203804183624
0.000203829396207
0.000203856064724
0.000203883904964
0.000203912615586
0.000203941882764
0.000203971384965
0.000204000797788
0.000204029798786
0.000204058072188
0.000204085313457
0.000204111233610
0.000204135563227
0.000204158056103
0.000204178492474
0.000204196681789
0.000204212464967
0.000204225716135
0.000204236343805
0.000204244291491
0.000204249537770
0.000204252095783
0.000204252012210
0.000204249365740
0.000204244265079
0.000204236846542
0.000204227271279
0.000204215722193
0.000204202400618
0.000204187522813
0.000204171316331
0.000204154016353
0.000204135862006
0.000204117092770
0.000204097944993
0.000204078648588
0.000204059423950
0.000204040479139
0.000204022007359
0.000204004184772
0.000203987168664
0.000203971095982
0.000203956082253
0.000203942220884
0.000203929582844
0.000203918216707
0.000203908149051
0.000203899385174
0.000203891910119
0.000203885689950
0.000203880673269
0.000203876792922
0.000203873967852
0.000203872105077
0.000203871101727
0.000203870847125
0.000203871224856
0.000203872114792
0.000203873395041
0.000203874943772
0.000203876640909
0.000203878369642
0.000203880017757
0.000203881478747
0.000203882652711
0.000203883447024
0.000203883776788
0.000203883565062
0.000203882742891
0.000203881249147
0.000203879030204
0.000203876039470
0.000203872236800
0.000203867587830
0.000203862063246
0.000203855638022
0.000203848290667
0.000203840002495
0.000203830756953
0.000203820539027
0.000203809334765
0.000203797130904
0.000203783914653
0.000203769673619
0.000203754395884
0.000203738070252
0.000203720686631
0.000203702236566
0.000203682713898
0.000203662115523
0.000203640442239
0.000203617699646
0.000203593899077
0.000203569058524
0.000203543203533
0.000203516368034
0.000203488595087
0.000203459937493
0.000203430458273
0.000203400230965
0.000203369339725
0.000203337879225
0.000203305954306
0.000203273679406
0.000203241177730
0.000203208580178
0.000203176024027
0.000203143651385
0.000203111607427
0.000203080038441
0.000203049089706
0.000203018903249
0.000202989615496
0.000202961354878
0.000202934239424
0.000202908374391
0.000202883849969
0.000202860739119
0.000202839095582
0.000202818952098
0.000202800318899
0.000202783182486
0.000202767504755
0.000202753222479
0.000202740247196
0.000202728465496
0.000202717739741
0.000202707909214
0.000202698791682
0.000202690185379
0.000202681871376
0.000202673616302
0.000202665175398
0.000202656295842
0.000202646720304
0.000202636190681
0.000202624451946
0.000202611256056
0.000202596365851
0.000202579558898
0.000202560631186
0.000202539400644
0.000202515710395
0.000202489431700
0.000202460466537
0.000202428749758
0.000202394250795
0.000202356974858
0.000202316963615
0.000202274295322
0.000202229084390
0.000202181480392
0.000202131666518
0.000202079857477
0.000202026296890
0.000201971254187
0.000201915021071
0.000201857907562
0.000201800237710
0.000201742345016
0.000201684567630
0.000201627243403
0.000201570704864
0.000201515274202
0.000201461258332
0.000201408944125
0.000201358593888
0.000201310441165
0.000201264686930
0.000201221496253
0.000201180995476
0.000201143269976
0.000201108362535
0.000201076272358
0.000201046954766
0.000201020321558
0.000200996242054
0.000200974544799
0.000200955019910
0.000200937422022
0.000200921473803
0.000200906869969
0.000200893281757
0.000200880361753
0.000200867749041
0.000200855074554
0.000200841966556
0.000200828056182
0.000200812982914
0.000200796399943
0.000200777979307
0.000200757416741
0.000200734436161
0.000200708793710
0.000200680281322
0.000200648729735
0.000200614010927
0.000200576039926
0.000200534775983
0.000200490223088
0.000200442429818
0.000200391488529
0.000200337533896
0.000200280740835
0.000200221321825
0.000200159523685
0.000200095623841
0.000200029926158
0.000199962756378
0.000199894457261
0.000199825383475
0.000199755896340
0.000199686358485
0.000199617128514
0.000199548555753
0.000199480975168
0.000199414702520
0.000199350029837
0.000199287221283
0.000199226509468
0.000199168092271
0.000199112130226
0.000199058744500
0.000199008015505
0.000198959982155
