0.000252447271997
0.000252540579491
0.000252633922486
0.000252727288785
0.000252820664688
0.000252914035351
0.000253007385190
0.000253100698326
0.000253193959039
0.000253287152213
0.000253380263770
0.000253473281047
0.000253566193123
0.000253658991074
0.000253751668139
0.000253844219800
0.000253936643768
0.000254028939870
0.000254121109851
0.000254213157095
0.000254305086275
0.000254396902946
0.000254488613099
0.000254580222705
0.000254671737239
0.000254763161245
0.000254854497918
0.000254945748756
0.000255036913274
0.000255127988796
0.000255218970349
0.000255309850640
0.000255400620136
0.000255491267239
0.000255581778542
0.000255672139165
0.000255762333157
0.000255852343941
0.000255942154788
0.000256031749300
0.000256121111888
0.000256210228209
0.000256299085565
0.000256387673227
0.000256475982686
0.000256564007811
0.000256651744906
0.000256739192672
0.000256826352066
0.000256913226062
0.000256999819333
0.000257086137858
0.000257172188465
0.000257257978350
0.000257343514565
0.000257428803517
0.000257513850489
0.000257598659206
0.000257683231463
0.000257767566836
0.000257851662479
0.000257935513032
0.000258019110623
0.000258102444984
0.000258185503669
0.000258268272356
0.000258350735243
0.000258432875499
0.000258514675763
0.000258596118672
0.000258677187384
0.000258757866089
0.000258838140476
0.000258917998143
0.000258997428922
0.000259076425118
0.000259154981651
0.000259233096076
0.000259310768509
0.000259388001435
0.000259464799428
0.000259541168777
0.000259617117042
0.000259692652559
0.000259767783913
0.000259842519395
0.000259916866474
0.000259990831306
0.000260064418291
0.000260137629702
0.000260210465410
0.000260282922694
0.000260354996175
0.000260426677845
0.000260497957216
0.000260568821567
0.000260639256287
0.000260709245299
0.000260778771542
0.000260847817506
0.000260916365777
0.000260984399592
0.000261051903364
0.000261118863162
0.000261185267133
0.000261251105834
0.000261316372470
0.000261381063024
0.000261445176281
0.000261508713724
0.000261571679332
0.000261634079271
0.000261695921488
0.000261757215241
0.000261817970565
0.000261878197707
0.000261937906555
0.000261997106070
0.000262055803768
0.000262114005251
0.000262171713818
0.000262228930180
0.000262285652267
0.000262341875167
0.000262397591177
0.000262452789969
0.000262507458871
0.000262561583251
0.000262615146981
0.000262668132962
0.000262720523705
0.000262772301919
0.000262823451100
0.000262873956093
0.000262923803588
0.000262972982562
0.000263021484607
0.000263069304170
0.000263116438664
0.000263162888461
0.000263208656769
0.000263253749388
0.000263298174356
0.000263341941516
0.000263385061996
0.000263427547644
0.000263469410435
0.000263510661867
0.000263551312386
0.000263591370847
0.000263630844048
0.000263669736343
0.000263708049363
0.000263745781843
0.000263782929574
0.000263819485476
0.000263855439790
0.000263890780381
0.000263925493139
0.000263959562469
0.000263992971840
0.000264025704374
0.000264057743453
0.000264089073327
0.000264119679673
0.000264149550115
0.000264178674659
0.000264207046032
0.000264234659923
0.000264261515090
0.000264287613353
0.000264312959462
0.000264337560845
0.000264361427244
0.000264384570259
0.000264407002818
0.000264428738586
0.000264449791348
0.000264470174389
0.000264489899882
0.000264508978340
0.000264527418119
0.000264545225021
0.000264562402003
0.000264578948993
0.000264594862852
0.000264610137442
0.000264624763841
0.000264638730662
0.000264652024479
0.000264664630347
0.000264676532377
0.000264687714364
0.000264698160419
0.000264707855604
0.000264716786520
0.000264724941837
0.000264732312743
0.000264738893288
0.000264744680611
0.000264749675047
0.000264753880097
0.000264757302274
0.000264759950821
0.000264761837327
0.000264762975238
0.000264763379301
0.000264763064952
0.000264762047681
0.000264760342390
0.000264757962787
0.000264754920823
0.000264751226204
0.000264746885999
0.000264741904357
0.000264736282346
0.000264730017914
0.000264723105991
0.000264715538702
0.000264707305708
0.000264698394643
0.000264688791640
0.000264678481912
0.000264667450387
0.000264655682341
0.000264643164030
0.000264629883282
0.000264615830025
0.000264600996730
0.000264585378762
0.000264568974604
0.000264551785959
0.000264533817730
0.000264515077858
0.000264495577046
0.000264475328370
0.000264454346791
0.000264432648591
0.000264410250759
0.000264387170346
0.000264363423815
0.000264339026422
0.000264313991643
0.000264288330672
0.000264262052024
0.000264235161240
0.000264207660717
0.000264179549673
0.000264150824244
0.000264121477705
0.000264091500817
0.000264060882276
0.000264029609254
0.000263997667998
0.000263965044473
0.000263931725022
0.000263897697005
0.000263862949404
0.000263827473359
0.000263791262618
0.000263754313879
0.000263716627016
0.000263678205168
0.000263639054705
0.000263599185054
0.000263558608401
0.000263517339292
0.000263475394124
0.000263432790571
0.000263389546960
0.000263345681620
0.000263301212234
0.000263256155220
0.000263210525165
0.000263164334341
0.000263117592314
0.000263070305664
0.000263022477836
0.000262974109110
0.000262925196716
0.000262875735062
0.000262825716083
0.000262775129698
0.000262723964337
0.000262672207544
0.000262619846607
0.000262566869203
0.000262513264028
0.000262459021387
0.000262404133717
0.000262348596030
0.000262292406241
0.000262235565396
0.000262178077753
0.000262119950753
0.000262061194848
0.000262001823214
0.000261941851352
0.000261881296595
0.000261820177544
0.000261758513448
0.000261696323563
0.000261633626510
0.000261570439657
0.000261506778564
0.000261442656489
0.000261378084000
0.000261313068697
0.000261247615054
0.000261181724394
0.000261115394992
0.000261048622311
0.000260981399346
0.000260913717080
0.000260845565014
0.000260776931771
0.000260707805721
0.000260638175637
0.000260568031313
0.000260497364161
0.000260426167724
0.000260354438112
0.000260282174330
0.000260209378486
0.000260136055870
0.000260062214907
0.000259987866982
0.000259913026136
0.000259837708665
0.000259761932623
0.000259685717256
0.000259609082385
0.000259532047780
0.000259454632522
0.000259376854410
0.000259298729416
0.000259220271221
0.000259141490842
0.000259062396376
0.000258982992860
0.000258903282263
0.000258823263597
0.000258742933157
0.000258662284865
0.000258581310720
0.000258500001315
0.000258418346418
0.000258336335588
0.000258253958789
0.000258171207002
0.000258088072776
0.000258004550732
0.000257920637971
0.000257836334387
0.000257751642858
0.000257666569327
0.000257581122745
0.000257495314905
0.000257409160149
0.000257322674980
0.000257235877579
0.000257148787264
0.000257061423894
0.000256973807261
0.000256885956474
0.000256797889389
0.000256709622075
0.000256621168366
0.000256532539502
0.000256443743875
0.000256354786899
0.000256265670999
0.000256176395725
0.000256086957982
0.000255997352375
0.000255907571642
0.000255817607167
0.000255727449551
0.000255637089203
0.000255546516954
0.000255455724638
0.000255364705640
0.000255273455373
0.000255181971671
0.000255090255086
0.000254998309064
0.000254906140007
0.000254813757212
0.000254721172688
0.000254628400864
0.000254535458200
0.000254442362712
0.000254349133438
0.000254255789862
0.000254162351323
0.000254068836433
0.000253975262524
0.000253881645156
0.000253787997692
0.000253694330974
0.000253600653094
