0.000279881774700
0.000280012835425
0.000280144128880
0.000280275646625
0.000280407380064
0.000280539320455
0.000280671458930
0.000280803786515
0.000280936294161
0.000281068972770
0.000281201813228
0.000281334806432
0.000281467943325
0.000281601214912
0.000281734612285
0.000281868126632
0.000282001749241
0.000282135471501
0.000282269284886
0.000282403180935
0.000282537151233
0.000282671187372
0.000282805280921
0.000282939423388
0.000283073606184
0.000283207820587
0.000283342057717
0.000283476308511
0.000283610563708
0.000283744813846
0.000283879049265
0.000284013260120
0.000284147436409
0.000284281568002
0.000284415644678
0.000284549656175
0.000284683592228
0.000284817442621
0.000284951197226
0.000285084846044
0.000285218379230
0.000285351787120
0.000285485060237
0.000285618189289
0.000285751165157
0.000285883978873
0.000286016621582
0.000286149084500
0.000286281358869
0.000286413435906
0.000286545306748
0.000286676962409
0.000286808393733
0.000286939591366
0.000287070545727
0.000287201247002
0.000287331685145
0.000287461849891
0.000287591730790
0.000287721317241
0.000287850598545
0.000287979563960
0.000288108202760
0.000288236504295
0.000288364458050
0.000288492053690
0.000288619281110
0.000288746130454
0.000288872592140
0.000288998656855
0.000289124315545
0.000289249559382
0.000289374379728
0.000289498768080
0.000289622716014
0.000289746215116
0.000289869256921
0.000289991832851
0.000290113934162
0.000290235551896
0.000290356676851
0.000290477299564
0.000290597410314
0.000290716999131
0.000290836055833
0.000290954570070
0.000291072531383
0.000291189929271
0.000291306753260
0.000291422992977
0.000291538638223
0.000291653679030
0.000291768105715
0.000291881908921
0.000291995079633
0.000292107609186
0.000292219489253
0.000292330711807
0.000292441269082
0.000292551153510
0.000292660357651
0.000292768874119
0.000292876695503
0.000292983814299
0.000293090222836
0.000293195913230
0.000293300877334
0.000293405106725
0.000293508592692
0.000293611326255
0.000293713298199
0.000293814499121
0.000293914919501
0.000294014549771
0.000294113380401
0.000294211401982
0.000294308605307
0.000294404981443
0.000294500521793
0.000294595218144
0.000294689062689
0.000294782048042
0.000294874167221
0.000294965413615
0.000295055780935
0.000295145263149
0.000295233854399
0.000295321548922
0.000295408340960
0.000295494224678
0.000295579194084
0.000295663242968
0.000295746364851
0.000295828552960
0.000295909800216
0.000295990099248
0.000296069442432
0.000296147821938
0.000296225229806
0.000296301658025
0.000296377098624
0.000296451543767
0.000296524985840
0.000296597417536
0.000296668831922
0.000296739222498
0.000296808583222
0.000296876908528
0.000296944193311
0.000297010432895
0.000297075622979
0.000297139759568
0.000297202838884
0.000297264857279
0.000297325811137
0.000297385696778
0.000297444510379
0.000297502247896
0.000297558905012
0.000297614477100
0.000297668959214
0.000297722346097
0.000297774632219
0.000297825811829
0.000297875879033
0.000297924827877
0.000297972652446
0.000298019346965
0.000298064905895
0.000298109324024
0.000298152596542
0.000298194719103
0.000298235687861
0.000298275499485
0.000298314151148
0.000298351640498
0.000298387965598
0.000298423124853
0.000298457116923
0.000298489940623
0.000298521594821
0.000298552078337
0.000298581389855
0.000298609527837
0.000298636490467
0.000298662275612
0.000298686880801
0.000298710303241
0.000298732539845
0.000298753587292
0.000298773442101
0.000298792100722
0.000298809559638
0.000298825815469
0.000298840865077
0.000298854705657
0.000298867334825
0.000298878750678
0.000298888951835
0.000298897937458
0.000298905707241
0.000298912261381
0.000298917600515
0.000298921725652
0.000298924638074
0.000298926339241
0.000298926830676
0.000298926113866
0.000298924190163
0.000298921060702
0.000298916726329
0.000298911187567
0.000298904444588
0.000298896497229
0.000298887345015
0.000298876987224
0.000298865422958
0.000298852651238
0.000298838671106
0.000298823481733
0.000298807082527
0.000298789473232
0.000298770654010
0.000298750625512
0.000298729388918
0.000298706945963
0.000298683298925
0.000298658450593
0.000298632404216
0.000298605163420
0.000298576732117
0.000298547114403
0.000298516314444
0.000298484336373
0.000298451184187
0.000298416861660
0.000298381372277
0.000298344719185
0.000298306905174
0.000298267932683
0.000298227803828
0.000298186520462
0.000298144084248
0.000298100496750
0.000298055759545
0.000298009874321
0.000297962842995
0.000297914667804
0.000297865351400
0.000297814896912
0.000297763307995
0.000297710588849
0.000297656744216
0.000297601779346
0.000297545699943
0.000297488512085
0.000297430222135
0.000297370836633
0.000297310362188
0.000297248805369
0.000297186172603
0.000297122470088
0.000297057703727
0.000296991879074
0.000296925001317
0.000296857075281
0.000296788105460
0.000296718096068
0.000296647051115
0.000296574974502
0.000296501870121
0.000296427741964
0.000296352594229
0.000296276431421
0.000296199258437
0.000296121080633
0.000296041903873
0.000295961734545
0.000295880579560
0.000295798446317
0.000295715342651
0.000295631276754
0.000295546257086
0.000295460292269
0.000295373390977
0.000295285561835
0.000295196813312
0.000295107153639
0.000295016590739
0.000294925132182
0.000294832785159
0.000294739556494
0.000294645452664
0.000294550479861
0.000294454644060
0.000294357951113
0.000294260406846
0.000294162017168
0.000294062788173
0.000293962726237
0.000293861838102
0.000293760130943
0.000293657612409
0.000293554290642
0.000293450174276
0.000293345272400
0.000293239594504
0.000293133150406
0.000293025950164
0.000292918003967
0.000292809322038
0.000292699914526
0.000292589791406
0.000292478962405
0.000292367436926
0.000292255224011
0.000292142332318
0.000292028770128
0.000291914545374
0.000291799665691
0.000291684138493
0.000291567971059
0.000291451170628
0.000291333744503
0.000291215700151
0.000291097045293
0.000290977787987
0.000290857936686
0.000290737500282
0.000290616488116
0.000290494909977
0.000290372776066
0.000290250096941
0.000290126883447
0.000290003146624
0.000289878897610
0.000289754147544
0.000289628907460
0.000289503188201
0.000289377000338
0.000289250354107
0.000289123259377
0.000288995725623
0.000288867761943
0.000288739377082
0.000288610579489
0.000288481377386
0.000288351778852
0.000288221791918
0.000288091424662
0.000287960685307
0.000287829582302
0.000287698124400
0.000287566320713
0.000287434180742
0.000287301714397
0.000287168931979
0.000287035844150
0.000286902461876
0.000286768796357
0.000286634858939
0.000286500661023
0.000286366213968
0.000286231528994
0.000286096617106
0.000285961489012
0.000285826155076
0.000285690625281
0.000285554909219
0.000285419016100
0.000285282954788
0.000285146733851
0.000285010361635
0.000284873846342
0.000284737196119
0.000284600419154
0.000284463523759
0.000284326518450
0.000284189412016
0.000284052213563
0.000283914932545
0.000283777578769
0.000283640162382
0.000283502693828
0.000283365183802
0.000283227643169
0.000283090082888
0.000282952513919
0.000282814947135
0.000282677393234
0.000282539862665
0.000282402365561
0.000282264911694
0.000282127510450
0.000281990170823
0.000281852901430
0.000281715710550
0.000281578606178
0.000281441596093
0.000281304687939
0.000281167889309
