0.000184341283144
0.000184368895179
0.000184395514326
0.000184421159380
0.000184445863169
0.000184469671286
0.000184492640655
0.000184514838034
0.000184536338540
0.000184557224288
0.000184577583179
0.000184597507900
0.000184617095112
0.000184636444826
0.000184655659906
0.000184674845650
0.000184694109348
0.000184713559764
0.000184733306431
0.000184753458710
0.000184774124551
0.000184795408934
0.000184817411985
0.000184840226813
0.000184863937108
0.000184888614613
0.000184914316565
0.000184941083244
0.000184968935760
0.000184997874218
0.000185027876374
0.000185058896903
0.000185090867347
0.000185123696789
0.000185157273261
0.000185191465864
0.000185226127527
0.000185261098309
0.000185296209107
0.000185331285648
0.000185366152573
0.000185400637487
0.000185434574797
0.000185467809227
0.000185500198878
0.000185531617776
0.000185561957837
0.000185591130257
0.000185619066329
0.000185645717746
0.000185671056442
0.000185695074080
0.000185717781250
0.000185739206487
0.000185759395184
0.000185778408462
0.000185796322058
0.000185813225239
0.000185829219750
0.000185844418782
0.000185858945910
0.000185872933939
0.000185886523627
0.000185899862186
0.000185913101537
0.000185926396270
0.000185939901285
0.000185953769142
0.000185968147138
0.000185983174194
0.000185998977632
0.000186015669962
0.000186033345820
0.000186052079180
0.000186071920987
0.000186092897345
0.000186115008356
0.000186138227704
0.000186162503023
0.000186187757076
0.000186213889691
0.000186240780421
0.000186268291801
0.000186296273082
0.000186324564292
0.000186353000459
0.000186381415816
0.000186409647841
0.000186437540977
0.000186464949908
0.000186491742300
0.000186517800946
0.000186543025286
0.000186567332325
0.000186590656977
0.000186612951908
0.000186634186975
0.000186654348351
0.000186673437442
0.000186691469703
0.000186708473418
0.000186724488540
0.000186739565607
0.000186753764769
0.000186767154915
0.000186779812875
0.000186791822648
0.000186803274591
0.000186814264529
0.000186824892697
0.000186835262489
0.000186845478967
0.000186855647125
0.000186865869917
0.000186876246097
0.000186886867930
0.000186897818859
0.000186909171247
0.000186920984288
0.000186933302229
0.000186946152988
0.000186959547289
0.000186973478369
0.000186987922320
0.000187002839063
0.000187018173938
0.000187033859853
0.000187049819902
0.000187065970315
0.000187082223630
0.000187098491903
0.000187114689819
0.000187130737550
0.000187146563226
0.000187162104910
0.000187177312001
0.000187192146023
0.000187206580787
0.000187220601976
0.000187234206189
0.000187247399560
0.000187260196055
0.000187272615573
0.000187284681979
0.000187296421196
0.000187307859465
0.000187319021860
0.000187329931123
0.000187340606858
0.000187351065079
0.000187361318098
0.000187371374695
0.000187381240509
0.000187390918559
0.000187400409828
0.000187409713800
0.000187418828899
0.000187427752769
0.000187436482363
0.000187445013820
0.000187453342172
0.000187461460902
0.000187469361422
0.000187477032545
0.000187484460049
0.000187491626385
0.000187498510645
0.000187505088820
0.000187511334402
0.000187517219334
0.000187522715307
0.000187527795334
0.000187532435546
0.000187536617113
0.000187540328156
0.000187543565542
0.000187546336439
0.000187548659487
0.000187550565506
0.000187552097657
0.000187553310988
0.000187554271386
0.000187555053915
0.000187555740638
0.000187556417989
0.000187557173823
0.000187558094287
0.000187559260662
0.000187560746332
0.000187562614023
0.000187564913450
0.000187567679470
0.000187570930828
0.000187574669524
0.000187578880816
0.000187583533824
0.000187588582678
0.000187593968121
0.000187599619452
0.000187605456711
0.000187611392965
0.000187617336593
0.000187623193471
0.000187628868974
0.000187634269727
0.000187639305107
0.000187643888455
0.000187647938051
0.000187651377870
0.000187654138205
0.000187656156181
0.000187657376272
0.000187657750842
0.000187657240771
0.000187655816193
0.000187653457336
0.000187650155460
0.000187645913822
0.000187640748624
0.000187634689843
0.000187627781855
0.000187620083758
0.000187611669293
0.000187602626312
0.000187593055700
0.000187583069766
0.000187572790076
0.000187562344783
0.000187551865532
0.000187541484021
0.000187531328374
0.000187521519456
0.000187512167297
0.000187503367774
0.000187495199720
0.000187487722566
0.000187480974648
0.000187474972235
0.000187469709321
0.000187465158180
0.000187461270640
0.000187457980000
0.000187455203487
0.000187452845117
0.000187450798821
0.000187448951689
0.000187447187179
0.000187445388174
0.000187443439762
0.000187441231669
0.000187438660277
0.000187435630222
0.000187432055561
0.000187427860560
0.000187422980142
0.000187417360081
0.000187410956999
0.000187403738269
0.000187395681863
0.000187386776216
0.000187377020149
0.000187366422830
0.000187355003805
0.000187342793029
0.000187329830878
0.000187316168044
0.000187301865280
0.000187286992893
0.000187271629933
0.000187255863041
0.000187239784915
0.000187223492399
0.000187207084230
0.000187190658497
0.000187174309897
0.000187158126896
0.000187142188937
0.000187126563806
0.000187111305317
0.000187096451431
0.000187082022920
0.000187068022674
0.000187054435689
0.000187041229761
0.000187028356872
0.000187015755197
0.000187003351651
0.000186991064849
0.000186978808339
0.000186966493952
0.000186954035103
0.000186941349897
0.000186928363902
0.000186915012464
0.000186901242486
0.000186887013618
0.000186872298841
0.000186857084463
0.000186841369576
0.000186825165060
0.000186808492224
0.000186791381199
0.000186773869198
0.000186755998750
0.000186737816009
0.000186719369207
0.000186700707323
0.000186681878976
0.000186662931553
0.000186643910560
0.000186624859131
0.000186605817662
0.000186586823493
0.000186567910571
0.000186549109050
0.000186530444775
0.000186511938627
0.000186493605727
0.000186475454527
0.000186457485824
0.000186439691777
0.000186422054998
0.000186404547814
0.000186387131807
0.000186369757701
0.000186352365695
0.000186334886280
0.000186317241586
0.000186299347242
0.000186281114715
0.000186262454075
0.000186243277053
0.000186223500304
0.000186203048691
0.000186181858469
0.000186159880178
0.000186137081127
0.000186113447317
0.000186088984707
0.000186063719751
0.000186037699179
0.000186010989007
0.000185983672847
0.000185955849578
0.000185927630493
0.000185899136055
0.000185870492419
0.000185841827857
0.000185813269246
0.000185784938754
0.000185756950844
0.000185729409677
0.000185702406981
0.000185676020418
0.000185650312445
0.000185625329628
0.000185601102385
0.000185577645061
0.000185554956272
0.000185533019443
0.000185511803458
0.000185491263372
0.000185471341137
0.000185451966330
0.000185433056877
0.000185414519803
0.000185396252041
0.000185378141366
0.000185360067503
0.000185341903472
0.000185323517224
0.000185304773597
0.000185285536615
0.000185265672108
0.000185245050621
0.000185223550540
0.000185201061341
0.000185177486840
0.000185152748321
0.000185126787385
0.000185099568387
0.000185071080324
0.000185041338066
0.000185010382824
0.000184978281819
0.000184945127116
0.000184911033659
0.000184876136552
0.000184840587694
0.000184804551890
0.000184768202599
0.000184731717470
0.000184695273866
0.000184659044520
0.000184623193497
0.000184587872588
0.000184553218243
0.000184519349118
0.000184486364268
0.000184454341991
0.000184423339290
