0.000184911407262
0.000184941071876
0.000184972490765
0.000185005616523
0.000185040368556
0.000185076634852
0.000185114274571
0.000185153121340
0.000185192987162
0.000185233666766
0.000185274942272
0.000185316587979
0.000185358375138
0.000185400076546
0.000185441470834
0.000185482346349
0.000185522504540
0.000185561762811
0.000185599956813
0.000185636942205
0.000185672595894
0.000185706816837
0.000185739526444
0.000185770668682
0.000185800209927
0.000185828138642
0.000185854464920
0.000185879219934
0.000185902455292
0.000185924242303
0.000185944671135
0.000185963849803
0.000185981902980
0.000185998970541
0.000186015205842
0.000186030773654
0.000186045847769
0.000186060608270
0.000186075238478
0.000186089921651
0.000186104837487
0.000186120158546
0.000186136046691
0.000186152649680
0.000186170098047
0.000186188502373
0.000186207951092
0.000186228508901
0.000186250215860
0.000186273087208
0.000186297113918
0.000186322263929
0.000186348484029
0.000186375702267
0.000186403830784
0.000186432768931
0.000186462406531
0.000186492627118
0.000186523311052
0.000186554338351
0.000186585591168
0.000186616955825
0.000186648324379
0.000186679595694
0.000186710676060
0.000186741479396
0.000186771927116
0.000186801947742
0.000186831476367
0.000186860454058
0.000186888827297
0.000186916547536
0.000186943570918
0.000186969858213
0.000186995374964
0.000187020091842
0.000187043985170
0.000187067037545
0.000187089238516
0.000187110585214
0.000187131082874
0.000187150745168
0.000187169594300
0.000187187660820
0.000187204983136
0.000187221606741
0.000187237583177
0.000187252968796
0.000187267823382
0.000187282208728
0.000187296187244
0.000187309820695
0.000187323169152
0.000187336290203
0.000187349238498
0.000187362065623
0.000187374820311
0.000187387548956
0.000187400296366
0.000187413106683
0.000187426024365
0.000187439095129
0.000187452366749
0.000187465889604
0.000187479716882
0.000187493904388
0.000187508509903
0.000187523592090
0.000187539208962
0.000187555415978
0.000187572263836
0.000187589796085
0.000187608046663
0.000187627037516
0.000187646776413
0.000187667255105
0.000187688447928
0.000187710310947
0.000187732781699
0.000187755779575
0.000187779206822
0.000187802950149
0.000187826882859
0.000187850867419
0.000187874758362
0.000187898405399
0.000187921656616
0.000187944361632
0.000187966374618
0.000187987557075
0.000188007780300
0.000188026927511
0.000188044895584
0.000188061596430
0.000188076958030
0.000188090925159
0.000188103459871
0.000188114541792
0.000188124168272
0.000188132354454
0.000188139133283
0.000188144555474
0.000188148689431
0.000188151621098
0.000188153453691
0.000188154307260
0.000188154318006
0.000188153637289
0.000188152430265
0.000188150874078
0.000188149155596
0.000188147468653
0.000188146010832
0.000188144979816
0.000188144569392
0.000188144965204
0.000188146340396
0.000188148851274
0.000188152633160
0.000188157796588
0.000188164424012
0.000188172567152
0.000188182245108
0.000188193443320
0.000188206113439
0.000188220174111
0.000188235512659
0.000188251987596
0.000188269431877
0.000188287656752
0.000188306456098
0.000188325611048
0.000188344894772
0.000188364077244
0.000188382929854
0.000188401229754
0.000188418763814
0.000188435332142
0.000188450751118
0.000188464855922
0.000188477502579
0.000188488569538
0.000188497958849
0.000188505596966
0.000188511435262
0.000188515450266
0.000188517643703
0.000188518042326
0.000188516697571
0.000188513685008
0.000188509103585
0.000188503074601
0.000188495740384
0.000188487262616
0.000188477820263
0.000188467607079
0.000188456828667
0.000188445699110
0.000188434437192
0.000188423262285
0.000188412389981
0.000188402027582
0.000188392369583
0.000188383593303
0.000188375854802
0.000188369285253
0.000188363987910
0.000188360035775
0.000188357470096
0.000188356299727
0.000188356501402
0.000188358020889
0.000188360775006
0.000188364654371
0.000188369526817
0.000188375241283
0.000188381632058
0.000188388523193
0.000188395732920
0.000188403077923
0.000188410377322
0.000188417456256
0.000188424148991
0.000188430301484
0.000188435773404
0.000188440439605
0.000188444191103
0.000188446935612
0.000188448597703
0.000188449118694
0.000188448456326
0.000188446584307
0.000188443491799
0.000188439182872
0.000188433675956
0.000188427003301
0.000188419210414
0.000188410355450
0.000188400508513
0.000188389750800
0.000188378173567
0.000188365876846
0.000188352967890
0.000188339559353
0.000188325767182
0.000188311708287
0.000188297498018
0.000188283247553
0.000188269061275
0.000188255034260
0.000188241249983
0.000188227778365
0.000188214674249
0.000188201976411
0.000188189707153
0.000188177872512
0.000188166463090
0.000188155455476
0.000188144814174
0.000188134493960
0.000188124442543
0.000188114603385
0.000188104918542
0.000188095331375
0.000188085789003
0.000188076244368
0.000188066657820
0.000188056998164
0.000188047243133
0.000188037379283
0.000188027401363
0.000188017311216
0.000188007116304
0.000187996827973
0.000187986459578
0.000187976024593
0.000187965534816
0.000187954998788
0.000187944420497
0.000187933798439
0.000187923125047
0.000187912386522
0.000187901563012
0.000187890629107
0.000187879554586
0.000187868305326
0.000187856844300
0.000187845132572
0.000187833130234
0.000187820797204
0.000187808093869
0.000187794981541
0.000187781422750
0.000187767381375
0.000187752822697
0.000187737713399
0.000187722021606
0.000187705717016
0.000187688771195
0.000187671158085
0.000187652854748
0.000187633842362
0.000187614107442
0.000187593643262
0.000187572451383
0.000187550543220
0.000187527941535
0.000187504681745
0.000187480812923
0.000187456398395
0.000187431515839
0.000187406256807
0.000187380725638
0.000187355037753
0.000187329317355
0.000187303694600
0.000187278302326
0.000187253272470
0.000187228732313
0.000187204800705
0.000187181584434
0.000187159174890
0.000187137645170
0.000187117047732
0.000187097412705
0.000187078746896
0.000187061033517
0.000187044232639
0.000187028282294
0.000187013100182
0.000186998585866
0.000186984623337
0.000186971083852
0.000186957828892
0.000186944713152
0.000186931587446
0.000186918301460
0.000186904706285
0.000186890656710
0.000186876013259
0.000186860643981
0.000186844426041
0.000186827247135
0.000186809006785
0.000186789617559
0.000186769006254
0.000186747115057
0.000186723902707
0.000186699345625
0.000186673438982
0.000186646197662
0.000186617657028
0.000186587873429
0.000186556924349
0.000186524908121
0.000186491943130
0.000186458166453
0.000186423731898
0.000186388807455
0.000186353572156
0.000186318212447
0.000186282918133
0.000186247878022
0.000186213275432
0.000186179283698
0.000186146061850
0.000186113750637
0.000186082469046
0.000186052311440
0.000186023345438
0.000185995610598
0.000185969117949
0.000185943850354
0.000185919763687
0.000185896788722
0.000185874833652
0.000185853787095
0.000185833521449
0.000185813896461
0.000185794762840
0.000185775965810
0.000185757348470
0.000185738754878
0.000185720032799
0.000185701036075
0.000185681626613
0.000185661676023
0.000185641066914
0.000185619693931
0.000185597464577
0.000185574299881
0.000185550134964
0.000185524919560
0.000185498618493
0.000185471212133
0.000185442696817
0.000185413085187
0.000185382406412
0.000185350706215
0.000185318046652
0.000185284505567
