0.000190538395089
0.000190568524636
0.000190598552819
0.000190628504861
0.000190658407836
0.000190688290237
0.000190718181466
0.000190748111271
0.000190778109133
0.000190808203634
0.000190838421816
0.000190868788560
0.000190899325981
0.000190930052875
0.000190960984209
0.000190992130668
0.000191023498259
0.000191055087978
0.000191086895544
0.000191118911202
0.000191151119598
0.000191183499752
0.000191216025120
0.000191248663789
0.000191281378785
0.000191314128552
0.000191346867567
0.000191379547147
0.000191412116399
0.000191444523343
0.000191476716155
0.000191508644522
0.000191540261055
0.000191571522718
0.000191602392207
0.000191632839240
0.000191662841684
0.000191692386474
0.000191721470286
0.000191750099910
0.000191778292324
0.000191806074446
0.000191833482566
0.000191860561495
0.000191887363429
0.000191913946601
0.000191940373738
0.000191966710387
0.000191993023157
0.000192019377930
0.000192045838079
0.000192072462755
0.000192099305264
0.000192126411586
0.000192153819060
0.000192181555265
0.000192209637128
0.000192238070281
0.000192266848679
0.000192295954511
0.000192325358410
0.000192355019969
0.000192384888565
0.000192414904490
0.000192445000361
0.000192475102791
0.000192505134274
0.000192535015237
0.000192564666199
0.000192594009969
0.000192622973807
0.000192651491475
0.000192679505104
0.000192706966819
0.000192733840046
0.000192760100474
0.000192785736637
0.000192810750093
0.000192835155216
0.000192858978607
0.000192882258162
0.000192905041841
0.000192927386184
0.000192949354633
0.000192971015721
0.000192992441183
0.000193013704048
0.000193034876750
0.000193056029325
0.000193077227703
0.000193098532156
0.000193119995903
0.000193141663920
0.000193163571949
0.000193185745740
0.000193208200538
0.000193230940809
0.000193253960239
0.000193277241983
0.000193300759180
0.000193324475718
0.000193348347232
0.000193372322313
0.000193396343889
0.000193420350755
0.000193444279171
0.000193468064519
0.000193491642923
0.000193514952812
0.000193537936347
0.000193560540697
0.000193582719100
0.000193604431713
0.000193625646210
0.000193646338156
0.000193666491145
0.000193686096732
0.000193705154189
0.000193723670111
0.000193741657902
0.000193759137193
0.000193776133190
0.000193792676004
0.000193808799963
0.000193824542925
0.000193839945587
0.000193855050803
0.000193869902897
0.000193884546962
0.000193899028161
0.000193913390997
0.000193927678589
0.000193941931932
0.000193956189164
0.000193970484861
0.000193984849361
0.000193999308159
0.000194013881371
0.000194028583295
0.000194043422081
0.000194058399522
0.000194073510959
0.000194088745310
0.000194104085212
0.000194119507273
0.000194134982407
0.000194150476267
0.000194165949741
0.000194181359522
0.000194196658737
0.000194211797644
0.000194226724381
0.000194241385801
0.000194255728355
0.000194269699065
0.000194283246551
0.000194296322128
0.000194308880930
0.000194320883069
0.000194332294770
0.000194343089452
0.000194353248725
0.000194362763233
0.000194371633316
0.000194379869445
0.000194387492385
0.000194394533077
0.000194401032211
0.000194407039491
0.000194412612612
0.000194417815965
0.000194422719110
0.000194427395070
0.000194431918486
0.000194436363698
0.000194440802820
0.000194445303841
0.000194449928833
0.000194454732292
0.000194459759669
0.000194465046108
0.000194470615443
0.000194476479443
0.000194482637351
0.000194489075712
0.000194495768492
0.000194502677508
0.000194509753149
0.000194516935391
0.000194524155100
0.000194531335585
0.000194538394398
0.000194545245333
0.000194551800581
0.000194557972994
0.000194563678391
0.000194568837848
0.000194573379886
0.000194577242501
0.000194580374952
0.000194582739248
0.000194584311278
0.000194585081541
0.000194585055443
0.000194584253161
0.000194582709059
0.000194580470706
0.000194577597510
0.000194574159028
0.000194570233022
0.000194565903312
0.000194561257512
0.000194556384714
0.000194551373182
0.000194546308140
0.000194541269671
0.000194536330819
0.000194531555892
0.000194526999027
0.000194522703014
0.000194518698417
0.000194515002989
0.000194511621393
0.000194508545228
0.000194505753364
0.000194503212570
0.000194500878428
0.000194498696521
0.000194496603860
0.000194494530526
0.000194492401479
0.000194490138505
0.000194487662220
0.000194484894101
0.000194481758466
0.000194478184344
0.000194474107185
0.000194469470352
0.000194464226350
0.000194458337772
0.000194451777923
0.000194444531141
0.000194436592795
0.000194427969010
0.000194418676117
0.000194408739894
0.000194398194624
0.000194387082018
0.000194375450047
0.000194363351722
0.000194350843856
0.000194337985838
0.000194324838428
0.000194311462609
0.000194297918479
0.000194284264209
0.000194270555056
0.000194256842444
0.000194243173113
0.000194229588336
0.000194216123229
0.000194202806151
0.000194189658219
0.000194176692938
0.000194163915985
0.000194151325129
0.000194138910317
0.000194126653913
0.000194114531104
0.000194102510438
0.000194090554501
0.000194078620699
0.000194066662128
0.000194054628505
0.000194042467135
0.000194030123891
0.000194017544193
0.000194004673965
0.000193991460575
0.000193977853727
0.000193963806336
0.000193949275361
0.000193934222607
0.000193918615488
0.000193902427761
0.000193885640195
0.000193868241184
0.000193850227269
0.000193831603548
0.000193812383944
0.000193792591307
0.000193772257312
0.000193751422145
0.000193730133951
0.000193708448036
0.000193686425842
0.000193664133696
0.000193641641364
0.000193619020456
0.000193596342716
0.000193573678264
0.000193551093829
0.000193528651046
0.000193506404852
0.000193484402051
0.000193462680070
0.000193441265949
0.000193420175586
0.000193399413258
0.000193378971414
0.000193358830750
0.000193338960563
0.000193319319358
0.000193299855718
0.000193280509400
0.000193261212650
0.000193241891709
0.000193222468501
0.000193202862444
0.000193182992389
0.000193162778614
0.000193142144853
0.000193121020300
0.000193099341532
0.000193077054294
0.000193054115097
0.000193030492560
0.000193006168443
0.000192981138339
0.000192955411982
0.000192929013144
0.000192901979133
0.000192874359884
0.000192846216683
0.000192817620554
0.000192788650372
0.000192759390761
0.000192729929844
0.000192700356932
0.000192670760209
0.000192641224493
0.000192611829134
0.000192582646100
0.000192553738301
0.000192525158176
0.000192496946582
0.000192469131977
0.000192441729929
0.000192414742925
0.000192388160497
0.000192361959635
0.000192336105490
0.000192310552334
0.000192285244768
0.000192260119156
0.000192235105239
0.000192210127918
0.000192185109157
0.000192159969952
0.000192134632343
0.000192109021385
0.000192083067049
0.000192056705979
0.000192029883060
0.000192002552750
0.000191974680122
0.000191946241606
0.000191917225391
0.000191887631499
0.000191857471523
0.000191826768062
0.000191795553880
0.000191763870829
0.000191731768588
0.000191699303264
0.000191666535910
0.000191633531010
0.000191600354972
0.000191567074659
0.000191533756013
0.000191500462753
0.000191467255204
0.000191434189232
0.000191401315311
0.000191368677707
0.000191336313797
0.000191304253504
0.000191272518872
0.000191241123765
0.000191210073713
0.000191179365904
0.000191148989327
0.000191118925073
0.000191089146806
0.000191059621377
0.000191030309597
0.000191001167141
0.000190972145555
0.000190943193363
0.000190914257214
0.000190885283061
