0.000209782912786
0.000209830067669
0.000209877506302
0.000209925208982
0.000209973148743
0.000210021292152
0.000210069600244
0.000210118029578
0.000210166533371
0.000210215062687
0.000210263567655
0.000210311998684
0.000210360307646
0.000210408449010
0.000210456380906
0.000210504066086
0.000210551472772
0.000210598575367
0.000210645355017
0.000210691800000
0.000210737905933
0.000210783675803
0.000210829119790
0.000210874254915
0.000210919104499
0.000210963697456
0.000211008067438
0.000211052251854
0.000211096290792
0.000211140225872
0.000211184099059
0.000211227951480
0.000211271822256
0.000211315747396
0.000211359758770
0.000211403883186
0.000211448141605
0.000211492548490
0.000211537111334
0.000211581830356
0.000211626698392
0.000211671700981
0.000211716816654
0.000211762017416
0.000211807269429
0.000211852533867
0.000211897767931
0.000211942926006
0.000211987960911
0.000212032825218
0.000212077472592
0.000212121859113
0.000212165944528
0.000212209693397
0.000212253076086
0.000212296069583
0.000212338658098
0.000212380833435
0.000212422595128
0.000212463950325
0.000212504913447
0.000212545505624
0.000212585753922
0.000212625690411
0.000212665351080
0.000212704774647
0.000212744001304
0.000212783071419
0.000212822024250
0.000212860896702
0.000212899722163
0.000212938529457
0.000212977341946
0.000213016176806
0.000213055044510
0.000213093948522
0.000213132885228
0.000213171844087
0.000213210808018
0.000213249753991
0.000213288653807
0.000213327475030
0.000213366182046
0.000213404737195
0.000213443101942
0.000213481238037
0.000213519108628
0.000213556679290
0.000213593918932
0.000213630800565
0.000213667301905
0.000213703405808
0.000213739100529
0.000213774379806
0.000213809242783
0.000213843693776
0.000213877741905
0.000213911400600
0.000213944687017
0.000213977621360
0.000214010226156
0.000214042525489
0.000214074544215
0.000214106307192
0.000214137838530
0.000214169160903
0.000214200294917
0.000214231258570
0.000214262066816
0.000214292731232
0.000214323259798
0.000214353656801
0.000214383922842
0.000214414054950
0.000214444046786
0.000214473888918
0.000214503569165
0.000214533072978
0.000214562383851
0.000214591483747
0.000214620353530
0.000214648973389
0.000214677323258
0.000214705383221
0.000214733133898
0.000214760556823
0.000214787634799
0.000214814352231
0.000214840695440
0.000214866652940
0.000214892215681
0.000214917377242
0.000214942133969
0.000214966485049
0.000214990432515
0.000215013981171
0.000215037138444
0.000215059914162
0.000215082320256
0.000215104370404
0.000215126079625
0.000215147463829
0.000215168539341
0.000215189322416
0.000215209828751
0.000215230073010
0.000215250068379
0.000215269826147
0.000215289355349
0.000215308662450
0.000215327751106
0.000215346621998
0.000215365272743
0.000215383697907
0.000215401889105
0.000215419835205
0.000215437522624
0.000215454935728
0.000215472057306
0.000215488869121
0.000215505352513
0.000215521489023
0.000215537261036
0.000215552652385
0.000215567648911
0.000215582238953
0.000215596413726
0.000215610167598
0.000215623498232
0.000215636406594
0.000215648896837
0.000215660976060
0.000215672653948
0.000215683942331
0.000215694854662
0.000215705405447
0.000215715609646
0.000215725482077
0.000215735036826
0.000215744286704
0.000215753242758
0.000215761913860
0.000215770306371
0.000215778423917
0.000215786267266
0.000215793834319
0.000215801120214
0.000215808117542
0.000215814816677
0.000215821206188
0.000215827273340
0.000215833004649
0.000215838386474
0.000215843405615
0.000215848049892
0.000215852308674
0.000215856173338
0.000215859637630
0.000215862697906
0.000215865353262
0.000215867605521
0.000215869459102
0.000215870920773
0.000215871999293
0.000215872704987
0.000215873049250
0.000215873044024
0.000215872701264
0.000215872032419
0.000215871047950
0.000215869756892
0.000215868166502
0.000215866281965
0.000215864106202
0.000215861639761
0.000215858880804
0.000215855825177
0.000215852466582
0.000215848796814
0.000215844806082
0.000215840483390
0.000215835816966
0.000215830794725
0.000215825404749
0.000215819635762
0.000215813477589
0.000215806921561
0.000215799960873
0.000215792590856
0.000215784809165
0.000215776615873
0.000215768013463
0.000215759006730
0.000215749602593
0.000215739809831
0.000215729638768
0.000215719100904
0.000215708208532
0.000215696974346
0.000215685411057
0.000215673531032
0.000215661345967
0.000215648866591
0.000215636102424
0.000215623061564
0.000215609750525
0.000215596174113
0.000215582335336
0.000215568235362
0.000215553873502
0.000215539247234
0.000215524352268
0.000215509182645
0.000215493730874
0.000215477988108
0.000215461944353
0.000215445588716
0.000215428909668
0.000215411895341
0.000215394533825
0.000215376813479
0.000215358723237
0.000215340252903
0.000215321393433
0.000215302137195
0.000215282478207
0.000215262412350
0.000215241937552
0.000215221053938
0.000215199763959
0.000215178072463
0.000215155986746
0.000215133516530
0.000215110673901
0.000215087473173
0.000215063930676
0.000215040064478
0.000215015894018
0.000214991439667
0.000214966722218
0.000214941762323
0.000214916579882
0.000214891193421
0.000214865619466
0.000214839871952
0.000214813961687
0.000214787895892
0.000214761677850
0.000214735306667
0.000214708777174
0.000214682079956
0.000214655201542
0.000214628124718
0.000214600828984
0.000214573291125
0.000214545485892
0.000214517386763
0.000214488966779
0.000214460199413
0.000214431059464
0.000214401523937
0.000214371572889
0.000214341190207
0.000214310364301
0.000214279088665
0.000214247362304
0.000214215189987
0.000214182582319
0.000214149555620
0.000214116131599
0.000214082336842
0.000214048202112
0.000214013761495
0.000213979051400
0.000213944109481
0.000213908973479
0.000213873680067
0.000213838263706
0.000213802755576
0.000213767182613
0.000213731566681
0.000213695923910
0.000213660264219
0.000213624591040
0.000213588901240
0.000213553185250
0.000213517427392
0.000213481606382
0.000213445696009
0.000213409665954
0.000213373482739
0.000213337110762
0.000213300513407
0.000213263654185
0.000213226497874
0.000213189011632
0.000213151166039
0.000213112936042
0.000213074301773
0.000213035249203
0.000212995770626
0.000212955864946
0.000212915537763
0.000212874801252
0.000212833673852
0.000212792179765
0.000212750348295
0.000212708213051
0.000212665811033
0.000212623181646
0.000212580365667
0.000212537404184
0.000212494337561
0.000212451204425
0.000212408040723
0.000212364878853
0.000212321746890
0.000212278667925
0.000212235659521
0.000212192733312
0.000212149894730
0.000212107142891
0.000212064470632
0.000212021864701
0.000211979306107
0.000211936770623
0.000211894229426
0.000211851649870
0.000211808996375
0.000211766231404
0.000211723316501
0.000211680213374
0.000211636884980
0.000211593296593
0.000211549416812
0.000211505218504
0.000211460679629
0.000211415783956
0.000211370521627
0.000211324889567
0.000211278891736
0.000211232539196
0.000211185850009
0.000211138848949
0.000211091567044
0.000211044040937
0.000210996312088
0.000210948425825
0.000210900430258
0.000210852375083
0.000210804310304
0.000210756284907
0.000210708345514
0.000210660535072
0.000210612891605
0.000210565447086
0.000210518226457
0.000210471246837
0.000210424516957
0.000210378036833
0.000210331797702
