0.000385116044930
0.000384946615957
0.000384780836039
0.000384618799219
0.000384460598286
0.000384306324734
0.000384156068716
0.000384009919001
0.000383867962933
0.000383730286389
0.000383596973739
0.000383468107802
0.000383343769813
0.000383224039378
0.000383108994441
0.000382998711241
0.000382893264282
0.000382792726290
0.000382697168186
0.000382606659045
0.000382521266065
0.000382441054535
0.000382366087804
0.000382296427246
0.000382232132236
0.000382173260115
0.000382119866166
0.000382072003583
0.000382029723449
0.000381993074704
0.000381962104126
0.000381936856305
0.000381917373621
0.000381903696219
0.000381895861992
0.000381893906560
0.000381897863248
0.000381907763072
0.000381923634720
0.000381945504535
0.000381973396503
0.000382007332233
0.000382047330953
0.000382093409487
0.000382145582253
0.000382203861248
0.000382268256040
0.000382338773762
0.000382415419099
0.000382498194291
0.000382587099120
0.000382682130909
0.000382783284519
0.000382890552349
0.000383003924332
0.000383123387935
0.000383248928164
0.000383380527561
0.000383518166211
0.000383661821745
0.000383811469344
0.000383967081749
0.000384128629263
0.000384296079763
0.000384469398706
0.000384648549144
0.000384833491731
0.000385024184738
0.000385220584062
0.000385422643246
0.000385630313490
0.000385843543668
0.000386062280346
0.000386286467799
0.000386516048030
0.000386750960791
0.000386991143601
0.000387236531773
0.000387487058430
0.000387742654534
0.000388003248907
0.000388268768258
0.000388539137209
0.000388814278321
0.000389094112122
0.000389378557138
0.000389667529919
0.000389960945072
0.000390258715291
0.000390560751388
0.000390866962327
0.000391177255258
0.000391491535549
0.000391809706823
0.000392131670993
0.000392457328296
0.000392786577334
0.000393119315108
0.000393455437059
0.000393794837106
0.000394137407684
0.000394483039788
0.000394831623009
0.000395183045579
0.000395537194411
0.000395893955142
0.000396253212178
0.000396614848732
0.000396978746875
0.000397344787575
0.000397712850743
0.000398082815283
0.000398454559128
0.000398827959298
0.000399202891938
0.000399579232366
0.000399956855123
0.000400335634022
0.000400715442188
0.000401096152117
0.000401477635713
0.000401859764348
0.000402242408902
0.000402625439816
0.000403008727142
0.000403392140590
0.000403775549580
0.000404158823290
0.000404541830708
0.000404924440679
0.000405306521958
0.000405687943258
0.000406068573302
0.000406448280870
0.000406826934854
0.000407204404304
0.000407580558480
0.000407955266901
0.000408328399395
0.000408699826151
0.000409069417767
0.000409437045297
0.000409802580307
0.000410165894917
0.000410526861855
0.000410885354503
0.000411241246948
0.000411594414029
0.000411944731384
0.000412292075498
0.000412636323755
0.000412977354477
0.000413315046978
0.000413649281606
0.000413979939790
0.000414306904089
0.000414630058230
0.000414949287159
0.000415264477085
0.000415575515518
0.000415882291320
0.000416184694741
0.000416482617466
0.000416775952655
0.000417064594983
0.000417348440683
0.000417627387583
0.000417901335150
0.000418170184523
0.000418433838555
0.000418692201850
0.000418945180798
0.000419192683613
0.000419434620369
0.000419670903031
0.000419901445493
0.000420126163610
0.000420344975230
0.000420557800225
0.000420764560525
0.000420965180145
0.000421159585215
0.000421347704011
0.000421529466979
0.000421704806766
0.000421873658241
0.000422035958526
0.000422191647018
0.000422340665409
0.000422482957715
0.000422618470293
0.000422747151863
0.000422868953530
0.000422983828801
0.000423091733602
0.000423192626299
0.000423286467709
0.000423373221122
0.000423452852309
0.000423525329540
0.000423590623592
0.000423648707767
0.000423699557894
0.000423743152347
0.000423779472048
0.000423808500478
0.000423830223680
0.000423844630269
0.000423851711433
0.000423851460939
0.000423843875134
0.000423828952948
0.000423806695895
0.000423777108073
0.000423740196158
0.000423695969411
0.000423644439664
0.000423585621327
0.000423519531371
0.000423446189333
0.000423365617301
0.000423277839910
0.000423182884329
0.000423080780258
0.000422971559908
0.000422855257996
0.000422731911728
0.000422601560789
0.000422464247323
0.000422320015921
0.000422168913605
0.000422010989805
0.000421846296348
0.000421674887431
0.000421496819607
0.000421312151760
0.000421120945082
0.000420923263055
0.000420719171421
0.000420508738161
0.000420292033468
0.000420069129722
0.000419840101459
0.000419605025347
0.000419363980157
0.000419117046728
0.000418864307944
0.000418605848696
0.000418341755853
0.000418072118230
0.000417797026554
0.000417516573427
0.000417230853295
0.000416939962408
0.000416643998789
0.000416343062191
0.000416037254065
0.000415726677516
0.000415411437269
0.000415091639627
0.000414767392431
0.000414438805018
0.000414105988183
0.000413769054134
0.000413428116451
0.000413083290044
0.000412734691107
0.000412382437075
0.000412026646582
0.000411667439414
0.000411304936463
0.000410939259684
0.000410570532046
0.000410198877489
0.000409824420873
0.000409447287934
0.000409067605238
0.000408685500128
0.000408301100681
0.000407914535656
0.000407525934450
0.000407135427044
0.000406743143957
0.000406349216198
0.000405953775213
0.000405556952841
0.000405158881257
0.000404759692929
0.000404359520565
0.000403958497064
0.000403556755465
0.000403154428901
0.000402751650541
0.000402348553549
0.000401945271029
0.000401541935976
0.000401138681227
0.000400735639410
0.000400332942896
0.000399930723749
0.000399529113675
0.000399128243975
0.000398728245495
0.000398329248579
0.000397931383015
0.000397534777994
0.000397139562058
0.000396745863052
0.000396353808076
0.000395963523440
0.000395575134619
0.000395188766198
0.000394804541837
0.000394422584217
0.000394043014998
0.000393665954774
0.000393291523028
0.000392919838089
0.000392551017087
0.000392185175911
0.000391822429167
0.000391462890135
0.000391106670728
0.000390753881450
0.000390404631360
0.000390059028025
0.000389717177489
0.000389379184230
0.000389045151120
0.000388715179395
0.000388389368613
0.000388067816618
0.000387750619510
0.000387437871604
0.000387129665402
0.000386826091558
0.000386527238844
0.000386233194122
0.000385944042311
0.000385659866359
0.000385380747213
0.000385106763792
0.000384837992957
0.000384574509487
0.000384316386054
0.000384063693197
0.000383816499296
0.000383574870553
0.000383338870970
0.000383108562322
0.000382884004143
0.000382665253705
0.000382452365997
0.000382245393712
0.000382044387227
0.000381849394586
0.000381660461491
0.000381477631283
0.000381300944934
0.000381130441029
0.000380966155760
0.000380808122918
0.000380656373878
0.000380510937595
0.000380371840598
0.000380239106982
0.000380112758405
0.000379992814082
0.000379879290785
0.000379772202839
0.000379671562122
0.000379577378066
0.000379489657657
0.000379408405438
0.000379333623513
0.000379265311547
0.000379203466779
0.000379148084022
0.000379099155672
0.000379056671716
0.000379020619745
0.000378990984957
0.000378967750176
0.000378950895859
0.000378940400111
0.000378936238700
0.000378938385072
0.000378946810365
0.000378961483430
0.000378982370845
0.000379009436938
0.000379042643804
0.000379081951328
0.000379127317204
0.000379178696962
0.000379236043988
0.000379299309552
0.000379368442829
0.000379443390930
0.000379524098926
0.000379610509878
