0.000220348670723
0.000220405785486
0.000220463064837
0.000220520479831
0.000220577997049
0.000220635579604
0.000220693188246
0.000220750782511
0.000220808321887
0.000220865766968
0.000220923080542
0.000220980228604
0.000221037181250
0.000221093913439
0.000221150405600
0.000221206644065
0.000221262621328
0.000221318336115
0.000221373793271
0.000221429003465
0.000221483982724
0.000221538751815
0.000221593335483
0.000221647761579
0.000221702060098
0.000221756262157
0.000221810398948
0.000221864500692
0.000221918595626
0.000221972709063
0.000222026862536
0.000222081073064
0.000222135352556
0.000222189707370
0.000222244138043
0.000222298639190
0.000222353199584
0.000222407802416
0.000222462425712
0.000222517042923
0.000222571623642
0.000222626134455
0.000222680539886
0.000222734803409
0.000222788888508
0.000222842759744
0.000222896383793
0.000222949730433
0.000223002773427
0.000223055491294
0.000223107867925
0.000223159893018
0.000223211562336
0.000223262877752
0.000223313847095
0.000223364483795
0.000223414806338
0.000223464837554
0.000223514603757
0.000223564133765
0.000223613457848
0.000223662606614
0.000223711609899
0.000223760495676
0.000223809289036
0.000223858011263
0.000223906679041
0.000223955303819
0.000224003891357
0.000224052441462
0.000224100947933
0.000224149398710
0.000224197776232
0.000224246057971
0.000224294217155
0.000224342223615
0.000224390044766
0.000224437646650
0.000224484995025
0.000224532056454
0.000224578799349
0.000224625194941
0.000224671218132
0.000224716848214
0.000224762069418
0.000224806871283
0.000224851248842
0.000224895202611
0.000224938738396
0.000224981866925
0.000225024603329
0.000225066966474
0.000225108978201
0.000225150662470
0.000225192044460
0.000225233149642
0.000225274002867
0.000225314627489
0.000225355044553
0.000225395272077
0.000225435324449
0.000225475211950
0.000225514940421
0.000225554511090
0.000225593920541
0.000225633160844
0.000225672219824
0.000225711081458
0.000225749726392
0.000225788132548
0.000225826275796
0.000225864130688
0.000225901671198
0.000225938871476
0.000225975706574
0.000226012153134
0.000226048190008
0.000226083798815
0.000226118964403
0.000226153675210
0.000226187923529
0.000226221705647
0.000226255021881
0.000226287876491
0.000226320277478
0.000226352236280
0.000226383767355
0.000226414887682
0.000226445616180
0.000226475973064
0.000226505979162
0.000226535655207
0.000226565021126
0.000226594095358
0.000226622894207
0.000226651431262
0.000226679716901
0.000226707757894
0.000226735557112
0.000226763113369
0.000226790421381
0.000226817471862
0.000226844251750
0.000226870744552
0.000226896930815
0.000226922788689
0.000226948294583
0.000226973423894
0.000226998151776
0.000227022453936
0.000227046307417
0.000227069691366
0.000227092587725
0.000227114981845
0.000227136862990
0.000227158224704
0.000227179065034
0.000227199386594
0.000227219196457
0.000227238505895
0.000227257329957
0.000227275686905
0.000227293597537
0.000227311084408
0.000227328170993
0.000227344880806
0.000227361236524
0.000227377259140
0.000227392967171
0.000227408375969
0.000227423497132
0.000227438338059
0.000227452901658
0.000227467186210
0.000227481185406
0.000227494888549
0.000227508280918
0.000227521344270
0.000227534057486
0.000227546397306
0.000227558339155
0.000227569858008
0.000227580929276
0.000227591529664
0.000227601637983
0.000227611235883
0.000227620308463
0.000227628844764
0.000227636838100
0.000227644286241
0.000227651191426
0.000227657560217
0.000227663403206
0.000227668734583
0.000227673571585
0.000227677933857
0.000227681842733
0.000227685320483
0.000227688389537
0.000227691071720
0.000227693387522
0.000227695355422
0.000227696991291
0.000227698307890
0.000227699314476
0.000227700016528
0.000227700415602
0.000227700509313
0.000227700291448
0.000227699752201
0.000227698878523
0.000227697654572
0.000227696062247
0.000227694081790
0.000227691692433
0.000227688873069
0.000227685602924
0.000227681862211
0.000227677632751
0.000227672898534
0.000227667646208
0.000227661865496
0.000227655549510
0.000227648694975
0.000227641302339
0.000227633375788
0.000227624923148
0.000227615955682
0.000227606487792
0.000227596536620
0.000227586121566
0.000227575263737
0.000227563985326
0.000227552308951
0.000227540256970
0.000227527850785
0.000227515110165
0.000227502052607
0.000227488692751
0.000227475041886
0.000227461107543
0.000227446893210
0.000227432398172
0.000227417617485
0.000227402542093
0.000227387159070
0.000227371452015
0.000227355401548
0.000227338985930
0.000227322181767
0.000227304964788
0.000227287310664
0.000227269195857
0.000227250598457
0.000227231498984
0.000227211881131
0.000227191732417
0.000227171044721
0.000227149814680
0.000227128043934
0.000227105739197
0.000227082912148
0.000227059579157
0.000227035760821
0.000227011481355
0.000226986767839
0.000226961649352
0.000226936156023
0.000226910318033
0.000226884164614
0.000226857723059
0.000226831017805
0.000226804069609
0.000226776894849
0.000226749504973
0.000226721906126
0.000226694098950
0.000226666078585
0.000226637834857
0.000226609352649
0.000226580612449
0.000226551591047
0.000226522262368
0.000226492598404
0.000226462570218
0.000226432148982
0.000226401307018
0.000226370018797
0.000226338261870
0.000226306017695
0.000226273272320
0.000226240016919
0.000226206248146
0.000226171968296
0.000226137185281
0.000226101912414
0.000226066168012
0.000226029974834
0.000225993359386
0.000225956351100
0.000225918981433
0.000225881282910
0.000225843288139
0.000225805028840
0.000225766534903
0.000225727833523
0.000225688948411
0.000225649899131
0.000225610700562
0.000225571362505
0.000225531889447
0.000225492280494
0.000225452529459
0.000225412625119
0.000225372551623
0.000225332289040
0.000225291814036
0.000225251100654
0.000225210121174
0.000225168847030
0.000225127249752
0.000225085301908
0.000225042978017
0.000225000255402
0.000224957114965
0.000224913541858
0.000224869526030
0.000224825062633
0.000224780152284
0.000224734801164
0.000224689020957
0.000224642828628
0.000224596246039
0.000224549299420
0.000224502018703
0.000224454436727
0.000224406588348
0.000224358509471
0.000224310236027
0.000224261802932
0.000224213243061
0.000224164586257
0.000224115858427
0.000224067080737
0.000224018268960
0.000223969432967
0.000223920576418
0.000223871696640
0.000223822784711
0.000223773825756
0.000223724799429
0.000223675680591
0.000223626440147
0.000223577046027
0.000223527464273
0.000223477660207
0.000223427599638
0.000223377250061
0.000223326581835
0.000223275569266
0.000223224191589
0.000223172433795
0.000223120287282
0.000223067750306
0.000223014828204
0.000222961533389
0.000222907885104
0.000222853908946
0.000222799636174
0.000222745102813
0.000222690348593
0.000222635415760
0.000222580347789
0.000222525188049
0.000222469978475
0.000222414758275
0.000222359562736
0.000222304422152
0.000222249360923
0.000222194396846
0.000222139540625
0.000222084795616
0.000222030157806
0.000221975616036
0.000221921152454
0.000221866743180
0.000221812359168
0.000221757967232
0.000221703531201
0.000221649013176
0.000221594374835
0.000221539578753
0.000221484589699
0.000221429375849
0.000221373909900
0.000221318170032
0.000221262140692
0.000221205813183
0.000221149186026
0.000221092265091
0.000221035063506
