0.002021532387393
0.002026332050177
0.002031438736829
0.002036792455228
0.002042329056736
0.002047980977073
0.002053678031461
0.002059348254972
0.002064918778337
0.002070316728889
0.002075470145856
0.002080308898894
0.002084765598544
0.002088776487229
0.002092282299491
0.002095229080373
0.002097568951201
0.002099260812514
0.002100270974507
0.002100573706084
0.002100151694510
0.002098996408589
0.002097108359394
0.002094497253721
0.002091182036681
0.002087190821130
0.002082560702997
0.002077337462917
0.002071575155985
0.002065335592820
0.002058687716498
0.002051706881238
0.002044474040013
0.002037074849461
0.002029598701599
0.002022137692872
0.002014785542003
0.002007636468868
0.002000784047322
0.001994320045386
0.001988333266566
0.001982908406317
0.001978124937636
0.001974056039708
0.001970767583189
0.001968317185264
0.001966753347002
0.001966114684741
0.001966429266294
0.001967714061724
0.001969974517206
0.001973204259180
0.001977384934579
0.001982486191406
0.001988465802325
0.001995269932314
0.002002833549739
0.002011080978519
0.002019926587344
0.002029275610265
0.002039025091324
0.002049064944330
0.002059279117419
0.002069546850613
0.002079744013368
0.002089744507919
0.002099421723266
0.002108650023808
0.002117306255968
0.002125271255683
0.002132431339350
0.002138679760710
0.002143918116293
0.002148057682324
0.002151020666526
0.002152741358942
0.002153167166811
0.002152259519600
0.002149994631555
0.002146364110540
0.002141375403510
0.002135052070623
0.002127433881845
0.002118576731756
0.002108552370274
0.002097447949021
0.002085365385111
0.002072420546213
0.002058742262796
0.002044471175438
0.002029758427088
0.002014764211977
0.001999656194666
0.001984607814353
0.001969796491011
0.001955401751308
0.001941603293340
0.001928579010194
0.001916502993081
0.001905543535281
0.001895861158471
0.001887606683017
0.001880919363673
0.001875925111696
0.001872734823751
0.001871442837082
0.001872125529368
0.001874840080324
0.001879623410635
0.001886491312112
0.001895437781061
0.001906434564912
0.001919430929935
0.001934353655695
0.001951107259513
0.001969574451847
0.001989616821059
0.002011075743631
0.002033773513452
0.002057514681461
0.002082087594626
0.002107266121027
0.002132811545770
0.002158474620492
0.002183997747473
0.002209117277784
0.002233565901529
0.002257075107083
0.002279377685313
0.002300210254092
0.002319315778002
0.002336446057977
0.002351364165707
0.002363846798053
0.002373686527311
0.002380693924075
0.002384699530588
0.002385555663852
0.002383138029350
0.002377347128085
0.002368109441591
0.002355378381783
0.002339134994820
0.002319388410569
0.002296176031848
0.002269563460188
0.002239644157528
0.002206538845939
0.002170394650092
0.002131383989847
0.002089703232844
0.002045571119456
0.001999226974786
0.001950928724553
0.001900950733757
0.001849581488804
0.001797121145381
0.001743878965768
0.001690170670391
0.001636315729298
0.001582634619862
0.001529446077348
0.001477064365047
0.001425796590459
0.001375940093540
0.001327779932241
0.001281586489584
0.001237613225215
0.001196094592902
0.001157244143698
0.001121252832573
0.001088287544217
0.001058489851421
0.001031975017095
0.001008831248412
0.000989119209031
0.000972871792680
0.000960094158716
0.000950764027637
0.000944832231844
0.000942223514434
0.000942837566283
0.000946550289316
0.000953215271630
0.000962665458083
0.000974714998031
0.000989161250271
0.001005786923735
0.001024362331270
0.001044647732877
0.001066395744019
0.001089353784183
0.001113266540659
0.001137878422599
0.001162935980719
0.001188190268649
0.001213399122743
0.001238329338278
0.001262758721278
0.001286477996726
0.001309292555652
0.001331024025477
0.001351511650042
0.001370613467923
0.001388207279908
0.001404191398868
0.001418485177647
0.001431029313047
0.001441785926369
0.001450738423398
0.001457891139031
0.001463268774013
0.001466915633371
0.001468894678179
0.001469286404121
0.001468187562019
0.001465709737003
0.001461977804287
0.001457128280596
0.001451307591144
0.001444670272682
0.001437377133514
0.001429593391503
0.001421486811005
0.001413225859310
0.001404977902600
0.001396907460641
0.001389174538421
0.001381933051728
0.001375329362303
0.001369500936621
0.001364575140694
0.001360668181459
0.001357884203389
0.001356314547019
0.001356037173974
0.001357116261082
0.001359601964041
0.001363530349082
0.001368923489065
0.001375789718517
0.001384124040278
0.001393908674719
0.001405113740876
0.001417698057446
0.001431610050292
0.001446788752042
0.001463164878462
0.001480661965608
0.001499197551272
0.001518684383978
0.001539031642750
0.001560146151007
0.001581933568356
0.001604299544605
0.001627150821098
0.001650396265466
0.001673947826959
0.001697721400873
0.001721637591963
0.001745622368310
0.001769607598720
0.001793531468487
0.001817338770093
0.001840981067248
0.001864416732480
0.001887610860284
0.001910535059595
0.001933167131078
0.001955490636305
0.001977494367463
0.001999171727567
0.002020520032478
0.002041539747060
0.002062233668787
0.002082606072841
0.002102661833290
0.002122405535316
0.002141840593591
0.002160968391869
0.002179787458591
0.002198292692849
0.002216474654404
0.002234318930582
0.002251805591899
0.002268908747015
0.002285596206343
0.002301829262107
0.002317562591097
0.002332744284661
0.002347316008716
0.002361213294766
0.002374365961040
0.002386698661047
0.002398131555001
0.002408581097771
0.002417960935294
0.002426182899759
0.002433158092315
0.002438798040663
0.002443015917643
0.002445727805826
0.002446853992182
0.002446320276232
0.002444059274491
0.002440011703776
0.002434127625798
0.002426367635624
0.002416703976918
0.002405121567449
0.002391618919123
0.002376208937780
0.002358919589188
0.002339794419013
0.002318892916095
0.002296290710031
0.002272079595881
0.002246367380773
0.002219277549162
0.002190948745625
0.002161534076179
0.002131200231298
0.002100126435891
0.002068503233685
0.002036531115458
0.002004419002567
0.001972382599080
0.001940642627549
0.001909422965069
0.001878948697656
0.001849444112241
0.001821130646564
0.001794224818096
0.001768936153656
0.001745465141758
0.001724001229793
0.001704720888016
0.001687785761884
0.001673340933660
0.001661513313294
0.001652410177479
0.001646117874418
0.001642700710311
0.001642200031798
0.001644633516670
0.001649994683119
0.001658252625533
0.001669351982565
0.001683213140781
0.001699732674742
0.001718784021851
0.001740218387855
0.001763865876350
0.001789536833274
0.001817023394992
0.001846101226353
0.001876531432988
0.001908062630162
0.001940433148709
0.001973373357006
0.002006608076575
0.002039859067744
0.002072847560954
0.002105296808599
0.002136934631986
0.002167495937840
0.002196725178978
0.002224378734227
0.002250227183328
0.002274057453578
0.002295674816165
0.002314904711594
0.002331594385305
0.002345614316469
0.002356859425005
0.002365250044116
0.002370732648018
0.002373280327037
0.002372893004806
0.002369597394987
0.002363446697577
0.002354520037567
0.002342921651374
0.002328779829065
0.002312245622932
0.002293491335381
0.002272708801376
0.002250107482820
0.002225912394176
0.002200361880381
0.002173705269615
0.002146200424776
0.002118111218531
0.002089704957576
0.002061249782238
0.002033012067780
0.002005253853679
0.001978230326856
0.001952187384183
0.001927359298758
0.001903966513264
