0.000280812352365
0.000280943265864
0.000281074457331
0.000281205918191
0.000281337639748
0.000281469613181
0.000281601829554
0.000281734279829
0.000281866954875
0.000281999845492
0.000282132942424
0.000282266236379
0.000282399718056
0.000282533378157
0.000282667207406
0.000282801196562
0.000282935336430
0.000283069617861
0.000283204031756
0.000283338569052
0.000283473220718
0.000283607977733
0.000283742831065
0.000283877771651
0.000284012790369
0.000284147878016
0.000284283025282
0.000284418222734
0.000284553460794
0.000284688729739
0.000284824019687
0.000284959320610
0.000285094622338
0.000285229914582
0.000285365186954
0.000285500428995
0.000285635630211
0.000285770780101
0.000285905868194
0.000286040884078
0.000286175817428
0.000286310658027
0.000286445395778
0.000286580020715
0.000286714522996
0.000286848892895
0.000286983120781
0.000287117197092
0.000287251112306
0.000287384856901
0.000287518421322
0.000287651795939
0.000287784971019
0.000287917936691
0.000288050682927
0.000288183199526
0.000288315476112
0.000288447502137
0.000288579266900
0.000288710759567
0.000288841969210
0.000288972884841
0.000289103495461
0.000289233790101
0.000289363757872
0.000289493387999
0.000289622669866
0.000289751593034
0.000289880147267
0.000290008322533
0.000290136109002
0.000290263497027
0.000290390477122
0.000290517039923
0.000290643176146
0.000290768876539
0.000290894131832
0.000291018932694
0.000291143269682
0.000291267133211
0.000291390513520
0.000291513400660
0.000291635784488
0.000291757654676
0.000291879000732
0.000291999812031
0.000292120077863
0.000292239787478
0.000292358930143
0.000292477495198
0.000292595472113
0.000292712850536
0.000292829620337
0.000292945771638
0.000293061294833
0.000293176180594
0.000293290419864
0.000293404003833
0.000293516923902
0.000293629171642
0.000293740738735
0.000293851616923
0.000293961797941
0.000294071273464
0.000294180035055
0.000294288074121
0.000294395381883
0.000294501949356
0.000294607767350
0.000294712826479
0.000294817117191
0.000294920629808
0.000295023354577
0.000295125281730
0.000295226401553
0.000295326704445
0.000295426180990
0.000295524822005
0.000295622618592
0.000295719562175
0.000295815644509
0.000295910857696
0.000296005194163
0.000296098646635
0.000296191208094
0.000296282871724
0.000296373630848
0.000296463478857
0.000296552409148
0.000296640415052
0.000296727489783
0.000296813626385
0.000296898817704
0.000296983056369
0.000297066334791
0.000297148645182
0.000297229979590
0.000297310329945
0.000297389688119
0.000297468045998
0.000297545395555
0.000297621728920
0.000297697038454
0.000297771316809
0.000297844556974
0.000297916752315
0.000297987896588
0.000298057983943
0.000298127008900
0.000298194966317
0.000298261851339
0.000298327659331
0.000298392385813
0.000298456026377
0.000298518576617
0.000298580032058
0.000298640388091
0.000298699639927
0.000298757782565
0.000298814810774
0.000298870719101
0.000298925501889
0.000298979153323
0.000299031667482
0.000299083038407
0.000299133260179
0.000299182327001
0.000299230233272
0.000299276973663
0.000299322543182
0.000299366937222
0.000299410151595
0.000299452182543
0.000299493026740
0.000299532681257
0.000299571143529
0.000299608411289
0.000299644482500
0.000299679355277
0.000299713027807
0.000299745498264
0.000299776764737
0.000299806825169
0.000299835677306
0.000299863318668
0.000299889746535
0.000299914957957
0.000299938949785
0.000299961718716
0.000299983261355
0.000300003574289
0.000300022654171
0.000300040497804
0.000300057102224
0.000300072464772
0.000300086583160
0.000300099455520
0.000300111080432
0.000300121456933
0.000300130584507
0.000300138463052
0.000300145092833
0.000300150474413
0.000300154608579
0.000300157496255
0.000300159138420
0.000300159536021
0.000300158689903
0.000300156600740
0.000300153268992
0.000300148694881
0.000300142878378
0.000300135819220
0.000300127516949
0.000300117970957
0.000300107180563
0.000300095145083
0.000300081863924
0.000300067336668
0.000300051563154
0.000300034543554
0.000300016278432
0.000299996768792
0.000299976016099
0.000299954022287
0.000299930789734
0.000299906321232
0.000299880619922
0.000299853689233
0.000299825532790
0.000299796154336
0.000299765557636
0.000299733746400
0.000299700724204
0.000299666494435
0.000299631060245
0.000299594424531
0.000299556589932
0.000299517558855
0.000299477333508
0.000299435915964
0.000299393308233
0.000299349512343
0.000299304530428
0.000299258364818
0.000299211018117
0.000299162493275
0.000299112793648
0.000299061923034
0.000299009885690
0.000298956686332
0.000298902330106
0.000298846822547
0.000298790169518
0.000298732377127
0.000298673451653
0.000298613399448
0.000298552226855
0.000298489940123
0.000298426545340
0.000298362048376
0.000298296454848
0.000298229770104
0.000298161999227
0.000298093147067
0.000298023218280
0.000297952217400
0.000297880148907
0.000297807017316
0.000297732827263
0.000297657583590
0.000297581291423
0.000297503956240
0.000297425583917
0.000297346180764
0.000297265753533
0.000297184309408
0.000297101855971
0.000297018401155
0.000296933953174
0.000296848520448
0.000296762111512
0.000296674734933
0.000296586399224
0.000296497112763
0.000296406883736
0.000296315720081
0.000296223629465
0.000296130619274
0.000296036696628
0.000295941868410
0.000295846141322
0.000295749521951
0.000295652016846
0.000295553632602
0.000295454375945
0.000295354253812
0.000295253273427
0.000295151442355
0.000295048768545
0.000294945260355
0.000294840926554
0.000294735776298
0.000294629819098
0.000294523064759
0.000294415523313
0.000294307204937
0.000294198119871
0.000294088278328
0.000293977690420
0.000293866366084
0.000293754315024
0.000293641546677
0.000293528070190
0.000293413894419
0.000293299027954
0.000293183479155
0.000293067256212
0.000292950367210
0.000292832820211
0.000292714623333
0.000292595784831
0.000292476313172
0.000292356217099
0.000292235505683
0.000292114188349
0.000291992274895
0.000291869775481
0.000291746700606
0.000291623061056
0.000291498867851
0.000291374132170
0.000291248865270
0.000291123078404
0.000290996782746
0.000290869989312
0.000290742708901
0.000290614952051
0.000290486729005
0.000290358049705
0.000290228923800
0.000290099360676
0.000289969369502
0.000289838959286
0.000289708138953
0.000289576917413
0.000289445303645
0.000289313306768
0.000289180936106
0.000289048201248
0.000288915112078
0.000288781678806
0.000288647911961
0.000288513822382
0.000288379421175
0.000288244719671
0.000288109729356
0.000287974461799
0.000287838928579
0.000287703141204
0.000287567111037
0.000287430849239
0.000287294366711
0.000287157674063
0.000287020781595
0.000286883699300
0.000286746436880
0.000286609003785
0.000286471409265
0.000286333662429
0.000286195772320
0.000286057747982
0.000285919598539
0.000285781333255
0.000285642961592
0.000285504493253
0.000285365938210
0.000285227306710
0.000285088609269
0.000284949856643
0.000284811059789
0.000284672229805
0.000284533377867
0.000284394515160
0.000284255652797
0.000284116801758
0.000283977972820
0.000283839176506
0.000283700423051
0.000283561722372
0.000283423084068
0.000283284517433
0.000283146031482
0.000283007634998
0.000282869336582
0.000282731144727
0.000282593067875
0.000282455114495
0.000282317293141
0.000282179612510
0.000282042081488
