0.000184147789215
0.000184169606930
0.000184192065011
0.000184215243200
0.000184239205264
0.000184263997391
0.000184289647095
0.000184316162697
0.000184343533437
0.000184371730210
0.000184400706909
0.000184430402321
0.000184460742466
0.000184491643293
0.000184523013574
0.000184554757873
0.000184586779436
0.000184618982868
0.000184651276497
0.000184683574298
0.000184715797352
0.000184747874779
0.000184779744167
0.000184811351522
0.000184842650816
0.000184873603207
0.000184904176054
0.000184934341820
0.000184964076988
0.000184993361088
0.000185022175919
0.000185050505022
0.000185078333453
0.000185105647848
0.000185132436757
0.000185158691218
0.000185184405472
0.000185209577764
0.000185234211122
0.000185258314028
0.000185281900907
0.000185304992356
0.000185327615078
0.000185349801499
0.000185371589071
0.000185393019302
0.000185414136557
0.000185434986725
0.000185455615833
0.000185476068700
0.000185496387740
0.000185516611989
0.000185536776432
0.000185556911674
0.000185577043980
0.000185597195674
0.000185617385850
0.000185637631347
0.000185657947886
0.000185678351268
0.000185698858538
0.000185719488970
0.000185740264810
0.000185761211660
0.000185782358463
0.000185803737035
0.000185825381167
0.000185847325317
0.000185869602943
0.000185892244599
0.000185915275875
0.000185938715326
0.000185962572514
0.000185986846293
0.000186011523455
0.000186036577829
0.000186061969902
0.000186087647010
0.000186113544082
0.000186139584937
0.000186165684041
0.000186191748665
0.000186217681304
0.000186243382272
0.000186268752308
0.000186293695102
0.000186318119608
0.000186341942069
0.000186365087679
0.000186387491849
0.000186409101062
0.000186429873339
0.000186449778370
0.000186468797346
0.000186486922598
0.000186504157098
0.000186520513921
0.000186536015718
0.000186550694264
0.000186564590116
0.000186577752376
0.000186590238562
0.000186602114533
0.000186613454426
0.000186624340518
0.000186634862951
0.000186645119225
0.000186655213397
0.000186665254932
0.000186675357156
0.000186685635324
0.000186696204306
0.000186707175954
0.000186718656230
0.000186730742193
0.000186743518989
0.000186757056970
0.000186771409087
0.000186786608698
0.000186802667910
0.000186819576557
0.000186837301881
0.000186855788954
0.000186874961832
0.000186894725419
0.000186914967936
0.000186935563924
0.000186956377624
0.000186977266605
0.000186998085485
0.000187018689584
0.000187038938383
0.000187058698666
0.000187077847237
0.000187096273162
0.000187113879491
0.000187130584454
0.000187146322172
0.000187161042914
0.000187174712990
0.000187187314335
0.000187198843906
0.000187209312933
0.000187218746124
0.000187227180868
0.000187234666468
0.000187241263414
0.000187247042690
0.000187252085083
0.000187256480438
0.000187260326819
0.000187263729494
0.000187266799711
0.000187269653197
0.000187272408379
0.000187275184293
0.000187278098230
0.000187281263144
0.000187284784914
0.000187288759545
0.000187293270435
0.000187298385814
0.000187304156512
0.000187310614151
0.000187317769898
0.000187325613839
0.000187334115060
0.000187343222439
0.000187352866146
0.000187362959811
0.000187373403255
0.000187384085697
0.000187394889270
0.000187405692722
0.000187416375111
0.000187426819354
0.000187436915488
0.000187446563494
0.000187455675607
0.000187464178046
0.000187472012112
0.000187479134684
0.000187485518132
0.000187491149724
0.000187496030604
0.000187500174451
0.000187503605935
0.000187506359056
0.000187508475494
0.000187510003027
0.000187510994097
0.000187511504556
0.000187511592600
0.000187511317894
0.000187510740841
0.000187509921958
0.000187508921298
0.000187507797856
0.000187506608906
0.000187505409224
0.000187504250166
0.000187503178599
0.000187502235694
0.000187501455631
0.000187500864267
0.000187500477863
0.000187500301942
0.000187500330389
0.000187500544888
0.000187500914762
0.000187501397307
0.000187501938636
0.000187502475054
0.000187502934946
0.000187503241113
0.000187503313477
0.000187503072048
0.000187502440002
0.000187501346749
0.000187499730821
0.000187497542444
0.000187494745664
0.000187491319912
0.000187487260939
0.000187482581062
0.000187477308728
0.000187471487416
0.000187465173934
0.000187458436226
0.000187451350791
0.000187443999854
0.000187436468430
0.000187428841427
0.000187421200917
0.000187413623674
0.000187406179089
0.000187398927498
0.000187391918964
0.000187385192513
0.000187378775780
0.000187372685027
0.000187366925461
0.000187361491762
0.000187356368757
0.000187351532156
0.000187346949277
0.000187342579733
0.000187338376037
0.000187334284131
0.000187330243845
0.000187326189345
0.000187322049591
0.000187317748891
0.000187313207608
0.000187308343064
0.000187303070714
0.000187297305592
0.000187290964061
0.000187283965820
0.000187276236143
0.000187267708260
0.000187258325792
0.000187248045123
0.000187236837582
0.000187224691308
0.000187211612677
0.000187197627190
0.000187182779727
0.000187167134129
0.000187150772071
0.000187133791261
0.000187116303001
0.000187098429215
0.000187080299045
0.000187062045168
0.000187043799984
0.000187025691832
0.000187007841404
0.000186990358482
0.000186973339144
0.000186956863516
0.000186940994147
0.000186925775029
0.000186911231256
0.000186897369291
0.000186884177759
0.000186871628694
0.000186859679123
0.000186848272876
0.000186837342525
0.000186826811339
0.000186816595174
0.000186806604247
0.000186796744738
0.000186786920224
0.000186777032936
0.000186766984887
0.000186756678907
0.000186746019632
0.000186734914518
0.000186723274913
0.000186711017239
0.000186698064284
0.000186684346636
0.000186669804200
0.000186654387779
0.000186638060629
0.000186620799934
0.000186602598070
0.000186583463589
0.000186563421816
0.000186542514976
0.000186520801791
0.000186498356499
0.000186475267309
0.000186451634282
0.000186427566735
0.000186403180217
0.000186378593212
0.000186353923670
0.000186329285544
0.000186304785471
0.000186280519744
0.000186256571722
0.000186233009772
0.000186209885840
0.000186187234682
0.000186165073782
0.000186143403920
0.000186122210329
0.000186101464364
0.000186081125558
0.000186061143937
0.000186041462472
0.000186022019527
0.000186002751183
0.000185983593334
0.000185964483485
0.000185945362189
0.000185926174107
0.000185906868706
0.000185887400605
0.000185867729659
0.000185847820815
0.000185827643847
0.000185807173035
0.000185786386862
0.000185765267797
0.000185743802191
0.000185721980319
0.000185699796554
0.000185677249648
0.000185654343081
0.000185631085394
0.000185607490469
0.000185583577645
0.000185559371630
0.000185534902142
0.000185510203235
0.000185485312317
0.000185460268840
0.000185435112740
0.000185409882653
0.000185384614026
0.000185359337209
0.000185334075658
0.000185308844350
0.000185283648544
0.000185258482966
0.000185233331510
0.000185208167501
0.000185182954531
0.000185157647859
0.000185132196312
0.000185106544622
0.000185080636058
0.000185054415246
0.000185027831024
0.000185000839165
0.000184973404861
0.000184945504796
0.000184917128744
0.000184888280579
0.000184858978681
0.000184829255707
0.000184799157779
0.000184768743114
0.000184738080218
0.000184707245717
0.000184676321969
0.000184645394561
0.000184614549825
0.000184583872467
0.000184553443415
0.000184523337934
0.000184493624068
0.000184464361412
0.000184435600203
0.000184407380710
0.000184379732863
0.000184352676062
