0.000283880213584
0.000284000565985
0.000284121523855
0.000284243077353
0.000284365216565
0.000284487931514
0.000284611212149
0.000284735048344
0.000284859429890
0.000284984346492
0.000285109787754
0.000285235743178
0.000285362202154
0.000285489153953
0.000285616587730
0.000285744492517
0.000285872857229
0.000286001670665
0.000286130921515
0.000286260598369
0.000286390689725
0.000286521183995
0.000286652069521
0.000286783334573
0.000286914967367
0.000287046956063
0.000287179288768
0.000287311953540
0.000287444938388
0.000287578231264
0.000287711820063
0.000287845692615
0.000287979836682
0.000288114239953
0.000288248890036
0.000288383774459
0.000288518880665
0.000288654196017
0.000288789707796
0.000288925403210
0.000289061269397
0.000289197293435
0.000289333462349
0.000289469763122
0.000289606182701
0.000289742708007
0.000289879325940
0.000290016023383
0.000290152787206
0.000290289604263
0.000290426461392
0.000290563345413
0.000290700243117
0.000290837141266
0.000290974026583
0.000291110885744
0.000291247705380
0.000291384472063
0.000291521172316
0.000291657792604
0.000291794319343
0.000291930738905
0.000292067037623
0.000292203201807
0.000292339217748
0.000292475071733
0.000292610750058
0.000292746239033
0.000292881524996
0.000293016594317
0.000293151433401
0.000293286028692
0.000293420366666
0.000293554433832
0.000293688216720
0.000293821701877
0.000293954875853
0.000294087725196
0.000294220236436
0.000294352396088
0.000294484190635
0.000294615606534
0.000294746630215
0.000294877248082
0.000295007446524
0.000295137211924
0.000295266530670
0.000295395389173
0.000295523773879
0.000295651671286
0.000295779067955
0.000295905950526
0.000296032305721
0.000296158120355
0.000296283381335
0.000296408075658
0.000296532190406
0.000296655712736
0.000296778629870
0.000296900929082
0.000297022597681
0.000297143623003
0.000297263992397
0.000297383693214
0.000297502712806
0.000297621038521
0.000297738657703
0.000297855557706
0.000297971725899
0.000298087149679
0.000298201816494
0.000298315713856
0.000298428829359
0.000298541150702
0.000298652665700
0.000298763362299
0.000298873228587
0.000298982252794
0.000299090423296
0.000299197728609
0.000299304157380
0.000299409698374
0.000299514340459
0.000299618072591
0.000299720883792
0.000299822763138
0.000299923699744
0.000300023682752
0.000300122701327
0.000300220744652
0.000300317801936
0.000300413862417
0.000300508915380
0.000300602950173
0.000300695956226
0.000300787923071
0.000300878840365
0.000300968697914
0.000301057485683
0.000301145193816
0.000301231812643
0.000301317332687
0.000301401744658
0.000301485039448
0.000301567208123
0.000301648241900
0.000301728132135
0.000301806870299
0.000301884447960
0.000301960856760
0.000302036088404
0.000302110134642
0.000302182987267
0.000302254638110
0.000302325079046
0.000302394302002
0.000302462298973
0.000302529062043
0.000302594583402
0.000302658855375
0.000302721870444
0.000302783621268
0.000302844100707
0.000302903301830
0.000302961217932
0.000303017842531
0.000303073169371
0.000303127192407
0.000303179905800
0.000303231303888
0.000303281381176
0.000303330132302
0.000303377552022
0.000303423635185
0.000303468376715
0.000303511771600
0.000303553814879
0.000303594501644
0.000303633827044
0.000303671786293
0.000303708374688
0.000303743587630
0.000303777420645
0.000303809869414
0.000303840929791
0.000303870597833
0.000303898869816
0.000303925742254
0.000303951211903
0.000303975275768
0.000303997931098
0.000304019175378
0.000304039006312
0.000304057421799
0.000304074419920
0.000304089998900
0.000304104157093
0.000304116892954
0.000304128205023
0.000304138091906
0.000304146552267
0.000304153584830
0.000304159188377
0.000304163361764
0.000304166103934
0.000304167413940
0.000304167290968
0.000304165734363
0.000304162743656
0.000304158318588
0.000304152459127
0.000304145165485
0.000304136438130
0.000304126277782
0.000304114685415
0.000304101662242
0.000304087209700
0.000304071329430
0.000304054023246
0.000304035293119
0.000304015141141
0.000303993569506
0.000303970580492
0.000303946176438
0.000303920359741
0.000303893132852
0.000303864498279
0.000303834458597
0.000303803016466
0.000303770174652
0.000303735936052
0.000303700303716
0.000303663280877
0.000303624870970
0.000303585077658
0.000303543904838
0.000303501356657
0.000303457437509
0.000303412152031
0.000303365505094
0.000303317501782
0.000303268147370
0.000303217447303
0.000303165407164
0.000303112032650
0.000303057329550
0.000303001303720
0.000302943961071
0.000302885307557
0.000302825349176
0.000302764091970
0.000302701542036
0.000302637705545
0.000302572588759
0.000302506198057
0.000302438539959
0.000302369621149
0.000302299448499
0.000302228029088
0.000302155370213
0.000302081479399
0.000302006364397
0.000301930033180
0.000301852493931
0.000301773755023
0.000301693825000
0.000301612712549
0.000301530426476
0.000301446975677
0.000301362369118
0.000301276615816
0.000301189724816
0.000301101705194
0.000301012566045
0.000300922316490
0.000300830965688
0.000300738522851
0.000300644997258
0.000300550398287
0.000300454735431
0.000300358018320
0.000300260256749
0.000300161460686
0.000300061640290
0.000299960805912
0.000299858968098
0.000299756137581
0.000299652325268
0.000299547542222
0.000299441799642
0.000299335108834
0.000299227481194
0.000299118928174
0.000299009461268
0.000298899091989
0.000298787831855
0.000298675692387
0.000298562685100
0.000298448821510
0.000298334113148
0.000298218571568
0.000298102208369
0.000297985035218
0.000297867063865
0.000297748306168
0.000297628774110
0.000297508479814
0.000297387435549
0.000297265653737
0.000297143146952
0.000297019927906
0.000296896009445
0.000296771404521
0.000296646126181
0.000296520187536
0.000296393601743
0.000296266381980
0.000296138541426
0.000296010093249
0.000295881050588
0.000295751426551
0.000295621234217
0.000295490486636
0.000295359196840
0.000295227377862
0.000295095042747
0.000294962204573
0.000294828876472
0.000294695071644
0.000294560803373
0.000294426085040
0.000294290930127
0.000294155352219
0.000294019365002
0.000293882982251
0.000293746217817
0.000293609085612
0.000293471599584
0.000293333773703
0.000293195621933
0.000293057158216
0.000292918396457
0.000292779350507
0.000292640034157
0.000292500461133
0.000292360645102
0.000292220599671
0.000292080338405
0.000291939874836
0.000291799222479
0.000291658394853
0.000291517405490
0.000291376267956
0.000291234995858
0.000291093602855
0.000290952102657
0.000290810509028
0.000290668835775
0.000290527096742
0.000290385305791
0.000290243476788
0.000290101623585
0.000289959759996
0.000289817899786
0.000289676056649
0.000289534244197
0.000289392475952
0.000289250765341
0.000289109125694
0.000288967570251
0.000288826112168
0.000288684764530
0.000288543540364
0.000288402452652
0.000288261514349
0.000288120738395
0.000287980137723
0.000287839725271
0.000287699513984
0.000287559516810
0.000287419746700
0.000287280216598
0.000287140939423
0.000287001928062
0.000286863195347
0.000286724754040
0.000286586616815
0.000286448796245
0.000286311304787
0.000286174154776
0.000286037358420
0.000285900927798
0.000285764874866
0.000285629211462
0.000285493949319
0.000285359100078
0.000285224675299
0.000285090686481
0.000284957145065
0.000284824062456
0.000284691450019
