0.000185082127209
0.000185107118809
0.000185131866551
0.000185156415817
0.000185180813348
0.000185205106474
0.000185229342417
0.000185253567658
0.000185277827403
0.000185302165145
0.000185326622303
0.000185351237940
0.000185376048540
0.000185401087800
0.000185426386431
0.000185451971931
0.000185477868303
0.000185504095715
0.000185530670085
0.000185557602595
0.000185584899163
0.000185612559875
0.000185640578443
0.000185668941697
0.000185697629193
0.000185726612945
0.000185755857357
0.000185785319366
0.000185814948827
0.000185844689155
0.000185874478214
0.000185904249442
0.000185933933176
0.000185963458146
0.000185992753072
0.000186021748328
0.000186050377595
0.000186078579473
0.000186106298977
0.000186133488888
0.000186160110920
0.000186186136673
0.000186211548366
0.000186236339326
0.000186260514248
0.000186284089213
0.000186307091484
0.000186329559079
0.000186351540133
0.000186373092060
0.000186394280512
0.000186415178154
0.000186435863258
0.000186456418128
0.000186476927373
0.000186497476055
0.000186518147731
0.000186539022450
0.000186560174728
0.000186581671578
0.000186603570643
0.000186625918511
0.000186648749261
0.000186672083321
0.000186695926675
0.000186720270473
0.000186745091069
0.000186770350496
0.000186795997372
0.000186821968218
0.000186848189128
0.000186874577751
0.000186901045502
0.000186927499924
0.000186953847128
0.000186979994207
0.000187005851572
0.000187031335123
0.000187056368194
0.000187080883247
0.000187104823251
0.000187128142763
0.000187150808671
0.000187172800625
0.000187194111160
0.000187214745522
0.000187234721237
0.000187254067416
0.000187272823851
0.000187291039896
0.000187308773176
0.000187326088130
0.000187343054424
0.000187359745249
0.000187376235542
0.000187392600162
0.000187408912053
0.000187425240455
0.000187441649197
0.000187458195132
0.000187474926764
0.000187491883116
0.000187509092881
0.000187526573897
0.000187544332958
0.000187562365981
0.000187580658509
0.000187599186540
0.000187617917637
0.000187636812270
0.000187655825320
0.000187674907696
0.000187694007970
0.000187713073979
0.000187732054326
0.000187750899713
0.000187769564091
0.000187788005567
0.000187806187087
0.000187824076865
0.000187841648601
0.000187858881492
0.000187875760073
0.000187892273927
0.000187908417297
0.000187924188635
0.000187939590120
0.000187954627159
0.000187969307898
0.000187983642755
0.000187997643966
0.000188011325154
0.000188024700922
0.000188037786453
0.000188050597139
0.000188063148217
0.000188075454436
0.000188087529751
0.000188099387075
0.000188111038085
0.000188122493105
0.000188133761082
0.000188144849665
0.000188155765371
0.000188166513865
0.000188177100303
0.000188187529749
0.000188197807608
0.000188207940064
0.000188217934458
0.000188227799598
0.000188237545931
0.000188247185584
0.000188256732223
0.000188266200748
0.000188275606809
0.000188284966180
0.000188294294005
0.000188303603977
0.000188312907473
0.000188322212722
0.000188331524051
0.000188340841244
0.000188350159083
0.000188359467075
0.000188368749403
0.000188377985096
0.000188387148418
0.000188396209447
0.000188405134831
0.000188413888654
0.000188422433412
0.000188430731014
0.000188438743800
0.000188446435524
0.000188453772273
0.000188460723312
0.000188467261818
0.000188473365522
0.000188479017229
0.000188484205244
0.000188488923676
0.000188493172651
0.000188496958418
0.000188500293341
0.000188503195792
0.000188505689913
0.000188507805249
0.000188509576244
0.000188511041589
0.000188512243419
0.000188513226361
0.000188514036460
0.000188514719983
0.000188515322158
0.000188515885867
0.000188516450358
0.000188517050028
0.000188517713318
0.000188518461790
0.000188519309428
0.000188520262187
0.000188521317843
0.000188522466117
0.000188523689112
0.000188524961999
0.000188526253951
0.000188527529261
0.000188528748599
0.000188529870338
0.000188530851900
0.000188531651060
0.000188532227153
0.000188532542151
0.000188532561572
0.000188532255207
0.000188531597654
0.000188530568673
0.000188529153355
0.000188527342147
0.000188525130733
0.000188522519809
0.000188519514767
0.000188516125304
0.000188512364976
0.000188508250697
0.000188503802204
0.000188499041467
0.000188493992077
0.000188488678588
0.000188483125835
0.000188477358233
0.000188471399078
0.000188465269861
0.000188458989631
0.000188452574435
0.000188446036862
0.000188439385724
0.000188432625896
0.000188425758338
0.000188418780307
0.000188411685756
0.000188404465901
0.000188397109943
0.000188389605896
0.000188381941474
0.000188374105000
0.000188366086259
0.000188357877266
0.000188349472883
0.000188340871259
0.000188332074057
0.000188323086459
0.000188313916958
0.000188304576931
0.000188295080050
0.000188285441541
0.000188275677362
0.000188265803330
0.000188255834254
0.000188245783122
0.000188235660378
0.000188225473313
0.000188215225608
0.000188204917019
0.000188194543216
0.000188184095774
0.000188173562285
0.000188162926600
0.000188152169154
0.000188141267383
0.000188130196206
0.000188118928561
0.000188107435995
0.000188095689294
0.000188083659165
0.000188071316959
0.000188058635430
0.000188045589536
0.000188032157256
0.000188018320411
0.000188004065468
0.000187989384284
0.000187974274764
0.000187958741393
0.000187942795594
0.000187926455883
0.000187909747797
0.000187892703559
0.000187875361484
0.000187857765140
0.000187839962253
0.000187822003434
0.000187803940736
0.000187785826120
0.000187767709888
0.000187749639152
0.000187731656392
0.000187713798177
0.000187696094092
0.000187678565908
0.000187661227020
0.000187644082167
0.000187627127420
0.000187610350435
0.000187593730933
0.000187577241373
0.000187560847790
0.000187544510746
0.000187528186363
0.000187511827404
0.000187495384375
0.000187478806623
0.000187462043414
0.000187445044992
0.000187427763591
0.000187410154414
0.000187392176563
0.000187373793906
0.000187354975885
0.000187335698236
0.000187315943597
0.000187295701999
0.000187274971191
0.000187253756799
0.000187232072279
0.000187209938657
0.000187187384057
0.000187164443006
0.000187141155547
0.000187117566174
0.000187093722639
0.000187069674662
0.000187045472613
0.000187021166210
0.000186996803285
0.000186972428684
0.000186948083313
0.000186923803395
0.000186899619922
0.000186875558331
0.000186851638383
0.000186827874223
0.000186804274601
0.000186780843201
0.000186757579052
0.000186734476979
0.000186711528052
0.000186688720011
0.000186666037651
0.000186643463144
0.000186620976313
0.000186598554858
0.000186576174550
0.000186553809418
0.000186531431943
0.000186509013288
0.000186486523572
0.000186463932202
0.000186441208266
0.000186418320983
0.000186395240198
0.000186371936894
0.000186348383723
0.000186324555504
0.000186300429686
0.000186275986752
0.000186251210544
0.000186226088511
0.000186200611877
0.000186174775734
0.000186148579080
0.000186122024811
0.000186095119691
0.000186067874315
0.000186040303086
0.000186012424197
0.000185984259633
0.000185955835187
0.000185927180453
0.000185898328799
0.000185869317268
0.000185840186393
0.000185810979890
0.000185781744203
0.000185752527880
0.000185723380787
0.000185694353146
0.000185665494427
0.000185636852127
0.000185608470462
0.000185580389046
0.000185552641595
0.000185525254726
0.000185498246900
0.000185471627576
0.000185445396596
0.000185419543850
0.000185394049233
0.000185368882895
0.000185344005771
