0.000594393609747
0.000594660117046
0.000594933240945
0.000595211650197
0.000595494035980
0.000595779113207
0.000596065621798
0.000596352327915
0.000596638025162
0.000596921535740
0.000597201711563
0.000597477435337
0.000597747621589
0.000598011217657
0.000598267204633
0.000598514598267
0.000598752449814
0.000598979846845
0.000599195914003
0.000599399813717
0.000599590746864
0.000599767953384
0.000599930712843
0.000600078344946
0.000600210210007
0.000600325709361
0.000600424285724
0.000600505423514
0.000600568649106
0.000600613531047
0.000600639680218
0.000600646749939
0.000600634436034
0.000600602476835
0.000600550653144
0.000600478788139
0.000600386747232
0.000600274437881
0.000600141809350
0.000599988852420
0.000599815599055
0.000599622122017
0.000599408534439
0.000599174989348
0.000598921679144
0.000598648835040
0.000598356726447
0.000598045660325
0.000597715980493
0.000597368066893
0.000597002334815
0.000596619234088
0.000596219248228
0.000595802893553
0.000595370718257
0.000594923301459
0.000594461252211
0.000593985208477
0.000593495836083
0.000592993827635
0.000592479901411
0.000591954800226
0.000591419290271
0.000590874159934
0.000590320218588
0.000589758295369
0.000589189237929
0.000588613911172
0.000588033195975
0.000587447987893
0.000586859195852
0.000586267740831
0.000585674554529
0.000585080578031
0.000584486760463
0.000583894057638
0.000583303430707
0.000582715844799
0.000582132267669
0.000581553668336
0.000580981015734
0.000580415277361
0.000579857417935
0.000579308398059
0.000578769172890
0.000578240690824
0.000577723892187
0.000577219707945
0.000576729058423
0.000576252852042
0.000575791984077
0.000575347335426
0.000574919771409
0.000574510140579
0.000574119273563
0.000573747981924
0.000573397057049
0.000573067269062
0.000572759365770
0.000572474071630
0.000572212086752
0.000571974085936
0.000571760717731
0.000571572603537
0.000571410336735
0.000571274481859
0.000571165573796
0.000571084117031
0.000571030584919
0.000571005419011
0.000571009028404
0.000571041789140
0.000571104043643
0.000571196100196
0.000571318232464
0.000571470679050
0.000571653643106
0.000571867291979
0.000572111756898
0.000572387132712
0.000572693477671
0.000573030813242
0.000573399123979
0.000573798357438
0.000574228424124
0.000574689197498
0.000575180514017
0.000575702173224
0.000576253937877
0.000576835534130
0.000577446651749
0.000578086944375
0.000578756029829
0.000579453490464
0.000580178873550
0.000580931691709
0.000581711423387
0.000582517513367
0.000583349373322
0.000584206382407
0.000585087887889
0.000585993205819
0.000586921621732
0.000587872391389
0.000588844741556
0.000589837870814
0.000590850950400
0.000591883125084
0.000592933514079
0.000594001211975
0.000595085289709
0.000596184795555
0.000597298756149
0.000598426177535
0.000599566046236
0.000600717330351
0.000601878980666
0.000603049931796
0.000604229103343
0.000605415401063
0.000606607718065
0.000607804936013
0.000609005926350
0.000610209551524
0.000611414666241
0.000612620118713
0.000613824751921
0.000615027404884
0.000616226913934
0.000617422113994
0.000618611839856
0.000619794927467
0.000620970215207
0.000622136545171
0.000623292764443
0.000624437726368
0.000625570291816
0.000626689330444
0.000627793721939
0.000628882357259
0.000629954139860
0.000631007986907
0.000632042830475
0.000633057618727
0.000634051317086
0.000635022909377
0.000635971398955
0.000636895809813
0.000637795187663
0.000638668600995
0.000639515142118
0.000640333928161
0.000641124102065
0.000641884833529
0.000642615319938
0.000643314787262
0.000643982490911
0.000644617716576
0.000645219781020
0.000645788032846
0.000646321853228
0.000646820656602
0.000647283891324
0.000647711040293
0.000648101621530
0.000648455188728
0.000648771331749
0.000649049677099
0.000649289888345
0.000649491666506
0.000649654750395
0.000649778916920
0.000649863981347
0.000649909797519
0.000649916258030
0.000649883294364
0.000649810876981
0.000649699015373
0.000649547758065
0.000649357192580
0.000649127445362
0.000648858681656
0.000648551105339
0.000648204958720
0.000647820522290
0.000647398114432
0.000646938091093
0.000646440845409
0.000645906807298
0.000645336443002
0.000644730254603
0.000644088779487
0.000643412589776
0.000642702291725
0.000641958525077
0.000641181962384
0.000640373308290
0.000639533298785
0.000638662700420
0.000637762309491
0.000636832951190
0.000635875478727
0.000634890772421
0.000633879738760
0.000632843309437
0.000631782440357
0.000630698110615
0.000629591321459
0.000628463095217
0.000627314474210
0.000626146519647
0.000624960310488
0.000623756942302
0.000622537526100
0.000621303187154
0.000620055063800
0.000618794306235
0.000617522075290
0.000616239541207
0.000614947882392
0.000613648284173
0.000612341937544
0.000611030037910
0.000609713783821
0.000608394375712
0.000607073014641
0.000605750901019
0.000604429233357
0.000603109207004
0.000601792012899
0.000600478836322
0.000599170855661
0.000597869241181
0.000596575153810
0.000595289743931
0.000594014150193
0.000592749498334
0.000591496900023
0.000590257451711
0.000589032233516
0.000587822308111
0.000586628719646
0.000585452492687
0.000584294631180
0.000583156117439
0.000582037911160
0.000580940948466
0.000579866140972
0.000578814374890
0.000577786510152
0.000576783379579
0.000575805788067
0.000574854511819
0.000573930297600
0.000573033862038
0.000572165890951
0.000571327038715
0.000570517927671
0.000569739147563
0.000568991255026
0.000568274773099
0.000567590190787
0.000566937962663
0.000566318508505
0.000565732212980
0.000565179425364
0.000564660459310
0.000564175592650
0.000563725067246
0.000563309088882
0.000562927827194
0.000562581415646
0.000562269951554
0.000561993496139
0.000561752074636
0.000561545676438
0.000561374255283
0.000561237729486
0.000561135982212
0.000561068861785
0.000561036182044
0.000561037722743
0.000561073229978
0.000561142416670
0.000561244963074
0.000561380517333
0.000561548696071
0.000561749085021
0.000561981239687
0.000562244686049
0.000562538921295
0.000562863414594
0.000563217607899
0.000563600916780
0.000564012731295
0.000564452416887
0.000564919315310
0.000565412745585
0.000565932004983
0.000566476370035
0.000567045097563
0.000567637425744
0.000568252575183
0.000568889750019
0.000569548139045
0.000570226916852
0.000570925244981
0.000571642273101
0.000572377140197
0.000573128975771
0.000573896901059
0.000574680030249
0.000575477471721
0.000576288329284
0.000577111703427
0.000577946692567
0.000578792394304
0.000579647906682
0.000580512329445
0.000581384765288
0.000582264321117
0.000583150109293
0.000584041248879
0.000584936866874
0.000585836099441
0.000586738093122
0.000587642006050
0.000588547009135
0.000589452287246
0.000590357040373
0.000591260484768
0.000592161854080
0.000593060400452
0.000593955395610
0.000594846131926
0.000595731923453
0.000596612106940
0.000597486042816
0.000598353116147
0.000599212737568
0.000600064344180
0.000600907400414
0.000601741398872
0.000602565861121
0.000603380338463
0.000604184412667
0.000604977696656
0.000605759835173
0.000606530505390
0.000607289417493
0.000608036315214
0.000608770976336
0.000609493213142
0.000610202872832
0.000610899837894
0.000611584026427
0.000612255392431
0.000612913926037
0.000613559653709
0.000614192638384
0.000614812979582
