0.000226115974863
0.000226178881984
0.000226241641006
0.000226304229086
0.000226366628671
0.000226428827974
0.000226490821238
0.000226552608800
0.000226614196927
0.000226675597464
0.000226736827269
0.000226797907492
0.000226858862703
0.000226919719901
0.000226980507452
0.000227041253984
0.000227101987277
0.000227162733191
0.000227223514674
0.000227284350864
0.000227345256349
0.000227406240573
0.000227467307437
0.000227528455094
0.000227589675940
0.000227650956818
0.000227712279396
0.000227773620737
0.000227834954013
0.000227896249345
0.000227957474744
0.000228018597101
0.000228079583214
0.000228140400795
0.000228201019431
0.000228261411474
0.000228321552822
0.000228381423561
0.000228441008478
0.000228500297391
0.000228559285322
0.000228617972495
0.000228676364158
0.000228734470255
0.000228792304943
0.000228849885974
0.000228907233979
0.000228964371659
0.000229021322915
0.000229078111956
0.000229134762396
0.000229191296385
0.000229247733790
0.000229304091460
0.000229360382592
0.000229416616218
0.000229472796834
0.000229528924173
0.000229584993136
0.000229640993873
0.000229696912023
0.000229752729090
0.000229808422956
0.000229863968505
0.000229919338346
0.000229974503604
0.000230029434769
0.000230084102559
0.000230138478785
0.000230192537185
0.000230246254198
0.000230299609656
0.000230352587366
0.000230405175575
0.000230457367276
0.000230509160368
0.000230560557643
0.000230611566618
0.000230662199190
0.000230712471150
0.000230762401556
0.000230812011987
0.000230861325708
0.000230910366776
0.000230959159104
0.000231007725538
0.000231056086963
0.000231104261470
0.000231152263626
0.000231200103858
0.000231247787989
0.000231295316928
0.000231342686537
0.000231389887676
0.000231436906427
0.000231483724490
0.000231530319737
0.000231576666906
0.000231622738412
0.000231668505239
0.000231713937891
0.000231759007357
0.000231803686058
0.000231847948748
0.000231891773315
0.000231935141480
0.000231978039340
0.000232020457760
0.000232062392586
0.000232103844672
0.000232144819732
0.000232185328020
0.000232225383842
0.000232265004937
0.000232304211743
0.000232343026566
0.000232381472704
0.000232419573541
0.000232457351651
0.000232494827936
0.000232532020844
0.000232568945672
0.000232605613992
0.000232642033217
0.000232678206311
0.000232714131667
0.000232749803135
0.000232785210219
0.000232820338411
0.000232855169669
0.000232889683002
0.000232923855159
0.000232957661371
0.000232991076147
0.000233024074077
0.000233056630621
0.000233088722860
0.000233120330181
0.000233151434883
0.000233182022675
0.000233212083058
0.000233241609589
0.000233270600006
0.000233299056222
0.000233326984190
0.000233354393632
0.000233381297666
0.000233407712311
0.000233433655912
0.000233459148490
0.000233484211036
0.000233508864775
0.000233533130422
0.000233557027456
0.000233580573425
0.000233603783318
0.000233626669014
0.000233649238833
0.000233671497204
0.000233693444448
0.000233715076714
0.000233736386036
0.000233757360532
0.000233777984743
0.000233798240082
0.000233818105397
0.000233837557631
0.000233856572549
0.000233875125512
0.000233893192284
0.000233910749828
0.000233927777081
0.000233944255665
0.000233960170523
0.000233975510446
0.000233990268475
0.000234004442159
0.000234018033652
0.000234031049660
0.000234043501210
0.000234055403273
0.000234066774234
0.000234077635235
0.000234088009416
0.000234097921073
0.000234107394772
0.000234116454441
0.000234125122493
0.000234133418987
0.000234141360877
0.000234148961371
0.000234156229425
0.000234163169390
0.000234169780819
0.000234176058462
0.000234181992422
0.000234187568490
0.000234192768637
0.000234197571643
0.000234201953849
0.000234205889995
0.000234209354124
0.000234212320506
0.000234214764557
0.000234216663717
0.000234217998249
0.000234218751937
0.000234218912653
0.000234218472775
0.000234217429434
0.000234215784601
0.000234213544989
0.000234210721795
0.000234207330283
0.000234203389231
0.000234198920259
0.000234193947066
0.000234188494608
0.000234182588232
0.000234176252820
0.000234169511944
0.000234162387087
0.000234154896932
0.000234147056762
0.000234138877967
0.000234130367702
0.000234121528676
0.000234112359097
0.000234102852769
0.000234092999334
0.000234082784649
0.000234072191287
0.000234061199149
0.000234049786151
0.000234037928982
0.000234025603895
0.000234012787504
0.000233999457581
0.000233985593795
0.000233971178402
0.000233956196848
0.000233940638273
0.000233924495893
0.000233907767262
0.000233890454397
0.000233872563759
0.000233854106102
0.000233835096179
0.000233815552324
0.000233795495914
0.000233774950730
0.000233753942232
0.000233732496772
0.000233710640769
0.000233688399870
0.000233665798127
0.000233642857213
0.000233619595711
0.000233596028496
0.000233572166231
0.000233548015005
0.000233523576114
0.000233498846011
0.000233473816412
0.000233448474575
0.000233422803727
0.000233396783638
0.000233370391329
0.000233343601871
0.000233316389276
0.000233288727433
0.000233260591054
0.000233231956621
0.000233202803272
0.000233173113611
0.000233142874415
0.000233112077189
0.000233080718578
0.000233048800589
0.000233016330635
0.000232983321379
0.000232949790397
0.000232915759655
0.000232881254831
0.000232846304495
0.000232810939183
0.000232775190398
0.000232739089568
0.000232702667008
0.000232665950916
0.000232628966449
0.000232591734899
0.000232554273009
0.000232516592453
0.000232478699488
0.000232440594807
0.000232402273574
0.000232363725668
0.000232324936102
0.000232285885613
0.000232246551407
0.000232206908015
0.000232166928258
0.000232126584251
0.000232085848444
0.000232044694645
0.000232003098990
0.000231961040837
0.000231918503536
0.000231875475071
0.000231831948530
0.000231787922407
0.000231743400717
0.000231698392921
0.000231652913679
0.000231606982422
0.000231560622777
0.000231513861855
0.000231466729430
0.000231419257038
0.000231371477023
0.000231323421565
0.000231275121714
0.000231226606466
0.000231177901907
0.000231129030452
0.000231080010199
0.000231030854428
0.000230981571249
0.000230932163412
0.000230882628298
0.000230832958073
0.000230783140017
0.000230733157008
0.000230682988147
0.000230632609516
0.000230581995027
0.000230531117352
0.000230479948894
0.000230428462777
0.000230376633813
0.000230324439425
0.000230271860497
0.000230218882110
0.000230165494160
0.000230111691820
0.000230057475840
0.000230002852673
0.000229947834406
0.000229892438523
0.000229836687479
0.000229780608104
0.000229724230860
0.000229667588967
0.000229610717426
0.000229553651962
0.000229496427941
0.000229439079281
0.000229381637395
0.000229324130212
0.000229266581311
0.000229209009181
0.000229151426667
0.000229093840589
0.000229036251575
0.000228978654101
0.000228921036741
0.000228863382633
0.000228805670118
0.000228747873563
0.000228689964320
0.000228631911795
0.000228573684591
0.000228515251688
0.000228456583619
0.000228397653589
0.000228338438526
0.000228278919992
0.000228219084951
0.000228158926349
0.000228098443491
0.000228037642195
0.000227976534730
0.000227915139521
0.000227853480646
0.000227791587141
0.000227729492124
0.000227667231786
0.000227604844282
0.000227542368548
0.000227479843099
0.000227417304848
0.000227354787979
0.000227292322921
0.000227229935445
0.000227167645931
0.000227105468809
0.000227043412202
0.000226981477787
0.000226919660857
0.000226857950605
