0.000257282638223
0.000257382379028
0.000257482131415
0.000257581897637
0.000257681679192
0.000257781476513
0.000257881288702
0.000257981113323
0.000258080946254
0.000258180781618
0.000258280611786
0.000258380427457
0.000258480217814
0.000258579970741
0.000258679673104
0.000258779311078
0.000258878870504
0.000258978337264
0.000259077697655
0.000259176938753
0.000259276048742
0.000259375017196
0.000259473835303
0.000259572496022
0.000259670994161
0.000259769326379
0.000259867491097
0.000259965488344
0.000260063319523
0.000260160987117
0.000260258494345
0.000260355844784
0.000260453041975
0.000260550089024
0.000260646988219
0.000260743740685
0.000260840346085
0.000260936802382
0.000261033105674
0.000261129250113
0.000261225227907
0.000261321029407
0.000261416643273
0.000261512056723
0.000261607255839
0.000261702225927
0.000261796951916
0.000261891418773
0.000261985611918
0.000262079517625
0.000262173123388
0.000262266418231
0.000262359392963
0.000262452040348
0.000262544355196
0.000262636334366
0.000262727976680
0.000262819282751
0.000262910254736
0.000263000896017
0.000263091210833
0.000263181203869
0.000263270879828
0.000263360242996
0.000263449296830
0.000263538043570
0.000263626483917
0.000263714616760
0.000263802438990
0.000263889945401
0.000263977128676
0.000264063979467
0.000264150486567
0.000264236637159
0.000264322417140
0.000264407811501
0.000264492804755
0.000264577381380
0.000264661526273
0.000264745225191
0.000264828465151
0.000264911234788
0.000264993524636
0.000265075327342
0.000265156637778
0.000265237453063
0.000265317772496
0.000265397597382
0.000265476930782
0.000265555777179
0.000265634142091
0.000265712031625
0.000265789452015
0.000265866409150
0.000265942908114
0.000266018952762
0.000266094545347
0.000266169686216
0.000266244373590
0.000266318603433
0.000266392369423
0.000266465663022
0.000266538473640
0.000266610788896
0.000266682594952
0.000266753876921
0.000266824619310
0.000266894806506
0.000266964423265
0.000267033455180
0.000267101889130
0.000267169713670
0.000267236919343
0.000267303498925
0.000267369447566
0.000267434762830
0.000267499444638
0.000267563495107
0.000267626918300
0.000267689719884
0.000267751906733
0.000267813486468
0.000267874466966
0.000267934855868
0.000267994660081
0.000268053885326
0.000268112535726
0.000268170613470
0.000268228118554
0.000268285048622
0.000268341398902
0.000268397162257
0.000268452329330
0.000268506888790
0.000268560827665
0.000268614131750
0.000268666786068
0.000268718775371
0.000268770084654
0.000268820699663
0.000268870607376
0.000268919796432
0.000268968257495
0.000269015983529
0.000269062969986
0.000269109214878
0.000269154718751
0.000269199484541
0.000269243517343
0.000269286824070
0.000269329413050
0.000269371293552
0.000269412475278
0.000269452967834
0.000269492780203
0.000269531920252
0.000269570394277
0.000269608206631
0.000269645359421
0.000269681852311
0.000269717682436
0.000269752844415
0.000269787330481
0.000269821130718
0.000269854233389
0.000269886625345
0.000269918292494
0.000269949220327
0.000269979394443
0.000270008801093
0.000270037427688
0.000270065263257
0.000270092298851
0.000270118527848
0.000270143946174
0.000270168552408
0.000270192347781
0.000270215336059
0.000270237523324
0.000270258917658
0.000270279528734
0.000270299367353
0.000270318444927
0.000270336772933
0.000270354362378
0.000270371223269
0.000270387364139
0.000270402791632
0.000270417510169
0.000270431521714
0.000270444825641
0.000270457418718
0.000270469295203
0.000270480447050
0.000270490864214
0.000270500535046
0.000270509446760
0.000270517585952
0.000270524939144
0.000270531493345
0.000270537236581
0.000270542158395
0.000270546250284
0.000270549506045
0.000270551922041
0.000270553497347
0.000270554233788
0.000270554135857
0.000270553210526
0.000270551466945
0.000270548916055
0.000270545570124
0.000270541442226
0.000270536545685
0.000270530893518
0.000270524497881
0.000270517369562
0.000270509517534
0.000270500948579
0.000270491667023
0.000270481674560
0.000270470970208
0.000270459550370
0.000270447409016
0.000270434537966
0.000270420927271
0.000270406565672
0.000270391441115
0.000270375541302
0.000270358854257
0.000270341368878
0.000270323075456
0.000270303966131
0.000270284035279
0.000270263279800
0.000270241699303
0.000270219296171
0.000270196075523
0.000270172045046
0.000270147214732
0.000270121596507
0.000270095203792
0.000270068050993
0.000270040152950
0.000270011524380
0.000269982179314
0.000269952130572
0.000269921389290
0.000269889964521
0.000269857862926
0.000269825088569
0.000269791642822
0.000269757524392
0.000269722729461
0.000269687251935
0.000269651083792
0.000269614215519
0.000269576636610
0.000269538336111
0.000269499303184
0.000269459527674
0.000269419000641
0.000269377714849
0.000269335665181
0.000269292848962
0.000269249266187
0.000269204919629
0.000269159814834
0.000269113959994
0.000269067365718
0.000269020044689
0.000268972011242
0.000268923280870
0.000268873869686
0.000268823793852
0.000268773069018
0.000268721709779
0.000268669729182
0.000268617138299
0.000268563945890
0.000268510158165
0.000268455778658
0.000268400808216
0.000268345245108
0.000268289085243
0.000268232322489
0.000268174949088
0.000268116956128
0.000268058334082
0.000267999073359
0.000267939164869
0.000267878600560
0.000267817373917
0.000267755480394
0.000267692917760
0.000267629686352
0.000267565789220
0.000267501232150
0.000267436023580
0.000267370174402
0.000267303697659
0.000267236608155
0.000267168921988
0.000267100656037
0.000267031827408
0.000266962452879
0.000266892548361
0.000266822128393
0.000266751205703
0.000266679790844
0.000266607891928
0.000266535514462
0.000266462661301
0.000266389332711
0.000266315526548
0.000266241238542
0.000266166462665
0.000266091191587
0.000266015417177
0.000265939131049
0.000265862325111
0.000265784992107
0.000265707126125
0.000265628723041
0.000265549780894
0.000265470300164
0.000265390283951
0.000265309738036
0.000265228670832
0.000265147093223
0.000265065018300
0.000264982460994
0.000264899437650
0.000264815965521
0.000264732062244
0.000264647745289
0.000264563031422
0.000264477936203
0.000264392473533
0.000264306655280
0.000264220490984
0.000264133987679
0.000264047149808
0.000263959979260
0.000263872475513
0.000263784635884
0.000263696455867
0.000263607929550
0.000263519050097
0.000263429810260
0.000263340202917
0.000263250221594
0.000263159860967
0.000263069117311
0.000262977988877
0.000262886476187
0.000262794582236
0.000262702312578
0.000262609675312
0.000262516680957
0.000262423342222
0.000262329673689
0.000262235691413
0.000262141412461
0.000262046854412
0.000261952034834
0.000261856970766
0.000261761678220
0.000261666171737
0.000261570463997
0.000261474565515
0.000261378484438
0.000261282226428
0.000261185794669
0.000261089189970
0.000260992410973
0.000260895454455
0.000260798315707
0.000260700988978
0.000260603467962
0.000260505746309
0.000260407818133
0.000260309678503
0.000260211323887
0.000260112752543
0.000260013964818
0.000259914963374
0.000259815753297
0.000259716342111
0.000259616739687
0.000259516958045
0.000259417011075
0.000259316914166
0.000259216683782
0.000259116336987
0.000259015890951
0.000258915362452
0.000258814767390
0.000258714120355
0.000258613434239
0.000258512719928
