0.000273185654712
0.000273309503809
0.000273433424492
0.000273557410663
0.000273681456642
0.000273805557106
0.000273929707003
0.000274053901451
0.000274178135629
0.000274302404652
0.000274426703458
0.000274551026690
0.000274675368598
0.000274799722953
0.000274924082989
0.000275048441362
0.000275172790148
0.000275297120860
0.000275421424499
0.000275545691630
0.000275669912478
0.000275794077048
0.000275918175251
0.000276042197039
0.000276166132537
0.000276289972173
0.000276413706784
0.000276537327713
0.000276660826870
0.000276784196769
0.000276907430539
0.000277030521890
0.000277153465064
0.000277276254743
0.000277398885942
0.000277521353880
0.000277643653840
0.000277765781018
0.000277887730383
0.000278009496540
0.000278131073613
0.000278252455147
0.000278373634043
0.000278494602525
0.000278615352135
0.000278735873771
0.000278856157754
0.000278976193922
0.000279095971761
0.000279215480544
0.000279334709487
0.000279453647912
0.000279572285405
0.000279690611959
0.000279808618105
0.000279926295011
0.000280043634553
0.000280160629349
0.000280277272760
0.000280393558843
0.000280509482287
0.000280625038292
0.000280740222444
0.000280855030558
0.000280969458504
0.000281083502042
0.000281197156655
0.000281310417388
0.000281423278723
0.000281535734471
0.000281647777705
0.000281759400725
0.000281870595068
0.000281981351555
0.000282091660379
0.000282201511223
0.000282310893409
0.000282419796068
0.000282528208321
0.000282636119460
0.000282743519133
0.000282850397503
0.000282956745389
0.000283062554374
0.000283167816877
0.000283272526184
0.000283376676436
0.000283480262576
0.000283583280255
0.000283685725701
0.000283787595561
0.000283888886723
0.000283989596124
0.000284089720554
0.000284189256472
0.000284288199835
0.000284386545957
0.000284484289395
0.000284581423883
0.000284677942304
0.000284773836706
0.000284869098367
0.000284963717899
0.000285057685386
0.000285150990561
0.000285243622988
0.000285335572278
0.000285426828282
0.000285517381295
0.000285607222230
0.000285696342764
0.000285784735456
0.000285872393812
0.000285959312315
0.000286045486399
0.000286130912381
0.000286215587350
0.000286299509017
0.000286382675534
0.000286465085294
0.000286546736718
0.000286627628045
0.000286707757125
0.000286787121242
0.000286865716965
0.000286943540028
0.000287020585272
0.000287096846618
0.000287172317096
0.000287246988926
0.000287320853639
0.000287393902234
0.000287466125371
0.000287537513585
0.000287608057502
0.000287677748067
0.000287746576749
0.000287814535728
0.000287881618049
0.000287947817736
0.000288013129859
0.000288077550548
0.000288141076963
0.000288203707208
0.000288265440201
0.000288326275510
0.000288386213148
0.000288445253358
0.000288503396381
0.000288560642230
0.000288616990480
0.000288672440071
0.000288726989164
0.000288780635020
0.000288833373945
0.000288885201271
0.000288936111401
0.000288986097902
0.000289035153638
0.000289083270952
0.000289130441873
0.000289176658343
0.000289221912454
0.000289266196683
0.000289309504108
0.000289351828600
0.000289393164981
0.000289433509128
0.000289472858042
0.000289511209850
0.000289548563759
0.000289584919959
0.000289620279478
0.000289654643996
0.000289688015631
0.000289720396702
0.000289751789491
0.000289782196003
0.000289811617746
0.000289840055539
0.000289867509357
0.000289893978227
0.000289919460165
0.000289943952182
0.000289967450330
0.000289989949813
0.000290011445139
0.000290031930309
0.000290051399044
0.000290069845023
0.000290087262132
0.000290103644701
0.000290118987732
0.000290133287087
0.000290146539642
0.000290158743396
0.000290169897515
0.000290180002337
0.000290189059306
0.000290197070863
0.000290204040287
0.000290209971494
0.000290214868808
0.000290218736720
0.000290221579635
0.000290223401627
0.000290224206219
0.000290223996191
0.000290222773430
0.000290220538827
0.000290217292231
0.000290213032461
0.000290207757367
0.000290201463953
0.000290194148545
0.000290185806987
0.000290176434884
0.000290166027845
0.000290154581739
0.000290142092935
0.000290128558532
0.000290113976538
0.000290098346027
0.000290081667228
0.000290063941570
0.000290045171665
0.000290025361237
0.000290004514993
0.000289982638454
0.000289959737745
0.000289935819356
0.000289910889893
0.000289884955818
0.000289858023211
0.000289830097545
0.000289801183501
0.000289771284826
0.000289740404239
0.000289708543400
0.000289675702926
0.000289641882473
0.000289607080869
0.000289571296286
0.000289534526458
0.000289496768919
0.000289458021258
0.000289418281371
0.000289377547707
0.000289335819481
0.000289293096860
0.000289249381099
0.000289204674624
0.000289158981064
0.000289112305220
0.000289064652981
0.000289016031185
0.000288966447437
0.000288915909895
0.000288864427019
0.000288812007326
0.000288758659129
0.000288704390299
0.000288649208051
0.000288593118767
0.000288536127861
0.000288478239704
0.000288419457598
0.000288359783815
0.000288299219684
0.000288237765733
0.000288175421878
0.000288112187639
0.000288048062387
0.000287983045595
0.000287917137088
0.000287850337283
0.000287782647394
0.000287714069605
0.000287644607192
0.000287574264597
0.000287503047440
0.000287430962478
0.000287358017507
0.000287284221215
0.000287209582991
0.000287134112703
0.000287057820453
0.000286980716325
0.000286902810137
0.000286824111205
0.000286744628147
0.000286664368708
0.000286583339652
0.000286501546692
0.000286418994484
0.000286335686673
0.000286251625999
0.000286166814445
0.000286081253432
0.000285994944038
0.000285907887242
0.000285820084174
0.000285731536358
0.000285642245937
0.000285552215868
0.000285461450079
0.000285369953577
0.000285277732501
0.000285184794125
0.000285091146800
0.000284996799843
0.000284901763385
0.000284806048173
0.000284709665344
0.000284612626191
0.000284514941906
0.000284416623351
0.000284317680830
0.000284218123906
0.000284117961250
0.000284017200542
0.000283915848421
0.000283813910495
0.000283711391402
0.000283608294920
0.000283504624133
0.000283400381617
0.000283295569670
0.000283190190544
0.000283084246689
0.000282977740984
0.000282870676946
0.000282763058909
0.000282654892163
0.000282546183041
0.000282436938961
0.000282327168404
0.000282216880848
0.000282106086644
0.000281994796861
0.000281883023081
0.000281770777181
0.000281658071098
0.000281544916589
0.000281431325011
0.000281317307115
0.000281202872877
0.000281088031368
0.000280972790674
0.000280857157867
0.000280741139029
0.000280624739324
0.000280507963125
0.000280390814175
0.000280273295783
0.000280155411046
0.000280037163071
0.000279918555211
0.000279799591274
0.000279680275719
0.000279560613811
0.000279440611741
0.000279320276692
0.000279199616857
0.000279078641410
0.000278957360418
0.000278835784715
0.000278713925736
0.000278591795318
0.000278469405483
0.000278346768218
0.000278223895247
0.000278100797828
0.000277977486569
0.000277853971279
0.000277730260862
0.000277606363260
0.000277482285439
0.000277358033432
0.000277233612426
0.000277109026894
0.000276984280761
0.000276859377598
0.000276734320832
0.000276609113966
0.000276483760787
0.000276358265567
0.000276232633226
0.000276106869472
0.000275980980893
0.000275854974999
0.000275728860230
0.000275602645896
0.000275476342088
0.000275349959539
0.000275223509457
0.000275097003332
0.000274970452725
0.000274843869060
0.000274717263421
0.000274590646362
