0.000734405936017
0.000731030139989
0.000727788830424
0.000724681700964
0.000721708270040
0.000718867883854
0.000716159719579
0.000713582788796
0.000711135941147
0.000708817868196
0.000706627107503
0.000704562046884
0.000702620928875
0.000700801855360
0.000699102792389
0.000697521575147
0.000696055913083
0.000694703395192
0.000693461495422
0.000692327578218
0.000691298904183
0.000690372635843
0.000689545843519
0.000688815511281
0.000688178542986
0.000687631768379
0.000687171949264
0.000686795785711
0.000686499922311
0.000686280954459
0.000686135434646
0.000686059878773
0.000686050772454
0.000686104577308
0.000686217737235
0.000686386684651
0.000686607846688
0.000686877651342
0.000687192533559
0.000687548941247
0.000687943341219
0.000688372225035
0.000688832114753
0.000689319568573
0.000689831186371
0.000690363615094
0.000690913554048
0.000691477760023
0.000692053052291
0.000692636317439
0.000693224514045
0.000693814677186
0.000694403922778
0.000694989451725
0.000695568553895
0.000696138611898
0.000696697104670
0.000697241610858
0.000697769811998
0.000698279495484
0.000698768557329
0.000699235004707
0.000699676958273
0.000700092654270
0.000700480446403
0.000700838807500
0.000701166330932
0.000701461731819
0.000701723847999
0.000701951640772
0.000702144195414
0.000702300721468
0.000702420552800
0.000702503147438
0.000702548087177
0.000702555076973
0.000702523944111
0.000702454637153
0.000702347224679
0.000702201893811
0.000702018948539
0.000701798807830
0.000701542003554
0.000701249178205
0.000700921082437
0.000700558572419
0.000700162607008
0.000699734244753
0.000699274640730
0.000698785043221
0.000698266790237
0.000697721305897
0.000697150096667
0.000696554747467
0.000695936917655
0.000695298336893
0.000694640800905
0.000693966167134
0.000693276350308
0.000692573317914
0.000691859085611
0.000691135712558
0.000690405296695
0.000689669969968
0.000688931893516
0.000688193252820
0.000687456252831
0.000686723113083
0.000685996062794
0.000685277335978
0.000684569166555
0.000683873783494
0.000683193405971
0.000682530238571
0.000681886466535
0.000681264251054
0.000680665724626
0.000680092986490
0.000679548098123
0.000679033078838
0.000678549901456
0.000678100488096
0.000677686706062
0.000677310363840
0.000676973207230
0.000676676915593
0.000676423098233
0.000676213290928
0.000676048952593
0.000675931462107
0.000675862115288
0.000675842122033
0.000675872603620
0.000675954590189
0.000676089018390
0.000676276729209
0.000676518465984
0.000676814872595
0.000677166491853
0.000677573764068
0.000678037025819
0.000678556508913
0.000679132339544
0.000679764537640
0.000680453016418
0.000681197582134
0.000681997934027
0.000682853664462
0.000683764259279
0.000684729098325
0.000685747456192
0.000686818503141
0.000687941306225
0.000689114830595
0.000690337940993
0.000691609403438
0.000692927887077
0.000694291966229
0.000695700122591
0.000697150747622
0.000698642145081
0.000700172533736
0.000701740050224
0.000703342752058
0.000704978620781
0.000706645565263
0.000708341425122
0.000710063974281
0.000711810924637
0.000713579929851
0.000715368589240
0.000717174451773
0.000718995020156
0.000720827755007
0.000722670079105
0.000724519381715
0.000726373022973
0.000728228338326
0.000730082643023
0.000731933236642
0.000733777407656
0.000735612438010
0.000737435607731
0.000739244199533
0.000741035503424
0.000742806821313
0.000744555471591
0.000746278793692
0.000747974152627
0.000749638943466
0.000751270595788
0.000752866578061
0.000754424401970
0.000755941626671
0.000757415862964
0.000758844777387
0.000760226096215
0.000761557609360
0.000762837174169
0.000764062719104
0.000765232247310
0.000766343840055
0.000767395660042
0.000768385954584
0.000769313058634
0.000770175397681
0.000770971490476
0.000771699951621
0.000772359493982
0.000772948930949
0.000773467178521
0.000773913257223
0.000774286293846
0.000774585523007
0.000774810288537
0.000774960044675
0.000775034357086
0.000775032903690
0.000774955475300
0.000774801976076
0.000774572423787
0.000774266949887
0.000773885799392
0.000773429330582
0.000772898014498
0.000772292434268
0.000771613284229
0.000770861368879
0.000770037601637
0.000769143003424
0.000768178701069
0.000767145925538
0.000766046009984
0.000764880387641
0.000763650589542
0.000762358242080
0.000761005064413
0.000759592865716
0.000758123542283
0.000756599074492
0.000755021523627
0.000753393028574
0.000751715802387
0.000749992128735
0.000748224358237
0.000746414904692
0.000744566241200
0.000742680896200
0.000740761449409
0.000738810527696
0.000736830800868
0.000734824977401
0.000732795800105
0.000730746041750
0.000728678500635
0.000726595996130
0.000724501364191
0.000722397452853
0.000720287117706
0.000718173217379
0.000716058609015
0.000713946143764
0.000711838662296
0.000709738990335
0.000707649934238
0.000705574276601
0.000703514771934
0.000701474142372
0.000699455073474
0.000697460210070
0.000695492152208
0.000693553451174
0.000691646605610
0.000689774057730
0.000687938189643
0.000686141319792
0.000684385699501
0.000682673509662
0.000681006857536
0.000679387773703
0.000677818209146
0.000676300032483
0.000674835027346
0.000673424889924
0.000672071226655
0.000670775552090
0.000669539286915
0.000668363756156
0.000667250187542
0.000666199710055
0.000665213352657
0.000664292043195
0.000663436607489
0.000662647768603
0.000661926146308
0.000661272256721
0.000660686512136
0.000660169221043
0.000659720588332
0.000659340715678
0.000659029602123
0.000658787144831
0.000658613140031
0.000658507284142
0.000658469175074
0.000658498313705
0.000658594105539
0.000658755862522
0.000658982805043
0.000659274064078
0.000659628683514
0.000660045622617
0.000660523758650
0.000661061889649
0.000661658737329
0.000662312950131
0.000663023106401
0.000663787717691
0.000664605232183
0.000665474038222
0.000666392467956
0.000667358801082
0.000668371268674
0.000669428057109
0.000670527312061
0.000671667142579
0.000672845625217
0.000674060808231
0.000675310715819
0.000676593352404
0.000677906706954
0.000679248757322
0.000680617474609
0.000682010827535
0.000683426786810
0.000684863329503
0.000686318443392
0.000687790131297
0.000689276415375
0.000690775341387
0.000692284982909
0.000693803445495
0.000695328870776
0.000696859440488
0.000698393380428
0.000699928964320
0.000701464517589
0.000702998421040
0.000704529114431
0.000706055099925
0.000707574945430
0.000709087287815
0.000710590835981
0.000712084373808
0.000713566762948
0.000715036945474
0.000716493946365
0.000717936875843
0.000719364931532
0.000720777400460
0.000722173660870
0.000723553183875
0.000724915534908
0.000726260375006
0.000727587461894
0.000728896650882
0.000730187895572
0.000731461248361
0.000732716860758
0.000733954983491
0.000735175966426
0.000736380258276
0.000737568406112
0.000738741054679
0.000739898945504
0.000741042915811
0.000742173897226
0.000743292914305
0.000744401082842
0.000745499608004
0.000746589782265
0.000747672983151
0.000748750670807
0.000749824385372
0.000750895744188
0.000751966438825
0.000753038231944
0.000754112953988
0.000755192499719
0.000756278824601
0.000757373941029
0.000758479914419
0.000759598859162
0.000760732934445
0.000761884339947
0.000763055311427
0.000764248116190
0.000765465048459
0.000766708424653
0.000767980578571
0.000769283856504
