0.001528793640082
0.001529897932567
0.001530422887325
0.001530367859218
0.001529733404422
0.001528521273036
0.001526734398765
0.001524376885747
0.001521453992542
0.001517972113355
0.001513938756553
0.001509362520532
0.001504253067022
0.001498621091913
0.001492478293674
0.001485837339482
0.001478711829142
0.001471116256912
0.001463065971351
0.001454577133290
0.001445666672056
0.001436352240082
0.001426652166008
0.001416585406430
0.001406171496418
0.001395430498941
0.001384382953350
0.001373049823041
0.001361452442466
0.001349612463614
0.001337551802127
0.001325292583174
0.001312857087258
0.001300267696065
0.001287546838533
0.001274716937263
0.001261800355412
0.001248819344224
0.001235795991314
0.001222752169851
0.001209709488770
0.001196689244131
0.001183712371753
0.001170799401246
0.001157970411538
0.001145244988031
0.001132642181460
0.001120180468577
0.001107877714742
0.001095751138506
0.001083817278268
0.001072091961081
0.001060590273680
0.001049326535772
0.001038314275670
0.001027566208296
0.001017094215602
0.001006909329442
0.000997021716914
0.000987440668204
0.000978174586920
0.000969230982950
0.000960616467812
0.000952336752503
0.000944396647826
0.000936800067164
0.000929550031682
0.000922648677903
0.000916097267630
0.000909896200148
0.000904045026661
0.000898542466894
0.000893386427787
0.000888574024219
0.000884101601670
0.000879964760740
0.000876158383440
0.000872676661150
0.000869513124158
0.000866660672667
0.000864111609173
0.000861857672098
0.000859890070567
0.000858199520226
0.000856776279964
0.000855610189440
0.000854690707285
0.000854006949860
0.000853547730450
0.000853301598774
0.000853256880688
0.000853401717950
0.000853724107949
0.000854211943258
0.000854853050901
0.000855635231218
0.000856546296216
0.000857574107293
0.000858706612223
0.000859931881306
0.000861238142565
0.000862613815918
0.000864047546200
0.000865528234968
0.000867045070997
0.000868587559382
0.000870145549174
0.000871709259482
0.000873269303973
0.000874816713708
0.000876342958265
0.000877839965099
0.000879300137097
0.000880716368286
0.000882082057678
0.000883391121210
0.000884638001776
0.000885817677332
0.000886925667067
0.000887958035650
0.000888911395542
0.000889782907410
0.000890570278639
0.000891271759981
0.000891886140363
0.000892412739898
0.000892851401134
0.000893202478588
0.000893466826620
0.000893645785707
0.000893741167168
0.000893755236417
0.000893690694807
0.000893550660143
0.000893338645946
0.000893058539540
0.000892714579050
0.000892311329413
0.000891853657464
0.000891346706221
0.000890795868439
0.000890206759547
0.000889585190050
0.000888937137513
0.000888268718206
0.000887586158534
0.000886895766327
0.000886203902110
0.000885516950437
0.000884841291407
0.000884183272430
0.000883549180374
0.000882945214154
0.000882377457876
0.000881851854622
0.000881374180953
0.000880950022226
0.000880584748798
0.000880283493198
0.000880051128338
0.000879892246834
0.000879811141506
0.000879811787108
0.000879897823360
0.000880072539318
0.000880338859144
0.000880699329305
0.000881156107252
0.000881710951599
0.000882365213838
0.000883119831607
0.000883975323529
0.000884931785631
0.000885988889354
0.000887145881149
0.000888401583659
0.000889754398465
0.000891202310400
0.000892742893392
0.000894373317821
0.000896090359354
0.000897890409224
0.000899769485911
0.000901723248187
0.000903747009463
0.000905835753393
0.000907984150680
0.000910186577012
0.000912437132075
0.000914729659559
0.000917057768105
0.000919414853102
0.000921794119261
0.000924188603896
0.000926591200809
0.000928994684724
0.000931391736157
0.000933774966653
0.000936136944302
0.000938470219430
0.000940767350401
0.000943020929421
0.000945223608263
0.000947368123833
0.000949447323473
0.000951454189931
0.000953381865903
0.000955223678073
0.000956973160560
0.000958624077702
0.000960170446092
0.000961606555803
0.000962926990722
0.000964126647925
0.000965200756043
0.000966144892530
0.000966954999816
0.000967627400246
0.000968158809796
0.000968546350500
0.000968787561549
0.000968880409034
0.000968823294296
0.000968615060862
0.000968254999932
0.000967742854422
0.000967078821535
0.000966263553852
0.000965298158955
0.000964184197574
0.000962923680267
0.000961519062650
0.000959973239192
0.000958289535599
0.000956471699813
0.000954523891657
0.000952450671169
0.000950256985652
0.000947948155503
0.000945529858855
0.000943008115087
0.000940389267274
0.000937679963609
0.000934887137890
0.000932017989115
0.000929079960273
0.000926080716384
0.000923028121881
0.000919930217396
0.000916795196038
0.000913631379232
0.000910447192217
0.000907251139266
0.000904051778727
0.000900857697953
0.000897677488225
0.000894519719728
0.000891392916688
0.000888305532723
0.000885265926528
0.000882282337932
0.000879362864444
0.000876515438336
0.000873747804363
0.000871067498170
0.000868481825476
0.000865997842093
0.000863622334844
0.000861361803447
0.000859222443424
0.000857210130085
0.000855330403637
0.000853588455477
0.000851989115697
0.000850536841851
0.000849235709014
0.000848089401162
0.000847101203902
0.000846273998577
0.000845610257744
0.000845112042061
0.000844780998575
0.000844618360410
0.000844624947866
0.000844801170906
0.000845147033032
0.000845662136514
0.000846345688978
0.000847196511294
0.000848213046755
0.000849393371509
0.000850735206190
0.000852235928721
0.000853892588225
0.000855701920009
0.000857660361547
0.000859764069416
0.000862008937116
0.000864390613710
0.000866904523211
0.000869545884659
0.000872309732788
0.000875190939237
0.000878184234204
0.000881284228478
0.000884485435759
0.000887782295185
0.000891169193994
0.000894640490224
0.000898190535371
0.000901813696928
0.000905504380716
0.000909257052925
0.000913066261781
0.000916926658769
0.000920833019320
0.000924780262888
0.000928763472348
0.000932777912642
0.000936819048582
0.000940882561777
0.000944964366591
0.000949060625077
0.000953167760839
0.000957282471755
0.000961401741520
0.000965522849953
0.000969643382034
0.000973761235628
0.000977874627867
0.000981982100154
0.000986082521775
0.000990175092085
0.000994259341275
0.000998335129688
0.001002402645693
0.001006462402125
0.001010515231267
0.001014562278430
0.001018604994100
0.001022645124711
0.001026684702053
0.001030726031342
0.001034771677998
0.001038824453177
0.001042887398078
0.001046963767108
0.001051057009930
0.001055170752472
0.001059308776954
0.001063475000994
0.001067673455871
0.001071908264017
0.001076183615810
0.001080503745751
0.001084872908114
0.001089295352140
0.001093775296872
0.001098316905721
0.001102924260848
0.001107601337454
0.001112351978077
0.001117179866983
0.001122088504754
0.001127081183151
0.001132160960368
0.001137330636749
0.001142592731075
0.001147949457512
0.001153402703295
0.001158954007261
0.001164604539290
0.001170355080765
0.001176206006110
0.001182157265494
0.001188208368782
0.001194358370789
0.001200605857925
0.001206948936272
0.001213385221178
0.001219911828400
0.001226525366866
0.001233221933089
0.001239997107275
0.001246845951177
0.001253763007697
0.001260742302290
0.001267777346168
0.001274861141333
0.001281986187433
0.001289144490458
0.001296327573259
0.001303526487892
0.001310731829760
0.001317933753542
0.001325121990877
0.001332285869768
0.001339414335671
0.001346495974222
0.001353519035555
0.001360471460150
