0.000291457627681
0.000291538760426
0.000291621504121
0.000291705847726
0.000291791779919
0.000291879289098
0.000291968363393
0.000292058990665
0.000292151158513
0.000292244854279
0.000292340065044
0.000292436777634
0.000292534978615
0.000292634654294
0.000292735790712
0.000292838373647
0.000292942388611
0.000293047820844
0.000293154655319
0.000293262876739
0.000293372469542
0.000293483417904
0.000293595705745
0.000293709316733
0.000293824234293
0.000293940441615
0.000294057921658
0.000294176657162
0.000294296630649
0.000294417824432
0.000294540220616
0.000294663801099
0.000294788547578
0.000294914441542
0.000295041464276
0.000295169596855
0.000295298820147
0.000295429114807
0.000295560461281
0.000295692839801
0.000295826230394
0.000295960612880
0.000296095966878
0.000296232271816
0.000296369506932
0.000296507651289
0.000296646683779
0.000296786583134
0.000296927327931
0.000297068896601
0.000297211267434
0.000297354418583
0.000297498328065
0.000297642973765
0.000297788333434
0.000297934384688
0.000298081105009
0.000298228471739
0.000298376462086
0.000298525053115
0.000298674221759
0.000298823944814
0.000298974198946
0.000299124960700
0.000299276206501
0.000299427912667
0.000299580055418
0.000299732610882
0.000299885555107
0.000300038864071
0.000300192513685
0.000300346479801
0.000300500738217
0.000300655264682
0.000300810034891
0.000300965024491
0.000301120209079
0.000301275564197
0.000301431065336
0.000301586687930
0.000301742407361
0.000301898198954
0.000302054037989
0.000302209899695
0.000302365759265
0.000302521591860
0.000302677372616
0.000302833076660
0.000302988679112
0.000303144155100
0.000303299479770
0.000303454628289
0.000303609575855
0.000303764297700
0.000303918769096
0.000304072965352
0.000304226861817
0.000304380433876
0.000304533656953
0.000304686506504
0.000304838958019
0.000304990987021
0.000305142569065
0.000305293679746
0.000305444294696
0.000305594389595
0.000305743940180
0.000305892922249
0.000306041311676
0.000306189084417
0.000306336216525
0.000306482684154
0.000306628463570
0.000306773531160
0.000306917863430
0.000307061437017
0.000307204228680
0.000307346215308
0.000307487373916
0.000307627681639
0.000307767115734
0.000307905653577
0.000308043272659
0.000308179950591
0.000308315665103
0.000308450394045
0.000308584115400
0.000308716807284
0.000308848447960
0.000308979015844
0.000309108489517
0.000309236847737
0.000309364069443
0.000309490133770
0.000309615020050
0.000309738707819
0.000309861176821
0.000309982407007
0.000310102378535
0.000310221071766
0.000310338467265
0.000310454545793
0.000310569288306
0.000310682675953
0.000310794690076
0.000310905312207
0.000311014524074
0.000311122307605
0.000311228644935
0.000311333518409
0.000311436910601
0.000311538804314
0.000311639182595
0.000311738028743
0.000311835326316
0.000311931059140
0.000312025211312
0.000312117767200
0.000312208711450
0.000312298028977
0.000312385704968
0.000312471724874
0.000312556074409
0.000312638739542
0.000312719706498
0.000312798961749
0.000312876492020
0.000312952284286
0.000313026325778
0.000313098603983
0.000313169106658
0.000313237821833
0.000313304737820
0.000313369843227
0.000313433126959
0.000313494578232
0.000313554186577
0.000313611941843
0.000313667834202
0.000313721854145
0.000313773992484
0.000313824240348
0.000313872589173
0.000313919030704
0.000313963556985
0.000314006160354
0.000314046833438
0.000314085569156
0.000314122360711
0.000314157201597
0.000314190085599
0.000314221006800
0.000314249959589
0.000314276938665
0.000314301939048
0.000314324956087
0.000314345985465
0.000314365023205
0.000314382065676
0.000314397109593
0.000314410152016
0.000314421190350
0.000314430222339
0.000314437246060
0.000314442259917
0.000314445262634
0.000314446253250
0.000314445231112
0.000314442195868
0.000314437147470
0.000314430086169
0.000314421012522
0.000314409927386
0.000314396831935
0.000314381727655
0.000314364616359
0.000314345500190
0.000314324381628
0.000314301263493
0.000314276148954
0.000314249041524
0.000314219945061
0.000314188863770
0.000314155802191
0.000314120765196
0.000314083757985
0.000314044786070
0.000314003855277
0.000313960971730
0.000313916141851
0.000313869372352
0.000313820670235
0.000313770042791
0.000313717497601
0.000313663042539
0.000313606685777
0.000313548435792
0.000313488301367
0.000313426291602
0.000313362415913
0.000313296684038
0.000313229106038
0.000313159692294
0.000313088453506
0.000313015400685
0.000312940545151
0.000312863898521
0.000312785472702
0.000312705279882
0.000312623332521
0.000312539643344
0.000312454225338
0.000312367091741
0.000312278256046
0.000312187731997
0.000312095533592
0.000312001675085
0.000311906170991
0.000311809036088
0.000311710285423
0.000311609934314
0.000311507998352
0.000311404493405
0.000311299435613
0.000311192841385
0.000311084727398
0.000310975110584
0.000310864008129
0.000310751437455
0.000310637416222
0.000310521962306
0.000310405093803
0.000310286829011
0.000310167186432
0.000310046184762
0.000309923842894
0.000309800179913
0.000309675215102
0.000309548967937
0.000309421458097
0.000309292705464
0.000309162730124
0.000309031552369
0.000308899192702
0.000308765671829
0.000308631010660
0.000308495230303
0.000308358352058
0.000308220397409
0.000308081388013
0.000307941345693
0.000307800292429
0.000307658250344
0.000307515241702
0.000307371288896
0.000307226414445
0.000307080640991
0.000306933991295
0.000306786488236
0.000306638154815
0.000306489014152
0.000306339089490
0.000306188404198
0.000306036981770
0.000305884845826
0.000305732020109
0.000305578528484
0.000305424394935
0.000305269643555
0.000305114298542
0.000304958384189
0.000304801924873
0.000304644945051
0.000304487469245
0.000304329522035
0.000304171128053
0.000304012311975
0.000303853098517
0.000303693512432
0.000303533578504
0.000303373321555
0.000303212766436
0.000303051938037
0.000302890861279
0.000302729561122
0.000302568062559
0.000302406390620
0.000302244570364
0.000302082626882
0.000301920585284
0.000301758470699
0.000301596308264
0.000301434123117
0.000301271940387
0.000301109785185
0.000300947682599
0.000300785657680
0.000300623735441
0.000300461940850
0.000300300298822
0.000300138834221
0.000299977571856
0.000299816536480
0.000299655752790
0.000299495245428
0.000299335038977
0.000299175157969
0.000299015626876
0.000298856470109
0.000298697712023
0.000298539376900
0.000298381488955
0.000298224072324
0.000298067151057
0.000297910749113
0.000297754890349
0.000297599598514
0.000297444897242
0.000297290810046
0.000297137360309
0.000296984571282
0.000296832466082
0.000296681067686
0.000296530398930
0.000296380482510
0.000296231340981
0.000296082996755
0.000295935472101
0.000295788789148
0.000295642969876
0.000295498036124
0.000295354009576
0.000295210911765
0.000295068764066
0.000294927587690
0.000294787403677
0.000294648232892
0.000294510096017
0.000294373013544
0.000294237005773
0.000294102092801
0.000293968294523
0.000293835630624
0.000293704120580
0.000293573783652
0.000293444638888
0.000293316705118
0.000293190000960
0.000293064544812
0.000292940354856
0.000292817449058
0.000292695845163
0.000292575560694
0.000292456612954
0.000292339019017
0.000292222795727
0.000292107959697
0.000291994527297
0.000291882514657
0.000291771937659
0.000291662811931
