0.000285542347611
0.000285648343313
0.000285755258279
0.000285863082014
0.000285971803834
0.000286081412865
0.000286191898051
0.000286303248166
0.000286415451822
0.000286528497481
0.000286642373469
0.000286757067988
0.000286872569121
0.000286988864847
0.000287105943039
0.000287223791471
0.000287342397816
0.000287461749642
0.000287581834407
0.000287702639452
0.000287824151992
0.000287946359110
0.000288069247748
0.000288192804700
0.000288317016610
0.000288441869969
0.000288567351117
0.000288693446247
0.000288820141411
0.000288947422530
0.000289075275403
0.000289203685720
0.000289332639071
0.000289462120959
0.000289592116811
0.000289722611981
0.000289853591761
0.000289985041378
0.000290116945998
0.000290249290724
0.000290382060587
0.000290515240543
0.000290648815468
0.000290782770146
0.000290917089264
0.000291051757410
0.000291186759065
0.000291322078606
0.000291457700303
0.000291593608328
0.000291729786759
0.000291866219591
0.000292002890742
0.000292139784072
0.000292276883387
0.000292414172456
0.000292551635015
0.000292689254781
0.000292827015454
0.000292964900720
0.000293102894253
0.000293240979709
0.000293379140728
0.000293517360922
0.000293655623870
0.000293793913111
0.000293932212140
0.000294070504395
0.000294208773262
0.000294347002070
0.000294485174091
0.000294623272548
0.000294761280621
0.000294899181452
0.000295036958163
0.000295174593864
0.000295312071663
0.000295449374685
0.000295586486075
0.000295723389011
0.000295860066711
0.000295996502432
0.000296132679476
0.000296268581184
0.000296404190933
0.000296539492131
0.000296674468205
0.000296809102600
0.000296943378764
0.000297077280146
0.000297210790190
0.000297343892334
0.000297476570008
0.000297608806643
0.000297740585670
0.000297871890537
0.000298002704714
0.000298133011712
0.000298262795088
0.000298392038466
0.000298520725545
0.000298648840110
0.000298776366039
0.000298903287308
0.000299029587994
0.000299155252271
0.000299280264407
0.000299404608759
0.000299528269761
0.000299651231919
0.000299773479797
0.000299894998013
0.000300015771232
0.000300135784160
0.000300255021541
0.000300373468166
0.000300491108872
0.000300607928553
0.000300723912168
0.000300839044760
0.000300953311463
0.000301066697522
0.000301179188301
0.000301290769300
0.000301401426162
0.000301511144679
0.000301619910798
0.000301727710617
0.000301834530385
0.000301940356494
0.000302045175470
0.000302148973965
0.000302251738742
0.000302353456671
0.000302454114712
0.000302553699918
0.000302652199421
0.000302749600438
0.000302845890272
0.000302941056318
0.000303035086072
0.000303127967147
0.000303219687279
0.000303310234351
0.000303399596402
0.000303487761642
0.000303574718464
0.000303660455452
0.000303744961389
0.000303828225257
0.000303910236234
0.000303990983691
0.000304070457186
0.000304148646446
0.000304225541364
0.000304301131980
0.000304375408475
0.000304448361155
0.000304519980451
0.000304590256910
0.000304659181194
0.000304726744088
0.000304792936502
0.000304857749484
0.000304921174232
0.000304983202108
0.000305043824654
0.000305103033606
0.000305160820909
0.000305217178727
0.000305272099451
0.000305325575706
0.000305377600349
0.000305428166465
0.000305477267365
0.000305524896573
0.000305571047812
0.000305615714996
0.000305658892213
0.000305700573713
0.000305740753901
0.000305779427322
0.000305816588664
0.000305852232753
0.000305886354558
0.000305918949196
0.000305950011946
0.000305979538259
0.000306007523774
0.000306033964330
0.000306058855986
0.000306082195030
0.000306103977991
0.000306124201645
0.000306142863021
0.000306159959401
0.000306175488311
0.000306189447520
0.000306201835023
0.000306212649031
0.000306221887957
0.000306229550401
0.000306235635136
0.000306240141100
0.000306243067383
0.000306244413226
0.000306244178017
0.000306242361299
0.000306238962769
0.000306233982296
0.000306227419929
0.000306219275910
0.000306209550694
0.000306198244955
0.000306185359607
0.000306170895808
0.000306154854968
0.000306137238752
0.000306118049079
0.000306097288116
0.000306074958270
0.000306051062177
0.000306025602686
0.000305998582847
0.000305970005893
0.000305939875232
0.000305908194428
0.000305874967197
0.000305840197403
0.000305803889050
0.000305766046293
0.000305726673438
0.000305685774954
0.000305643355482
0.000305599419852
0.000305553973095
0.000305507020453
0.000305458567394
0.000305408619622
0.000305357183077
0.000305304263941
0.000305249868635
0.000305194003813
0.000305136676355
0.000305077893350
0.000305017662086
0.000304955990036
0.000304892884839
0.000304828354292
0.000304762406331
0.000304695049029
0.000304626290588
0.000304556139334
0.000304484603724
0.000304411692348
0.000304337413938
0.000304261777379
0.000304184791720
0.000304106466187
0.000304026810193
0.000303945833350
0.000303863545476
0.000303779956599
0.000303695076956
0.000303608916995
0.000303521487366
0.000303432798911
0.000303342862654
0.000303251689785
0.000303159291650
0.000303065679732
0.000302970865638
0.000302874861092
0.000302777677922
0.000302679328056
0.000302579823518
0.000302479176432
0.000302377399025
0.000302274503633
0.000302170502712
0.000302065408845
0.000301959234756
0.000301851993318
0.000301743697563
0.000301634360683
0.000301523996042
0.000301412617167
0.000301300237751
0.000301186871647
0.000301072532853
0.000300957235507
0.000300840993872
0.000300723822321
0.000300605735326
0.000300486747445
0.000300366873309
0.000300246127619
0.000300124525135
0.000300002080675
0.000299878809120
0.000299754725409
0.000299629844554
0.000299504181639
0.000299377751834
0.000299250570400
0.000299122652699
0.000298994014199
0.000298864670480
0.000298734637235
0.000298603930269
0.000298472565497
0.000298340558938
0.000298207926705
0.000298074684994
0.000297940850076
0.000297806438283
0.000297671465995
0.000297535949630
0.000297399905637
0.000297263350485
0.000297126300660
0.000296988772662
0.000296850783008
0.000296712348229
0.000296573484878
0.000296434209534
0.000296294538810
0.000296154489357
0.000296014077869
0.000295873321093
0.000295732235824
0.000295590838911
0.000295449147256
0.000295307177806
0.000295164947551
0.000295022473515
0.000294879772748
0.000294736862315
0.000294593759287
0.000294450480730
0.000294307043700
0.000294163465228
0.000294019762324
0.000293875951965
0.000293732051095
0.000293588076628
0.000293444045446
0.000293299974403
0.000293155880330
0.000293011780035
0.000292867690314
0.000292723627944
0.000292579609697
0.000292435652331
0.000292291772595
0.000292147987226
0.000292004312943
0.000291860766445
0.000291717364400
0.000291574123442
0.000291431060164
0.000291288191106
0.000291145532751
0.000291003101518
0.000290860913759
0.000290718985750
0.000290577333695
0.000290435973719
0.000290294921871
0.000290154194125
0.000290013806378
0.000289873774458
0.000289734114121
0.000289594841052
0.000289455970871
0.000289317519128
0.000289179501302
0.000289041932802
0.000288904828963
0.000288768205040
0.000288632076205
0.000288496457543
0.000288361364042
0.000288226810594
0.000288092811989
0.000287959382906
0.000287826537916
0.000287694291478
0.000287562657934
0.000287431651513
0.000287301286328
0.000287171576378
0.000287042535547
0.000286914177606
0.000286786516210
0.000286659564903
0.000286533337113
0.000286407846150
0.000286283105205
0.000286159127348
0.000286035925521
