0.000391945437419
0.000391749633177
0.000391557325775
0.000391368624965
0.000391183639331
0.000391002476234
0.000390825241764
0.000390652040680
0.000390482976364
0.000390318150765
0.000390157664350
0.000390001616053
0.000389850103228
0.000389703221598
0.000389561065204
0.000389423726366
0.000389291295630
0.000389163861723
0.000389041511513
0.000388924329959
0.000388812400074
0.000388705802878
0.000388604617360
0.000388508920437
0.000388418786915
0.000388334289450
0.000388255498511
0.000388182482346
0.000388115306942
0.000388054035995
0.000387998730876
0.000387949450598
0.000387906251783
0.000387869188636
0.000387838312914
0.000387813673899
0.000387795318370
0.000387783290576
0.000387777632216
0.000387778382413
0.000387785577692
0.000387799251956
0.000387819436473
0.000387846159850
0.000387879448021
0.000387919324227
0.000387965809002
0.000388018920159
0.000388078672778
0.000388145079193
0.000388218148982
0.000388297888958
0.000388384303162
0.000388477392854
0.000388577156508
0.000388683589810
0.000388796685652
0.000388916434131
0.000389042822549
0.000389175835413
0.000389315454435
0.000389461658539
0.000389614423861
0.000389773723757
0.000389939528807
0.000390111806827
0.000390290522872
0.000390475639252
0.000390667115539
0.000390864908582
0.000391068972521
0.000391279258798
0.000391495716178
0.000391718290763
0.000391946926012
0.000392181562757
0.000392422139231
0.000392668591080
0.000392920851393
0.000393178850724
0.000393442517116
0.000393711776128
0.000393986550861
0.000394266761988
0.000394552327781
0.000394843164145
0.000395139184643
0.000395440300535
0.000395746420809
0.000396057452211
0.000396373299287
0.000396693864414
0.000397019047842
0.000397348747725
0.000397682860167
0.000398021279257
0.000398363897113
0.000398710603919
0.000399061287974
0.000399415835727
0.000399774131830
0.000400136059173
0.000400501498937
0.000400870330638
0.000401242432172
0.000401617679864
0.000401995948517
0.000402377111460
0.000402761040596
0.000403147606458
0.000403536678251
0.000403928123911
0.000404321810153
0.000404717602525
0.000405115365459
0.000405514962327
0.000405916255492
0.000406319106366
0.000406723375460
0.000407128922445
0.000407535606202
0.000407943284881
0.000408351815956
0.000408761056281
0.000409170862149
0.000409581089348
0.000409991593216
0.000410402228701
0.000410812850420
0.000411223312711
0.000411633469699
0.000412043175346
0.000412452283515
0.000412860648026
0.000413268122715
0.000413674561490
0.000414079818393
0.000414483747654
0.000414886203753
0.000415287041478
0.000415686115977
0.000416083282825
0.000416478398074
0.000416871318317
0.000417261900738
0.000417650003176
0.000418035484179
0.000418418203059
0.000418798019951
0.000419174795870
0.000419548392761
0.000419918673561
0.000420285502250
0.000420648743906
0.000421008264761
0.000421363932252
0.000421715615076
0.000422063183243
0.000422406508126
0.000422745462516
0.000423079920669
0.000423409758359
0.000423734852929
0.000424055083337
0.000424370330209
0.000424680475882
0.000424985404455
0.000425285001833
0.000425579155778
0.000425867755946
0.000426150693939
0.000426427863345
0.000426699159780
0.000426964480933
0.000427223726605
0.000427476798750
0.000427723601516
0.000427964041281
0.000428198026691
0.000428425468700
0.000428646280603
0.000428860378071
0.000429067679187
0.000429268104478
0.000429461576946
0.000429648022101
0.000429827367990
0.000429999545227
0.000430164487021
0.000430322129201
0.000430472410245
0.000430615271303
0.000430750656221
0.000430878511566
0.000430998786643
0.000431111433523
0.000431216407053
0.000431313664884
0.000431403167480
0.000431484878142
0.000431558763016
0.000431624791110
0.000431682934308
0.000431733167380
0.000431775467992
0.000431809816715
0.000431836197038
0.000431854595366
0.000431865001035
0.000431867406309
0.000431861806390
0.000431848199414
0.000431826586459
0.000431796971537
0.000431759361600
0.000431713766534
0.000431660199155
0.000431598675205
0.000431529213347
0.000431451835158
0.000431366565117
0.000431273430600
0.000431172461870
0.000431063692059
0.000430947157161
0.000430822896017
0.000430690950298
0.000430551364491
0.000430404185877
0.000430249464519
0.000430087253239
0.000429917607595
0.000429740585864
0.000429556249015
0.000429364660687
0.000429165887164
0.000428959997349
0.000428747062734
0.000428527157378
0.000428300357869
0.000428066743303
0.000427826395247
0.000427579397707
0.000427325837099
0.000427065802210
0.000426799384165
0.000426526676392
0.000426247774583
0.000425962776660
0.000425671782730
0.000425374895052
0.000425072217992
0.000424763857984
0.000424449923489
0.000424130524948
0.000423805774743
0.000423475787149
0.000423140678293
0.000422800566103
0.000422455570265
0.000422105812176
0.000421751414892
0.000421392503086
0.000421029202993
0.000420661642361
0.000420289950404
0.000419914257748
0.000419534696380
0.000419151399598
0.000418764501953
0.000418374139204
0.000417980448257
0.000417583567115
0.000417183634824
0.000416780791414
0.000416375177851
0.000415966935974
0.000415556208444
0.000415143138686
0.000414727870833
0.000414310549670
0.000413891320574
0.000413470329463
0.000413047722731
0.000412623647198
0.000412198250047
0.000411771678767
0.000411344081099
0.000410915604974
0.000410486398455
0.000410056609682
0.000409626386813
0.000409195877964
0.000408765231152
0.000408334594240
0.000407904114876
0.000407473940435
0.000407044217965
0.000406615094125
0.000406186715134
0.000405759226706
0.000405332774002
0.000404907501566
0.000404483553276
0.000404061072281
0.000403640200950
0.000403221080818
0.000402803852526
0.000402388655771
0.000401975629252
0.000401564910613
0.000401156636394
0.000400750941975
0.000400347961529
0.000399947827963
0.000399550672874
0.000399156626496
0.000398765817648
0.000398378373688
0.000397994420464
0.000397614082266
0.000397237481776
0.000396864740025
0.000396495976348
0.000396131308333
0.000395770851785
0.000395414720675
0.000395063027102
0.000394715881249
0.000394373391342
0.000394035663611
0.000393702802249
0.000393374909375
0.000393052084996
0.000392734426968
0.000392422030963
0.000392114990435
0.000391813396581
0.000391517338314
0.000391226902228
0.000390942172566
0.000390663231193
0.000390390157566
0.000390123028704
0.000389861919165
0.000389606901015
0.000389358043810
0.000389115414566
0.000388879077741
0.000388649095209
0.000388425526247
0.000388208427506
0.000387997853002
0.000387793854092
0.000387596479465
0.000387405775120
0.000387221784358
0.000387044547767
0.000386874103212
0.000386710485824
0.000386553727993
0.000386403859357
0.000386260906800
0.000386124894441
0.000385995843638
0.000385873772974
0.000385758698268
0.000385650632564
0.000385549586136
0.000385455566492
0.000385368578373
0.000385288623759
0.000385215701875
0.000385149809197
0.000385090939460
0.000385039083668
0.000384994230101
0.000384956364333
0.000384925469235
0.000384901524998
0.000384884509144
0.000384874396540
0.000384871159418
0.000384874767396
0.000384885187490
0.000384902384141
0.000384926319237
0.000384956952130
0.000384994239667
0.000385038136211
0.000385088593668
0.000385145561516
0.000385208986831
0.000385278814318
0.000385354986340
0.000385437442952
0.000385526121932
0.000385620958814
0.000385721886924
0.000385828837415
0.000385941739302
