0.000214208261547
0.000214259409926
0.000214310280010
0.000214360870387
0.000214411187068
0.000214461243163
0.000214511058362
0.000214560658240
0.000214610073402
0.000214659338500
0.000214708491138
0.000214757570711
0.000214806617199
0.000214855669958
0.000214904766540
0.000214953941576
0.000215003225744
0.000215052644867
0.000215102219142
0.000215151962534
0.000215201882344
0.000215251978955
0.000215302245767
0.000215352669325
0.000215403229621
0.000215453900583
0.000215504650726
0.000215555443955
0.000215606240503
0.000215656997980
0.000215707672507
0.000215758219905
0.000215808596908
0.000215858762361
0.000215908678372
0.000215958311375
0.000216007633074
0.000216056621230
0.000216105260268
0.000216153541681
0.000216201464213
0.000216249033816
0.000216296263379
0.000216343172241
0.000216389785502
0.000216436133153
0.000216482249054
0.000216528169796
0.000216573933481
0.000216619578454
0.000216665142033
0.000216710659275
0.000216756161812
0.000216801676791
0.000216847225966
0.000216892824948
0.000216938482661
0.000216984201002
0.000217029974737
0.000217075791621
0.000217121632752
0.000217167473145
0.000217213282502
0.000217259026158
0.000217304666171
0.000217350162510
0.000217395474306
0.000217440561109
0.000217485384122
0.000217529907356
0.000217574098672
0.000217617930667
0.000217661381397
0.000217704434887
0.000217747081447
0.000217789317768
0.000217831146808
0.000217872577492
0.000217913624212
0.000217954306187
0.000217994646672
0.000218034672075
0.000218074410986
0.000218113893173
0.000218153148561
0.000218192206232
0.000218231093474
0.000218269834916
0.000218308451758
0.000218346961136
0.000218385375633
0.000218423702944
0.000218461945708
0.000218500101504
0.000218538163016
0.000218576118336
0.000218613951405
0.000218651642571
0.000218689169229
0.000218726506527
0.000218763628109
0.000218800506867
0.000218837115687
0.000218873428160
0.000218909419237
0.000218945065834
0.000218980347347
0.000219015246098
0.000219049747683
0.000219083841233
0.000219117519581
0.000219150779333
0.000219183620845
0.000219216048108
0.000219248068543
0.000219279692710
0.000219310933935
0.000219341807869
0.000219372331986
0.000219402525035
0.000219432406452
0.000219461995765
0.000219491311991
0.000219520373058
0.000219549195251
0.000219577792714
0.000219606177015
0.000219634356775
0.000219662337388
0.000219690120831
0.000219717705555
0.000219745086491
0.000219772255134
0.000219799199737
0.000219825905590
0.000219852355394
0.000219878529709
0.000219904407488
0.000219929966658
0.000219955184760
0.000219980039611
0.000220004509980
0.000220028576248
0.000220052221034
0.000220075429754
0.000220098191103
0.000220120497426
0.000220142344969
0.000220163733994
0.000220184668745
0.000220205157281
0.000220225211159
0.000220244844995
0.000220264075908
0.000220282922879
0.000220301406037
0.000220319545912
0.000220337362665
0.000220354875345
0.000220372101179
0.000220389054928
0.000220405748338
0.000220422189692
0.000220438383485
0.000220454330238
0.000220470026455
0.000220485464715
0.000220500633923
0.000220515519690
0.000220530104836
0.000220544370005
0.000220558294366
0.000220571856369
0.000220585034540
0.000220597808259
0.000220610158523
0.000220622068629
0.000220633524767
0.000220644516499
0.000220655037095
0.000220665083722
0.000220674657475
0.000220683763254
0.000220692409499
0.000220700607793
0.000220708372351
0.000220715719423
0.000220722666639
0.000220729232314
0.000220735434751
0.000220741291555
0.000220746818999
0.000220752031440
0.000220756940829
0.000220761556308
0.000220765883918
0.000220769926421
0.000220773683244
0.000220777150540
0.000220780321364
0.000220783185962
0.000220785732157
0.000220787945813
0.000220789811367
0.000220791312402
0.000220792432248
0.000220793154568
0.000220793463927
0.000220793346315
0.000220792789598
0.000220791783897
0.000220790321865
0.000220788398881
0.000220786013133
0.000220783165616
0.000220779860031
0.000220776102616
0.000220771901897
0.000220767268395
0.000220762214276
0.000220756752979
0.000220750898817
0.000220744666565
0.000220738071050
0.000220731126740
0.000220723847350
0.000220716245463
0.000220708332186
0.000220700116834
0.000220691606668
0.000220682806670
0.000220673719396
0.000220664344874
0.000220654680590
0.000220644721530
0.000220634460307
0.000220623887347
0.000220612991151
0.000220601758603
0.000220590175341
0.000220578226162
0.000220565895456
0.000220553167665
0.000220540027751
0.000220526461657
0.000220512456766
0.000220498002327
0.000220483089854
0.000220467713480
0.000220451870251
0.000220435560350
0.000220418787251
0.000220401557765
0.000220383882002
0.000220365773211
0.000220347247523
0.000220328323572
0.000220309022019
0.000220289364978
0.000220269375367
0.000220249076198
0.000220228489840
0.000220207637267
0.000220186537336
0.000220165206111
0.000220143656271
0.000220121896610
0.000220099931674
0.000220077761522
0.000220055381653
0.000220032783074
0.000220009952532
0.000219986872895
0.000219963523674
0.000219939881667
0.000219915921717
0.000219891617549
0.000219866942668
0.000219841871291
0.000219816379273
0.000219790445008
0.000219764050264
0.000219737180922
0.000219709827592
0.000219681986082
0.000219653657687
0.000219624849295
0.000219595573304
0.000219565847326
0.000219535693716
0.000219505138923
0.000219474212685
0.000219442947104
0.000219411375642
0.000219379532050
0.000219347449300
0.000219315158536
0.000219282688096
0.000219250062622
0.000219217302306
0.000219184422284
0.000219151432190
0.000219118335900
0.000219085131459
0.000219051811184
0.000219018361967
0.000218984765723
0.000218951000020
0.000218917038820
0.000218882853350
0.000218848413054
0.000218813686595
0.000218778642894
0.000218743252149
0.000218707486822
0.000218671322551
0.000218634738958
0.000218597720329
0.000218560256148
0.000218522341465
0.000218483977084
0.000218445169583
0.000218405931149
0.000218366279261
0.000218326236205
0.000218285828476
0.000218245086051
0.000218204041588
0.000218162729552
0.000218121185305
0.000218079444183
0.000218037540572
0.000217995507021
0.000217953373400
0.000217911166126
0.000217868907477
0.000217826615009
0.000217784301092
0.000217741972581
0.000217699630631
0.000217657270663
0.000217614882488
0.000217572450595
0.000217529954581
0.000217487369738
0.000217444667768
0.000217401817606
0.000217358786337
0.000217315540184
0.000217272045523
0.000217228269918
0.000217184183127
0.000217139758070
0.000217094971716
0.000217049805874
0.000217004247858
0.000216958291022
0.000216911935123
0.000216865186523
0.000216818058204
0.000216770569598
0.000216722746227
0.000216674619153
0.000216626224260
0.000216577601357
0.000216528793152
0.000216479844101
0.000216430799173
0.000216381702567
0.000216332596423
0.000216283519561
0.000216234506303
0.000216185585417
0.000216136779208
0.000216088102809
0.000216039563691
0.000215991161403
0.000215942887568
0.000215894726130
0.000215846653838
0.000215798640974
0.000215750652282
0.000215702648078
0.000215654585514
0.000215606419947
0.000215558106381
0.000215509600930
0.000215460862268
0.000215411853011
0.000215362540997
0.000215312900411
0.000215262912735
0.000215212567468
0.000215161862613
0.000215110804889
0.000215059409679
0.000215007700693
0.000214955709368
0.000214903474016
0.000214851038752
0.000214798452228
