0.000209357068908
0.000209414479376
0.000209470153872
0.000209524126733
0.000209576445235
0.000209627171512
0.000209676384222
0.000209724179839
0.000209770673410
0.000209815998705
0.000209860307658
0.000209903769084
0.000209946566667
0.000209988896256
0.000210030962547
0.000210072975268
0.000210115144982
0.000210157678687
0.000210200775356
0.000210244621610
0.000210289387688
0.000210335223868
0.000210382257487
0.000210430590682
0.000210480298918
0.000210531430385
0.000210584006239
0.000210638021696
0.000210693447877
0.000210750234330
0.000210808312076
0.000210867597029
0.000210927993615
0.000210989398406
0.000211051703601
0.000211114800184
0.000211178580623
0.000211242940997
0.000211307782487
0.000211373012184
0.000211438543227
0.000211504294315
0.000211570188670
0.000211636152562
0.000211702113528
0.000211767998433
0.000211833731520
0.000211899232611
0.000211964415593
0.000212029187319
0.000212093447026
0.000212157086338
0.000212219989906
0.000212282036681
0.000212343101799
0.000212403059013
0.000212461783572
0.000212519155431
0.000212575062644
0.000212629404774
0.000212682096164
0.000212733068892
0.000212782275276
0.000212829689767
0.000212875310161
0.000212919158031
0.000212961278368
0.000213001738431
0.000213040625860
0.000213078046142
0.000213114119553
0.000213148977712
0.000213182759923
0.000213215609469
0.000213247670026
0.000213279082362
0.000213309981451
0.000213340494127
0.000213370737356
0.000213400817169
0.000213430828288
0.000213460854397
0.000213490969026
0.000213521236942
0.000213551715935
0.000213582458875
0.000213613515876
0.000213644936417
0.000213676771271
0.000213709074081
0.000213741902482
0.000213775318641
0.000213809389167
0.000213844184339
0.000213879776685
0.000213916238923
0.000213953641378
0.000213992048982
0.000214031517999
0.000214072092650
0.000214113801805
0.000214156655927
0.000214200644436
0.000214245733635
0.000214291865327
0.000214338956212
0.000214386898123
0.000214435559099
0.000214484785285
0.000214534403590
0.000214584225004
0.000214634048451
0.000214683665025
0.000214732862458
0.000214781429629
0.000214829160968
0.000214875860574
0.000214921345902
0.000214965450912
0.000215008028555
0.000215048952557
0.000215088118461
0.000215125443929
0.000215160868365
0.000215194351918
0.000215225873994
0.000215255431385
0.000215283036177
0.000215308713584
0.000215332499852
0.000215354440378
0.000215374588156
0.000215393002627
0.000215409749013
0.000215424898126
0.000215438526652
0.000215450717848
0.000215461562572
0.000215471160528
0.000215479621603
0.000215487067151
0.000215493631085
0.000215499460629
0.000215504716614
0.000215509573214
0.000215514217035
0.000215518845517
0.000215523664638
0.000215528885926
0.000215534722866
0.000215541386766
0.000215549082228
0.000215558002365
0.000215568323943
0.000215580202622
0.000215593768506
0.000215609122162
0.000215626331303
0.000215645428266
0.000215666408408
0.000215689229503
0.000215713812171
0.000215740041333
0.000215767768645
0.000215796815813
0.000215826978661
0.000215858031795
0.000215889733686
0.000215921831973
0.000215954068801
0.000215986186013
0.000216017930009
0.000216049056148
0.000216079332567
0.000216108543325
0.000216136490839
0.000216162997593
0.000216187907137
0.000216211084431
0.000216232415631
0.000216251807390
0.000216269185823
0.000216284495257
0.000216297696880
0.000216308767446
0.000216317698123
0.000216324493584
0.000216329171417
0.000216331761882
0.000216332308015
0.000216330866064
0.000216327506180
0.000216322313284
0.000216315387990
0.000216306847456
0.000216296826036
0.000216285475584
0.000216272965304
0.000216259481033
0.000216245223886
0.000216230408220
0.000216215258914
0.000216200007982
0.000216184890615
0.000216170140722
0.000216155986128
0.000216142643572
0.000216130313684
0.000216119176117
0.000216109385023
0.000216101065052
0.000216094308019
0.000216089170405
0.000216085671774
0.000216083794199
0.000216083482738
0.000216084646943
0.000216087163367
0.000216090878985
0.000216095615403
0.000216101173697
0.000216107339715
0.000216113889625
0.000216120595525
0.000216127230893
0.000216133575701
0.000216139421016
0.000216144572951
0.000216148855868
0.000216152114752
0.000216154216756
0.000216155051914
0.000216154533095
0.000216152595262
0.000216149194182
0.000216144304681
0.000216137918623
0.000216130042721
0.000216120696354
0.000216109909489
0.000216097720825
0.000216084176246
0.000216069327629
0.000216053232049
0.000216035951355
0.000216017552110
0.000215998105809
0.000215977689312
0.000215956385382
0.000215934283204
0.000215911478791
0.000215888075132
0.000215864182004
0.000215839915338
0.000215815396101
0.000215790748646
0.000215766098542
0.000215741569935
0.000215717282493
0.000215693348065
0.000215669867185
0.000215646925557
0.000215624590725
0.000215602909054
0.000215581903219
0.000215561570321
0.000215541880773
0.000215522778026
0.000215504179206
0.000215485976668
0.000215468040446
0.000215450221538
0.000215432355926
0.000215414269194
0.000215395781592
0.000215376713362
0.000215356890132
0.000215336148187
0.000215314339413
0.000215291335734
0.000215267032883
0.000215241353363
0.000215214248504
0.000215185699544
0.000215155717716
0.000215124343359
0.000215091644124
0.000215057712358
0.000215022661816
0.000214986623856
0.000214949743279
0.000214912174013
0.000214874074816
0.000214835605154
0.000214796921417
0.000214758173580
0.000214719502411
0.000214681037259
0.000214642894470
0.000214605176381
0.000214567970875
0.000214531351412
0.000214495377436
0.000214460095070
0.000214425537966
0.000214391728211
0.000214358677170
0.000214326386179
0.000214294847009
0.000214264042049
0.000214233944178
0.000214204516330
0.000214175710788
0.000214147468259
0.000214119716816
0.000214092370819
0.000214065329933
0.000214038478372
0.000214011684499
0.000213984800900
0.000213957665040
0.000213930100575
0.000213901919366
0.000213872924204
0.000213842912226
0.000213811678938
0.000213779022753
0.000213744749901
0.000213708679554
0.000213670648965
0.000213630518456
0.000213588176037
0.000213543541484
0.000213496569708
0.000213447253256
0.000213395623858
0.000213341752909
0.000213285750879
0.000213227765623
0.000213167979662
0.000213106606491
0.000213043886053
0.000212980079517
0.000212915463535
0.000212850324183
0.000212784950773
0.000212719629750
0.000212654638872
0.000212590241843
0.000212526683559
0.000212464186091
0.000212402945479
0.000212343129393
0.000212284875665
0.000212228291640
0.000212173454300
0.000212120411039
0.000212069180988
0.000212019756733
0.000211972106306
0.000211926175303
0.000211881889005
0.000211839154399
0.000211797862021
0.000211757887552
0.000211719093160
0.000211681328572
0.000211644431921
0.000211608230408
0.000211572540862
0.000211537170286
0.000211501916473
0.000211466568811
0.000211430909353
0.000211394714251
0.000211357755607
0.000211319803798
0.000211280630283
0.000211240010874
0.000211197729439
0.000211153581936
0.000211107380690
0.000211058958750
0.000211008174193
0.000210954914192
0.000210899098666
0.000210840683360
0.000210779662184
0.000210716068682
0.000210649976535
0.000210581499031
0.000210510787470
0.000210438028542
0.000210363440713
0.000210287269750
0.000210209783495
0.000210131266070
0.000210052011688
0.000209972318282
0.000209892481148
0.000209812786802
