0.000288013805550
0.000288104990774
0.000288197449989
0.000288291172317
0.000288386146645
0.000288482361620
0.000288579805649
0.000288678466905
0.000288778333328
0.000288879392636
0.000288981632331
0.000289085039707
0.000289189601863
0.000289295305708
0.000289402137972
0.000289510085212
0.000289619133816
0.000289729270006
0.000289840479839
0.000289952749202
0.000290066063815
0.000290180409219
0.000290295770778
0.000290412133668
0.000290529482876
0.000290647803194
0.000290767079221
0.000290887295358
0.000291008435815
0.000291130484616
0.000291253425602
0.000291377242441
0.000291501918638
0.000291627437546
0.000291753782372
0.000291880936192
0.000292008881951
0.000292137602478
0.000292267080483
0.000292397298561
0.000292528239195
0.000292659884749
0.000292792217467
0.000292925219469
0.000293058872745
0.000293193159150
0.000293328060404
0.000293463558085
0.000293599633635
0.000293736268354
0.000293873443413
0.000294011139853
0.000294149338598
0.000294288020463
0.000294427166165
0.000294566756331
0.000294706771513
0.000294847192193
0.000294987998790
0.000295129171672
0.000295270691152
0.000295412537491
0.000295554690900
0.000295697131535
0.000295839839492
0.000295982794806
0.000296125977443
0.000296269367297
0.000296412944186
0.000296556687856
0.000296700577974
0.000296844594139
0.000296988715884
0.000297132922683
0.000297277193963
0.000297421509112
0.000297565847493
0.000297710188453
0.000297854511336
0.000297998795488
0.000298143020267
0.000298287165049
0.000298431209226
0.000298575132213
0.000298718913440
0.000298862532350
0.000299005968399
0.000299149201043
0.000299292209740
0.000299434973943
0.000299577473098
0.000299719686642
0.000299861594007
0.000300003174626
0.000300144407934
0.000300285273382
0.000300425750445
0.000300565818633
0.000300705457506
0.000300844646682
0.000300983365848
0.000301121594771
0.000301259313303
0.000301396501385
0.000301533139052
0.000301669206425
0.000301804683718
0.000301939551224
0.000302073789318
0.000302207378445
0.000302340299116
0.000302472531906
0.000302604057450
0.000302734856443
0.000302864909639
0.000302994197862
0.000303122702009
0.000303250403058
0.000303377282085
0.000303503320268
0.000303628498907
0.000303752799429
0.000303876203402
0.000303998692544
0.000304120248726
0.000304240853980
0.000304360490495
0.000304479140619
0.000304596786855
0.000304713411852
0.000304828998402
0.000304943529434
0.000305056988002
0.000305169357288
0.000305280620594
0.000305390761342
0.000305499763078
0.000305607609473
0.000305714284335
0.000305819771616
0.000305924055423
0.000306027120030
0.000306128949891
0.000306229529653
0.000306328844160
0.000306426878469
0.000306523617851
0.000306619047793
0.000306713154003
0.000306805922402
0.000306897339121
0.000306987390496
0.000307076063057
0.000307163343524
0.000307249218799
0.000307333675957
0.000307416702246
0.000307498285086
0.000307578412067
0.000307657070957
0.000307734249707
0.000307809936460
0.000307884119564
0.000307956787582
0.000308027929305
0.000308097533759
0.000308165590223
0.000308232088228
0.000308297017567
0.000308360368296
0.000308422130732
0.000308482295450
0.000308540853279
0.000308597795292
0.000308653112796
0.000308706797328
0.000308758840644
0.000308809234711
0.000308857971704
0.000308905044006
0.000308950444204
0.000308994165096
0.000309036199697
0.000309076541246
0.000309115183218
0.000309152119334
0.000309187343573
0.000309220850182
0.000309252633684
0.000309282688889
0.000309311010894
0.000309337595084
0.000309362437134
0.000309385533003
0.000309406878926
0.000309426471407
0.000309444307209
0.000309460383343
0.000309474697062
0.000309487245849
0.000309498027416
0.000309507039697
0.000309514280848
0.000309519749253
0.000309523443526
0.000309525362519
0.000309525505333
0.000309523871326
0.000309520460126
0.000309515271637
0.000309508306050
0.000309499563851
0.000309489045819
0.000309476753033
0.000309462686863
0.000309446848972
0.000309429241303
0.000309409866072
0.000309388725760
0.000309365823096
0.000309341161054
0.000309314742841
0.000309286571889
0.000309256651854
0.000309224986612
0.000309191580260
0.000309156437124
0.000309119561760
0.000309080958967
0.000309040633791
0.000308998591538
0.000308954837782
0.000308909378372
0.000308862219438
0.000308813367392
0.000308762828931
0.000308710611030
0.000308656720941
0.000308601166184
0.000308543954535
0.000308485094018
0.000308424592891
0.000308362459640
0.000308298702963
0.000308233331767
0.000308166355164
0.000308097782463
0.000308027623173
0.000307955887007
0.000307882583885
0.000307807723941
0.000307731317531
0.000307653375240
0.000307573907891
0.000307492926552
0.000307410442538
0.000307326467413
0.000307241012995
0.000307154091347
0.000307065714772
0.000306975895809
0.000306884647219
0.000306791981977
0.000306697913259
0.000306602454430
0.000306505619036
0.000306407420796
0.000306307873595
0.000306206991478
0.000306104788653
0.000306001279488
0.000305896478518
0.000305790400448
0.000305683060161
0.000305574472721
0.000305464653383
0.000305353617598
0.000305241381015
0.000305127959483
0.000305013369050
0.000304897625962
0.000304780746656
0.000304662747751
0.000304543646040
0.000304423458478
0.000304302202174
0.000304179894374
0.000304056552458
0.000303932193928
0.000303806836397
0.000303680497594
0.000303553195351
0.000303424947611
0.000303295772426
0.000303165687962
0.000303034712501
0.000302902864452
0.000302770162348
0.000302636624857
0.000302502270782
0.000302367119063
0.000302231188775
0.000302094499124
0.000301957069446
0.000301818919195
0.000301680067935
0.000301540535335
0.000301400341150
0.000301259505218
0.000301118047446
0.000300975987803
0.000300833346312
0.000300690143045
0.000300546398120
0.000300402131700
0.000300257363992
0.000300112115253
0.000299966405787
0.000299820255953
0.000299673686170
0.000299526716914
0.000299379368727
0.000299231662212
0.000299083618038
0.000298935256931
0.000298786599672
0.000298637667091
0.000298488480061
0.000298339059484
0.000298189426286
0.000298039601405
0.000297889605783
0.000297739460360
0.000297589186061
0.000297438803798
0.000297288334458
0.000297137798910
0.000296987217995
0.000296836612535
0.000296686003329
0.000296535411156
0.000296384856781
0.000296234360952
0.000296083944406
0.000295933627866
0.000295783432041
0.000295633377624
0.000295483485287
0.000295333775679
0.000295184269415
0.000295034987071
0.000294885949176
0.000294737176205
0.000294588688568
0.000294440506608
0.000294292650587
0.000294145140688
0.000293997997008
0.000293851239554
0.000293704888242
0.000293558962899
0.000293413483259
0.000293268468969
0.000293123939583
0.000292979914573
0.000292836413318
0.000292693455113
0.000292551059166
0.000292409244591
0.000292268030414
0.000292127435562
0.000291987478859
0.000291848179025
0.000291709554665
0.000291571624267
0.000291434406193
0.000291297918674
0.000291162179804
0.000291027207536
0.000290893019680
0.000290759633895
0.000290627067693
0.000290495338431
0.000290364463314
0.000290234459396
0.000290105343574
0.000289977132596
0.000289849843053
0.000289723491384
0.000289598093874
0.000289473666651
0.000289350225686
0.000289227786791
0.000289106365614
0.000288985977639
0.000288866638178
0.000288748362372
0.000288631165182
0.000288515061391
0.000288400065594
0.000288286192197
