0.000278627515573
0.000278757963752
0.000278888598121
0.000279019411395
0.000279150396160
0.000279281544829
0.000279412849620
0.000279544302528
0.000279675895319
0.000279807619521
0.000279939466440
0.000280071427172
0.000280203492637
0.000280335653616
0.000280467900792
0.000280600224804
0.000280732616296
0.000280865065965
0.000280997564611
0.000281130103175
0.000281262672769
0.000281395264700
0.000281527870478
0.000281660481810
0.000281793090584
0.000281925688840
0.000282058268731
0.000282190822475
0.000282323342297
0.000282455820376
0.000282588248782
0.000282720619427
0.000282852924014
0.000282985154001
0.000283117300569
0.000283249354619
0.000283381306765
0.000283513147355
0.000283644866500
0.000283776454122
0.000283907900005
0.000284039193859
0.000284170325388
0.000284301284358
0.000284432060663
0.000284562644382
0.000284693025832
0.000284823195599
0.000284953144567
0.000285082863914
0.000285212345106
0.000285341579866
0.000285470560134
0.000285599278004
0.000285727725664
0.000285855895319
0.000285983779118
0.000286111369082
0.000286238657035
0.000286365634551
0.000286492292906
0.000286618623056
0.000286744615624
0.000286870260912
0.000286995548929
0.000287120469437
0.000287245012010
0.000287369166109
0.000287492921161
0.000287616266643
0.000287739192166
0.000287861687554
0.000287983742910
0.000288105348670
0.000288226495640
0.000288347175017
0.000288467378380
0.000288587097671
0.000288706325153
0.000288825053344
0.000288943274952
0.000289060982784
0.000289178169658
0.000289294828317
0.000289410951341
0.000289526531071
0.000289641559549
0.000289756028478
0.000289869929190
0.000289983252653
0.000290095989488
0.000290208130013
0.000290319664301
0.000290430582263
0.000290540873733
0.000290650528570
0.000290759536752
0.000290867888472
0.000290975574227
0.000291082584888
0.000291188911752
0.000291294546581
0.000291399481606
0.000291503709516
0.000291607223420
0.000291710016790
0.000291812083379
0.000291913417136
0.000292014012103
0.000292113862311
0.000292212961680
0.000292311303926
0.000292408882479
0.000292505690424
0.000292601720463
0.000292696964892
0.000292791415618
0.000292885064191
0.000292977901861
0.000293069919657
0.000293161108482
0.000293251459216
0.000293340962832
0.000293429610498
0.000293517393689
0.000293604304267
0.000293690334562
0.000293775477416
0.000293859726211
0.000293943074866
0.000294025517812
0.000294107049936
0.000294187666505
0.000294267363076
0.000294346135385
0.000294423979237
0.000294500890390
0.000294576864444
0.000294651896747
0.000294725982315
0.000294799115772
0.000294871291320
0.000294942502736
0.000295012743391
0.000295082006303
0.000295150284211
0.000295217569669
0.000295283855153
0.000295349133184
0.000295413396447
0.000295476637908
0.000295538850918
0.000295600029305
0.000295660167439
0.000295719260279
0.000295777303377
0.000295834292872
0.000295890225441
0.000295945098232
0.000295998908769
0.000296051654846
0.000296103334406
0.000296153945417
0.000296203485750
0.000296251953066
0.000296299344723
0.000296345657696
0.000296390888532
0.000296435033327
0.000296478087736
0.000296520047012
0.000296560906069
0.000296600659578
0.000296639302070
0.000296676828064
0.000296713232187
0.000296748509312
0.000296782654667
0.000296815663947
0.000296847533395
0.000296878259858
0.000296907840823
0.000296936274407
0.000296963559336
0.000296989694877
0.000297014680753
0.000297038517040
0.000297061204041
0.000297082742159
0.000297103131766
0.000297122373075
0.000297140466035
0.000297157410235
0.000297173204842
0.000297187848560
0.000297201339624
0.000297213675829
0.000297224854578
0.000297234872972
0.000297243727906
0.000297251416198
0.000297257934714
0.000297263280507
0.000297267450943
0.000297270443820
0.000297272257462
0.000297272890802
0.000297272343416
0.000297270615549
0.000297267708088
0.000297263622520
0.000297258360853
0.000297251925516
0.000297244319236
0.000297235544911
0.000297225605474
0.000297214503756
0.000297202242368
0.000297188823596
0.000297174249316
0.000297158520946
0.000297141639418
0.000297123605192
0.000297104418296
0.000297084078395
0.000297062584891
0.000297039937037
0.000297016134069
0.000296991175341
0.000296965060462
0.000296937789419
0.000296909362689
0.000296879781328
0.000296849047030
0.000296817162156
0.000296784129732
0.000296749953415
0.000296714637429
0.000296678186469
0.000296640605590
0.000296601900079
0.000296562075315
0.000296521136637
0.000296479089209
0.000296435937906
0.000296391687222
0.000296346341200
0.000296299903395
0.000296252376869
0.000296203764217
0.000296154067626
0.000296103288960
0.000296051429871
0.000295998491922
0.000295944476723
0.000295889386068
0.000295833222066
0.000295775987261
0.000295717684728
0.000295658318151
0.000295597891859
0.000295536410845
0.000295473880741
0.000295410307769
0.000295345698656
0.000295280060531
0.000295213400805
0.000295145727031
0.000295077046772
0.000295007367462
0.000294936696288
0.000294865040084
0.000294792405251
0.000294718797709
0.000294644222873
0.000294568685668
0.000294492190576
0.000294414741704
0.000294336342888
0.000294256997809
0.000294176710120
0.000294095483588
0.000294013322222
0.000293930230398
0.000293846212963
0.000293761275324
0.000293675423495
0.000293588664127
0.000293501004502
0.000293412452487
0.000293323016474
0.000293232705276
0.000293141528024
0.000293049494026
0.000292956612642
0.000292862893146
0.000292768344600
0.000292672975744
0.000292576794910
0.000292479809959
0.000292382028247
0.000292283456628
0.000292184101484
0.000292083968788
0.000291983064185
0.000291881393109
0.000291778960899
0.000291675772933
0.000291571834758
0.000291467152217
0.000291361731554
0.000291255579510
0.000291148703382
0.000291041111060
0.000290932811034
0.000290823812361
0.000290714124616
0.000290603757804
0.000290492722254
0.000290381028506
0.000290268687174
0.000290155708818
0.000290042103819
0.000289927882265
0.000289813053862
0.000289697627856
0.000289581613002
0.000289465017545
0.000289347849241
0.000289230115411
0.000289111823011
0.000288992978731
0.000288873589111
0.000288753660662
0.000288633199996
0.000288512213945
0.000288390709675
0.000288268694776
0.000288146177333
0.000288023165972
0.000287899669870
0.000287775698739
0.000287651262783
0.000287526372624
0.000287401039210
0.000287275273701
0.000287149087350
0.000287022491375
0.000286895496839
0.000286768114537
0.000286640354900
0.000286512227923
0.000286383743117
0.000286254909487
0.000286125735547
0.000285996229354
0.000285866398574
0.000285736250571
0.000285605792509
0.000285475031471
0.000285343974576
0.000285212629097
0.000285081002571
0.000284949102895
0.000284816938391
0.000284684517862
0.000284551850608
0.000284418946418
0.000284285815537
0.000284152468599
0.000284018916548
0.000283885170533
0.000283751241796
0.000283617141553
0.000283482880878
0.000283348470594
0.000283213921178
0.000283079242687
0.000282944444707
0.000282809536329
0.000282674526151
0.000282539422309
0.000282404232534
0.000282268964226
0.000282133624554
0.000281998220563
0.000281862759282
0.000281727247841
0.000281591693571
0.000281456104101
0.000281320487423
0.000281184851947
0.000281049206524
0.000280913560443
0.000280777923401
0.000280642305450
0.000280506716921
0.000280371168334
0.000280235670285
0.000280100233346
0.000279964867945
