0.000182438968868
0.000182461917115
0.000182484271751
0.000182506108069
0.000182527509536
0.000182548565619
0.000182569369672
0.000182590016923
0.000182610602608
0.000182631220257
0.000182651960119
0.000182672907740
0.000182694142651
0.000182715737160
0.000182737755238
0.000182760251477
0.000182783270141
0.000182806844317
0.000182830995197
0.000182855731526
0.000182881049264
0.000182906931498
0.000182933348657
0.000182960259051
0.000182987609749
0.000183015337816
0.000183043371858
0.000183071633862
0.000183100041245
0.000183128509056
0.000183156952220
0.000183185287742
0.000183213436768
0.000183241326409
0.000183268891264
0.000183296074576
0.000183322828988
0.000183349116901
0.000183374910437
0.000183400191062
0.000183424948925
0.000183449181985
0.000183472895019
0.000183496098584
0.000183518808031
0.000183541042612
0.000183562824753
0.000183584179514
0.000183605134237
0.000183625718376
0.000183645963479
0.000183665903263
0.000183685573730
0.000183705013268
0.000183724262672
0.000183743365037
0.000183762365489
0.000183781310739
0.000183800248445
0.000183819226422
0.000183838291720
0.000183857489621
0.000183876862618
0.000183896449429
0.000183916284110
0.000183936395298
0.000183956805654
0.000183977531484
0.000183998582573
0.000184019962205
0.000184041667338
0.000184063688896
0.000184086012129
0.000184108616997
0.000184131478521
0.000184154567078
0.000184177848608
0.000184201284734
0.000184224832803
0.000184248445879
0.000184272072728
0.000184295657860
0.000184319141671
0.000184342460765
0.000184365548487
0.000184388335726
0.000184410751991
0.000184432726769
0.000184454191145
0.000184475079618
0.000184495332064
0.000184514895746
0.000184533727280
0.000184551794447
0.000184569077762
0.000184585571703
0.000184601285521
0.000184616243595
0.000184630485286
0.000184644064303
0.000184657047602
0.000184669513864
0.000184681551626
0.000184693257144
0.000184704732087
0.000184716081133
0.000184727409581
0.000184738821036
0.000184750415232
0.000184762286039
0.000184774519686
0.000184787193197
0.000184800373050
0.000184814114039
0.000184828458319
0.000184843434625
0.000184859057630
0.000184875327471
0.000184892229407
0.000184909733657
0.000184927795434
0.000184946355206
0.000184965339234
0.000184984660419
0.000185004219502
0.000185023906632
0.000185043603308
0.000185063184698
0.000185082522271
0.000185101486714
0.000185119951032
0.000185137793738
0.000185154902019
0.000185171174762
0.000185186525312
0.000185200883855
0.000185214199324
0.000185226440752
0.000185237598026
0.000185247682004
0.000185256724033
0.000185264774866
0.000185271903073
0.000185278193018
0.000185283742486
0.000185288660088
0.000185293062532
0.000185297071856
0.000185300812732
0.000185304409872
0.000185307985627
0.000185311657781
0.000185315537568
0.000185319727911
0.000185324321861
0.000185329401230
0.000185335035392
0.000185341280241
0.000185348177295
0.000185355752953
0.000185364017921
0.000185372966832
0.000185382578089
0.000185392813982
0.000185403621111
0.000185414931157
0.000185426662013
0.000185438719306
0.000185450998280
0.000185463386023
0.000185475763984
0.000185488010705
0.000185500004679
0.000185511627237
0.000185522765355
0.000185533314271
0.000185543179817
0.000185552280382
0.000185560548440
0.000185567931600
0.000185574393173
0.000185579912252
0.000185584483367
0.000185588115736
0.000185590832227
0.000185592668082
0.000185593669495
0.000185593892140
0.000185593399699
0.000185592262454
0.000185590555983
0.000185588359973
0.000185585757148
0.000185582832291
0.000185579671334
0.000185576360478
0.000185572985287
0.000185569629740
0.000185566375201
0.000185563299294
0.000185560474693
0.000185557967835
0.000185555837609
0.000185554134059
0.000185552897166
0.000185552155784
0.000185551926780
0.000185552214444
0.000185553010225
0.000185554292798
0.000185556028496
0.000185558172078
0.000185560667812
0.000185563450815
0.000185566448586
0.000185569582671
0.000185572770366
0.000185575926392
0.000185578964493
0.000185581798878
0.000185584345502
0.000185586523160
0.000185588254392
0.000185589466242
0.000185590090891
0.000185590066208
0.000185589336278
0.000185587851939
0.000185585571370
0.000185582460746
0.000185578494967
0.000185573658445
0.000185567945918
0.000185561363229
0.000185553928026
0.000185545670294
0.000185536632657
0.000185526870382
0.000185516451025
0.000185505453689
0.000185493967867
0.000185482091894
0.000185469931024
0.000185457595193
0.000185445196555
0.000185432846865
0.000185420654830
0.000185408723505
0.000185397147863
0.000185386012602
0.000185375390272
0.000185365339768
0.000185355905227
0.000185347115319
0.000185338982936
0.000185331505232
0.000185324663983
0.000185318426203
0.000185312744978
0.000185307560454
0.000185302800950
0.000185298384160
0.000185294218433
0.000185290204124
0.000185286235026
0.000185282199898
0.000185277984110
0.000185273471416
0.000185268545882
0.000185263093947
0.000185257006620
0.000185250181766
0.000185242526447
0.000185233959230
0.000185224412391
0.000185213833929
0.000185202189284
0.000185189462673
0.000185175657970
0.000185160799054
0.000185144929591
0.000185128112237
0.000185110427266
0.000185091970676
0.000185072851826
0.000185053190705
0.000185033114937
0.000185012756638
0.000184992249230
0.000184971724351
0.000184951308942
0.000184931122598
0.000184911275256
0.000184891865252
0.000184872977769
0.000184854683665
0.000184837038670
0.000184820082904
0.000184803840681
0.000184788320558
0.000184773515572
0.000184759403650
0.000184745948155
0.000184733098567
0.000184720791291
0.000184708950622
0.000184697489864
0.000184686312646
0.000184675314444
0.000184664384322
0.000184653406899
0.000184642264526
0.000184630839629
0.000184619017188
0.000184606687267
0.000184593747519
0.000184580105582
0.000184565681261
0.000184550408417
0.000184534236476
0.000184517131491
0.000184499076721
0.000184480072698
0.000184460136800
0.000184439302349
0.000184417617293
0.000184395142564
0.000184371950165
0.000184348121120
0.000184323743356
0.000184298909617
0.000184273715489
0.000184248257579
0.000184222631914
0.000184196932546
0.000184171250382
0.000184145672206
0.000184120279859
0.000184095149535
0.000184070351141
0.000184045947689
0.000184021994675
0.000183998539426
0.000183975620421
0.000183953266585
0.000183931496594
0.000183910318234
0.000183889727865
0.000183869710043
0.000183850237366
0.000183831270588
0.000183812759034
0.000183794641346
0.000183776846548
0.000183759295419
0.000183741902133
0.000183724576096
0.000183707223930
0.000183689751499
0.000183672065916
0.000183654077445
0.000183635701226
0.000183616858781
0.000183597479256
0.000183577500396
0.000183556869244
0.000183535542601
0.000183513487280
0.000183490680193
0.000183467108337
0.000183442768715
0.000183417668236
0.000183391823624
0.000183365261353
0.000183338017586
0.000183310138123
0.000183281678292
0.000183252702753
0.000183223285160
0.000183193507612
0.000183163459855
0.000183133238198
0.000183102944112
0.000183072682523
0.000183042559818
0.000183012681609
0.000182983150327
0.000182954062726
0.000182925507403
0.000182897562426
0.000182870293182
0.000182843750542
0.000182817969402
0.000182792967690
0.000182768745848
0.000182745286819
0.000182722556511
0.000182700504715
0.000182679066406
0.000182658163376
0.000182637706101
