0.000189042664082
0.000189073791762
0.000189104464258
0.000189134735662
0.000189164660797
0.000189194294354
0.000189223689928
0.000189252898970
0.000189281969690
0.000189310945973
0.000189339866349
0.000189368763110
0.000189397661612
0.000189426579842
0.000189455528305
0.000189484510248
0.000189513522264
0.000189542555257
0.000189571595751
0.000189600627488
0.000189629633250
0.000189658596815
0.000189687504937
0.000189716349259
0.000189745128016
0.000189773847463
0.000189802522886
0.000189831179163
0.000189859850796
0.000189888581393
0.000189917422611
0.000189946432586
0.000189975673912
0.000190005211258
0.000190035108722
0.000190065427053
0.000190096220859
0.000190127535932
0.000190159406824
0.000190191854763
0.000190224886021
0.000190258490798
0.000190292642654
0.000190327298521
0.000190362399271
0.000190397870806
0.000190433625608
0.000190469564671
0.000190505579726
0.000190541555641
0.000190577372929
0.000190612910235
0.000190648046742
0.000190682664418
0.000190716650056
0.000190749897075
0.000190782307071
0.000190813791130
0.000190844270922
0.000190873679602
0.000190901962574
0.000190929078140
0.000190954998082
0.000190979708206
0.000191003208849
0.000191025515370
0.000191046658595
0.000191066685198
0.000191085657957
0.000191103655855
0.000191120773938
0.000191137122883
0.000191152828212
0.000191168029089
0.000191182876679
0.000191197532032
0.000191212163512
0.000191226943778
0.000191242046393
0.000191257642124
0.000191273895043
0.000191290958549
0.000191308971440
0.000191328054189
0.000191348305557
0.000191369799674
0.000191392583721
0.000191416676297
0.000191442066550
0.000191468714112
0.000191496549836
0.000191525477334
0.000191555375223
0.000191586100024
0.000191617489597
0.000191649366969
0.000191681544447
0.000191713827843
0.000191746020700
0.000191777928374
0.000191809361858
0.000191840141269
0.000191870098911
0.000191899081881
0.000191926954190
0.000191953598403
0.000191978916824
0.000192002832264
0.000192025288443
0.000192046250075
0.000192065702711
0.000192083652374
0.000192100125035
0.000192115165966
0.000192128838976
0.000192141225537
0.000192152423782
0.000192162547354
0.000192171724074
0.000192180094384
0.000192187809540
0.000192195029527
0.000192201920679
0.000192208653007
0.000192215397252
0.000192222321714
0.000192229588911
0.000192237352150
0.000192245752113
0.000192254913568
0.000192264942316
0.000192275922512
0.000192287914445
0.000192300952908
0.000192315046222
0.000192330175987
0.000192346297579
0.000192363341408
0.000192381214898
0.000192399805129
0.000192418982046
0.000192438602131
0.000192458512384
0.000192478554486
0.000192498568972
0.000192518399281
0.000192537895528
0.000192556917892
0.000192575339507
0.000192593048798
0.000192609951199
0.000192625970267
0.000192641048186
0.000192655145711
0.000192668241622
0.000192680331756
0.000192691427715
0.000192701555348
0.000192710753083
0.000192719070217
0.000192726565210
0.000192733304064
0.000192739358801
0.000192744806080
0.000192749725937
0.000192754200639
0.000192758313620
0.000192762148471
0.000192765787926
0.000192769312824
0.000192772800994
0.000192776326074
0.000192779956214
0.000192783752725
0.000192787768657
0.000192792047395
0.000192796621300
0.000192801510494
0.000192806721852
0.000192812248294
0.000192818068437
0.000192824146681
0.000192830433770
0.000192836867849
0.000192843376018
0.000192849876363
0.000192856280392
0.000192862495820
0.000192868429584
0.000192873990978
0.000192879094792
0.000192883664294
0.000192887633958
0.000192890951794
0.000192893581184
0.000192895502154
0.000192896712001
0.000192897225275
0.000192897073116
0.000192896301969
0.000192894971773
0.000192893153680
0.000192890927447
0.000192888378599
0.000192885595514
0.000192882666540
0.000192879677266
0.000192876708062
0.000192873831955
0.000192871112904
0.000192868604518
0.000192866349204
0.000192864377742
0.000192862709248
0.000192861351455
0.000192860301258
0.000192859545450
0.000192859061560
0.000192858818744
0.000192858778654
0.000192858896257
0.000192859120568
0.000192859395286
0.000192859659352
0.000192859847454
0.000192859890505
0.000192859716164
0.000192859249428
0.000192858413368
0.000192857130038
0.000192855321601
0.000192852911668
0.000192849826871
0.000192845998627
0.000192841365043
0.000192835872916
0.000192829479716
0.000192822155478
0.000192813884491
0.000192804666687
0.000192794518624
0.000192783474005
0.000192771583641
0.000192758914852
0.000192745550269
0.000192731586072
0.000192717129708
0.000192702297163
0.000192687209884
0.000192671991475
0.000192656764297
0.000192641646094
0.000192626746800
0.000192612165646
0.000192597988666
0.000192584286708
0.000192571114010
0.000192558507370
0.000192546485918
0.000192535051479
0.000192524189443
0.000192513870112
0.000192504050382
0.000192494675700
0.000192485682152
0.000192476998600
0.000192468548747
0.000192460253075
0.000192452030557
0.000192443800135
0.000192435481919
0.000192426998124
0.000192418273761
0.000192409237138
0.000192399820196
0.000192389958771
0.000192379592828
0.000192368666712
0.000192357129493
0.000192344935408
0.000192332044435
0.000192318422985
0.000192304044697
0.000192288891290
0.000192272953423
0.000192256231483
0.000192238736244
0.000192220489307
0.000192201523257
0.000192181881487
0.000192161617625
0.000192140794571
0.000192119483123
0.000192097760230
0.000192075706928
0.000192053406028
0.000192030939655
0.000192008386745
0.000191985820619
0.000191963306745
0.000191940900805
0.000191918647160
0.000191896577789
0.000191874711756
0.000191853055227
0.000191831602043
0.000191810334799
0.000191789226381
0.000191768241868
0.000191747340701
0.000191726479002
0.000191705611917
0.000191684695867
0.000191663690584
0.000191642560857
0.000191621277881
0.000191599820178
0.000191578174051
0.000191556333584
0.000191534300207
0.000191512081881
0.000191489691986
0.000191467147989
0.000191444469992
0.000191421679266
0.000191398796848
0.000191375842299
0.000191352832678
0.000191329781776
0.000191306699634
0.000191283592351
0.000191260462139
0.000191237307603
0.000191214124180
0.000191190904670
0.000191167639786
0.000191144318672
0.000191120929294
0.000191097458700
0.000191073893076
0.000191050217619
0.000191026416211
0.000191002470947
0.000190978361547
0.000190954064716
0.000190929553549
0.000190904797027
0.000190879759715
0.000190854401709
0.000190828678911
0.000190802543656
0.000190775945720
0.000190748833697
0.000190721156712
0.000190692866408
0.000190663919125
0.000190634278177
0.000190603916096
0.000190572816740
0.000190540977139
0.000190508408958
0.000190475139504
0.000190441212184
0.000190406686368
0.000190371636654
0.000190336151529
0.000190300331478
0.000190264286613
0.000190228133907
0.000190191994160
0.000190155988802
0.000190120236691
0.000190084851006
0.000190049936376
0.000190015586337
0.000189981881212
0.000189948886460
0.000189916651538
0.000189885209273
0.000189854575730
0.000189824750515
0.000189795717475
0.000189767445684
0.000189739890657
0.000189712995691
0.000189686693252
0.000189660906352
0.000189635549839
0.000189610531592
0.000189585753589
0.000189561112864
0.000189536502366
0.000189511811786
0.000189486928370
0.000189461737800
0.000189436125190
0.000189409976238
0.000189383178585
0.000189355623392
0.000189327207140
0.000189297833627
