0.002005848171196
0.002005755132358
0.002005096935822
0.002003869687283
0.002002075624929
0.001999723208158
0.001996827141495
0.001993408332363
0.001989493782042
0.001985116409867
0.001980314811364
0.001975132951793
0.001969619797201
0.001963828885822
0.001957817843309
0.001951647845922
0.001945383036422
0.001939089897966
0.001932836591843
0.001926692265339
0.001920726336457
0.001915007762539
0.001909604300131
0.001904581763651
0.001900003290537
0.001895928620616
0.001892413397429
0.001889508499116
0.001887259406327
0.001885705614321
0.001884880096114
0.001884808823115
0.001885510349194
0.001886995463599
0.001889266917497
0.001892319228274
0.001896138564976
0.001900702717510
0.001905981151443
0.001911935149357
0.001918518038889
0.001925675506695
0.001933345996711
0.001941461190179
0.001949946564080
0.001958722023741
0.001967702604576
0.001976799237163
0.001985919569090
0.001994968836388
0.002003850776682
0.002012468575717
0.002020725838394
0.002028527575097
0.002035781193768
0.002042397487987
0.002048291611191
0.002053384027132
0.002057601426776
0.002060877601975
0.002063154266547
0.002064381815755
0.002064520015606
0.002063538613995
0.002061417866290
0.002058148968716
0.002053734393667
0.002048188121921
0.002041535767690
0.002033814593361
0.002025073411832
0.002015372375385
0.002004782651114
0.001993385984005
0.001981274149877
0.001968548301460
0.001955318211960
0.001941701421513
0.001927822292923
0.001913810984029
0.001899802344963
0.001885934749383
0.001872348869501
0.001859186405444
0.001846588780003
0.001834695810380
0.001823644368855
0.001813567044604
0.001804590819063
0.001796835767245
0.001790413797375
0.001785427441009
0.001781968705494
0.001780118000220
0.001779943147555
0.001781498488764
0.001784824094414
0.001789945087973
0.001796871090366
0.001805595792228
0.001816096659535
0.001828334777130
0.001842254833453
0.001857785248570
0.001874838446278
0.001893311269804
0.001913085539286
0.001934028747946
0.001955994892558
0.001978825432585
0.002002350371113
0.002026389449586
0.002050753447198
0.002075245574822
0.002099662952376
0.002123798157693
0.002147440834213
0.002170379344180
0.002192402453497
0.002213301033998
0.002232869768627
0.002250908844853
0.002267225621661
0.002281636255562
0.002293967271319
0.002304057063478
0.002311757315301
0.002316934322326
0.002319470208548
0.002319264024066
0.002316232714023
0.002310311949738
0.002301456814074
0.002289642334322
0.002274863857197
0.002257137261874
0.002236499008396
0.002213006020223
0.002186735401121
0.002157783988044
0.002126267743090
0.002092320989047
0.002056095494399
0.002017759415005
0.001977496100939
0.001935502778154
0.001891989115781
0.001847175690840
0.001801292363124
0.001754576573747
0.001707271581586
0.001659624652375
0.001611885215635
0.001564303004928
0.001517126197060
0.001470599565866
0.001424962666106
0.001380448062684
0.001337279620062
0.001295670866139
0.001255823444238
0.001217925666045
0.001182151177443
0.001148657748159
0.001117586195067
0.001089059447759
0.001063181763768
0.001040038099447
0.001019693641168
0.001002193500056
0.000987562572024
0.000975805563431
0.000966907181202
0.000960832484826
0.000957527396210
0.000956919362019
0.000958918161771
0.000963416853745
0.000970292849543
0.000979409107082
0.000990615430792
0.001003749866908
0.001018640180972
0.001035105404031
0.001052957433465
0.001072002674029
0.001092043704385
0.001112880954356
0.001134314378065
0.001156145108365
0.001178177078188
0.001200218594905
0.001222083854305
0.001243594381510
0.001264580386877
0.001284882025854
0.001304350552751
0.001322849359426
0.001340254891055
0.001356457432370
0.001371361759000
0.001384887649867
0.001396970257913
0.001407560337790
0.001416624330495
0.001424144306260
0.001430117768330
0.001434557321549
0.001437490210868
0.001438957736105
0.001439014550351
0.001437727850433
0.001435176468787
0.001431449876902
0.001426647111232
0.001420875633049
0.001414250134232
0.001406891301331
0.001398924550486
0.001390478745898
0.001381684914543
0.001372674969672
0.001363580455370
0.001354531324101
0.001345654758616
0.001337074049046
0.001328907535263
0.001321267623801
0.001314259887733
0.001307982256951
0.001302524305242
0.001297966639496
0.001294380395232
0.001291826841474
0.001290357096835
0.001290011957481
0.001290821836451
0.001292806812671
0.001295976786836
0.001300331740258
0.001305862091739
0.001312549146521
0.001320365630497
0.001329276302001
0.001339238632774
0.001350203549076
0.001362116223340
0.001374916906359
0.001388541789682
0.001402923887653
0.001417993928483
0.001433681243741
0.001449914645804
0.001466623283053
0.001483737462985
0.001501189433858
0.001518914116082
0.001536849775212
0.001554938629170
0.001573127383141
0.001591367686478
0.001609616506941
0.001627836418557
0.001645995800455
0.001664068945107
0.001682036075458
0.001699883271545
0.001717602308262
0.001735190406991
0.001752649904835
0.001769987846186
0.001787215502259
0.001804347825114
0.001821402843451
0.001838401008198
0.001855364496489
0.001872316483195
0.001889280389548
0.001906279118737
0.001923334288545
0.001940465471179
0.001957689450427
0.001975019506125
0.001992464735690
0.002010029422056
0.002027712456953
0.002045506827822
0.002063399176055
0.002081369433429
0.002099390542815
0.002117428268297
0.002135441098865
0.002153380248818
0.002171189756952
0.002188806685461
0.002206161418419
0.002223178058507
0.002239774919591
0.002255865111573
0.002271357212923
0.002286156025202
0.002300163402916
0.002313279151107
0.002325401982235
0.002336430523097
0.002346264361882
0.002354805124842
0.002361957571587
0.002367630697626
0.002371738832538
0.002374202721993
0.002374950581850
0.002373919112631
0.002371054462931
0.002366313130652
0.002359662791410
0.002351083044050
0.002340566063916
0.002328117155259
0.002313755195115
0.002297512961929
0.002279437343248
0.002259589417960
0.002238044409700
0.002214891509303
0.002190233565420
0.002164186643714
0.002136879456322
0.002108452664599
0.002079058059375
0.002048857624259
0.002018022488671
0.001986731778485
0.001955171373188
0.001923532579535
0.001892010732529
0.001860803735436
0.001830110551226
0.001800129658444
0.001771057485020
0.001743086833843
0.001716405314206
0.001691193793283
0.001667624881790
0.001645861467800
0.001626055312368
0.001608345720219
0.001592858298131
0.001579703813017
0.001568977160857
0.001560756456737
0.001555102255229
0.001552056909222
0.001551644074144
0.001553868363203
0.001558715158002
0.001566150577450
0.001576121606527
0.001588556384984
0.001603364654655
0.001620438362587
0.001639652415798
0.001660865582063
0.001683921529817
0.001708649998932
0.001734868092961
0.001762381682279
0.001790986906502
0.001820471763666
0.001850617772776
0.001881201695665
0.001911997303496
0.001942777172816
0.001973314495744
0.002003384888702
0.002032768184093
0.002061250189409
0.002088624398542
0.002114693640433
0.002139271650749
0.002162184552932
0.002183272235741
0.002202389615333
0.002219407770917
0.002234214944159
0.002246717393699
0.002256840097430
0.002264527296548
0.002269742876783
0.002272470583659
0.002272714070126
0.002270496776373
0.002265861643151
0.002258870661373
0.002249604262266
0.002238160553689
0.002224654409658
0.002209216421367
0.002191991719228
0.002173138676574
0.002152827506695
