0.000184220786078
0.000184243887809
0.000184266830963
0.000184289674244
0.000184312479266
0.000184335309787
0.000184358230850
0.000184381307816
0.000184404605311
0.000184428186075
0.000184452109754
0.000184476431627
0.000184501201316
0.000184526461499
0.000184552246671
0.000184578581982
0.000184605482210
0.000184632950896
0.000184660979696
0.000184689547967
0.000184718622647
0.000184748158418
0.000184778098190
0.000184808373900
0.000184838907620
0.000184869612947
0.000184900396663
0.000184931160612
0.000184961803759
0.000184992224365
0.000185022322242
0.000185052001014
0.000185081170329
0.000185109747977
0.000185137661841
0.000185164851648
0.000185191270473
0.000185216885952
0.000185241681187
0.000185265655298
0.000185288823638
0.000185311217627
0.000185332884227
0.000185353885065
0.000185374295195
0.000185394201550
0.000185413701088
0.000185432898682
0.000185451904796
0.000185470832987
0.000185489797302
0.000185508909628
0.000185528277048
0.000185547999296
0.000185568166349
0.000185588856248
0.000185610133189
0.000185632045953
0.000185654626724
0.000185677890306
0.000185701833801
0.000185726436724
0.000185751661567
0.000185777454796
0.000185803748244
0.000185830460852
0.000185857500724
0.000185884767409
0.000185912154360
0.000185939551502
0.000185966847819
0.000185993933914
0.000186020704462
0.000186047060503
0.000186072911526
0.000186098177290
0.000186122789366
0.000186146692353
0.000186169844768
0.000186192219599
0.000186213804505
0.000186234601701
0.000186254627502
0.000186273911581
0.000186292495943
0.000186310433651
0.000186327787338
0.000186344627544
0.000186361030918
0.000186377078325
0.000186392852913
0.000186408438179
0.000186423916087
0.000186439365286
0.000186454859465
0.000186470465894
0.000186486244172
0.000186502245236
0.000186518510612
0.000186535071953
0.000186551950847
0.000186569158886
0.000186586697990
0.000186604560943
0.000186622732125
0.000186641188387
0.000186659900037
0.000186678831898
0.000186697944382
0.000186717194564
0.000186736537199
0.000186755925677
0.000186775312879
0.000186794651937
0.000186813896870
0.000186833003127
0.000186851928012
0.000186870631023
0.000186889074111
0.000186907221874
0.000186925041702
0.000186942503885
0.000186959581701
0.000186976251493
0.000186992492740
0.000187008288126
0.000187023623614
0.000187038488529
0.000187052875626
0.000187066781180
0.000187080205050
0.000187093150755
0.000187105625528
0.000187117640362
0.000187129210038
0.000187140353131
0.000187151091991
0.000187161452692
0.000187171464936
0.000187181161915
0.000187190580109
0.000187199759019
0.000187208740811
0.000187217569880
0.000187226292307
0.000187234955221
0.000187243606049
0.000187252291677
0.000187261057516
0.000187269946501
0.000187278998041
0.000187288246952
0.000187297722403
0.000187307446916
0.000187317435464
0.000187327694687
0.000187338222291
0.000187349006636
0.000187360026563
0.000187371251458
0.000187382641581
0.000187394148650
0.000187405716679
0.000187417283041
0.000187428779742
0.000187440134872
0.000187451274175
0.000187462122724
0.000187472606629
0.000187482654751
0.000187492200367
0.000187501182744
0.000187509548593
0.000187517253352
0.000187524262288
0.000187530551375
0.000187536107942
0.000187540931067
0.000187545031715
0.000187548432606
0.000187551167825
0.000187553282167
0.000187554830227
0.000187555875265
0.000187556487842
0.000187556744273
0.000187556724920
0.000187556512359
0.000187556189472
0.000187555837503
0.000187555534130
0.000187555351609
0.000187555355035
0.000187555600782
0.000187556135151
0.000187556993291
0.000187558198402
0.000187559761263
0.000187561680090
0.000187563940724
0.000187566517149
0.000187569372313
0.000187572459224
0.000187575722278
0.000187579098786
0.000187582520635
0.000187585916032
0.000187589211297
0.000187592332622
0.000187595207775
0.000187597767700
0.000187599947966
0.000187601690051
0.000187602942434
0.000187603661471
0.000187603812068
0.000187603368117
0.000187602312736
0.000187600638279
0.000187598346161
0.000187595446486
0.000187591957502
0.000187587904911
0.000187583321027
0.000187578243833
0.000187572715941
0.000187566783482
0.000187560494965
0.000187553900118
0.000187547048754
0.000187539989682
0.000187532769697
0.000187525432674
0.000187518018791
0.000187510563899
0.000187503099053
0.000187495650210
0.000187488238104
0.000187480878271
0.000187473581228
0.000187466352787
0.000187459194455
0.000187452103928
0.000187445075608
0.000187438101147
0.000187431169961
0.000187424269714
0.000187417386721
0.000187410506289
0.000187403612960
0.000187396690670
0.000187389722827
0.000187382692322
0.000187375581474
0.000187368371955
0.000187361044693
0.000187353579782
0.000187345956418
0.000187338152884
0.000187330146584
0.000187321914147
0.000187313431598
0.000187304674599
0.000187295618755
0.000187286239979
0.000187276514905
0.000187266421339
0.000187255938729
0.000187245048662
0.000187233735344
0.000187221986084
0.000187209791745
0.000187197147177
0.000187184051592
0.000187170508896
0.000187156527955
0.000187142122780
0.000187127312634
0.000187112122022
0.000187096580584
0.000187080722850
0.000187064587866
0.000187048218678
0.000187031661670
0.000187014965769
0.000186998181504
0.000186981359969
0.000186964551675
0.000186947805346
0.000186931166690
0.000186914677161
0.000186898372795
0.000186882283114
0.000186866430184
0.000186850827828
0.000186835481053
0.000186820385704
0.000186805528355
0.000186790886467
0.000186776428791
0.000186762116008
0.000186747901600
0.000186733732911
0.000186719552367
0.000186705298826
0.000186690909012
0.000186676318993
0.000186661465668
0.000186646288215
0.000186630729485
0.000186614737288
0.000186598265564
0.000186581275403
0.000186563735907
0.000186545624869
0.000186526929261
0.000186507645533
0.000186487779693
0.000186467347197
0.000186446372619
0.000186424889130
0.000186402937776
0.000186380566574
0.000186357829447
0.000186334785011
0.000186311495245
0.000186288024075
0.000186264435915
0.000186240794185
0.000186217159875
0.000186193590170
0.000186170137193
0.000186146846902
0.000186123758162
0.000186100902033
0.000186078301284
0.000186055970134
0.000186033914243
0.000186012130916
0.000185990609522
0.000185969332102
0.000185948274118
0.000185927405336
0.000185906690780
0.000185886091740
0.000185865566793
0.000185845072798
0.000185824565856
0.000185804002200
0.000185783339004
0.000185762535102
0.000185741551616
0.000185720352480
0.000185698904883
0.000185677179614
0.000185655151333
0.000185632798760
0.000185610104804
0.000185587056613
0.000185563645581
0.000185539867286
0.000185515721376
0.000185491211411
0.000185466344654
0.000185441131820
0.000185415586794
0.000185389726319
0.000185363569669
0.000185337138319
0.000185310455611
0.000185283546445
0.000185256436988
0.000185229154424
0.000185201726723
0.000185174182467
0.000185146550692
0.000185118860760
0.000185091142247
0.000185063424820
0.000185035738106
0.000185008111517
0.000184980574037
0.000184953153935
0.000184925878416
0.000184898773197
0.000184871862017
0.000184845166078
0.000184818703458
0.000184792488491
0.000184766531155
0.000184740836500
0.000184715404135
0.000184690227815
0.000184665295148
0.000184640587453
0.000184616079779
0.000184591741099
0.000184567534688
0.000184543418673
0.000184519346749
0.000184495269044
