0.000350909819914
0.000350940303811
0.000350974434631
0.000351012239998
0.000351053746417
0.000351098979255
0.000351147962736
0.000351200719927
0.000351257272726
0.000351317641858
0.000351381846857
0.000351449906064
0.000351521836615
0.000351597654431
0.000351677374214
0.000351761009435
0.000351848572330
0.000351940073892
0.000352035523865
0.000352134930736
0.000352238301733
0.000352345642816
0.000352456958677
0.000352572252729
0.000352691527109
0.000352814782669
0.000352942018978
0.000353073234314
0.000353208425665
0.000353347588729
0.000353490717908
0.000353637806308
0.000353788845743
0.000353943826731
0.000354102738492
0.000354265568955
0.000354432304756
0.000354602931237
0.000354777432453
0.000354955791171
0.000355137988873
0.000355324005762
0.000355513820763
0.000355707411527
0.000355904754437
0.000356105824613
0.000356310595916
0.000356519040954
0.000356731131090
0.000356946836446
0.000357166125911
0.000357388967149
0.000357615326607
0.000357845169520
0.000358078459925
0.000358315160665
0.000358555233400
0.000358798638618
0.000359045335644
0.000359295282650
0.000359548436665
0.000359804753591
0.000360064188207
0.000360326694188
0.000360592224113
0.000360860729478
0.000361132160714
0.000361406467190
0.000361683597239
0.000361963498162
0.000362246116248
0.000362531396787
0.000362819284084
0.000363109721476
0.000363402651349
0.000363698015147
0.000363995753399
0.000364295805725
0.000364598110861
0.000364902606670
0.000365209230163
0.000365517917517
0.000365828604091
0.000366141224444
0.000366455712356
0.000366772000843
0.000367090022181
0.000367409707921
0.000367730988909
0.000368053795308
0.000368378056616
0.000368703701686
0.000369030658749
0.000369358855430
0.000369688218773
0.000370018675259
0.000370350150829
0.000370682570906
0.000371015860413
0.000371349943797
0.000371684745053
0.000372020187741
0.000372356195011
0.000372692689627
0.000373029593985
0.000373366830139
0.000373704319821
0.000374041984468
0.000374379745239
0.000374717523042
0.000375055238557
0.000375392812256
0.000375730164431
0.000376067215211
0.000376403884593
0.000376740092457
0.000377075758596
0.000377410802736
0.000377745144562
0.000378078703739
0.000378411399935
0.000378743152849
0.000379073882229
0.000379403507900
0.000379731949784
0.000380059127928
0.000380384962521
0.000380709373923
0.000381032282686
0.000381353609579
0.000381673275610
0.000381991202047
0.000382307310448
0.000382621522675
0.000382933760924
0.000383243947747
0.000383552006071
0.000383857859226
0.000384161430960
0.000384462645473
0.000384761427426
0.000385057701975
0.000385351394786
0.000385642432060
0.000385930740551
0.000386216247594
0.000386498881123
0.000386778569688
0.000387055242487
0.000387328829374
0.000387599260892
0.000387866468283
0.000388130383516
0.000388390939303
0.000388648069122
0.000388901707233
0.000389151788700
0.000389398249409
0.000389641026091
0.000389880056333
0.000390115278604
0.000390346632269
0.000390574057610
0.000390797495840
0.000391016889125
0.000391232180595
0.000391443314370
0.000391650235566
0.000391852890320
0.000392051225801
0.000392245190229
0.000392434732888
0.000392619804140
0.000392800355443
0.000392976339367
0.000393147709600
0.000393314420970
0.000393476429457
0.000393633692201
0.000393786167521
0.000393933814925
0.000394076595120
0.000394214470029
0.000394347402797
0.000394475357805
0.000394598300678
0.000394716198300
0.000394829018819
0.000394936731660
0.000395039307531
0.000395136718436
0.000395228937678
0.000395315939873
0.000395397700953
0.000395474198175
0.000395545410127
0.000395611316738
0.000395671899277
0.000395727140368
0.000395777023987
0.000395821535471
0.000395860661522
0.000395894390209
0.000395922710976
0.000395945614642
0.000395963093401
0.000395975140833
0.000395981751898
0.000395982922940
0.000395978651691
0.000395968937268
0.000395953780176
0.000395933182305
0.000395907146935
0.000395875678728
0.000395838783734
0.000395796469384
0.000395748744489
0.000395695619241
0.000395637105206
0.000395573215321
0.000395503963893
0.000395429366595
0.000395349440455
0.000395264203862
0.000395173676551
0.000395077879601
0.000394976835430
0.000394870567789
0.000394759101751
0.000394642463707
0.000394520681360
0.000394393783712
0.000394261801059
0.000394124764983
0.000393982708339
0.000393835665249
0.000393683671092
0.000393526762490
0.000393364977301
0.000393198354608
0.000393026934703
0.000392850759083
0.000392669870431
0.000392484312606
0.000392294130631
0.000392099370679
0.000391900080061
0.000391696307208
0.000391488101664
0.000391275514063
0.000391058596122
0.000390837400621
0.000390611981388
0.000390382393288
0.000390148692198
0.000389910935001
0.000389669179561
0.000389423484711
0.000389173910235
0.000388920516847
0.000388663366180
0.000388402520761
0.000388138043998
0.000387870000158
0.000387598454351
0.000387323472508
0.000387045121367
0.000386763468445
0.000386478582028
0.000386190531143
0.000385899385542
0.000385605215683
0.000385308092705
0.000385008088411
0.000384705275244
0.000384399726269
0.000384091515151
0.000383780716131
0.000383467404007
0.000383151654113
0.000382833542294
0.000382513144887
0.000382190538694
0.000381865800968
0.000381539009382
0.000381210242011
0.000380879577309
0.000380547094085
0.000380212871480
0.000379876988945
0.000379539526220
0.000379200563304
0.000378860180441
0.000378518458090
0.000378175476903
0.000377831317703
0.000377486061462
0.000377139789274
0.000376792582334
0.000376444521912
0.000376095689335
0.000375746165957
0.000375396033139
0.000375045372225
0.000374694264520
0.000374342791264
0.000373991033608
0.000373639072597
0.000373286989136
0.000372934863980
0.000372582777697
0.000372230810656
0.000371879043000
0.000371527554619
0.000371176425134
0.000370825733871
0.000370475559838
0.000370125981701
0.000369777077768
0.000369428925959
0.000369081603787
0.000368735188337
0.000368389756243
0.000368045383668
0.000367702146278
0.000367360119226
0.000367019377127
0.000366679994039
0.000366342043440
0.000366005598211
0.000365670730612
0.000365337512263
0.000365006014124
0.000364676306477
0.000364348458901
0.000364022540260
0.000363698618677
0.000363376761520
0.000363057035380
0.000362739506056
0.000362424238533
0.000362111296966
0.000361800744665
0.000361492644072
0.000361187056749
0.000360884043360
0.000360583663650
0.000360285976438
0.000359991039591
0.000359698910017
0.000359409643644
0.000359123295408
0.000358839919236
0.000358559568035
0.000358282293674
0.000358008146976
0.000357737177697
0.000357469434521
0.000357204965042
0.000356943815754
0.000356686032039
0.000356431658154
0.000356180737222
0.000355933311221
0.000355689420971
0.000355449106127
0.000355212405168
0.000354979355388
0.000354749992886
0.000354524352558
0.000354302468092
0.000354084371955
0.000353870095388
0.000353659668402
0.000353453119765
0.000353250477003
0.000353051766388
0.000352857012937
0.000352666240405
0.000352479471282
0.000352296726788
0.000352118026867
0.000351943390189
0.000351772834142
0.000351606374832
0.000351444027082
0.000351285804427
0.000351131719115
0.000350981782108
0.000350836003078
0.000350694390408
0.000350556951195
0.000350423691249
0.000350294615091
0.000350169725963
0.000350049025823
0.000349932515348
0.000349820193943
0.000349712059738
0.000349608109593
