0.000295331281294
0.000295408040732
0.000295486693316
0.000295567228388
0.000295649634934
0.000295733901588
0.000295820016631
0.000295907967988
0.000295997743236
0.000296089329599
0.000296182713958
0.000296277882850
0.000296374822476
0.000296473518704
0.000296573957077
0.000296676122813
0.000296780000815
0.000296885575672
0.000296992831659
0.000297101752747
0.000297212322598
0.000297324524568
0.000297438341707
0.000297553756759
0.000297670752162
0.000297789310050
0.000297909412250
0.000298031040286
0.000298154175383
0.000298278798467
0.000298404890172
0.000298532430844
0.000298661400549
0.000298791779075
0.000298923545943
0.000299056680412
0.000299191161484
0.000299326967910
0.000299464078194
0.000299602470599
0.000299742123145
0.000299883013616
0.000300025119559
0.000300168418283
0.000300312886863
0.000300458502139
0.000300605240720
0.000300753078983
0.000300901993076
0.000301051958926
0.000301202952240
0.000301354948514
0.000301507923039
0.000301661850905
0.000301816707017
0.000301972466093
0.000302129102679
0.000302286591150
0.000302444905720
0.000302604020446
0.000302763909228
0.000302924545817
0.000303085903816
0.000303247956677
0.000303410677709
0.000303574040075
0.000303738016795
0.000303902580747
0.000304067704672
0.000304233361179
0.000304399522748
0.000304566161736
0.000304733250389
0.000304900760845
0.000305068665145
0.000305236935242
0.000305405543009
0.000305574460243
0.000305743658681
0.000305913109994
0.000306082785803
0.000306252657676
0.000306422697130
0.000306592875640
0.000306763164632
0.000306933535491
0.000307103959556
0.000307274408129
0.000307444852475
0.000307615263822
0.000307785613373
0.000307955872307
0.000308126011791
0.000308296002981
0.000308465817041
0.000308635425142
0.000308804798478
0.000308973908271
0.000309142725782
0.000309311222313
0.000309479369218
0.000309647137902
0.000309814499829
0.000309981426521
0.000310147889561
0.000310313860593
0.000310479311324
0.000310644213525
0.000310808539033
0.000310972259753
0.000311135347665
0.000311297774828
0.000311459513384
0.000311620535572
0.000311780813729
0.000311940320306
0.000312099027873
0.000312256909129
0.000312413936912
0.000312570084203
0.000312725324136
0.000312879629998
0.000313032975238
0.000313185333466
0.000313336678454
0.000313486984138
0.000313636224619
0.000313784374161
0.000313931407194
0.000314077298314
0.000314222022287
0.000314365554055
0.000314507868737
0.000314648941638
0.000314788748259
0.000314927264301
0.000315064465677
0.000315200328519
0.000315334829190
0.000315467944286
0.000315599650647
0.000315729925360
0.000315858745762
0.000315986089446
0.000316111934257
0.000316236258298
0.000316359039923
0.000316480257741
0.000316599890615
0.000316717917659
0.000316834318243
0.000316949071993
0.000317062158795
0.000317173558800
0.000317283252431
0.000317391220389
0.000317497443663
0.000317601903534
0.000317704581588
0.000317805459720
0.000317904520141
0.000318001745385
0.000318097118311
0.000318190622105
0.000318282240284
0.000318371956690
0.000318459755495
0.000318545621193
0.000318629538605
0.000318711492871
0.000318791469453
0.000318869454132
0.000318945433012
0.000319019392525
0.000319091319427
0.000319161200814
0.000319229024119
0.000319294777124
0.000319358447967
0.000319420025148
0.000319479497533
0.000319536854363
0.000319592085254
0.000319645180203
0.000319696129583
0.000319744924150
0.000319791555033
0.000319836013736
0.000319878292136
0.000319918382473
0.000319956277355
0.000319991969749
0.000320025452987
0.000320056720760
0.000320085767123
0.000320112586497
0.000320137173674
0.000320159523824
0.000320179632496
0.000320197495628
0.000320213109549
0.000320226470989
0.000320237577075
0.000320246425338
0.000320253013712
0.000320257340535
0.000320259404541
0.000320259204863
0.000320256741025
0.000320252012937
0.000320245020891
0.000320235765557
0.000320224247980
0.000320210469578
0.000320194432137
0.000320176137819
0.000320155589159
0.000320132789066
0.000320107740835
0.000320080448141
0.000320050915052
0.000320019146027
0.000319985145922
0.000319948919991
0.000319910473885
0.000319869813651
0.000319826945732
0.000319781876958
0.000319734614547
0.000319685166093
0.000319633539563
0.000319579743290
0.000319523785970
0.000319465676652
0.000319405424741
0.000319343039991
0.000319278532507
0.000319211912745
0.000319143191515
0.000319072379979
0.000318999489660
0.000318924532440
0.000318847520564
0.000318768466641
0.000318687383644
0.000318604284910
0.000318519184133
0.000318432095365
0.000318343033006
0.000318252011801
0.000318159046829
0.000318064153499
0.000317967347542
0.000317868645002
0.000317768062235
0.000317665615900
0.000317561322957
0.000317455200668
0.000317347266594
0.000317237538595
0.000317126034833
0.000317012773772
0.000316897774179
0.000316781055126
0.000316662635990
0.000316542536447
0.000316420776476
0.000316297376351
0.000316172356633
0.000316045738170
0.000315917542083
0.000315787789761
0.000315656502852
0.000315523703254
0.000315389413110
0.000315253654800
0.000315116450936
0.000314977824356
0.000314837798124
0.000314696395531
0.000314553640086
0.000314409555523
0.000314264165799
0.000314117495094
0.000313969567811
0.000313820408570
0.000313670042213
0.000313518493794
0.000313365788577
0.000313211952028
0.000313057009806
0.000312900987759
0.000312743911912
0.000312585808458
0.000312426703752
0.000312266624299
0.000312105596754
0.000311943647907
0.000311780804687
0.000311617094153
0.000311452543494
0.000311287180028
0.000311121031198
0.000310954124574
0.000310786487850
0.000310618148845
0.000310449135498
0.000310279475864
0.000310109198112
0.000309938330518
0.000309766901458
0.000309594939399
0.000309422472891
0.000309249530562
0.000309076141102
0.000308902333259
0.000308728135833
0.000308553577664
0.000308378687628
0.000308203494635
0.000308028027620
0.000307852315544
0.000307676387390
0.000307500272164
0.000307323998889
0.000307147596606
0.000306971094372
0.000306794521258
0.000306617906339
0.000306441278699
0.000306264667416
0.000306088101559
0.000305911610182
0.000305735222312
0.000305558966944
0.000305382873029
0.000305206969470
0.000305031285109
0.000304855848727
0.000304680689033
0.000304505834661
0.000304331314167
0.000304157156023
0.000303983388619
0.000303810040257
0.000303637139151
0.000303464713426
0.000303292791113
0.000303121400147
0.000302950568363
0.000302780323495
0.000302610693162
0.000302441704871
0.000302273386002
0.000302105763807
0.000301938865399
0.000301772717744
0.000301607347656
0.000301442781788
0.000301279046627
0.000301116168490
0.000300954173516
0.000300793087668
0.000300632936724
0.000300473746278
0.000300315541740
0.000300158348330
0.000300002191077
0.000299847094819
0.000299693084200
0.000299540183663
0.000299388417449
0.000299237809594
0.000299088383918
0.000298940164025
0.000298793173293
0.000298647434871
0.000298502971666
0.000298359806347
0.000298217961331
0.000298077458781
0.000297938320603
0.000297800568441
0.000297664223672
0.000297529307409
0.000297395840493
0.000297263843496
0.000297133336716
0.000297004340180
0.000296876873637
0.000296750956560
0.000296626608141
0.000296503847290
0.000296382692631
0.000296263162497
0.000296145274925
0.000296029047654
0.000295914498120
0.000295801643449
0.000295690500454
0.000295581085630
