0.001567215569422
0.001554363132215
0.001541291955395
0.001528063730256
0.001514741659306
0.001501390159753
0.001488074559026
0.001474860783843
0.001461815044352
0.001449003514908
0.001436492013060
0.001424345678363
0.001412628652595
0.001401403762993
0.001390732210085
0.001380673261685
0.001371283954602
0.001362618805539
0.001354729532675
0.001347664789308
0.001341469910925
0.001336186676977
0.001331853088575
0.001328503163233
0.001326166747710
0.001324869349916
0.001324631990735
0.001325471076543
0.001327398293076
0.001330420521204
0.001334539775064
0.001339753162884
0.001346052870722
0.001353426169225
0.001361855443417
0.001371318245371
0.001381787369558
0.001393230950510
0.001405612582348
0.001418891459603
0.001433022538676
0.001447956719153
0.001463641044106
0.001480018918435
0.001497030344187
0.001514612171726
0.001532698365559
0.001551220283522
0.001570106968000
0.001589285447790
0.001608681049140
0.001628217714503
0.001647818327469
0.001667405042335
0.001686899616740
0.001706223745805
0.001725299396180
0.001744049138443
0.001762396476280
0.001780266170917
0.001797584559288
0.001814279864470
0.001830282496964
0.001845525345427
0.001859944055552
0.001873477295832
0.001886067009015
0.001897658648156
0.001908201396213
0.001917648368267
0.001925956795483
0.001933088190075
0.001939008490594
0.001943688186975
0.001947102424894
0.001949231089047
0.001950058865122
0.001949575280301
0.001947774722245
0.001944656436627
0.001940224503377
0.001934487791900
0.001927459895634
0.001919159046415
0.001909608009204
0.001898833957826
0.001886868332451
0.001873746679651
0.001859508475905
0.001844196935547
0.001827858804170
0.001810544138593
0.001792306074552
0.001773200583292
0.001753286218327
0.001732623853634
0.001711276414587
0.001689308602971
0.001666786617408
0.001643777870553
0.001620350704418
0.001596574105158
0.001572517418668
0.001548250068293
0.001523841275956
0.001499359787942
0.001474873606578
0.001450449728966
0.001426153893903
0.001402050338065
0.001378201562453
0.001354668110062
0.001331508355639
0.001308778308356
0.001286531428113
0.001264818456137
0.001243687260449
0.001223182696695
0.001203346484744
0.001184217101382
0.001165829689353
0.001148215982874
0.001131404249723
0.001115419249877
0.001100282210590
0.001086010817752
0.001072619223269
0.001060118068120
0.001048514520698
0.001037812329955
0.001028011892799
0.001019110335160
0.001011101606029
0.001003976583781
0.000997723193996
0.000992326537974
0.000987769031088
0.000984030550086
0.000981088588440
0.000978918418779
0.000977493261473
0.000976784458384
0.000976761650799
0.000977392960592
0.000978645173601
0.000980483924288
0.000982873880699
0.000985778928802
0.000989162355291
0.000992987027963
0.000997215572820
0.001001810547074
0.001006734607292
0.001011950671921
0.001017422077536
0.001023112728154
0.001028987237030
0.001035011060415
0.001041150622788
0.001047373433155
0.001053648192047
0.001059944888927
0.001066234889759
0.001072491014567
0.001078687604867
0.001084800580893
0.001090807488649
0.001096687536811
0.001102421623613
0.001107992353866
0.001113384046338
0.001118582731758
0.001123576141753
0.001128353689077
0.001132906439530
0.001137227075995
0.001141309855073
0.001145150556800
0.001148746427979
0.001152096119681
0.001155199619468
0.001158058178933
0.001160674237147
0.001163051340616
0.001165194060353
0.001167107906671
0.001168799242302
0.001170275194435
0.001171543566256
0.001172612748571
0.001173491632044
0.001174189520612
0.001174716046565
0.001175081087781
0.001175294687583
0.001175366977633
0.001175308104260
0.001175128158590
0.001174837110790
0.001174444748736
0.001173960621330
0.001173393986704
0.001172753765470
0.001172048499167
0.001171286313983
0.001170474889833
0.001169621434806
0.001168732664957
0.001167814789418
0.001166873500716
0.001165913970194
0.001164940848395
0.001163958270202
0.001162969864557
0.001161978768506
0.001160987645325
0.001159998706448
0.001159013736889
0.001158034123873
0.001157060888321
0.001156094718867
0.001155136008070
0.001154184890444
0.001153241281985
0.001152304920805
0.001151375408549
0.001150452252228
0.001149534906128
0.001148622813469
0.001147715447476
0.001146812351560
0.001145913178318
0.001145017727055
0.001144125979581
0.001143238134038
0.001142354636526
0.001141476210335
0.001140603882602
0.001139739008240
0.001138883291001
0.001138038801574
0.001137207992626
0.001136393710735
0.001135599205166
0.001134828133493
0.001134084564068
0.001133372975369
0.001132698252285
0.001132065679409
0.001131480931438
0.001130950060775
0.001130479482488
0.001130075956736
0.001129746568848
0.001129498707202
0.001129340039095
0.001129278484780
0.001129322189880
0.001129479496360
0.001129758912267
0.001130169080455
0.001130718746471
0.001131416725829
0.001132271870867
0.001133293037362
0.001134489051126
0.001135868674726
0.001137440574533
0.001139213288232
0.001141195192975
0.001143394474284
0.001145819095855
0.001148476770368
0.001151374931392
0.001154520706489
0.001157920891568
0.001161581926563
0.001165509872455
0.001169710389692
0.001174188717992
0.001178949657548
0.001183997551619
0.001189336270471
0.001194969196641
0.001200899211476
0.001207128682889
0.001213659454259
0.001220492834421
0.001227629588650
0.001235069930566
0.001242813514876
0.001250859430852
0.001259206196482
0.001267851753179
0.001276793460984
0.001286028094172
0.001295551837187
0.001305360280845
0.001315448418724
0.001325810643708
0.001336440744632
0.001347331902990
0.001358476689702
0.001369867061903
0.001381494359793
0.001393349303533
0.001405421990239
0.001417701891111
0.001430177848753
0.001442838074771
0.001455670147714
0.001468661011483
0.001481796974301
0.001495063708380
0.001508446250420
0.001521929003088
0.001535495737628
0.001549129597774
0.001562813105135
0.001576528166229
0.001590256081342
0.001603977555401
0.001617672711045
0.001631321104064
0.001644901741404
0.001658393101886
0.001671773159827
0.001685019411714
0.001698108906062
0.001711018276615
0.001723723778981
0.001736201330825
0.001748426555691
0.001760374830509
0.001772021336853
0.001783341115936
0.001794309127360
0.001804900311576
0.001815089655997
0.001824852264683
0.001834163431461
0.001842998716372
0.001851334025228
0.001859145692105
0.001866410564527
0.001873106091079
0.001879210411152
0.001884702446508
0.001889561994310
0.001893769821248
0.001897307758354
0.001900158796094
0.001902307179285
0.001903738501375
0.001904439797602
0.001904399636544
0.001903608209539
0.001902057417464
0.001899740954338
0.001896654387228
0.001892795231916
0.001888163023798
0.001882759383496
0.001876588076654
0.001869655067420
0.001861968565122
0.001853539063664
0.001844379373186
0.001834504643572
0.001823932379403
0.001812682445978
0.001800777066096
0.001788240807269
0.001775100559147
0.001761385500912
0.001747127058492
0.001732358851464
0.001717116629582
0.001701438198905
0.001685363337556
0.001668933701200
0.001652192718381
0.001635185475906
0.001617958594542
0.001600560095310
0.001583039256759
0.001565446463625
0.001547833047335
0.001530251118903
0.001512753394768
0.001495393016206
0.001478223362982
0.001461297861956
0.001444669791400
0.001428392081808
0.001412517114046
0.001397096515674
0.001382180956358
0.001367819943251
0.001354061617300
0.001340952551394
