0.000181950693720
0.000181976175102
0.000182002388977
0.000182029329861
0.000182056981908
0.000182085319182
0.000182114305962
0.000182143897046
0.000182174038066
0.000182204665797
0.000182235708505
0.000182267086339
0.000182298711831
0.000182330490527
0.000182362321810
0.000182394099940
0.000182425715341
0.000182457056160
0.000182488010068
0.000182518466312
0.000182548317941
0.000182577464173
0.000182605812802
0.000182633282572
0.000182659805414
0.000182685328453
0.000182709815687
0.000182733249274
0.000182755630351
0.000182776979345
0.000182797335762
0.000182816757462
0.000182835319436
0.000182853112154
0.000182870239537
0.000182886816650
0.000182902967182
0.000182918820832
0.000182934510660
0.000182950170496
0.000182965932472
0.000182981924715
0.000182998269247
0.000183015080096
0.000183032461634
0.000183050507125
0.000183069297469
0.000183088900119
0.000183109368158
0.000183130739518
0.000183153036329
0.000183176264413
0.000183200412920
0.000183225454146
0.000183251343553
0.000183278020040
0.000183305406487
0.000183333410628
0.000183361926267
0.000183390834863
0.000183420007472
0.000183449307040
0.000183478591006
0.000183507714147
0.000183536531605
0.000183564901990
0.000183592690475
0.000183619771762
0.000183646032824
0.000183671375333
0.000183695717680
0.000183718996522
0.000183741167828
0.000183762207387
0.000183782110795
0.000183800892935
0.000183818587018
0.000183835243229
0.000183850927068
0.000183865717470
0.000183879704767
0.000183892988604
0.000183905675847
0.000183917878549
0.000183929712026
0.000183941293041
0.000183952738131
0.000183964162049
0.000183975676322
0.000183987387886
0.000183999397791
0.000184011799942
0.000184024679873
0.000184038113538
0.000184052166134
0.000184066890982
0.000184082328484
0.000184098505216
0.000184115433190
0.000184133109353
0.000184151515358
0.000184170617660
0.000184190367967
0.000184210704062
0.000184231550985
0.000184252822580
0.000184274423338
0.000184296250497
0.000184318196327
0.000184340150510
0.000184362002526
0.000184383643971
0.000184404970708
0.000184425884789
0.000184446296088
0.000184466123612
0.000184485296466
0.000184503754472
0.000184521448482
0.000184538340397
0.000184554402968
0.000184569619417
0.000184583982950
0.000184597496212
0.000184610170744
0.000184622026463
0.000184633091203
0.000184643400318
0.000184652996333
0.000184661928634
0.000184670253155
0.000184678032015
0.000184685333078
0.000184692229380
0.000184698798395
0.000184705121119
0.000184711280954
0.000184717362414
0.000184723449656
0.000184729624904
0.000184735966793
0.000184742548716
0.000184749437232
0.000184756690622
0.000184764357631
0.000184772476487
0.000184781074211
0.000184790166254
0.000184799756472
0.000184809837420
0.000184820390936
0.000184831388968
0.000184842794598
0.000184854563176
0.000184866643533
0.000184878979173
0.000184891509423
0.000184904170485
0.000184916896353
0.000184929619613
0.000184942272098
0.000184954785442
0.000184967091551
0.000184979123040
0.000184990813669
0.000185002098825
0.000185012916091
0.000185023205915
0.000185032912405
0.000185041984228
0.000185050375618
0.000185058047429
0.000185064968209
0.000185071115218
0.000185076475343
0.000185081045822
0.000185084834749
0.000185087861291
0.000185090155578
0.000185091758276
0.000185092719817
0.000185093099323
0.000185092963262
0.000185092383894
0.000185091437567
0.000185090202951
0.000185088759267
0.000185087184609
0.000185085554402
0.000185083940057
0.000185082407857
0.000185081018100
0.000185079824483
0.000185078873724
0.000185078205387
0.000185077851865
0.000185077838475
0.000185078183613
0.000185078898932
0.000185079989481
0.000185081453812
0.000185083284003
0.000185085465640
0.000185087977732
0.000185090792633
0.000185093875969
0.000185097186651
0.000185100676991
0.000185104292996
0.000185107974839
0.000185111657566
0.000185115272021
0.000185118745994
0.000185122005561
0.000185124976572
0.000185127586245
0.000185129764778
0.000185131446934
0.000185132573505
0.000185133092607
0.000185132960740
0.000185132143573
0.000185130616426
0.000185128364449
0.000185125382498
0.000185121674745
0.000185117254066
0.000185112141258
0.000185106364147
0.000185099956650
0.000185092957851
0.000185085411141
0.000185077363454
0.000185068864629
0.000185059966896
0.000185050724486
0.000185041193324
0.000185031430789
0.000185021495477
0.000185011446933
0.000185001345300
0.000184991250848
0.000184981223361
0.000184971321351
0.000184961601125
0.000184952115707
0.000184942913651
0.000184934037808
0.000184925524094
0.000184917400319
0.000184909685173
0.000184902387393
0.000184895505200
0.000184889026022
0.000184882926549
0.000184877173105
0.000184871722341
0.000184866522214
0.000184861513195
0.000184856629664
0.000184851801419
0.000184846955223
0.000184842016336
0.000184836909967
0.000184831562601
0.000184825903159
0.000184819863991
0.000184813381690
0.000184806397729
0.000184798858973
0.000184790718078
0.000184781933816
0.000184772471382
0.000184762302690
0.000184751406709
0.000184739769828
0.000184727386268
0.000184714258514
0.000184700397748
0.000184685824225
0.000184670567573
0.000184654666926
0.000184638170872
0.000184621137153
0.000184603632077
0.000184585729633
0.000184567510299
0.000184549059559
0.000184530466160
0.000184511820172
0.000184493210910
0.000184474724799
0.000184456443276
0.000184438440800
0.000184420783063
0.000184403525474
0.000184386711961
0.000184370374140
0.000184354530872
0.000184339188190
0.000184324339602
0.000184309966699
0.000184296040053
0.000184282520304
0.000184269359414
0.000184256501985
0.000184243886606
0.000184231447175
0.000184219114149
0.000184206815715
0.000184194478856
0.000184182030331
0.000184169397578
0.000184156509562
0.000184143297601
0.000184129696185
0.000184115643826
0.000184101083938
0.000184085965748
0.000184070245245
0.000184053886113
0.000184036860643
0.000184019150551
0.000184000747674
0.000183981654464
0.000183961884256
0.000183941461249
0.000183920420169
0.000183898805613
0.000183876671056
0.000183854077555
0.000183831092189
0.000183807786287
0.000183784233517
0.000183760507920
0.000183736681972
0.000183712824757
0.000183689000329
0.000183665266337
0.000183641672954
0.000183618262143
0.000183595067281
0.000183572113118
0.000183549416048
0.000183526984646
0.000183504820415
0.000183482918664
0.000183461269472
0.000183439858644
0.000183418668623
0.000183397679302
0.000183376868704
0.000183356213510
0.000183335689448
0.000183315271539
0.000183294934242
0.000183274651520
0.000183254396879
0.000183234143406
0.000183213863859
0.000183193530813
0.000183173116906
0.000183152595169
0.000183131939431
0.000183111124800
0.000183090128155
0.000183068928635
0.000183047508074
0.000183025851333
0.000183003946503
0.000182981784946
0.000182959361157
0.000182936672456
0.000182913718509
0.000182890500731
0.000182867021595
0.000182843283912
0.000182819290138
0.000182795041776
0.000182770538919
0.000182745779991
0.000182720761720
0.000182695479362
0.000182669927168
0.000182644099095
0.000182617989698
0.000182591595174
0.000182564914465
0.000182537950376
0.000182510710605
0.000182483208614
0.000182455464292
0.000182427504331
0.000182399362292
0.000182371078338
0.000182342698643
0.000182314274479
0.000182285861054
0.000182257516126
0.000182229298474
0.000182201266306
