0.000292497102668
0.000292576537797
0.000292657666810
0.000292740478806
0.000292824962576
0.000292911106597
0.000292998899036
0.000293088327747
0.000293179380278
0.000293272043875
0.000293366305481
0.000293462151748
0.000293559569040
0.000293658543442
0.000293759060761
0.000293861106537
0.000293964666043
0.000294069724290
0.000294176266029
0.000294284275753
0.000294393737694
0.000294504635824
0.000294616953855
0.000294730675235
0.000294845783147
0.000294962260509
0.000295080089976
0.000295199253939
0.000295319734531
0.000295441513625
0.000295564572849
0.000295688893583
0.000295814456972
0.000295941243932
0.000296069235154
0.000296198411116
0.000296328752088
0.000296460238133
0.000296592849115
0.000296726564700
0.000296861364357
0.000296997227360
0.000297134132786
0.000297272059512
0.000297410986221
0.000297550891394
0.000297691753315
0.000297833550071
0.000297976259556
0.000298119859472
0.000298264327339
0.000298409640497
0.000298555776117
0.000298702711209
0.000298850422629
0.000298998887087
0.000299148081158
0.000299297981283
0.000299448563780
0.000299599804846
0.000299751680559
0.000299904166880
0.000300057239655
0.000300210874613
0.000300365047366
0.000300519733407
0.000300674908115
0.000300830546749
0.000300986624456
0.000301143116270
0.000301299997122
0.000301457241842
0.000301614825167
0.000301772721753
0.000301930906181
0.000302089352968
0.000302248036574
0.000302406931411
0.000302566011854
0.000302725252239
0.000302884626874
0.000303044110040
0.000303203675991
0.000303363298954
0.000303522953134
0.000303682612704
0.000303842251816
0.000304001844589
0.000304161365120
0.000304320787480
0.000304480085723
0.000304639233885
0.000304798205997
0.000304956976090
0.000305115518205
0.000305273806403
0.000305431814774
0.000305589517446
0.000305746888594
0.000305903902450
0.000306060533304
0.000306216755511
0.000306372543494
0.000306527871744
0.000306682714820
0.000306837047350
0.000306990844027
0.000307144079610
0.000307296728925
0.000307448766860
0.000307600168377
0.000307750908504
0.000307900962351
0.000308050305109
0.000308198912063
0.000308346758601
0.000308493820219
0.000308640072540
0.000308785491313
0.000308930052428
0.000309073731924
0.000309216505991
0.000309358350973
0.000309499243377
0.000309639159866
0.000309778077263
0.000309915972547
0.000310052822855
0.000310188605473
0.000310323297844
0.000310456877561
0.000310589322373
0.000310720610183
0.000310850719061
0.000310979627240
0.000311107313134
0.000311233755341
0.000311358932653
0.000311482824069
0.000311605408800
0.000311726666282
0.000311846576177
0.000311965118383
0.000312082273037
0.000312198020513
0.000312312341427
0.000312425216631
0.000312536627212
0.000312646554493
0.000312754980023
0.000312861885581
0.000312967253172
0.000313071065030
0.000313173303617
0.000313273951629
0.000313372991999
0.000313470407910
0.000313566182798
0.000313660300362
0.000313752744573
0.000313843499686
0.000313932550244
0.000314019881083
0.000314105477341
0.000314189324461
0.000314271408185
0.000314351714560
0.000314430229934
0.000314506940950
0.000314581834544
0.000314654897943
0.000314726118657
0.000314795484481
0.000314862983489
0.000314928604043
0.000314992334788
0.000315054164658
0.000315114082887
0.000315172079011
0.000315228142877
0.000315282264652
0.000315334434832
0.000315384644247
0.000315432884066
0.000315479145804
0.000315523421321
0.000315565702822
0.000315605982858
0.000315644254320
0.000315680510434
0.000315714744758
0.000315746951176
0.000315777123891
0.000315805257427
0.000315831346620
0.000315855386619
0.000315877372891
0.000315897301221
0.000315915167717
0.000315930968814
0.000315944701284
0.000315956362244
0.000315965949158
0.000315973459846
0.000315978892487
0.000315982245626
0.000315983518170
0.000315982709390
0.000315979818918
0.000315974846742
0.000315967793199
0.000315958658972
0.000315947445082
0.000315934152881
0.000315918784046
0.000315901340579
0.000315881824800
0.000315860239350
0.000315836587190
0.000315810871607
0.000315783096214
0.000315753264961
0.000315721382135
0.000315687452369
0.000315651480647
0.000315613472305
0.000315573433037
0.000315531368890
0.000315487286269
0.000315441191927
0.000315393092964
0.000315342996817
0.000315290911258
0.000315236844379
0.000315180804592
0.000315122800618
0.000315062841481
0.000315000936507
0.000314937095321
0.000314871327846
0.000314803644305
0.000314734055222
0.000314662571429
0.000314589204068
0.000314513964597
0.000314436864791
0.000314357916747
0.000314277132885
0.000314194525946
0.000314110108992
0.000314023895399
0.000313935898852
0.000313846133340
0.000313754613146
0.000313661352837
0.000313566367258
0.000313469671524
0.000313371281012
0.000313271211356
0.000313169478444
0.000313066098418
0.000312961087668
0.000312854462840
0.000312746240834
0.000312636438807
0.000312525074179
0.000312412164632
0.000312297728115
0.000312181782841
0.000312064347288
0.000311945440197
0.000311825080565
0.000311703287639
0.000311580080911
0.000311455480106
0.000311329505176
0.000311202176287
0.000311073513815
0.000310943538336
0.000310812270617
0.000310679731617
0.000310545942478
0.000310410924528
0.000310274699276
0.000310137288417
0.000309998713831
0.000309858997587
0.000309718161943
0.000309576229344
0.000309433222429
0.000309289164023
0.000309144077136
0.000308997984959
0.000308850910857
0.000308702878361
0.000308553911158
0.000308404033086
0.000308253268120
0.000308101640366
0.000307949174050
0.000307795893515
0.000307641823209
0.000307486987687
0.000307331411605
0.000307175119717
0.000307018136877
0.000306860488041
0.000306702198262
0.000306543292695
0.000306383796598
0.000306223735327
0.000306063134340
0.000305902019186
0.000305740415509
0.000305578349035
0.000305415845568
0.000305252930982
0.000305089631209
0.000304925972234
0.000304761980083
0.000304597680815
0.000304433100516
0.000304268265289
0.000304103201255
0.000303937934544
0.000303772491292
0.000303606897645
0.000303441179753
0.000303275363774
0.000303109475870
0.000302943542210
0.000302777588966
0.000302611642315
0.000302445728432
0.000302279873487
0.000302114103643
0.000301948445043
0.000301782923808
0.000301617566025
0.000301452397741
0.000301287444953
0.000301122733602
0.000300958289562
0.000300794138638
0.000300630306555
0.000300466818961
0.000300303701416
0.000300140979396
0.000299978678290
0.000299816823397
0.000299655439930
0.000299494553009
0.000299334187665
0.000299174368839
0.000299015121374
0.000298856470018
0.000298698439411
0.000298541054091
0.000298384338476
0.000298228316864
0.000298073013423
0.000297918452187
0.000297764657042
0.000297611651725
0.000297459459817
0.000297308104737
0.000297157609735
0.000297007997894
0.000296859292124
0.000296711515162
0.000296564689567
0.000296418837727
0.000296273981851
0.000296130143968
0.000295987345934
0.000295845609418
0.000295704955911
0.000295565406714
0.000295426982937
0.000295289705496
0.000295153595103
0.000295018672264
0.000294884957273
0.000294752470202
0.000294621230901
0.000294491258988
0.000294362573846
0.000294235194621
0.000294109140217
0.000293984429292
0.000293861080259
0.000293739111285
0.000293618540286
0.000293499384931
0.000293381662640
0.000293265390581
0.000293150585671
0.000293037264574
0.000292925443699
0.000292815139195
0.000292706366953
