0.000190348586108
0.000190382148068
0.000190415633750
0.000190448986159
0.000190482149374
0.000190515070176
0.000190547699683
0.000190579994910
0.000190611920192
0.000190643448422
0.000190674562031
0.000190705253692
0.000190735526693
0.000190765394985
0.000190794882892
0.000190824024497
0.000190852862735
0.000190881448219
0.000190909837849
0.000190938093247
0.000190966279070
0.000190994461249
0.000191022705203
0.000191051074074
0.000191079627018
0.000191108417598
0.000191137492309
0.000191166889265
0.000191196637081
0.000191226753978
0.000191257247129
0.000191288112280
0.000191319333658
0.000191350884179
0.000191382725976
0.000191414811234
0.000191447083324
0.000191479478228
0.000191511926197
0.000191544353627
0.000191576685070
0.000191608845333
0.000191640761585
0.000191672365404
0.000191703594688
0.000191734395356
0.000191764722795
0.000191794542986
0.000191823833286
0.000191852582853
0.000191880792689
0.000191908475339
0.000191935654255
0.000191962362876
0.000191988643451
0.000192014545678
0.000192040125191
0.000192065441968
0.000192090558684
0.000192115539078
0.000192140446349
0.000192165341639
0.000192190282597
0.000192215322082
0.000192240506996
0.000192265877274
0.000192291465053
0.000192317294020
0.000192343378960
0.000192369725516
0.000192396330164
0.000192423180410
0.000192450255213
0.000192477525618
0.000192504955591
0.000192532503028
0.000192560120913
0.000192587758581
0.000192615363044
0.000192642880337
0.000192670256830
0.000192697440470
0.000192724381898
0.000192751035432
0.000192777359871
0.000192803319115
0.000192828882610
0.000192854025612
0.000192878729295
0.000192902980730
0.000192926772754
0.000192950103767
0.000192972977474
0.000192995402601
0.000193017392606
0.000193038965370
0.000193060142906
0.000193080951042
0.000193101419101
0.000193121579544
0.000193141467563
0.000193161120627
0.000193180577948
0.000193199879885
0.000193219067273
0.000193238180697
0.000193257259714
0.000193276342055
0.000193295462824
0.000193314653718
0.000193333942296
0.000193353351317
0.000193372898165
0.000193392594377
0.000193412445274
0.000193432449715
0.000193452599960
0.000193472881641
0.000193493273849
0.000193513749323
0.000193534274744
0.000193554811133
0.000193575314360
0.000193595735770
0.000193616022920
0.000193636120453
0.000193655971087
0.000193675516739
0.000193694699752
0.000193713464228
0.000193731757421
0.000193749531168
0.000193766743300
0.000193783358998
0.000193799352024
0.000193814705782
0.000193829414150
0.000193843482039
0.000193856925653
0.000193869772398
0.000193882060464
0.000193893838057
0.000193905162314
0.000193916097929
0.000193926715530
0.000193937089870
0.000193947297878
0.000193957416640
0.000193967521363
0.000193977683396
0.000193987968333
0.000193998434279
0.000194009130291
0.000194020095050
0.000194031355770
0.000194042927392
0.000194054812049
0.000194066998849
0.000194079463951
0.000194092170968
0.000194105071674
0.000194118107030
0.000194131208497
0.000194144299636
0.000194157297950
0.000194170116937
0.000194182668311
0.000194194864315
0.000194206620085
0.000194217855966
0.000194228499725
0.000194238488580
0.000194247770961
0.000194256307965
0.000194264074429
0.000194271059590
0.000194277267322
0.000194282715929
0.000194287437514
0.000194291476958
0.000194294890546
0.000194297744296
0.000194300112061
0.000194302073459
0.000194303711715
0.000194305111469
0.000194306356617
0.000194307528238
0.000194308702659
0.000194309949686
0.000194311331049
0.000194312899062
0.000194314695544
0.000194316750986
0.000194319084000
0.000194321701034
0.000194324596372
0.000194327752409
0.000194331140208
0.000194334720311
0.000194338443816
0.000194342253670
0.000194346086168
0.000194349872611
0.000194353541081
0.000194357018281
0.000194360231383
0.000194363109829
0.000194365587029
0.000194367601897
0.000194369100191
0.000194370035611
0.000194370370633
0.000194370077067
0.000194369136345
0.000194367539544
0.000194365287163
0.000194362388706
0.000194358862079
0.000194354732861
0.000194350033474
0.000194344802294
0.000194339082722
0.000194332922252
0.000194326371533
0.000194319483448
0.000194312312206
0.000194304912447
0.000194297338359
0.000194289642808
0.000194281876474
0.000194274087008
0.000194266318205
0.000194258609217
0.000194250993826
0.000194243499779
0.000194236148229
0.000194228953283
0.000194221921695
0.000194215052689
0.000194208337954
0.000194201761781
0.000194195301360
0.000194188927209
0.000194182603737
0.000194176289907
0.000194169939984
0.000194163504364
0.000194156930436
0.000194150163503
0.000194143147713
0.000194135827030
0.000194128146207
0.000194120051793
0.000194111493137
0.000194102423418
0.000194092800663
0.000194082588757
0.000194071758414
0.000194060288093
0.000194048164808
0.000194035384820
0.000194021954150
0.000194007888885
0.000193993215248
0.000193977969399
0.000193962196942
0.000193945952155
0.000193929296929
0.000193912299442
0.000193895032609
0.000193877572347
0.000193859995702
0.000193842378911
0.000193824795447
0.000193807314118
0.000193789997276
0.000193772899181
0.000193756064579
0.000193739527508
0.000193723310387
0.000193707423377
0.000193691864044
0.000193676617316
0.000193661655739
0.000193646940016
0.000193632419827
0.000193618034909
0.000193603716390
0.000193589388333
0.000193574969499
0.000193560375265
0.000193545519681
0.000193530317619
0.000193514686960
0.000193498550760
0.000193481839347
0.000193464492268
0.000193446460036
0.000193427705598
0.000193408205488
0.000193387950599
0.000193366946555
0.000193345213649
0.000193322786356
0.000193299712428
0.000193276051604
0.000193251873973
0.000193227258061
0.000193202288697
0.000193177054736
0.000193151646719
0.000193126154530
0.000193100665133
0.000193075260445
0.000193050015389
0.000193024996188
0.000193000258912
0.000192975848310
0.000192951796937
0.000192928124593
0.000192904838052
0.000192881931099
0.000192859384858
0.000192837168397
0.000192815239601
0.000192793546297
0.000192772027605
0.000192750615493
0.000192729236503
0.000192707813607
0.000192686268154
0.000192664521860
0.000192642498773
0.000192620127178
0.000192597341369
0.000192574083232
0.000192550303611
0.000192525963390
0.000192501034277
0.000192475499272
0.000192449352806
0.000192422600574
0.000192395259061
0.000192367354828
0.000192338923556
0.000192310008935
0.000192280661415
0.000192250936882
0.000192220895298
0.000192190599344
0.000192160113092
0.000192129500732
0.000192098825377
0.000192068147933
0.000192037526067
0.000192007013256
0.000191976657919
0.000191946502641
0.000191916583491
0.000191886929434
0.000191857561858
0.000191828494219
0.000191799731818
0.000191771271738
0.000191743102925
0.000191715206450
0.000191687555927
0.000191660118111
0.000191632853629
0.000191605717864
0.000191578661938
0.000191551633780
0.000191524579242
0.000191497443244
0.000191470170895
0.000191442708592
0.000191415005051
0.000191387012271
0.000191358686416
0.000191329988611
0.000191300885646
0.000191271350599
0.000191241363375
0.000191210911160
0.000191179988787
0.000191148599016
0.000191116752702
0.000191084468858
0.000191051774564
0.000191018704739
0.000190985301729
0.000190951614714
0.000190917698911
0.000190883614595
0.000190849425917
0.000190815199568
0.000190781003294
0.000190746904326
0.000190712967747
0.000190679254867
