0.000189767717069
0.000189813174121
0.000189857296756
0.000189899915422
0.000189940879933
0.000189980062176
0.000190017358494
0.000190052691710
0.000190086012743
0.000190117301819
0.000190146569225
0.000190173855609
0.000190199231806
0.000190222798189
0.000190244683541
0.000190265043445
0.000190284058227
0.000190301930435
0.000190318881910
0.000190335150457
0.000190350986177
0.000190366647497
0.000190382396960
0.000190398496849
0.000190415204710
0.000190432768875
0.000190451424049
0.000190471387078
0.000190492852963
0.000190515991229
0.000190540942725
0.000190567816917
0.000190596689761
0.000190627602192
0.000190660559268
0.000190695529998
0.000190732447850
0.000190771211939
0.000190811688860
0.000190853715133
0.000190897100192
0.000190941629868
0.000190987070264
0.000191033171966
0.000191079674466
0.000191126310731
0.000191172811809
0.000191218911382
0.000191264350190
0.000191308880241
0.000191352268731
0.000191394301638
0.000191434786912
0.000191473557244
0.000191510472373
0.000191545420915
0.000191578321706
0.000191609124635
0.000191637810999
0.000191664393347
0.000191688914865
0.000191711448279
0.000191732094327
0.000191750979805
0.000191768255222
0.000191784092104
0.000191798679980
0.000191812223090
0.000191824936878
0.000191837044311
0.000191848772091
0.000191860346818
0.000191871991167
0.000191883920163
0.000191896337599
0.000191909432691
0.000191923377018
0.000191938321822
0.000191954395724
0.000191971702899
0.000191990321756
0.000192010304154
0.000192031675149
0.000192054433295
0.000192078551469
0.000192103978194
0.000192130639415
0.000192158440675
0.000192187269622
0.000192216998786
0.000192247488529
0.000192278590112
0.000192310148781
0.000192342006816
0.000192374006457
0.000192405992660
0.000192437815628
0.000192469333060
0.000192500412114
0.000192530931039
0.000192560780475
0.000192589864429
0.000192618100925
0.000192645422348
0.000192671775514
0.000192697121480
0.000192721435139
0.000192744704620
0.000192766930530
0.000192788125062
0.000192808311004
0.000192827520659
0.000192845794705
0.000192863181007
0.000192879733399
0.000192895510447
0.000192910574206
0.000192924988992
0.000192938820173
0.000192952133010
0.000192964991555
0.000192977457637
0.000192989589949
0.000193001443258
0.000193013067772
0.000193024508653
0.000193035805720
0.000193046993333
0.000193058100468
0.000193069150979
0.000193080164036
0.000193091154734
0.000193102134828
0.000193113113589
0.000193124098719
0.000193135097310
0.000193146116779
0.000193157165744
0.000193168254804
0.000193179397152
0.000193190609021
0.000193201909903
0.000193213322528
0.000193224872608
0.000193236588324
0.000193248499584
0.000193260637078
0.000193273031153
0.000193285710558
0.000193298701116
0.000193312024355
0.000193325696174
0.000193339725587
0.000193354113593
0.000193368852229
0.000193383923824
0.000193399300507
0.000193414943969
0.000193430805509
0.000193446826343
0.000193462938195
0.000193479064130
0.000193495119616
0.000193511013788
0.000193526650870
0.000193541931727
0.000193556755502
0.000193571021307
0.000193584629923
0.000193597485496
0.000193609497177
0.000193620580704
0.000193630659896
0.000193639668047
0.000193647549209
0.000193654259345
0.000193659767349
0.000193664055924
0.000193667122289
0.000193668978720
0.000193669652896
0.000193669188038
0.000193667642815
0.000193665091015
0.000193661620950
0.000193657334587
0.000193652346403
0.000193646781955
0.000193640776177
0.000193634471407
0.000193628015182
0.000193621557810
0.000193615249786
0.000193609239077
0.000193603668345
0.000193598672167
0.000193594374329
0.000193590885245
0.000193588299587
0.000193586694194
0.000193586126312
0.000193586632217
0.000193588226282
0.000193590900493
0.000193594624443
0.000193599345814
0.000193604991306
0.000193611468014
0.000193618665198
0.000193626456400
0.000193634701853
0.000193643251109
0.000193651945833
0.000193660622691
0.000193669116254
0.000193677261886
0.000193684898524
0.000193691871333
0.000193698034164
0.000193703251809
0.000193707402001
0.000193710377155
0.000193712085832
0.000193712453925
0.000193711425554
0.000193708963692
0.000193705050502
0.000193699687412
0.000193692894930
0.000193684712193
0.000193675196266
0.000193664421197
0.000193652476826
0.000193639467350
0.000193625509673
0.000193610731523
0.000193595269381
0.000193579266223
0.000193562869120
0.000193546226727
0.000193529486705
0.000193512793124
0.000193496283905
0.000193480088363
0.000193464324894
0.000193449098881
0.000193434500866
0.000193420605036
0.000193407468065
0.000193395128347
0.000193383605635
0.000193372901106
0.000193362997831
0.000193353861657
0.000193345442442
0.000193337675631
0.000193330484104
0.000193323780238
0.000193317468126
0.000193311445872
0.000193305607907
0.000193299847246
0.000193294057645
0.000193288135583
0.000193281982048
0.000193275504081
0.000193268616072
0.000193261240781
0.000193253310109
0.000193244765611
0.000193235558775
0.000193225651094
0.000193215013952
0.000193203628353
0.000193191484522
0.000193178581405
0.000193164926083
0.000193150533129
0.000193135423915
0.000193119625889
0.000193103171822
0.000193086099028
0.000193068448572
0.000193050264448
0.000193031592742
0.000193012480779
0.000192992976253
0.000192973126352
0.000192952976894
0.000192932571477
0.000192911950681
0.000192891151331
0.000192870205858
0.000192849141778
0.000192827981317
0.000192806741210
0.000192785432679
0.000192764061613
0.000192742628943
0.000192721131212
0.000192699561310
0.000192677909371
0.000192656163766
0.000192634312185
0.000192612342734
0.000192590245019
0.000192568011153
0.000192545636645
0.000192523121139
0.000192500468945
0.000192477689349
0.000192454796682
0.000192431810137
0.000192408753336
0.000192385653668
0.000192362541419
0.000192339448733
0.000192316408441
0.000192293452817
0.000192270612306
0.000192247914283
0.000192225381881
0.000192203032957
0.000192180879209
0.000192158925490
0.000192137169328
0.000192115600680
0.000192094201884
0.000192072947842
0.000192051806380
0.000192030738780
0.000192009700451
0.000191988641714
0.000191967508660
0.000191946244067
0.000191924788341
0.000191903080463
0.000191881058930
0.000191858662670
0.000191835831930
0.000191812509137
0.000191788639723
0.000191764172927
0.000191739062576
0.000191713267836
0.000191686753963
0.000191659493017
0.000191631464560
0.000191602656320
0.000191573064791
0.000191542695774
0.000191511564800
0.000191479697441
0.000191447129445
0.000191413906696
0.000191380084947
0.000191345729330
0.000191310913611
0.000191275719196
0.000191240233897
0.000191204550475
0.000191168764987
0.000191132974973
0.000191097277546
0.000191061767418
0.000191026534935
0.000190991664175
0.000190957231170
0.000190923302304
0.000190889932945
0.000190857166333
0.000190825032788
0.000190793549221
0.000190762718990
0.000190732532070
0.000190702965540
0.000190673984351
0.000190645542343
0.000190617583455
0.000190590043103
0.000190562849647
0.000190535925917
0.000190509190740
0.000190482560436
0.000190455950229
0.000190429275575
0.000190402453362
0.000190375402994
0.000190348047348
0.000190320313606
0.000190292133991
0.000190263446393
0.000190234194923
0.000190204330396
0.000190173810754
0.000190142601441
0.000190110675729
0.000190078014997
0.000190044608947
0.000190010455761
0.000189975562175
