0.000288443111469
0.000288532541716
0.000288623294744
0.000288715359628
0.000288808725235
0.000288903380223
0.000288999313037
0.000289096511898
0.000289194964804
0.000289294659521
0.000289395583584
0.000289497724291
0.000289601068704
0.000289705603654
0.000289811315744
0.000289918191354
0.000290026216652
0.000290135377600
0.000290245659964
0.000290357049323
0.000290469531078
0.000290583090459
0.000290697712529
0.000290813382185
0.000290930084166
0.000291047803045
0.000291166523229
0.000291286228958
0.000291406904296
0.000291528533130
0.000291651099164
0.000291774585916
0.000291898976717
0.000292024254713
0.000292150402864
0.000292277403949
0.000292405240578
0.000292533895190
0.000292663350074
0.000292793587367
0.000292924589075
0.000293056337071
0.000293188813114
0.000293321998848
0.000293455875807
0.000293590425421
0.000293725629015
0.000293861467804
0.000293997922897
0.000294134975285
0.000294272605844
0.000294410795327
0.000294549524362
0.000294688773449
0.000294828522963
0.000294968753152
0.000295109444145
0.000295250575957
0.000295392128495
0.000295534081571
0.000295676414910
0.000295819108161
0.000295962140909
0.000296105492681
0.000296249142956
0.000296393071169
0.000296537256719
0.000296681678963
0.000296826317224
0.000296971150781
0.000297116158872
0.000297261320686
0.000297406615357
0.000297552021968
0.000297697519540
0.000297843087034
0.000297988703356
0.000298134347355
0.000298279997832
0.000298425633547
0.000298571233227
0.000298716775579
0.000298862239300
0.000299007603087
0.000299152845651
0.000299297945720
0.000299442882052
0.000299587633439
0.000299732178706
0.000299876496715
0.000300020566363
0.000300164366579
0.000300307876317
0.000300451074556
0.000300593940289
0.000300736452528
0.000300878590292
0.000301020332617
0.000301161658548
0.000301302547151
0.000301442977515
0.000301582928766
0.000301722380071
0.000301861310654
0.000301999699804
0.000302137526893
0.000302274771376
0.000302411412811
0.000302547430855
0.000302682805279
0.000302817515958
0.000302951542880
0.000303084866140
0.000303217465933
0.000303349322553
0.000303480416386
0.000303610727903
0.000303740237658
0.000303868926287
0.000303996774507
0.000304123763114
0.000304249872997
0.000304375085137
0.000304499380622
0.000304622740653
0.000304745146561
0.000304866579814
0.000304987022032
0.000305106454993
0.000305224860648
0.000305342221119
0.000305458518705
0.000305573735886
0.000305687855317
0.000305800859825
0.000305912732405
0.000306023456212
0.000306133014556
0.000306241390895
0.000306348568832
0.000306454532111
0.000306559264617
0.000306662750381
0.000306764973583
0.000306865918557
0.000306965569806
0.000307063912009
0.000307160930035
0.000307256608951
0.000307350934039
0.000307443890800
0.000307535464964
0.000307625642493
0.000307714409587
0.000307801752679
0.000307887658433
0.000307972113743
0.000308055105719
0.000308136621687
0.000308216649177
0.000308295175918
0.000308372189831
0.000308447679030
0.000308521631818
0.000308594036690
0.000308664882338
0.000308734157658
0.000308801851761
0.000308867953980
0.000308932453885
0.000308995341293
0.000309056606279
0.000309116239181
0.000309174230611
0.000309230571458
0.000309285252888
0.000309338266341
0.000309389603530
0.000309439256432
0.000309487217283
0.000309533478566
0.000309578033004
0.000309620873555
0.000309661993403
0.000309701385954
0.000309739044837
0.000309774963906
0.000309809137239
0.000309841559153
0.000309872224204
0.000309901127204
0.000309928263227
0.000309953627624
0.000309977216026
0.000309999024359
0.000310019048843
0.000310037286001
0.000310053732654
0.000310068385919
0.000310081243208
0.000310092302215
0.000310101560911
0.000310109017530
0.000310114670568
0.000310118518766
0.000310120561106
0.000310120796809
0.000310119225330
0.000310115846361
0.000310110659831
0.000310103665915
0.000310094865041
0.000310084257899
0.000310071845449
0.000310057628934
0.000310041609885
0.000310023790129
0.000310004171796
0.000309982757315
0.000309959549418
0.000309934551136
0.000309907765789
0.000309879196983
0.000309848848594
0.000309816724764
0.000309782829889
0.000309747168606
0.000309709745791
0.000309670566550
0.000309629636217
0.000309586960354
0.000309542544752
0.000309496395441
0.000309448518687
0.000309398921009
0.000309347609185
0.000309294590257
0.000309239871541
0.000309183460633
0.000309125365412
0.000309065594040
0.000309004154960
0.000308941056893
0.000308876308832
0.000308809920028
0.000308741899986
0.000308672258450
0.000308601005396
0.000308528151017
0.000308453705721
0.000308377680119
0.000308300085025
0.000308220931454
0.000308140230622
0.000308057993952
0.000307974233075
0.000307888959842
0.000307802186328
0.000307713924840
0.000307624187921
0.000307532988359
0.000307440339183
0.000307346253670
0.000307250745338
0.000307153827942
0.000307055515466
0.000306955822118
0.000306854762313
0.000306752350667
0.000306648601983
0.000306543531246
0.000306437153608
0.000306329484383
0.000306220539046
0.000306110333228
0.000305998882713
0.000305886203449
0.000305772311543
0.000305657223272
0.000305540955086
0.000305423523614
0.000305304945670
0.000305185238256
0.000305064418563
0.000304942503970
0.000304819512043
0.000304695460528
0.000304570367344
0.000304444250575
0.000304317128459
0.000304189019375
0.000304059941838
0.000303929914482
0.000303798956059
0.000303667085422
0.000303534321530
0.000303400683437
0.000303266190298
0.000303130861364
0.000302994715989
0.000302857773631
0.000302720053858
0.000302581576353
0.000302442360915
0.000302302427464
0.000302161796041
0.000302020486806
0.000301878520035
0.000301735916118
0.000301592695548
0.000301448878913
0.000301304486891
0.000301159540233
0.000301014059757
0.000300868066338
0.000300721580898
0.000300574624401
0.000300427217846
0.000300279382263
0.000300131138713
0.000299982508287
0.000299833512106
0.000299684171328
0.000299534507145
0.000299384540791
0.000299234293542
0.000299083786718
0.000298933041683
0.000298782079845
0.000298630922653
0.000298479591588
0.000298328108164
0.000298176493914
0.000298024770386
0.000297872959130
0.000297721081692
0.000297569159602
0.000297417214371
0.000297265267480
0.000297113340373
0.000296961454459
0.000296809631106
0.000296657891640
0.000296506257345
0.000296354749467
0.000296203389211
0.000296052197750
0.000295901196217
0.000295750405713
0.000295599847307
0.000295449542029
0.000295299510873
0.000295149774790
0.000295000354685
0.000294851271407
0.000294702545747
0.000294554198425
0.000294406250087
0.000294258721294
0.000294111632518
0.000293965004132
0.000293818856409
0.000293673209517
0.000293528083514
0.000293383498347
0.000293239473854
0.000293096029762
0.000292953185687
0.000292810961136
0.000292669375506
0.000292528448086
0.000292388198057
0.000292248644488
0.000292109806338
0.000291971702449
0.000291834351545
0.000291697772225
0.000291561982961
0.000291427002088
0.000291292847803
0.000291159538156
0.000291027091042
0.000290895524204
0.000290764855219
0.000290635101502
0.000290506280299
0.000290378408684
0.000290251503561
0.000290125581661
0.000290000659540
0.000289876753584
0.000289753880001
0.000289632054828
0.000289511293927
0.000289391612984
0.000289273027510
0.000289155552835
0.000289039204112
0.000288923996309
0.000288809944208
0.000288697062402
