0.000186477790003
0.000186506979183
0.000186535565192
0.000186563555553
0.000186590971111
0.000186617845159
0.000186644222328
0.000186670157292
0.000186695713294
0.000186720960536
0.000186745974443
0.000186770833839
0.000186795619041
0.000186820409924
0.000186845283972
0.000186870314367
0.000186895568163
0.000186921104595
0.000186946973583
0.000186973214489
0.000186999855165
0.000187026911362
0.000187054386498
0.000187082271830
0.000187110547015
0.000187139181032
0.000187168133443
0.000187197355921
0.000187226793981
0.000187256388835
0.000187286079285
0.000187315803569
0.000187345501093
0.000187375113972
0.000187404588346
0.000187433875420
0.000187462932231
0.000187491722142
0.000187520215078
0.000187548387538
0.000187576222432
0.000187603708773
0.000187630841279
0.000187657619927
0.000187684049470
0.000187710138970
0.000187735901331
0.000187761352855
0.000187786512805
0.000187811402967
0.000187836047205
0.000187860470990
0.000187884700902
0.000187908764100
0.000187932687774
0.000187956498583
0.000187980222111
0.000188003882354
0.000188027501279
0.000188051098469
0.000188074690881
0.000188098292731
0.000188121915506
0.000188145568095
0.000188169257028
0.000188192986780
0.000188216760119
0.000188240578449
0.000188264442102
0.000188288350554
0.000188312302529
0.000188336295968
0.000188360327875
0.000188384394023
0.000188408488579
0.000188432603651
0.000188456728831
0.000188480850762
0.000188504952802
0.000188529014820
0.000188553013166
0.000188576920843
0.000188600707898
0.000188624342013
0.000188647789290
0.000188671015190
0.000188693985574
0.000188716667794
0.000188739031783
0.000188761051075
0.000188782703717
0.000188803973017
0.000188824848118
0.000188845324356
0.000188865403426
0.000188885093342
0.000188904408220
0.000188923367909
0.000188941997490
0.000188960326676
0.000188978389137
0.000188996221770
0.000189013863918
0.000189031356557
0.000189048741451
0.000189066060260
0.000189083353617
0.000189100660172
0.000189118015593
0.000189135451558
0.000189152994757
0.000189170665917
0.000189188478920
0.000189206440039
0.000189224547345
0.000189242790343
0.000189261149870
0.000189279598293
0.000189298100023
0.000189316612355
0.000189335086613
0.000189353469561
0.000189371705048
0.000189389735787
0.000189407505235
0.000189424959442
0.000189442048831
0.000189458729799
0.000189474966087
0.000189490729857
0.000189506002448
0.000189520774787
0.000189535047450
0.000189548830409
0.000189562142472
0.000189575010483
0.000189587468309
0.000189599555681
0.000189611316935
0.000189622799688
0.000189634053502
0.000189645128556
0.000189656074350
0.000189666938467
0.000189677765385
0.000189688595373
0.000189699463459
0.000189710398506
0.000189721422386
0.000189732549306
0.000189743785277
0.000189755127794
0.000189766565723
0.000189778079441
0.000189789641250
0.000189801216062
0.000189812762374
0.000189824233493
0.000189835579004
0.000189846746410
0.000189857682891
0.000189868337120
0.000189878661032
0.000189888611487
0.000189898151746
0.000189907252677
0.000189915893657
0.000189924063118
0.000189931758734
0.000189938987233
0.000189945763879
0.000189952111647
0.000189958060153
0.000189963644405
0.000189968903432
0.000189973878867
0.000189978613541
0.000189983150147
0.000189987530002
0.000189991791946
0.000189995971401
0.000190000099569
0.000190004202804
0.000190008302106
0.000190012412769
0.000190016544133
0.000190020699459
0.000190024875911
0.000190029064654
0.000190033251059
0.000190037415047
0.000190041531561
0.000190045571189
0.000190049500932
0.000190053285108
0.000190056886397
0.000190060266970
0.000190063389698
0.000190066219369
0.000190068723868
0.000190070875275
0.000190072650803
0.000190074033537
0.000190075012943
0.000190075585087
0.000190075752592
0.000190075524303
0.000190074914705
0.000190073943121
0.000190072632748
0.000190071009582
0.000190069101308
0.000190066936214
0.000190064542181
0.000190061945805
0.000190059171684
0.000190056241884
0.000190053175599
0.000190049988982
0.000190046695130
0.000190043304194
0.000190039823569
0.000190036258135
0.000190032610503
0.000190028881251
0.000190025069122
0.000190021171175
0.000190017182893
0.000190013098262
0.000190008909829
0.000190004608764
0.000190000184947
0.000189995627098
0.000189990922959
0.000189986059533
0.000189981023374
0.000189975800920
0.000189970378833
0.000189964744341
0.000189958885531
0.000189952791585
0.000189946452930
0.000189939861277
0.000189933009575
0.000189925891854
0.000189918502996
0.000189910838465
0.000189902894019
0.000189894665452
0.000189886148410
0.000189877338303
0.000189868230352
0.000189858819781
0.000189849102148
0.000189839073812
0.000189828732496
0.000189818077912
0.000189807112400
0.000189795841510
0.000189784274494
0.000189772424647
0.000189760309449
0.000189747950495
0.000189735373195
0.000189722606241
0.000189709680872
0.000189696629967
0.000189683487013
0.000189670285000
0.000189657055299
0.000189643826585
0.000189630623840
0.000189617467496
0.000189604372725
0.000189591348912
0.000189578399305
0.000189565520847
0.000189552704159
0.000189539933684
0.000189527187944
0.000189514439910
0.000189501657473
0.000189488803984
0.000189475838892
0.000189462718460
0.000189449396566
0.000189435825611
0.000189421957519
0.000189407744850
0.000189393141993
0.000189378106447
0.000189362600140
0.000189346590754
0.000189330053006
0.000189312969816
0.000189295333319
0.000189277145629
0.000189258419334
0.000189239177647
0.000189219454195
0.000189199292431
0.000189178744674
0.000189157870800
0.000189136736635
0.000189115412113
0.000189093969264
0.000189072480123
0.000189051014645
0.000189029638697
0.000189008412218
0.000188987387593
0.000188966608291
0.000188946107810
0.000188925908925
0.000188906023254
0.000188886451121
0.000188867181693
0.000188848193372
0.000188829454406
0.000188810923682
0.000188792551699
0.000188774281671
0.000188756050764
0.000188737791449
0.000188719432954
0.000188700902815
0.000188682128499
0.000188663039091
0.000188643567012
0.000188623649731
0.000188603231432
0.000188582264579
0.000188560711322
0.000188538544690
0.000188515749510
0.000188492322998
0.000188468275001
0.000188443627838
0.000188418415760
0.000188392684027
0.000188366487632
0.000188339889737
0.000188312959865
0.000188285771936
0.000188258402234
0.000188230927361
0.000188203422289
0.000188175958550
0.000188148602632
0.000188121414615
0.000188094447072
0.000188067744239
0.000188041341440
0.000188015264756
0.000187989530900
0.000187964147281
0.000187939112197
0.000187914415167
0.000187890037347
0.000187865952033
0.000187842125245
0.000187818516386
0.000187795078992
0.000187771761565
0.000187748508517
0.000187725261219
0.000187701959137
0.000187678541070
0.000187654946445
0.000187631116647
0.000187606996335
0.000187582534716
0.000187557686702
0.000187532413926
0.000187506685569
0.000187480478961
0.000187453779944
0.000187426582988
0.000187398891066
0.000187370715317
0.000187342074529
0.000187312994469
0.000187283507139
0.000187253649961
0.000187223464972
0.000187192998034
0.000187162298099
0.000187131416524
0.000187100406454
0.000187069322236
0.000187038218862
0.000187007151397
0.000186976174385
0.000186945341175
0.000186914703184
0.000186884309066
0.000186854203796
0.000186824427690
0.000186795015394
0.000186765994879
0.000186737386485
