0.000319440097257
0.000319530910053
0.000319624666737
0.000319721364067
0.000319820998095
0.000319923564172
0.000320029056943
0.000320137470350
0.000320248797631
0.000320363031318
0.000320480163243
0.000320600184533
0.000320723085616
0.000320848856215
0.000320977485358
0.000321108961373
0.000321243271893
0.000321380403854
0.000321520343502
0.000321663076391
0.000321808587384
0.000321956860661
0.000322107879717
0.000322261627363
0.000322418085734
0.000322577236289
0.000322739059815
0.000322903536427
0.000323070645577
0.000323240366057
0.000323412675998
0.000323587552880
0.000323764973533
0.000323944914142
0.000324127350256
0.000324312256783
0.000324499608005
0.000324689377577
0.000324881538534
0.000325076063296
0.000325272923673
0.000325472090871
0.000325673535497
0.000325877227564
0.000326083136499
0.000326291231149
0.000326501479786
0.000326713850114
0.000326928309277
0.000327144823864
0.000327363359919
0.000327583882946
0.000327806357916
0.000328030749276
0.000328257020955
0.000328485136375
0.000328715058453
0.000328946749613
0.000329180171792
0.000329415286448
0.000329652054567
0.000329890436676
0.000330130392843
0.000330371882694
0.000330614865415
0.000330859299765
0.000331105144084
0.000331352356302
0.000331600893947
0.000331850714159
0.000332101773692
0.000332354028932
0.000332607435900
0.000332861950265
0.000333117527353
0.000333374122153
0.000333631689335
0.000333890183250
0.000334149557945
0.000334409767175
0.000334670764404
0.000334932502827
0.000335194935370
0.000335458014706
0.000335721693265
0.000335985923243
0.000336250656614
0.000336515845141
0.000336781440387
0.000337047393726
0.000337313656352
0.000337580179293
0.000337846913420
0.000338113809459
0.000338380817998
0.000338647889504
0.000338914974328
0.000339182022718
0.000339448984830
0.000339715810739
0.000339982450449
0.000340248853905
0.000340514971004
0.000340780751606
0.000341046145546
0.000341311102647
0.000341575572728
0.000341839505620
0.000342102851174
0.000342365559272
0.000342627579844
0.000342888862870
0.000343149358401
0.000343409016560
0.000343667787563
0.000343925621720
0.000344182469453
0.000344438281303
0.000344693007943
0.000344946600188
0.000345199009005
0.000345450185527
0.000345700081061
0.000345948647105
0.000346195835350
0.000346441597701
0.000346685886281
0.000346928653448
0.000347169851800
0.000347409434189
0.000347647353734
0.000347883563826
0.000348118018139
0.000348350670646
0.000348581475620
0.000348810387652
0.000349037361656
0.000349262352881
0.000349485316921
0.000349706209723
0.000349924987601
0.000350141607242
0.000350356025721
0.000350568200507
0.000350778089475
0.000350985650914
0.000351190843541
0.000351393626506
0.000351593959404
0.000351791802281
0.000351987115647
0.000352179860480
0.000352369998240
0.000352557490870
0.000352742300811
0.000352924391006
0.000353103724910
0.000353280266499
0.000353453980274
0.000353624831277
0.000353792785092
0.000353957807857
0.000354119866271
0.000354278927603
0.000354434959699
0.000354587930990
0.000354737810498
0.000354884567845
0.000355028173258
0.000355168597578
0.000355305812261
0.000355439789391
0.000355570501680
0.000355697922475
0.000355822025768
0.000355942786197
0.000356060179051
0.000356174180283
0.000356284766506
0.000356391915009
0.000356495603752
0.000356595811381
0.000356692517228
0.000356785701318
0.000356875344371
0.000356961427811
0.000357043933767
0.000357122845077
0.000357198145293
0.000357269818683
0.000357337850233
0.000357402225655
0.000357462931383
0.000357519954579
0.000357573283140
0.000357622905692
0.000357668811600
0.000357710990968
0.000357749434644
0.000357784134217
0.000357815082027
0.000357842271162
0.000357865695462
0.000357885349518
0.000357901228678
0.000357913329044
0.000357921647474
0.000357926181583
0.000357926929739
0.000357923891071
0.000357917065461
0.000357906453545
0.000357892056719
0.000357873877129
0.000357851917678
0.000357826182023
0.000357796674575
0.000357763400497
0.000357726365705
0.000357685576869
0.000357641041408
0.000357592767490
0.000357540764031
0.000357485040694
0.000357425607885
0.000357362476750
0.000357295659173
0.000357225167773
0.000357151015899
0.000357073217630
0.000356991787768
0.000356906741836
0.000356818096073
0.000356725867434
0.000356630073583
0.000356530732891
0.000356427864432
0.000356321487980
0.000356211624003
0.000356098293662
0.000355981518803
0.000355861321954
0.000355737726322
0.000355610755782
0.000355480434877
0.000355346788807
0.000355209843428
0.000355069625242
0.000354926161390
0.000354779479649
0.000354629608423
0.000354476576738
0.000354320414235
0.000354161151163
0.000353998818374
0.000353833447315
0.000353665070023
0.000353493719119
0.000353319427797
0.000353142229821
0.000352962159515
0.000352779251757
0.000352593541968
0.000352405066107
0.000352213860660
0.000352019962633
0.000351823409542
0.000351624239405
0.000351422490730
0.000351218202514
0.000351011414225
0.000350802165799
0.000350590497630
0.000350376450562
0.000350160065880
0.000349941385299
0.000349720450959
0.000349497305412
0.000349271991616
0.000349044552923
0.000348815033070
0.000348583476168
0.000348349926694
0.000348114429479
0.000347877029695
0.000347637772850
0.000347396704772
0.000347153871602
0.000346909319784
0.000346663096050
0.000346415247415
0.000346165821165
0.000345914864846
0.000345662426255
0.000345408553430
0.000345153294637
0.000344896698363
0.000344638813304
0.000344379688352
0.000344119372587
0.000343857915264
0.000343595365802
0.000343331773773
0.000343067188890
0.000342801660994
0.000342535240046
0.000342267976113
0.000341999919358
0.000341731120030
0.000341461628449
0.000341191495001
0.000340920770123
0.000340649504292
0.000340377748019
0.000340105551832
0.000339832966268
0.000339560041864
0.000339286829141
0.000339013378595
0.000338739740688
0.000338465965831
0.000338192104377
0.000337918206608
0.000337644322721
0.000337370502824
0.000337096796915
0.000336823254879
0.000336549926473
0.000336276861319
0.000336004108887
0.000335731718491
0.000335459739278
0.000335188220212
0.000334917210069
0.000334646757425
0.000334376910645
0.000334107717873
0.000333839227020
0.000333571485753
0.000333304541488
0.000333038441374
0.000332773232286
0.000332508960814
0.000332245673252
0.000331983415587
0.000331722233492
0.000331462172315
0.000331203277067
0.000330945592417
0.000330689162680
0.000330434031808
0.000330180243381
0.000329927840601
0.000329676866275
0.000329427362816
0.000329179372225
0.000328932936087
0.000328688095562
0.000328444891371
0.000328203363793
0.000327963552653
0.000327725497313
0.000327489236667
0.000327254809130
0.000327022252628
0.000326791604597
0.000326562901969
0.000326336181168
0.000326111478102
0.000325888828154
0.000325668266181
0.000325449826498
0.000325233542878
0.000325019448544
0.000324807576160
0.000324597957825
0.000324390625066
0.000324185608832
0.000323982939490
0.000323782646812
0.000323584759978
0.000323389307561
0.000323196317528
0.000323005817235
0.000322817833415
0.000322632392182
0.000322449519019
0.000322269238779
0.000322091575676
0.000321916553285
0.000321744194535
0.000321574521703
0.000321407556416
0.000321243319642
0.000321081831686
0.000320923112189
0.000320767180123
0.000320614053788
0.000320463750809
0.000320316288132
0.000320171682021
