0.000188763701623
0.000188795083679
0.000188826043470
0.000188856556787
0.000188886611173
0.000188916206199
0.000188945353356
0.000188974075607
0.000189002406612
0.000189030389674
0.000189058076454
0.000189085525493
0.000189112800602
0.000189139969144
0.000189167100273
0.000189194263142
0.000189221525137
0.000189248950142
0.000189276596884
0.000189304517386
0.000189332755551
0.000189361345914
0.000189390312605
0.000189419668555
0.000189449414972
0.000189479541141
0.000189510024545
0.000189540831348
0.000189571917224
0.000189603228534
0.000189634703817
0.000189666275545
0.000189697872101
0.000189729419887
0.000189760845505
0.000189792077908
0.000189823050445
0.000189853702725
0.000189883982228
0.000189913845607
0.000189943259645
0.000189972201854
0.000190000660700
0.000190028635488
0.000190056135920
0.000190083181379
0.000190109799988
0.000190136027485
0.000190161905976
0.000190187482616
0.000190212808245
0.000190237936026
0.000190262920116
0.000190287814370
0.000190312671117
0.000190337540001
0.000190362466904
0.000190387492966
0.000190412653707
0.000190437978266
0.000190463488791
0.000190489199972
0.000190515118770
0.000190541244326
0.000190567568095
0.000190594074186
0.000190620739918
0.000190647536573
0.000190674430322
0.000190701383284
0.000190728354687
0.000190755302059
0.000190782182416
0.000190808953385
0.000190835574214
0.000190862006643
0.000190888215589
0.000190914169650
0.000190939841426
0.000190965207655
0.000190990249208
0.000191014950970
0.000191039301643
0.000191063293505
0.000191086922182
0.000191110186434
0.000191133087998
0.000191155631491
0.000191177824365
0.000191199676910
0.000191221202281
0.000191242416526
0.000191263338575
0.000191283990180
0.000191304395766
0.000191324582181
0.000191344578343
0.000191364414777
0.000191384123056
0.000191403735165
0.000191423282813
0.000191442796722
0.000191462305925
0.000191481837085
0.000191501413883
0.000191521056465
0.000191540780975
0.000191560599168
0.000191580518097
0.000191600539884
0.000191620661538
0.000191640874844
0.000191661166293
0.000191681517071
0.000191701903104
0.000191722295181
0.000191742659165
0.000191762956319
0.000191783143766
0.000191803175112
0.000191823001229
0.000191842571217
0.000191861833541
0.000191880737302
0.000191899233639
0.000191917277187
0.000191934827556
0.000191951850763
0.000191968320533
0.000191984219431
0.000191999539748
0.000192014284085
0.000192028465621
0.000192042108023
0.000192055245010
0.000192067919572
0.000192080182887
0.000192092092969
0.000192103713104
0.000192115110134
0.000192126352642
0.000192137509117
0.000192148646121
0.000192159826548
0.000192171107977
0.000192182541182
0.000192194168806
0.000192206024226
0.000192218130631
0.000192230500310
0.000192243134184
0.000192256021570
0.000192269140212
0.000192282456580
0.000192295926440
0.000192309495721
0.000192323101659
0.000192336674224
0.000192350137799
0.000192363413095
0.000192376419234
0.000192389075968
0.000192401305946
0.000192413036959
0.000192424204081
0.000192434751621
0.000192444634815
0.000192453821176
0.000192462291464
0.000192470040223
0.000192477075878
0.000192483420383
0.000192489108455
0.000192494186419
0.000192498710731
0.000192502746235
0.000192506364231
0.000192509640428
0.000192512652845
0.000192515479743
0.000192518197621
0.000192520879351
0.000192523592461
0.000192526397611
0.000192529347282
0.000192532484672
0.000192535842825
0.000192539443989
0.000192543299212
0.000192547408176
0.000192551759275
0.000192556329948
0.000192561087256
0.000192565988715
0.000192570983370
0.000192576013098
0.000192581014113
0.000192585918639
0.000192590656710
0.000192595158033
0.000192599353863
0.000192603178822
0.000192606572583
0.000192609481384
0.000192611859294
0.000192613669196
0.000192614883467
0.000192615484330
0.000192615463891
0.000192614823881
0.000192613575130
0.000192611736830
0.000192609335620
0.000192606404568
0.000192602982089
0.000192599110844
0.000192594836667
0.000192590207548
0.000192585272674
0.000192580081560
0.000192574683246
0.000192569125556
0.000192563454423
0.000192557713235
0.000192551942229
0.000192546177895
0.000192540452410
0.000192534793103
0.000192529221964
0.000192523755219
0.000192518402986
0.000192513169048
0.000192508050747
0.000192503039018
0.000192498118580
0.000192493268271
0.000192488461516
0.000192483666923
0.000192478848967
0.000192473968746
0.000192468984762
0.000192463853717
0.000192458531288
0.000192452972857
0.000192447134207
0.000192440972152
0.000192434445139
0.000192427513804
0.000192420141520
0.000192412294942
0.000192403944566
0.000192395065309
0.000192385637113
0.000192375645560
0.000192365082485
0.000192353946548
0.000192342243743
0.000192329987788
0.000192317200358
0.000192303911129
0.000192290157588
0.000192275984586
0.000192261443635
0.000192246591935
0.000192231491170
0.000192216206083
0.000192200802904
0.000192185347657
0.000192169904435
0.000192154533680
0.000192139290558
0.000192124223454
0.000192109372656
0.000192094769257
0.000192080434298
0.000192066378171
0.000192052600276
0.000192039088947
0.000192025821615
0.000192012765215
0.000191999876803
0.000191987104392
0.000191974387974
0.000191961660729
0.000191948850397
0.000191935880820
0.000191922673621
0.000191909149999
0.000191895232632
0.000191880847623
0.000191865926469
0.000191850407985
0.000191834240119
0.000191817381609
0.000191799803400
0.000191781489753
0.000191762439016
0.000191742663974
0.000191722191782
0.000191701063446
0.000191679332870
0.000191657065494
0.000191634336563
0.000191611229105
0.000191587831664
0.000191564235902
0.000191540534130
0.000191516816872
0.000191493170517
0.000191469675158
0.000191446402644
0.000191423414909
0.000191400762601
0.000191378484026
0.000191356604416
0.000191335135511
0.000191314075464
0.000191293409026
0.000191273108028
0.000191253132123
0.000191233429781
0.000191213939516
0.000191194591342
0.000191175308415
0.000191156008862
0.000191136607750
0.000191117019160
0.000191097158326
0.000191076943783
0.000191056299459
0.000191035156654
0.000191013455836
0.000190991148187
0.000190968196855
0.000190944577849
0.000190920280554
0.000190895307850
0.000190869675824
0.000190843413111
0.000190816559879
0.000190789166529
0.000190761292151
0.000190733002811
0.000190704369743
0.000190675467507
0.000190646372170
0.000190617159575
0.000190587903725
0.000190558675315
0.000190529540437
0.000190500559446
0.000190471786002
0.000190443266271
0.000190415038279
0.000190387131404
0.000190359566015
0.000190332353226
0.000190305494807
0.000190278983216
0.000190252801802
0.000190226925155
0.000190201319638
0.000190175944087
0.000190150750697
0.000190125686054
0.000190100692336
0.000190075708611
0.000190050672223
0.000190025520226
0.000190000190789
0.000189974624570
0.000189948765974
0.000189922564287
0.000189895974648
0.000189868958834
0.000189841485863
0.000189813532416
0.000189785083084
0.000189756130466
0.000189726675150
0.000189696725574
0.000189666297826
0.000189635415368
0.000189604108711
0.000189572415033
0.000189540377739
0.000189508045949
0.000189475473894
0.000189442720200
0.000189409847053
0.000189376919221
0.000189344002934
0.000189311164639
0.000189278469635
0.000189245980627
0.000189213756243
0.000189181849560
0.000189150306689
0.000189119165491
0.000189088454465
0.000189058191858
