0.000296730079495
0.000296806312929
0.000296884526972
0.000296964711125
0.000297046854512
0.000297130945879
0.000297216973595
0.000297304925655
0.000297394789684
0.000297486552939
0.000297580202314
0.000297675724347
0.000297773105218
0.000297872330760
0.000297973386459
0.000298076257460
0.000298180928568
0.000298287384250
0.000298395608636
0.000298505585521
0.000298617298367
0.000298730730298
0.000298845864109
0.000298962682256
0.000299081166868
0.000299201299740
0.000299323062344
0.000299446435826
0.000299571401014
0.000299697938422
0.000299826028255
0.000299955650419
0.000300086784521
0.000300219409879
0.000300353505527
0.000300489050216
0.000300626022425
0.000300764400358
0.000300904161949
0.000301045284865
0.000301187746506
0.000301331524007
0.000301476594239
0.000301622933812
0.000301770519074
0.000301919326119
0.000302069330785
0.000302220508664
0.000302372835103
0.000302526285216
0.000302680833882
0.000302836455763
0.000302993125303
0.000303150816738
0.000303309504103
0.000303469161240
0.000303629761798
0.000303791279242
0.000303953686857
0.000304116957745
0.000304281064836
0.000304445980881
0.000304611678461
0.000304778129986
0.000304945307699
0.000305113183677
0.000305281729837
0.000305450917942
0.000305620719607
0.000305791106303
0.000305962049370
0.000306133520019
0.000306305489346
0.000306477928338
0.000306650807877
0.000306824098756
0.000306997771674
0.000307171797253
0.000307346146032
0.000307520788476
0.000307695694981
0.000307870835869
0.000308046181396
0.000308221701753
0.000308397367069
0.000308573147411
0.000308749012793
0.000308924933180
0.000309100878491
0.000309276818610
0.000309452723393
0.000309628562676
0.000309804306285
0.000309979924042
0.000310155385778
0.000310330661338
0.000310505720587
0.000310680533418
0.000310855069757
0.000311029299565
0.000311203192843
0.000311376719632
0.000311549850018
0.000311722554132
0.000311894802152
0.000312066564307
0.000312237810879
0.000312408512212
0.000312578638711
0.000312748160856
0.000312917049204
0.000313085274402
0.000313252807193
0.000313419618425
0.000313585679062
0.000313750960191
0.000313915433029
0.000314079068930
0.000314241839389
0.000314403716046
0.000314564670693
0.000314724675268
0.000314883701865
0.000315041722731
0.000315198710267
0.000315354637031
0.000315509475742
0.000315663199282
0.000315815780700
0.000315967193222
0.000316117410252
0.000316266405384
0.000316414152412
0.000316560625332
0.000316705798358
0.000316849645927
0.000316992142704
0.000317133263593
0.000317272983737
0.000317411278529
0.000317548123607
0.000317683494860
0.000317817368428
0.000317949720702
0.000318080528325
0.000318209768193
0.000318337417455
0.000318463453516
0.000318587854040
0.000318710596956
0.000318831660460
0.000318951023027
0.000319068663412
0.000319184560665
0.000319298694131
0.000319411043467
0.000319521588639
0.000319630309937
0.000319737187973
0.000319842203690
0.000319945338358
0.000320046573584
0.000320145891302
0.000320243273781
0.000320338703617
0.000320432163739
0.000320523637403
0.000320613108195
0.000320700560032
0.000320785977166
0.000320869344185
0.000320950646020
0.000321029867950
0.000321106995608
0.000321182014992
0.000321254912466
0.000321325674768
0.000321394289018
0.000321460742720
0.000321525023767
0.000321587120441
0.000321647021411
0.000321704715739
0.000321760192873
0.000321813442647
0.000321864455276
0.000321913221357
0.000321959731866
0.000322003978158
0.000322045951968
0.000322085645408
0.000322123050976
0.000322158161559
0.000322190970433
0.000322221471273
0.000322249658159
0.000322275525577
0.000322299068426
0.000322320282023
0.000322339162104
0.000322355704825
0.000322369906761
0.000322381764906
0.000322391276671
0.000322398439876
0.000322403252754
0.000322405713937
0.000322405822463
0.000322403577766
0.000322398979675
0.000322392028417
0.000322382724614
0.000322371069287
0.000322357063857
0.000322340710149
0.000322322010398
0.000322300967250
0.000322277583765
0.000322251863425
0.000322223810130
0.000322193428200
0.000322160722376
0.000322125697816
0.000322088360091
0.000322048715182
0.000322006769474
0.000321962529751
0.000321916003189
0.000321867197354
0.000321816120198
0.000321762780050
0.000321707185624
0.000321649346009
0.000321589270678
0.000321526969482
0.000321462452657
0.000321395730824
0.000321326814994
0.000321255716566
0.000321182447331
0.000321107019468
0.000321029445548
0.000320949738526
0.000320867911740
0.000320783978904
0.000320697954102
0.000320609851782
0.000320519686749
0.000320427474160
0.000320333229515
0.000320236968652
0.000320138707748
0.000320038463311
0.000319936252178
0.000319832091521
0.000319725998839
0.000319617991964
0.000319508089061
0.000319396308626
0.000319282669491
0.000319167190816
0.000319049892094
0.000318930793145
0.000318809914109
0.000318687275445
0.000318562897920
0.000318436802602
0.000318309010857
0.000318179544336
0.000318048424967
0.000317915674953
0.000317781316764
0.000317645373130
0.000317507867039
0.000317368821735
0.000317228260719
0.000317086207740
0.000316942686803
0.000316797722166
0.000316651338334
0.000316503560067
0.000316354412368
0.000316203920487
0.000316052109912
0.000315899006363
0.000315744635790
0.000315589024359
0.000315432198446
0.000315274184630
0.000315115009683
0.000314954700562
0.000314793284403
0.000314630788512
0.000314467240364
0.000314302667593
0.000314137097995
0.000313970559521
0.000313803080279
0.000313634688527
0.000313465412678
0.000313295281293
0.000313124323080
0.000312952566894
0.000312780041724
0.000312606776695
0.000312432801061
0.000312258144191
0.000312082835567
0.000311906904772
0.000311730381485
0.000311553295467
0.000311375676556
0.000311197554661
0.000311018959751
0.000310839921854
0.000310660471053
0.000310480637476
0.000310300451301
0.000310119942750
0.000309939142084
0.000309758079607
0.000309576785659
0.000309395290612
0.000309213624868
0.000309031818855
0.000308849903017
0.000308667907810
0.000308485863693
0.000308303801120
0.000308121750532
0.000307939742348
0.000307757806957
0.000307575974708
0.000307394275908
0.000307212740810
0.000307031399613
0.000306850282454
0.000306669419405
0.000306488840472
0.000306308575591
0.000306128654624
0.000305949107359
0.000305769963507
0.000305591252694
0.000305413004462
0.000305235248263
0.000305058013448
0.000304881329267
0.000304705224857
0.000304529729236
0.000304354871297
0.000304180679795
0.000304007183346
0.000303834410415
0.000303662389312
0.000303491148187
0.000303320715023
0.000303151117634
0.000302982383663
0.000302814540576
0.000302647615660
0.000302481636024
0.000302316628591
0.000302152620102
0.000301989637105
0.000301827705956
0.000301666852814
0.000301507103634
0.000301348484160
0.000301191019924
0.000301034736231
0.000300879658163
0.000300725810560
0.000300573218027
0.000300421904916
0.000300271895330
0.000300123213114
0.000299975881851
0.000299829924862
0.000299685365200
0.000299542225649
0.000299400528723
0.000299260296662
0.000299121551433
0.000298984314724
0.000298848607943
0.000298714452215
0.000298581868378
0.000298450876981
0.000298321498272
0.000298193752205
0.000298067658423
0.000297943236262
0.000297820504739
0.000297699482552
0.000297580188076
0.000297462639356
0.000297346854105
0.000297232849703
0.000297120643193
0.000297010251279
