0.000218500179595
0.000218553613190
0.000218607111598
0.000218660711296
0.000218714444776
0.000218768339413
0.000218822416519
0.000218876690576
0.000218931168713
0.000218985850410
0.000219040727462
0.000219095784199
0.000219150997946
0.000219206339714
0.000219261775104
0.000219317265370
0.000219372768630
0.000219428241162
0.000219483638741
0.000219538917986
0.000219594037652
0.000219648959828
0.000219703651014
0.000219758083028
0.000219812233731
0.000219866087536
0.000219919635704
0.000219972876411
0.000220025814604
0.000220078461637
0.000220130834719
0.000220182956191
0.000220234852650
0.000220286553966
0.000220338092207
0.000220389500519
0.000220440811989
0.000220492058535
0.000220543269841
0.000220594472396
0.000220645688631
0.000220696936212
0.000220748227488
0.000220799569116
0.000220850961864
0.000220902400605
0.000220953874482
0.000221005367251
0.000221056857770
0.000221108320625
0.000221159726870
0.000221211044850
0.000221262241089
0.000221313281213
0.000221364130885
0.000221414756720
0.000221465127167
0.000221515213332
0.000221564989712
0.000221614434841
0.000221663531810
0.000221712268664
0.000221760638653
0.000221808640336
0.000221856277534
0.000221903559120
0.000221950498669
0.000221997113962
0.000222043426364
0.000222089460089
0.000222135241383
0.000222180797636
0.000222226156463
0.000222271344773
0.000222316387863
0.000222361308552
0.000222406126397
0.000222450857004
0.000222495511459
0.000222540095896
0.000222584611216
0.000222629052967
0.000222673411396
0.000222717671657
0.000222761814192
0.000222805815261
0.000222849647619
0.000222893281305
0.000222936684536
0.000222979824670
0.000223022669203
0.000223065186782
0.000223107348172
0.000223149127174
0.000223190501428
0.000223231453101
0.000223271969409
0.000223312042969
0.000223351671959
0.000223390860085
0.000223429616354
0.000223467954663
0.000223505893218
0.000223543453813
0.000223580660977
0.000223617541048
0.000223654121183
0.000223690428353
0.000223726488347
0.000223762324836
0.000223797958509
0.000223833406327
0.000223868680904
0.000223903790054
0.000223938736505
0.000223973517789
0.000224008126326
0.000224042549674
0.000224076770965
0.000224110769476
0.000224144521346
0.000224178000382
0.000224211178947
0.000224244028879
0.000224276522412
0.000224308633068
0.000224340336480
0.000224371611124
0.000224402438935
0.000224432805786
0.000224462701813
0.000224492121595
0.000224521064175
0.000224549532926
0.000224577535290
0.000224605082381
0.000224632188488
0.000224658870488
0.000224685147193
0.000224711038653
0.000224736565445
0.000224761747950
0.000224786605672
0.000224811156582
0.000224835416540
0.000224859398787
0.000224883113531
0.000224906567647
0.000224929764473
0.000224952703735
0.000224975381578
0.000224997790712
0.000225019920661
0.000225041758103
0.000225063287290
0.000225084490530
0.000225105348717
0.000225125841895
0.000225145949827
0.000225165652574
0.000225184931047
0.000225203767537
0.000225222146197
0.000225240053476
0.000225257478487
0.000225274413302
0.000225290853176
0.000225306796668
0.000225322245688
0.000225337205437
0.000225351684253
0.000225365693356
0.000225379246508
0.000225392359584
0.000225405050059
0.000225417336448
0.000225429237692
0.000225440772519
0.000225451958803
0.000225462812941
0.000225473349262
0.000225483579508
0.000225493512378
0.000225503153182
0.000225512503590
0.000225521561514
0.000225530321099
0.000225538772849
0.000225546903885
0.000225554698307
0.000225562137680
0.000225569201610
0.000225575868406
0.000225582115798
0.000225587921695
0.000225593264955
0.000225598126137
0.000225602488215
0.000225606337216
0.000225609662760
0.000225612458487
0.000225614722330
0.000225616456646
0.000225617668178
0.000225618367851
0.000225618570413
0.000225618293928
0.000225617559135
0.000225616388718
0.000225614806479
0.000225612836489
0.000225610502208
0.000225607825639
0.000225604826531
0.000225601521662
0.000225597924233
0.000225594043392
0.000225589883901
0.000225585445960
0.000225580725203
0.000225575712848
0.000225570396008
0.000225564758157
0.000225558779717
0.000225552438763
0.000225545711811
0.000225538574666
0.000225531003290
0.000225522974673
0.000225514467656
0.000225505463691
0.000225495947503
0.000225485907628
0.000225475336814
0.000225464232263
0.000225452595718
0.000225440433393
0.000225427755738
0.000225414577072
0.000225400915089
0.000225386790254
0.000225372225128
0.000225357243626
0.000225341870252
0.000225326129327
0.000225310044232
0.000225293636696
0.000225276926147
0.000225259929137
0.000225242658866
0.000225225124814
0.000225207332484
0.000225189283279
0.000225170974493
0.000225152399436
0.000225133547679
0.000225114405412
0.000225094955901
0.000225075180041
0.000225055056969
0.000225034564739
0.000225013681020
0.000224992383806
0.000224970652115
0.000224948466659
0.000224925810456
0.000224902669385
0.000224879032655
0.000224854893184
0.000224830247872
0.000224805097775
0.000224779448148
0.000224753308395
0.000224726691880
0.000224699615637
0.000224672099965
0.000224644167922
0.000224615844720
0.000224587157051
0.000224558132337
0.000224528797952
0.000224499180408
0.000224469304560
0.000224439192826
0.000224408864483
0.000224378335027
0.000224347615652
0.000224316712852
0.000224285628169
0.000224254358098
0.000224222894151
0.000224191223093
0.000224159327335
0.000224127185474
0.000224094772977
0.000224062062972
0.000224029027144
0.000223995636681
0.000223961863276
0.000223927680116
0.000223893062856
0.000223857990529
0.000223822446365
0.000223786418490
0.000223749900469
0.000223712891688
0.000223675397537
0.000223637429397
0.000223599004417
0.000223560145092
0.000223520878646
0.000223481236242
0.000223441252051
0.000223400962196
0.000223360403623
0.000223319612937
0.000223278625237
0.000223237472999
0.000223196185042
0.000223154785618
0.000223113293653
0.000223071722171
0.000223030077904
0.000222988361127
0.000222946565695
0.000222904679299
0.000222862683924
0.000222820556493
0.000222778269682
0.000222735792873
0.000222693093215
0.000222650136764
0.000222606889659
0.000222563319295
0.000222519395460
0.000222475091392
0.000222430384722
0.000222385258277
0.000222339700707
0.000222293706920
0.000222247278323
0.000222200422836
0.000222153154711
0.000222105494145
0.000222057466706
0.000222009102602
0.000221960435811
0.000221911503096
0.000221862342958
0.000221812994530
0.000221763496476
0.000221713885901
0.000221664197320
0.000221614461704
0.000221564705634
0.000221514950588
0.000221465212369
0.000221415500707
0.000221365819030
0.000221316164420
0.000221266527756
0.000221216894043
0.000221167242906
0.000221117549260
0.000221067784113
0.000221017915495
0.000220967909480
0.000220917731274
0.000220867346335
0.000220816721491
0.000220765826025
0.000220714632699
0.000220663118673
0.000220611266312
0.000220559063840
0.000220506505835
0.000220453593535
0.000220400334962
0.000220346744847
0.000220292844348
0.000220238660591
0.000220184226013
0.000220129577543
0.000220074755628
0.000220019803141
0.000219964764192
0.000219909682873
0.000219854601985
0.000219799561787
0.000219744598786
0.000219689744646
0.000219635025214
0.000219580459731
0.000219526060237
0.000219471831198
0.000219417769377
0.000219363863947
0.000219310096851
0.000219256443401
0.000219202873088
0.000219149350591
