0.000237466250234
0.000237540282986
0.000237614384655
0.000237688562957
0.000237762822051
0.000237837162234
0.000237911579764
0.000237986066844
0.000238060611762
0.000238135199174
0.000238209810530
0.000238284424620
0.000238359018221
0.000238433566823
0.000238508045400
0.000238582429203
0.000238656694538
0.000238730819503
0.000238804784657
0.000238878573593
0.000238952173392
0.000239025574945
0.000239098773130
0.000239171766840
0.000239244558856
0.000239317155576
0.000239389566613
0.000239461804272
0.000239533882929
0.000239605818336
0.000239677626882
0.000239749324832
0.000239820927572
0.000239892448892
0.000239963900337
0.000240035290635
0.000240106625239
0.000240177905988
0.000240249130903
0.000240320294125
0.000240391385993
0.000240462393268
0.000240533299472
0.000240604085362
0.000240674729487
0.000240745208834
0.000240815499525
0.000240885577544
0.000240955419469
0.000241025003178
0.000241094308520
0.000241163317896
0.000241232016769
0.000241300394047
0.000241368442358
0.000241436158180
0.000241503541838
0.000241570597360
0.000241637332203
0.000241703756847
0.000241769884282
0.000241835729403
0.000241901308327
0.000241966637667
0.000242031733786
0.000242096612053
0.000242161286130
0.000242225767328
0.000242290064038
0.000242354181270
0.000242418120317
0.000242481878555
0.000242545449387
0.000242608822340
0.000242671983300
0.000242734914893
0.000242797596990
0.000242860007315
0.000242922122141
0.000242983917048
0.000243045367706
0.000243106450662
0.000243167144099
0.000243227428536
0.000243287287441
0.000243346707736
0.000243405680171
0.000243464199556
0.000243522264835
0.000243579879005
0.000243637048883
0.000243693784725
0.000243750099712
0.000243806009333
0.000243861530674
0.000243916681649
0.000243971480205
0.000244025943524
0.000244080087257
0.000244133924820
0.000244187466773
0.000244240720316
0.000244293688907
0.000244346372026
0.000244398765093
0.000244450859530
0.000244502642988
0.000244554099698
0.000244605210966
0.000244655955761
0.000244706311399
0.000244756254278
0.000244805760649
0.000244854807390
0.000244903372748
0.000244951437038
0.000244998983253
0.000245045997583
0.000245092469811
0.000245138393581
0.000245183766527
0.000245228590252
0.000245272870173
0.000245316615225
0.000245359837443
0.000245402551428
0.000245444773731
0.000245486522165
0.000245527815066
0.000245568670545
0.000245609105745
0.000245649136129
0.000245688774834
0.000245728032101
0.000245766914818
0.000245805426173
0.000245843565445
0.000245881327939
0.000245918705062
0.000245955684539
0.000245992250770
0.000246028385304
0.000246064067428
0.000246099274839
0.000246133984374
0.000246168172789
0.000246201817534
0.000246234897525
0.000246267393849
0.000246299290417
0.000246330574498
0.000246361237148
0.000246391273497
0.000246420682885
0.000246449468846
0.000246477638933
0.000246505204397
0.000246532179717
0.000246558582015
0.000246584430366
0.000246609745028
0.000246634546629
0.000246658855338
0.000246682690046
0.000246706067598
0.000246729002099
0.000246751504324
0.000246773581252
0.000246795235747
0.000246816466393
0.000246837267491
0.000246857629225
0.000246877537979
0.000246896976803
0.000246915926008
0.000246934363859
0.000246952267356
0.000246969613054
0.000246986377907
0.000247002540093
0.000247018079792
0.000247032979892
0.000247047226586
0.000247060809850
0.000247073723779
0.000247085966764
0.000247097541517
0.000247108454931
0.000247118717789
0.000247128344335
0.000247137351717
0.000247145759329
0.000247153588073
0.000247160859573
0.000247167595368
0.000247173816103
0.000247179540771
0.000247184786007
0.000247189565473
0.000247193889356
0.000247197763994
0.000247201191632
0.000247204170345
0.000247206694093
0.000247208752937
0.000247210333393
0.000247211418909
0.000247211990458
0.000247212027219
0.000247211507325
0.000247210408648
0.000247208709597
0.000247206389899
0.000247203431340
0.000247199818429
0.000247195538973
0.000247190584538
0.000247184950775
0.000247178637605
0.000247171649252
0.000247163994119
0.000247155684519
0.000247146736259
0.000247137168096
0.000247127001084
0.000247116257834
0.000247104961711
0.000247093136003
0.000247080803079
0.000247067983590
0.000247054695717
0.000247040954512
0.000247026771354
0.000247012153535
0.000246997103998
0.000246981621240
0.000246965699373
0.000246949328364
0.000246932494418
0.000246915180513
0.000246897367060
0.000246879032659
0.000246860154933
0.000246840711397
0.000246820680340
0.000246800041680
0.000246778777764
0.000246756874074
0.000246734319824
0.000246711108412
0.000246687237723
0.000246662710257
0.000246637533086
0.000246611717649
0.000246585279368
0.000246558237130
0.000246530612636
0.000246502429643
0.000246473713140
0.000246444488477
0.000246414780480
0.000246384612599
0.000246354006104
0.000246322979365
0.000246291547245
0.000246259720627
0.000246227506087
0.000246194905725
0.000246161917169
0.000246128533735
0.000246094744755
0.000246060536035
0.000246025890457
0.000245990788677
0.000245955209901
0.000245919132715
0.000245882535939
0.000245845399462
0.000245807705047
0.000245769437058
0.000245730583101
0.000245691134547
0.000245651086914
0.000245610440111
0.000245569198519
0.000245527370919
0.000245484970263
0.000245442013292
0.000245398520031
0.000245354513156
0.000245310017271
0.000245265058122
0.000245219661754
0.000245173853670
0.000245127658000
0.000245081096717
0.000245034188933
0.000244986950287
0.000244939392465
0.000244891522860
0.000244843344378
0.000244794855420
0.000244746050017
0.000244696918130
0.000244647446103
0.000244597617244
0.000244547412532
0.000244496811399
0.000244445792590
0.000244394335040
0.000244342418757
0.000244290025670
0.000244237140408
0.000244183750991
0.000244129849392
0.000244075431958
0.000244020499676
0.000243965058263
0.000243909118083
0.000243852693888
0.000243795804403
0.000243738471750
0.000243680720759
0.000243622578159
0.000243564071719
0.000243505229328
0.000243446078086
0.000243386643419
0.000243326948258
0.000243267012308
0.000243206851447
0.000243146477265
0.000243085896757
0.000243025112198
0.000242964121189
0.000242902916881
0.000242841488352
0.000242779821156
0.000242717897976
0.000242655699404
0.000242593204782
0.000242530393096
0.000242467243873
0.000242403738063
0.000242339858860
0.000242275592446
0.000242210928613
0.000242145861263
0.000242080388747
0.000242014514050
0.000241948244800
0.000241881593118
0.000241814575299
0.000241747211348
0.000241679524386
0.000241611539948
0.000241543285188
0.000241474788040
0.000241406076348
0.000241337177001
0.000241268115104
0.000241198913218
0.000241129590686
0.000241060163080
0.000240990641778
0.000240921033692
0.000240851341165
0.000240781562014
0.000240711689752
0.000240641713955
0.000240571620776
0.000240501393578
0.000240431013672
0.000240360461133
0.000240289715655
0.000240218757429
0.000240147568004
0.000240076131100
0.000240004433347
0.000239932464924
0.000239860220066
0.000239787697432
0.000239714900311
0.000239641836664
0.000239568518990
0.000239494964034
0.000239421192331
0.000239347227615
0.000239273096109
0.000239198825714
0.000239124445143
0.000239049983014
0.000238975466951
0.000238900922714
0.000238826373398
0.000238751838735
0.000238677334506
0.000238602872111
0.000238528458300
0.000238454095065
0.000238379779726
