0.001104474344111
0.001094915800288
0.001085343688669
0.001075769768847
0.001066205656499
0.001056662804304
0.001047152483311
0.001037685764813
0.001028273502733
0.001018926316583
0.001009654574997
0.001000468379891
0.000991377551264
0.000982391612667
0.000973519777373
0.000964770935261
0.000956153640441
0.000947676099641
0.000939346161368
0.000931171305866
0.000923158635882
0.000915314868256
0.000907646326344
0.000900158933280
0.000892858206097
0.000885749250694
0.000878836757677
0.000872124999049
0.000865617825773
0.000859318666194
0.000853230525322
0.000847355984966
0.000841697204718
0.000836255923776
0.000831033463597
0.000826030731364
0.000821248224263
0.000816686034543
0.000812343855351
0.000808220987323
0.000804316345910
0.000800628469410
0.000797155527703
0.000793895331645
0.000790845343108
0.000788002685636
0.000785364155688
0.000782926234440
0.000780685100128
0.000778636640876
0.000776776468002
0.000775099929761
0.000773602125489
0.000772277920117
0.000771121959022
0.000770128683179
0.000769292344581
0.000768607021883
0.000768066636249
0.000767664967354
0.000767395669504
0.000767252287854
0.000767228274661
0.000767317005565
0.000767511795843
0.000767805916599
0.000768192610874
0.000768665109622
0.000769216647523
0.000769840478601
0.000770529891621
0.000771278225213
0.000772078882717
0.000772925346688
0.000773811193067
0.000774730104955
0.000775675885982
0.000776642473242
0.000777623949763
0.000778614556485
0.000779608703742
0.000780600982195
0.000781586173223
0.000782559258739
0.000783515430416
0.000784450098306
0.000785358898840
0.000786237702191
0.000787082618991
0.000787890006390
0.000788656473454
0.000789378885880
0.000790054370044
0.000790680316354
0.000791254381927
0.000791774492576
0.000792238844106
0.000792645902937
0.000792994406035
0.000793283360175
0.000793512040539
0.000793679988643
0.000793787009625
0.000793833168889
0.000793818788125
0.000793744440713
0.000793610946535
0.000793419366202
0.000793170994724
0.000792867354634
0.000792510188585
0.000792101451454
0.000791643301960
0.000791138093830
0.000790588366529
0.000789996835593
0.000789366382571
0.000788700044620
0.000788001003777
0.000787272575926
0.000786518199505
0.000785741423963
0.000784945898018
0.000784135357729
0.000783313614419
0.000782484542480
0.000781652067089
0.000780820151867
0.000779992786509
0.000779173974420
0.000778367720384
0.000777578018294
0.000776808838984
0.000776064118176
0.000775347744585
0.000774663548208
0.000774015288812
0.000773406644676
0.000772841201580
0.000772322442099
0.000771853735203
0.000771438326200
0.000771079327045
0.000770779707032
0.000770542283896
0.000770369715342
0.000770264491024
0.000770228924989
0.000770265148601
0.000770375103971
0.000770560537896
0.000770822996326
0.000771163819368
0.000771584136849
0.000772084864424
0.000772666700265
0.000773330122315
0.000774075386125
0.000774902523271
0.000775811340361
0.000776801418624
0.000777872114086
0.000779022558328
0.000780251659832
0.000781558105891
0.000782940365102
0.000784396690410
0.000785925122716
0.000787523495019
0.000789189437102
0.000790920380725
0.000792713565338
0.000794566044273
0.000796474691421
0.000798436208360
0.000800447131927
0.000802503842209
0.000804602570935
0.000806739410245
0.000808910321818
0.000811111146335
0.000813337613249
0.000815585350845
0.000817849896563
0.000820126707544
0.000822411171408
0.000824698617192
0.000826984326460
0.000829263544540
0.000831531491851
0.000833783375322
0.000836014399844
0.000838219779743
0.000840394750248
0.000842534578916
0.000844634576998
0.000846690110705
0.000848696612362
0.000850649591409
0.000852544645236
0.000854377469812
0.000856143870096
0.000857839770190
0.000859461223232
0.000861004420975
0.000862465703060
0.000863841565941
0.000865128671443
0.000866323854946
0.000867424133157
0.000868426711463
0.000869328990849
0.000870128574357
0.000870823273077
0.000871411111654
0.000871890333294
0.000872259404268
0.000872517017893
0.000872662097986
0.000872693801783
0.000872611522309
0.000872414890216
0.000872103775050
0.000871678285975
0.000871138771945
0.000870485821307
0.000869720260863
0.000868843154373
0.000867855800514
0.000866759730297
0.000865556703946
0.000864248707250
0.000862837947400
0.000861326848317
0.000859718045477
0.000858014380262
0.000856218893837
0.000854334820572
0.000852365581021
0.000850314774494
0.000848186171208
0.000845983704063
0.000843711460058
0.000841373671354
0.000838974706018
0.000836519058475
0.000834011339676
0.000831456267011
0.000828858654008
0.000826223399812
0.000823555478496
0.000820859928218
0.000818141840252
0.000815406347915
0.000812658615430
0.000809903826733
0.000807147174266
0.000804393847774
0.000801649023141
0.000798917851281
0.000796205447123
0.000793516878699
0.000790857156385
0.000788231222297
0.000785643939884
0.000783100083733
0.000780604329613
0.000778161244788
0.000775775278608
0.000773450753416
0.000771191855780
0.000769002628082
0.000766886960467
0.000764848583196
0.000762891059394
0.000761017778231
0.000759231948539
0.000757536592887
0.000755934542124
0.000754428430405
0.000753020690711
0.000751713550869
0.000750509030090
0.000749408936023
0.000748414862340
0.000747528186846
0.000746750070137
0.000746081454783
0.000745523065060
0.000745075407222
0.000744738770304
0.000744513227466
0.000744398637875
0.000744394649097
0.000744500700026
0.000744716024316
0.000745039654315
0.000745470425497
0.000746006981373
0.000746647778865
0.000747391094142
0.000748235028890
0.000749177517005
0.000750216331699
0.000751349092978
0.000752573275509
0.000753886216814
0.000755285125810
0.000756767091640
0.000758329092795
0.000759968006496
0.000761680618301
0.000763463631940
0.000765313679319
0.000767227330695
0.000769201104982
0.000771231480162
0.000773314903780
0.000775447803492
0.000777626597641
0.000779847705827
0.000782107559460
0.000784402612242
0.000786729350585
0.000789084303904
0.000791464054782
0.000793865248970
0.000796284605197
0.000798718924771
0.000801165100926
0.000803620127923
0.000806081109845
0.000808545269088
0.000811009954518
0.000813472649261
0.000815930978125
0.000818382714619
0.000820825787546
0.000823258287176
0.000825678470943
0.000828084768693
0.000830475787428
0.000832850315563
0.000835207326660
0.000837545982649
0.000839865636499
0.000842165834364
0.000844446317155
0.000846707021576
0.000848948080579
0.000851169823264
0.000853372774201
0.000855557652188
0.000857725368434
0.000859877024177
0.000862013907739
0.000864137491014
0.000866249425408
0.000868351537232
0.000870445822551
0.000872534441515
0.000874619712165
0.000876704103740
0.000878790229495
0.000880880839039
0.000882978810228
0.000885087140607
0.000887208938433
0.000889347413306
0.000891505866410
0.000893687680403
0.000895896308974
0.000898135266084
0.000900408114929
0.000902718456639
0.000905069918750
0.000907466143463
0.000909910775732
0.000912407451204
0.000914959784032
0.000917571354606
0.000920245697221
0.000922986287711
0.000925796531088
0.000928679749214
0.000931639168524
0.000934677907858
0.000937798966399
0.000941005211781
0.000944299368367
0.000947684005752
0.000951161527510
0.000954734160206
0.000958403942724
0.000962172715917
0.000966042112623
0.000970013548063
0.000974088210661
0.000978267053292
0.000982550785005
0.000986939863232
