0.000264843143108
0.000264954250979
0.000265065403994
0.000265176596553
0.000265287821939
0.000265399072335
0.000265510338889
0.000265621611836
0.000265732880654
0.000265844134260
0.000265955361240
0.000266066550086
0.000266177689449
0.000266288768379
0.000266399776553
0.000266510704474
0.000266621543633
0.000266732286626
0.000266842927218
0.000266953460356
0.000267063882122
0.000267174189635
0.000267284380903
0.000267394454628
0.000267504409981
0.000267614246349
0.000267723963070
0.000267833559169
0.000267943033101
0.000268052382529
0.000268161604122
0.000268270693410
0.000268379644685
0.000268488450961
0.000268597103988
0.000268705594338
0.000268813911531
0.000268922044223
0.000269029980431
0.000269137707791
0.000269245213836
0.000269352486282
0.000269459513305
0.000269566283804
0.000269672787630
0.000269779015768
0.000269884960480
0.000269990615374
0.000270095975428
0.000270201036933
0.000270305797393
0.000270410255353
0.000270514410184
0.000270618261829
0.000270721810522
0.000270825056485
0.000270927999628
0.000271030639265
0.000271132973851
0.000271235000758
0.000271336716102
0.000271438114626
0.000271539189650
0.000271639933081
0.000271740335496
0.000271840386284
0.000271940073844
0.000272039385840
0.000272138309479
0.000272236831824
0.000272334940111
0.000272432622065
0.000272529866193
0.000272626662046
0.000272723000434
0.000272818873584
0.000272914275236
0.000273009200672
0.000273103646666
0.000273197611381
0.000273291094182
0.000273384095413
0.000273476616110
0.000273568657697
0.000273660221652
0.000273751309172
0.000273841920858
0.000273932056412
0.000274021714391
0.000274110892001
0.000274199584962
0.000274287787439
0.000274375492044
0.000274462689917
0.000274549370869
0.000274635523598
0.000274721135949
0.000274806195227
0.000274890688526
0.000274974603083
0.000275057926621
0.000275140647674
0.000275222755882
0.000275304242230
0.000275385099236
0.000275465321067
0.000275544903579
0.000275623844284
0.000275702142238
0.000275779797868
0.000275856812721
0.000275933189176
0.000276008930112
0.000276084038548
0.000276158517288
0.000276232368562
0.000276305593706
0.000276378192877
0.000276450164820
0.000276521506710
0.000276592214059
0.000276662280703
0.000276731698875
0.000276800459343
0.000276868551628
0.000276935964279
0.000277002685191
0.000277068701969
0.000277134002294
0.000277198574302
0.000277262406936
0.000277325490271
0.000277387815786
0.000277449376575
0.000277510167491
0.000277570185201
0.000277629428169
0.000277687896556
0.000277745592040
0.000277802517570
0.000277858677065
0.000277914075059
0.000277968716336
0.000278022605534
0.000278075746775
0.000278128143306
0.000278179797189
0.000278230709042
0.000278280877856
0.000278330300876
0.000278378973575
0.000278426889709
0.000278474041449
0.000278520419596
0.000278566013858
0.000278610813178
0.000278654806107
0.000278697981194
0.000278740327381
0.000278781834385
0.000278822493042
0.000278862295613
0.000278901236019
0.000278939310003
0.000278976515221
0.000279012851232
0.000279048319418
0.000279082922810
0.000279116665848
0.000279149554074
0.000279181593777
0.000279212791605
0.000279243154162
0.000279272687606
0.000279301397272
0.000279329287335
0.000279356360525
0.000279382617910
0.000279408058763
0.000279432680507
0.000279456478753
0.000279479447422
0.000279501578946
0.000279522864545
0.000279543294560
0.000279562858827
0.000279581547087
0.000279599349392
0.000279616256508
0.000279632260289
0.000279647353997
0.000279661532566
0.000279674792795
0.000279687133446
0.000279698555271
0.000279709060935
0.000279718654862
0.000279727343003
0.000279735132527
0.000279742031471
0.000279748048341
0.000279753191699
0.000279757469749
0.000279760889942
0.000279763458612
0.000279765180676
0.000279766059391
0.000279766096194
0.000279765290631
0.000279763640370
0.000279761141307
0.000279757787753
0.000279753572702
0.000279748488154
0.000279742525496
0.000279735675911
0.000279727930795
0.000279719282172
0.000279709723087
0.000279699247945
0.000279687852797
0.000279675535556
0.000279662296122
0.000279648136424
0.000279633060374
0.000279617073719
0.000279600183829
0.000279582399402
0.000279563730107
0.000279544186196
0.000279523778083
0.000279502515917
0.000279480409178
0.000279457466297
0.000279433694330
0.000279409098699
0.000279383683013
0.000279357448964
0.000279330396331
0.000279302523056
0.000279273825422
0.000279244298303
0.000279213935482
0.000279182730021
0.000279150674671
0.000279117762294
0.000279083986283
0.000279049340964
0.000279013821954
0.000278977426462
0.000278940153521
0.000278902004136
0.000278862981350
0.000278823090209
0.000278782337644
0.000278740732269
0.000278698284103
0.000278655004224
0.000278610904389
0.000278565996614
0.000278520292748
0.000278473804063
0.000278426540864
0.000278378512149
0.000278329725338
0.000278280186065
0.000278229898064
0.000278178863144
0.000278127081249
0.000278074550610
0.000278021267980
0.000277967228935
0.000277912428233
0.000277856860215
0.000277800519222
0.000277743400018
0.000277685498196
0.000277626810543
0.000277567335359
0.000277507072699
0.000277446024549
0.000277384194897
0.000277321589734
0.000277258216950
0.000277194086151
0.000277129208397
0.000277063595878
0.000276997261539
0.000276930218670
0.000276862480486
0.000276794059716
0.000276724968207
0.000276655216580
0.000276584813944
0.000276513767676
0.000276442083291
0.000276369764392
0.000276296812717
0.000276223228268
0.000276149009525
0.000276074153732
0.000275998657237
0.000275922515877
0.000275845725391
0.000275768281832
0.000275690181970
0.000275611423663
0.000275532006176
0.000275451930438
0.000275371199227
0.000275289817263
0.000275207791222
0.000275125129658
0.000275041842835
0.000274957942493
0.000274873441539
0.000274788353690
0.000274702693080
0.000274616473852
0.000274529709747
0.000274442413722
0.000274354597598
0.000274266271766
0.000274177444963
0.000274088124121
0.000273998314307
0.000273908018744
0.000273817238925
0.000273725974802
0.000273634225049
0.000273541987386
0.000273449258946
0.000273356036671
0.000273262317711
0.000273168099824
0.000273073381739
0.000272978163477
0.000272882446617
0.000272786234482
0.000272689532252
0.000272592346992
0.000272494687587
0.000272396564604
0.000272297990069
0.000272198977185
0.000272099539992
0.000271999692995
0.000271899450771
0.000271798827572
0.000271697836949
0.000271596491409
0.000271494802120
0.000271392778685
0.000271290428982
0.000271187759092
0.000271084773304
0.000270981474211
0.000270877862879
0.000270773939086
0.000270669701626
0.000270565148652
0.000270460278049
0.000270355087823
0.000270249576479
0.000270143743376
0.000270037589044
0.000269931115443
0.000269824326158
0.000269717226520
0.000269609823641
0.000269502126370
0.000269394145174
0.000269285891937
0.000269177379696
0.000269068622333
0.000268959634216
0.000268850429833
0.000268741023411
0.000268631428553
0.000268521657910
0.000268411722888
0.000268301633424
0.000268191397824
0.000268081022681
0.000267970512872
0.000267859871634
0.000267749100713
0.000267638200588
0.000267527170745
0.000267416010000
0.000267304716851
0.000267193289843
0.000267081727930
0.000266970030812
0.000266858199238
0.000266746235267
0.000266634142449
0.000266521925955
0.000266409592617
0.000266297150897
0.000266184610783
