0.000186812195712
0.000186841016560
0.000186869637177
0.000186898074254
0.000186926350647
0.000186954494726
0.000186982539594
0.000187010522251
0.000187038482728
0.000187066463267
0.000187094507553
0.000187122660041
0.000187150965355
0.000187179467771
0.000187208210743
0.000187237236441
0.000187266585264
0.000187296295286
0.000187326401591
0.000187356935476
0.000187387923505
0.000187419386407
0.000187451337843
0.000187483783081
0.000187516717626
0.000187550125881
0.000187583979917
0.000187618238453
0.000187652846117
0.000187687733086
0.000187722815180
0.000187757994458
0.000187793160363
0.000187828191418
0.000187862957455
0.000187897322347
0.000187931147144
0.000187964293549
0.000187996627593
0.000188028023387
0.000188058366818
0.000188087559040
0.000188115519636
0.000188142189327
0.000188167532115
0.000188191536812
0.000188214217869
0.000188235615507
0.000188255795157
0.000188274846223
0.000188292880260
0.000188310028617
0.000188326439659
0.000188342275663
0.000188357709498
0.000188372921183
0.000188388094431
0.000188403413256
0.000188419058703
0.000188435205762
0.000188452020498
0.000188469657410
0.000188488257031
0.000188507943756
0.000188528823903
0.000188550983974
0.000188574489132
0.000188599381863
0.000188625680859
0.000188653380108
0.000188682448244
0.000188712828177
0.000188744437066
0.000188777166663
0.000188810884109
0.000188845433205
0.000188880636214
0.000188916296206
0.000188952199968
0.000188988121449
0.000189023825708
0.000189059073294
0.000189093624972
0.000189127246682
0.000189159714588
0.000189190820092
0.000189220374632
0.000189248214145
0.000189274203010
0.000189298237374
0.000189320247727
0.000189340200645
0.000189358099652
0.000189373985160
0.000189387933523
0.000189400055219
0.000189410492247
0.000189419414839
0.000189427017586
0.000189433515136
0.000189439137578
0.000189444125665
0.000189448726008
0.000189453186358
0.000189457751089
0.000189462656964
0.000189468129249
0.000189474378223
0.000189481596108
0.000189489954424
0.000189499601756
0.000189510661934
0.000189523232575
0.000189537383999
0.000189553158459
0.000189570569707
0.000189589602867
0.000189610214625
0.000189632333752
0.000189655861972
0.000189680675206
0.000189706625210
0.000189733541632
0.000189761234507
0.000189789497178
0.000189818109642
0.000189846842289
0.000189875459972
0.000189903726348
0.000189931408388
0.000189958280957
0.000189984131336
0.000190008763552
0.000190032002400
0.000190053697007
0.000190073723840
0.000190091989045
0.000190108430044
0.000190123016335
0.000190135749481
0.000190146662288
0.000190155817220
0.000190163304118
0.000190169237317
0.000190173752280
0.000190177001873
0.000190179152429
0.000190180379719
0.000190180864985
0.000190180791137
0.000190180339223
0.000190179685252
0.000190178997421
0.000190178433785
0.000190178140377
0.000190178249756
0.000190178879962
0.000190180133823
0.000190182098563
0.000190184845654
0.000190188430849
0.000190192894350
0.000190198261066
0.000190204540942
0.000190211729324
0.000190219807383
0.000190228742598
0.000190238489319
0.000190248989444
0.000190260173244
0.000190271960353
0.000190284260969
0.000190296977256
0.000190310004963
0.000190323235235
0.000190336556594
0.000190349857030
0.000190363026150
0.000190375957304
0.000190388549623
0.000190400709862
0.000190412353998
0.000190423408495
0.000190433811183
0.000190443511721
0.000190452471615
0.000190460663803
0.000190468071838
0.000190474688721
0.000190480515440
0.000190485559328
0.000190489832318
0.000190493349209
0.000190496126039
0.000190498178664
0.000190499521633
0.000190500167402
0.000190500125951
0.000190499404812
0.000190498009491
0.000190495944269
0.000190493213302
0.000190489821970
0.000190485778356
0.000190481094790
0.000190475789323
0.000190469887057
0.000190463421243
0.000190456434058
0.000190448977030
0.000190441111060
0.000190432906043
0.000190424440101
0.000190415798453
0.000190407071989
0.000190398355595
0.000190389746315
0.000190381341432
0.000190373236531
0.000190365523618
0.000190358289368
0.000190351613528
0.000190345567521
0.000190340213254
0.000190335602136
0.000190331774299
0.000190328757969
0.000190326568996
0.000190325210468
0.000190324672416
0.000190324931548
0.000190325951031
0.000190327680295
0.000190330054877
0.000190332996338
0.000190336412282
0.000190340196530
0.000190344229504
0.000190348378884
0.000190352500587
0.000190356440113
0.000190360034311
0.000190363113554
0.000190365504347
0.000190367032323
0.000190367525587
0.000190366818327
0.000190364754600
0.000190361192186
0.000190356006370
0.000190349093531
0.000190340374404
0.000190329796880
0.000190317338240
0.000190303006714
0.000190286842311
0.000190268916861
0.000190249333256
0.000190228223915
0.000190205748507
0.000190182091013
0.000190157456210
0.000190132065700
0.000190106153596
0.000190079962000
0.000190053736394
0.000190027721072
0.000190002154710
0.000189977266175
0.000189953270646
0.000189930366103
0.000189908730221
0.000189888517680
0.000189869857914
0.000189852853273
0.000189837577592
0.000189824075144
0.000189812359968
0.000189802415542
0.000189794194806
0.000189787620526
0.000189782586006
0.000189778956170
0.000189776569029
0.000189775237547
0.000189774751951
0.000189774882476
0.000189775382568
0.000189775992529
0.000189776443589
0.000189776462350
0.000189775775547
0.000189774115036
0.000189771222902
0.000189766856569
0.000189760793784
0.000189752837316
0.000189742819251
0.000189730604740
0.000189716095066
0.000189699229947
0.000189679988977
0.000189658392159
0.000189634499510
0.000189608409748
0.000189580258096
0.000189550213283
0.000189518473839
0.000189485263801
0.000189450827959
0.000189415426800
0.000189379331284
0.000189342817601
0.000189306162039
0.000189269636080
0.000189233501821
0.000189198007801
0.000189163385284
0.000189129845026
0.000189097574551
0.000189066735914
0.000189037463945
0.000189009864936
0.000188984015749
0.000188959963305
0.000188937724424
0.000188917286002
0.000188898605501
0.000188881611748
0.000188866206054
0.000188852263647
0.000188839635451
0.000188828150201
0.000188817616931
0.000188807827811
0.000188798561354
0.000188789585938
0.000188780663641
0.000188771554304
0.000188762019763
0.000188751828164
0.000188740758243
0.000188728603480
0.000188715175995
0.000188700310070
0.000188683865199
0.000188665728562
0.000188645816840
0.000188624077324
0.000188600488282
0.000188575058583
0.000188547826596
0.000188518858434
0.000188488245598
0.000188456102137
0.000188422561423
0.000188387772676
0.000188351897346
0.000188315105498
0.000188277572285
0.000188239474633
0.000188200988203
0.000188162284685
0.000188123529478
0.000188084879748
0.000188046482869
0.000188008475219
0.000187970981285
0.000187934113026
0.000187897969447
0.000187862636318
0.000187828185986
0.000187794677251
0.000187762155262
0.000187730651425
0.000187700183317
0.000187670754630
0.000187642355153
0.000187614960847
0.000187588534038
0.000187563023773
0.000187538366386
0.000187514486289
0.000187491297020
0.000187468702546
0.000187446598810
0.000187424875499
0.000187403417981
0.000187382109362
0.000187360832588
0.000187339472521
0.000187317917915
0.000187296063206
0.000187273810068
0.000187251068665
0.000187227758566
0.000187203809305
0.000187179160592
0.000187153762180
0.000187127573444
0.000187100562722
