0.000267956280897
0.000268072166393
0.000268188106264
0.000268304095074
0.000268420126511
0.000268536193369
0.000268652287574
0.000268768400252
0.000268884521833
0.000269000642196
0.000269116750836
0.000269232837049
0.000269348890138
0.000269464899611
0.000269580855372
0.000269696747901
0.000269812568399
0.000269928308906
0.000270043962372
0.000270159522695
0.000270274984697
0.000270390344073
0.000270505597280
0.000270620741399
0.000270735773958
0.000270850692735
0.000270965495545
0.000271080180020
0.000271194743400
0.000271309182337
0.000271423492726
0.000271537669571
0.000271651706892
0.000271765597677
0.000271879333886
0.000271992906501
0.000272106305629
0.000272219520641
0.000272332540353
0.000272445353235
0.000272557947637
0.000272670312022
0.000272782435202
0.000272894306552
0.000273005916204
0.000273117255203
0.000273228315625
0.000273339090643
0.000273449574543
0.000273559762685
0.000273669651416
0.000273779237927
0.000273888520082
0.000273997496196
0.000274106164805
0.000274214524417
0.000274322573260
0.000274430309049
0.000274537728767
0.000274644828493
0.000274751603254
0.000274858046946
0.000274964152297
0.000275069910889
0.000275175313240
0.000275280348933
0.000275385006795
0.000275489275114
0.000275593141882
0.000275696595058
0.000275799622836
0.000275902213898
0.000276004357656
0.000276106044456
0.000276207265736
0.000276308014144
0.000276408283591
0.000276508069250
0.000276607367491
0.000276706175763
0.000276804492422
0.000276902316521
0.000276999647555
0.000277096485197
0.000277192829017
0.000277288678204
0.000277384031314
0.000277478886039
0.000277573239019
0.000277667085711
0.000277760420306
0.000277853235711
0.000277945523596
0.000278037274499
0.000278128477988
0.000278219122871
0.000278309197450
0.000278398689793
0.000278487588031
0.000278575880646
0.000278663556754
0.000278750606354
0.000278837020540
0.000278922791669
0.000279007913460
0.000279092381042
0.000279176190927
0.000279259340925
0.000279341829996
0.000279423658047
0.000279504825682
0.000279585333927
0.000279665183929
0.000279744376647
0.000279822912562
0.000279900791398
0.000279978011891
0.000280054571597
0.000280130466762
0.000280205692256
0.000280280241573
0.000280354106897
0.000280427279236
0.000280499748617
0.000280571504321
0.000280642535169
0.000280712829826
0.000280782377115
0.000280851166335
0.000280919187552
0.000280986431859
0.000281052891593
0.000281118560492
0.000281183433793
0.000281247508255
0.000281310782118
0.000281373254988
0.000281434927663
0.000281495801901
0.000281555880146
0.000281615165217
0.000281673659989
0.000281731367065
0.000281788288463
0.000281844425337
0.000281899777735
0.000281954344412
0.000282008122711
0.000282061108509
0.000282113296233
0.000282164678957
0.000282215248553
0.000282264995919
0.000282313911238
0.000282361984294
0.000282409204793
0.000282455562702
0.000282501048581
0.000282545653881
0.000282589371210
0.000282632194546
0.000282674119389
0.000282715142841
0.000282755263615
0.000282794481966
0.000282832799560
0.000282870219266
0.000282906744900
0.000282942380929
0.000282977132136
0.000283011003280
0.000283043998757
0.000283076122277
0.000283107376579
0.000283137763195
0.000283167282269
0.000283195932447
0.000283223710847
0.000283250613090
0.000283276633420
0.000283301764886
0.000283325999580
0.000283349328937
0.000283371744054
0.000283393236040
0.000283413796367
0.000283433417204
0.000283452091722
0.000283469814361
0.000283486581030
0.000283502389252
0.000283517238222
0.000283531128804
0.000283544063436
0.000283556045972
0.000283567081458
0.000283577175853
0.000283586335707
0.000283594567815
0.000283601878862
0.000283608275075
0.000283613761899
0.000283618343711
0.000283622023593
0.000283624803162
0.000283626682477
0.000283627660022
0.000283627732767
0.000283626896302
0.000283625145046
0.000283622472506
0.000283618871593
0.000283614334959
0.000283608855358
0.000283602426002
0.000283595040900
0.000283586695159
0.000283577385241
0.000283567109157
0.000283555866586
0.000283543658925
0.000283530489255
0.000283516362231
0.000283501283902
0.000283485261464
0.000283468302964
0.000283450416963
0.000283431612182
0.000283411897139
0.000283391279799
0.000283369767255
0.000283347365449
0.000283324078956
0.000283299910833
0.000283274862539
0.000283248933945
0.000283222123408
0.000283194427933
0.000283165843396
0.000283136364821
0.000283105986708
0.000283074703384
0.000283042509366
0.000283009399718
0.000282975370383
0.000282940418484
0.000282904542559
0.000282867742741
0.000282830020864
0.000282791380483
0.000282751826828
0.000282711366668
0.000282670008110
0.000282627760340
0.000282584633312
0.000282540637401
0.000282495783042
0.000282450080371
0.000282403538877
0.000282356167093
0.000282307972332
0.000282258960487
0.000282209135895
0.000282158501288
0.000282107057813
0.000282054805137
0.000282001741621
0.000281947864559
0.000281893170474
0.000281837655448
0.000281781315478
0.000281724146838
0.000281666146432
0.000281607312112
0.000281547642964
0.000281487139529
0.000281425803959
0.000281363640099
0.000281300653496
0.000281236851315
0.000281172242199
0.000281106836045
0.000281040643734
0.000280973676809
0.000280905947129
0.000280837466511
0.000280768246369
0.000280698297386
0.000280627629216
0.000280556250240
0.000280484167383
0.000280411386010
0.000280337909887
0.000280263741229
0.000280188880825
0.000280113328225
0.000280037081998
0.000279960140026
0.000279882499847
0.000279804159002
0.000279725115395
0.000279645367627
0.000279564915305
0.000279483759304
0.000279401901964
0.000279319347227
0.000279236100694
0.000279152169602
0.000279067562736
0.000278982290256
0.000278896363469
0.000278809794546
0.000278722596198
0.000278634781336
0.000278546362712
0.000278457352584
0.000278367762393
0.000278277602495
0.000278186881934
0.000278095608290
0.000278003787594
0.000277911424317
0.000277818521440
0.000277725080594
0.000277631102261
0.000277536586040
0.000277441530949
0.000277345935758
0.000277249799332
0.000277153120974
0.000277055900745
0.000276958139748
0.000276859840362
0.000276761006420
0.000276661643316
0.000276561758034
0.000276461359110
0.000276360456514
0.000276259061471
0.000276157186221
0.000276054843729
0.000275952047369
0.000275848810587
0.000275745146558
0.000275641067869
0.000275536586222
0.000275431712185
0.000275326455001
0.000275220822456
0.000275114820825
0.000275008454887
0.000274901728011
0.000274794642317
0.000274687198885
0.000274579398028
0.000274471239589
0.000274362723266
0.000274253848946
0.000274144617023
0.000274035028696
0.000273925086223
0.000273814793134
0.000273704154369
0.000273593176359
0.000273481867036
0.000273370235761
0.000273258293198
0.000273146051117
0.000273033522147
0.000272920719495
0.000272807656630
0.000272694346964
0.000272580803527
0.000272467038677
0.000272353063827
0.000272238889232
0.000272124523824
0.000272009975113
0.000271895249160
0.000271780350617
0.000271665282833
0.000271550048025
0.000271434647500
0.000271319081922
0.000271203351607
0.000271087456834
0.000270971398154
0.000270855176690
0.000270738794402
0.000270622254313
0.000270505560684
0.000270388719126
0.000270271736650
0.000270154621642
0.000270037383784
0.000269920033899
0.000269802583752
0.000269685045799
0.000269567432911
0.000269449758074
0.000269332034081
