0.000254483252489
0.000254579082633
0.000254674876175
0.000254770635196
0.000254866362920
0.000254962063365
0.000255057740945
0.000255153400056
0.000255249044667
0.000255344677917
0.000255440301753
0.000255535916610
0.000255631521163
0.000255727112145
0.000255822684252
0.000255918230132
0.000256013740462
0.000256109204112
0.000256204608381
0.000256299939307
0.000256395182030
0.000256490321193
0.000256585341368
0.000256680227487
0.000256774965261
0.000256869541564
0.000256963944774
0.000257058165050
0.000257152194534
0.000257246027473
0.000257339660251
0.000257433091327
0.000257526321094
0.000257619351645
0.000257712186471
0.000257804830100
0.000257897287685
0.000257989564566
0.000258081665820
0.000258173595822
0.000258265357828
0.000258356953611
0.000258448383149
0.000258539644395
0.000258630733126
0.000258721642885
0.000258812365023
0.000258902888828
0.000258993201747
0.000259083289688
0.000259173137386
0.000259262728828
0.000259352047710
0.000259441077908
0.000259529803945
0.000259618211440
0.000259706287504
0.000259794021081
0.000259881403213
0.000259968427216
0.000260055088759
0.000260141385849
0.000260227318712
0.000260312889577
0.000260398102385
0.000260482962413
0.000260567475845
0.000260651649303
0.000260735489356
0.000260819002035
0.000260902192364
0.000260985063932
0.000261067618535
0.000261149855878
0.000261231773378
0.000261313366061
0.000261394626551
0.000261475545179
0.000261556110174
0.000261636307952
0.000261716123482
0.000261795540715
0.000261874543058
0.000261953113872
0.000262031236982
0.000262108897155
0.000262186080561
0.000262262775160
0.000262338971025
0.000262414660580
0.000262489838737
0.000262564502930
0.000262638653050
0.000262712291268
0.000262785421777
0.000262858050430
0.000262930184327
0.000263001831337
0.000263072999588
0.000263143696948
0.000263213930515
0.000263283706134
0.000263353027968
0.000263421898143
0.000263490316469
0.000263558280264
0.000263625784283
0.000263692820756
0.000263759379530
0.000263825448317
0.000263891013033
0.000263956058219
0.000264020567516
0.000264084524192
0.000264147911676
0.000264210714102
0.000264272916818
0.000264334506850
0.000264395473300
0.000264455807655
0.000264515504006
0.000264574559146
0.000264632972570
0.000264690746352
0.000264747884918
0.000264804394720
0.000264860283824
0.000264915561428
0.000264970237339
0.000265024321418
0.000265077823022
0.000265130750474
0.000265183110571
0.000265234908158
0.000265286145785
0.000265336823461
0.000265386938518
0.000265436485586
0.000265485456683
0.000265533841417
0.000265581627292
0.000265628800106
0.000265675344414
0.000265721244058
0.000265766482720
0.000265811044486
0.000265854914404
0.000265898078991
0.000265940526692
0.000265982248257
0.000266023237025
0.000266063489104
0.000266103003434
0.000266141781734
0.000266179828342
0.000266217149938
0.000266253755173
0.000266289654219
0.000266324858255
0.000266359378905
0.000266393227671
0.000266426415352
0.000266458951513
0.000266490843987
0.000266522098462
0.000266552718153
0.000266582703576
0.000266612052441
0.000266640759661
0.000266668817480
0.000266696215715
0.000266722942105
0.000266748982744
0.000266774322594
0.000266798946045
0.000266822837499
0.000266845981964
0.000266868365626
0.000266889976363
0.000266910804209
0.000266930841718
0.000266950084226
0.000266968530003
0.000266986180281
0.000267003039160
0.000267019113390
0.000267034412055
0.000267048946145
0.000267062728064
0.000267075771066
0.000267088088666
0.000267099694040
0.000267110599435
0.000267120815624
0.000267130351427
0.000267139213305
0.000267147405068
0.000267154927682
0.000267161779211
0.000267167954867
0.000267173447196
0.000267178246366
0.000267182340561
0.000267185716461
0.000267188359785
0.000267190255873
0.000267191390294
0.000267191749441
0.000267191321091
0.000267190094918
0.000267188062922
0.000267185219768
0.000267181563013
0.000267177093218
0.000267171813934
0.000267165731567
0.000267158855129
0.000267151195875
0.000267142766857
0.000267133582395
0.000267123657508
0.000267113007303
0.000267101646373
0.000267089588213
0.000267076844679
0.000267063425523
0.000267049338011
0.000267034586650
0.000267019173028
0.000267003095779
0.000266986350675
0.000266968930838
0.000266950827062
0.000266932028241
0.000266912521874
0.000266892294633
0.000266871332969
0.000266849623728
0.000266827154756
0.000266803915461
0.000266779897315
0.000266755094271
0.000266729503075
0.000266703123472
0.000266675958273
0.000266648013313
0.000266619297267
0.000266589821362
0.000266559598975
0.000266528645147
0.000266496976027
0.000266464608273
0.000266431558434
0.000266397842336
0.000266363474500
0.000266328467624
0.000266292832135
0.000266256575838
0.000266219703688
0.000266182217667
0.000266144116798
0.000266105397282
0.000266066052752
0.000266026074637
0.000265985452618
0.000265944175159
0.000265902230094
0.000265859605231
0.000265816288965
0.000265772270873
0.000265727542247
0.000265682096569
0.000265635929890
0.000265589041107
0.000265541432122
0.000265493107877
0.000265444076262
0.000265394347910
0.000265343935872
0.000265292855195
0.000265241122423
0.000265188755029
0.000265135770821
0.000265082187322
0.000265028021181
0.000264973287599
0.000264917999842
0.000264862168814
0.000264805802745
0.000264748906981
0.000264691483908
0.000264633532985
0.000264575050918
0.000264516031936
0.000264456468180
0.000264396350181
0.000264335667399
0.000264274408819
0.000264212563560
0.000264150121481
0.000264087073764
0.000264023413429
0.000263959135791
0.000263894238803
0.000263828723304
0.000263762593142
0.000263695855168
0.000263628519111
0.000263560597333
0.000263492104474
0.000263423057001
0.000263353472687
0.000263283370032
0.000263212767666
0.000263141683734
0.000263070135316
0.000262998137888
0.000262925704856
0.000262852847174
0.000262779573071
0.000262705887892
0.000262631794062
0.000262557291166
0.000262482376164
0.000262407043697
0.000262331286504
0.000262255095913
0.000262178462392
0.000262101376132
0.000262023827644
0.000261945808346
0.000261867311104
0.000261788330716
0.000261708864317
0.000261628911689
0.000261548475450
0.000261467561142
0.000261386177184
0.000261304334714
0.000261222047317
0.000261139330654
0.000261056202000
0.000260972679730
0.000260888782741
0.000260804529876
0.000260719939332
0.000260635028113
0.000260549811520
0.000260464302725
0.000260378512431
0.000260292448629
0.000260206116486
0.000260119518331
0.000260032653782
0.000259945519965
0.000259858111859
0.000259770422710
0.000259682444537
0.000259594168672
0.000259505586345
0.000259416689254
0.000259327470133
0.000259237923265
0.000259148044930
0.000259057833776
0.000258967291080
0.000258876420910
0.000258785230155
0.000258693728456
0.000258601928003
0.000258509843241
0.000258417490471
0.000258324887386
0.000258232052541
0.000258139004791
0.000258045762726
0.000257952344108
0.000257858765352
0.000257765041067
0.000257671183666
0.000257577203083
0.000257483106580
0.000257388898679
0.000257294581201
0.000257200153424
0.000257105612343
0.000257010953024
0.000256916169041
0.000256821252972
0.000256726196930
0.000256630993121
0.000256535634390
0.000256440114737
0.000256344429786
0.000256248577184
0.000256152556917
0.000256056371517
0.000255960026175
0.000255863528737
0.000255766889585
0.000255670121421
