0.000187005349041
0.000187035246989
0.000187065372109
0.000187095688934
0.000187126160328
0.000187156748464
0.000187187415660
0.000187218125038
0.000187248841005
0.000187279529566
0.000187310158493
0.000187340697376
0.000187371117616
0.000187401392374
0.000187431496542
0.000187461406764
0.000187491101516
0.000187520561277
0.000187549768780
0.000187578709330
0.000187607371168
0.000187635745849
0.000187663828596
0.000187691618609
0.000187719119276
0.000187746338279
0.000187773287580
0.000187799983271
0.000187826445308
0.000187852697134
0.000187878765219
0.000187904678540
0.000187930468032
0.000187956166025
0.000187981805698
0.000188007420549
0.000188033043893
0.000188058708382
0.000188084445529
0.000188110285227
0.000188136255247
0.000188162380696
0.000188188683426
0.000188215181402
0.000188241888032
0.000188268811481
0.000188295954007
0.000188323311356
0.000188350872270
0.000188378618150
0.000188406522934
0.000188434553211
0.000188462668626
0.000188490822573
0.000188518963169
0.000188547034506
0.000188574978123
0.000188602734655
0.000188630245585
0.000188657455020
0.000188684311430
0.000188710769250
0.000188736790295
0.000188762344931
0.000188787412946
0.000188811984113
0.000188836058430
0.000188859646036
0.000188882766845
0.000188905449906
0.000188927732543
0.000188949659311
0.000188971280802
0.000188992652349
0.000189013832655
0.000189034882364
0.000189055862619
0.000189076833595
0.000189097853049
0.000189118974881
0.000189140247746
0.000189161713726
0.000189183407097
0.000189205353228
0.000189227567656
0.000189250055374
0.000189272810386
0.000189295815562
0.000189319042827
0.000189342453715
0.000189366000276
0.000189389626340
0.000189413269102
0.000189436860972
0.000189460331634
0.000189483610231
0.000189506627580
0.000189529318333
0.000189551622999
0.000189573489720
0.000189594875763
0.000189615748654
0.000189636086921
0.000189655880450
0.000189675130438
0.000189693848985
0.000189712058363
0.000189729790007
0.000189747083290
0.000189763984143
0.000189780543574
0.000189796816137
0.000189812858400
0.000189828727442
0.000189844479406
0.000189860168129
0.000189875843860
0.000189891552082
0.000189907332441
0.000189923217796
0.000189939233418
0.000189955396332
0.000189971714857
0.000189988188333
0.000190004807098
0.000190021552701
0.000190038398389
0.000190055309860
0.000190072246281
0.000190089161542
0.000190106005714
0.000190122726658
0.000190139271716
0.000190155589429
0.000190171631183
0.000190187352733
0.000190202715518
0.000190217687716
0.000190232245009
0.000190246371004
0.000190260057342
0.000190273303483
0.000190286116202
0.000190298508857
0.000190310500471
0.000190322114692
0.000190333378704
0.000190344322133
0.000190354976010
0.000190365371818
0.000190375540662
0.000190385512557
0.000190395315856
0.000190404976786
0.000190414519084
0.000190423963722
0.000190433328685
0.000190442628791
0.000190451875555
0.000190461077062
0.000190470237897
0.000190479359095
0.000190488438162
0.000190497469166
0.000190506442916
0.000190515347241
0.000190524167374
0.000190532886438
0.000190541486006
0.000190549946734
0.000190558249012
0.000190566373606
0.000190574302251
0.000190582018151
0.000190589506360
0.000190596754014
0.000190603750405
0.000190610486899
0.000190616956718
0.000190623154599
0.000190629076393
0.000190634718628
0.000190640078099
0.000190645151527
0.000190649935324
0.000190654425498
0.000190658617718
0.000190662507528
0.000190666090709
0.000190669363749
0.000190672324394
0.000190674972216
0.000190677309158
0.000190679340004
0.000190681072727
0.000190682518678
0.000190683692598
0.000190684612445
0.000190685299039
0.000190685775546
0.000190686066831
0.000190686198719
0.000190686197206
0.000190686087655
0.000190685894030
0.000190685638175
0.000190685339188
0.000190685012877
0.000190684671326
0.000190684322538
0.000190683970181
0.000190683613394
0.000190683246662
0.000190682859748
0.000190682437674
0.000190681960772
0.000190681404796
0.000190680741139
0.000190679937153
0.000190678956608
0.000190677760311
0.000190676306884
0.000190674553728
0.000190672458135
0.000190669978549
0.000190667075922
0.000190663715123
0.000190659866326
0.000190655506331
0.000190650619717
0.000190645199783
0.000190639249211
0.000190632780394
0.000190625815419
0.000190618385670
0.000190610531086
0.000190602299079
0.000190593743175
0.000190584921432
0.000190575894699
0.000190566724802
0.000190557472714
0.000190548196798
0.000190538951161
0.000190529784180
0.000190520737237
0.000190511843669
0.000190503127966
0.000190494605189
0.000190486280637
0.000190478149715
0.000190470198016
0.000190462401604
0.000190454727476
0.000190447134219
0.000190439572840
0.000190431987784
0.000190424318133
0.000190416498979
0.000190408462959
0.000190400141932
0.000190391468770
0.000190382379209
0.000190372813712
0.000190362719287
0.000190352051174
0.000190340774340
0.000190328864715
0.000190316310092
0.000190303110666
0.000190289279151
0.000190274840485
0.000190259831117
0.000190244297908
0.000190228296688
0.000190211890551
0.000190195147932
0.000190178140580
0.000190160941489
0.000190143622881
0.000190126254293
0.000190108900854
0.000190091621767
0.000190074469045
0.000190057486506
0.000190040709020
0.000190024162012
0.000190007861187
0.000189991812468
0.000189976012111
0.000189960446988
0.000189945095026
0.000189929925769
0.000189914901093
0.000189899976041
0.000189885099799
0.000189870216797
0.000189855267944
0.000189840191973
0.000189824926880
0.000189809411422
0.000189793586650
0.000189777397401
0.000189760793718
0.000189743732143
0.000189726176808
0.000189708100297
0.000189689484242
0.000189670319606
0.000189650606683
0.000189630354787
0.000189609581677
0.000189588312757
0.000189566580089
0.000189544421293
0.000189521878381
0.000189498996593
0.000189475823279
0.000189452406870
0.000189428795966
0.000189405038552
0.000189381181343
0.000189357269238
0.000189333344879
0.000189309448254
0.000189285616349
0.000189261882800
0.000189238277526
0.000189214826345
0.000189191550552
0.000189168466491
0.000189145585119
0.000189122911614
0.000189100445045
0.000189078178140
0.000189056097190
0.000189034182119
0.000189012406717
0.000188990739061
0.000188969142113
0.000188947574458
0.000188925991187
0.000188904344851
0.000188882586479
0.000188860666597
0.000188838536225
0.000188816147820
0.000188793456135
0.000188770418999
0.000188746998008
0.000188723159127
0.000188698873238
0.000188674116630
0.000188648871450
0.000188623126147
0.000188596875879
0.000188570122916
0.000188542876990
0.000188515155596
0.000188486984188
0.000188458396246
0.000188429433168
0.000188400143949
0.000188370584613
0.000188340817384
0.000188310909587
0.000188280932291
0.000188250958719
0.000188221062474
0.000188191315645
0.000188161786848
0.000188132539301
0.000188103628990
0.000188075103014
0.000188046998176
0.000188019339859
0.000187992141242
0.000187965402866
0.000187939112560
0.000187913245709
0.000187887765845
0.000187862625525
0.000187837767449
0.000187813125786
0.000187788627658
0.000187764194738
0.000187739744949
0.000187715194209
0.000187690458224
0.000187665454293
0.000187640103118
0.000187614330593
0.000187588069551
0.000187561261447
0.000187533857928
0.000187505822262
0.000187477130570
0.000187447772810
0.000187417753462
0.000187387091863
0.000187355822161
