0.000204194404935
0.000204255099094
0.000204317519833
0.000204381551942
0.000204447060010
0.000204513889418
0.000204581867761
0.000204650806722
0.000204720504435
0.000204790748291
0.000204861318170
0.000204931990008
0.000205002539632
0.000205072746731
0.000205142398859
0.000205211295320
0.000205279250808
0.000205346098665
0.000205411693629
0.000205475913976
0.000205538662960
0.000205599869493
0.000205659488048
0.000205717497791
0.000205773900972
0.000205828720670
0.000205881997985
0.000205933788819
0.000205984160383
0.000206033187608
0.000206080949616
0.000206127526401
0.000206172995886
0.000206217431450
0.000206260900044
0.000206303460941
0.000206345165155
0.000206386055526
0.000206426167423
0.000206465530004
0.000206504167922
0.000206542103385
0.000206579358414
0.000206615957182
0.000206651928285
0.000206687306816
0.000206722136130
0.000206756469189
0.000206790369423
0.000206823911042
0.000206857178795
0.000206890267173
0.000206923279100
0.000206956324180
0.000206989516577
0.000207022972658
0.000207056808490
0.000207091137333
0.000207126067234
0.000207161698838
0.000207198123501
0.000207235421777
0.000207273662313
0.000207312901176
0.000207353181589
0.000207394534040
0.000207436976707
0.000207480516111
0.000207525147918
0.000207570857789
0.000207617622189
0.000207665409069
0.000207714178359
0.000207763882205
0.000207814464935
0.000207865862736
0.000207918003064
0.000207970803827
0.000208024172414
0.000208078004632
0.000208132183679
0.000208186579244
0.000208241046845
0.000208295427537
0.000208349548075
0.000208403221628
0.000208456249103
0.000208508421127
0.000208559520687
0.000208609326395
0.000208657616335
0.000208704172368
0.000208748784806
0.000208791257276
0.000208831411625
0.000208869092692
0.000208904172769
0.000208936555582
0.000208966179646
0.000208993020865
0.000209017094275
0.000209038454862
0.000209057197432
0.000209073455519
0.000209087399386
0.000209099233177
0.000209109191324
0.000209117534320
0.000209124544017
0.000209130518579
0.000209135767250
0.000209140605105
0.000209145347908
0.000209150307226
0.000209155785893
0.000209162073928
0.000209169444951
0.000209178153138
0.000209188430711
0.000209200485946
0.000209214501643
0.000209230634002
0.000209249011832
0.000209269736002
0.000209292879070
0.000209318485017
0.000209346569028
0.000209377117296
0.000209410086831
0.000209445405279
0.000209482970796
0.000209522652013
0.000209564288177
0.000209607689525
0.000209652637991
0.000209698888317
0.000209746169649
0.000209794187678
0.000209842627373
0.000209891156320
0.000209939428681
0.000209987089730
0.000210033780908
0.000210079145325
0.000210122833573
0.000210164509737
0.000210203857431
0.000210240585699
0.000210274434611
0.000210305180363
0.000210332639740
0.000210356673772
0.000210377190483
0.000210394146620
0.000210407548321
0.000210417450693
0.000210423956337
0.000210427212855
0.000210427409459
0.000210424772794
0.000210419562114
0.000210412063995
0.000210402586738
0.000210391454639
0.000210379002293
0.000210365569077
0.000210351493948
0.000210337110649
0.000210322743422
0.000210308703263
0.000210295284751
0.000210282763441
0.000210271393805
0.000210261407651
0.000210253012977
0.000210246393167
0.000210241706448
0.000210239085532
0.000210238637365
0.000210240442907
0.000210244556914
0.000210251007679
0.000210259796739
0.000210270898552
0.000210284260211
0.000210299801215
0.000210317413419
0.000210336961202
0.000210358281974
0.000210381187080
0.000210405463183
0.000210430874178
0.000210457163661
0.000210484057961
0.000210511269716
0.000210538501935
0.000210565452468
0.000210591818788
0.000210617302958
0.000210641616646
0.000210664486050
0.000210685656574
0.000210704897126
0.000210722003893
0.000210736803480
0.000210749155315
0.000210758953258
0.000210766126360
0.000210770638779
0.000210772488862
0.000210771707462
0.000210768355572
0.000210762521383
0.000210754316908
0.000210743874310
0.000210731342097
0.000210716881325
0.000210700661955
0.000210682859496
0.000210663652021
0.000210643217650
0.000210621732520
0.000210599369283
0.000210576296087
0.000210552676012
0.000210528666880
0.000210504421362
0.000210480087276
0.000210455807971
0.000210431722701
0.000210407966877
0.000210384672140
0.000210361966157
0.000210339972124
0.000210318807938
0.000210298585039
0.000210279406961
0.000210261367638
0.000210244549529
0.000210229021662
0.000210214837690
0.000210202034071
0.000210190628478
0.000210180618548
0.000210171981047
0.000210164671534
0.000210158624568
0.000210153754482
0.000210149956707
0.000210147109621
0.000210145076852
0.000210143709949
0.000210142851307
0.000210142337241
0.000210142001075
0.000210141676117
0.000210141198423
0.000210140409236
0.000210139157026
0.000210137299074
0.000210134702576
0.000210131245252
0.000210126815501
0.000210121312136
0.000210114643769
0.000210106727946
0.000210097490114
0.000210086862542
0.000210074783287
0.000210061195321
0.000210046045905
0.000210029286287
0.000210010871779
0.000209990762238
0.000209968922966
0.000209945325985
0.000209919951659
0.000209892790545
0.000209863845419
0.000209833133312
0.000209800687471
0.000209766559076
0.000209730818631
0.000209693556874
0.000209654885158
0.000209614935201
0.000209573858194
0.000209531823242
0.000209489015181
0.000209445631810
0.000209401880628
0.000209357975185
0.000209314131157
0.000209270562285
0.000209227476317
0.000209185071084
0.000209143530846
0.000209103023007
0.000209063695326
0.000209025673672
0.000208989060382
0.000208953933259
0.000208920345188
0.000208888324342
0.000208857874939
0.000208828978444
0.000208801595146
0.000208775665993
0.000208751114579
0.000208727849165
0.000208705764658
0.000208684744437
0.000208664661982
0.000208645382260
0.000208626762850
0.000208608654821
0.000208590903404
0.000208573348502
0.000208555825112
0.000208538163751
0.000208520190949
0.000208501729914
0.000208482601423
0.000208462625005
0.000208441620468
0.000208419409765
0.000208395819218
0.000208370682060
0.000208343841243
0.000208315152447
0.000208284487179
0.000208251735877
0.000208216810877
0.000208179649130
0.000208140214547
0.000208098499842
0.000208054527784
0.000208008351763
0.000207960055621
0.000207909752699
0.000207857584122
0.000207803716347
0.000207748338031
0.000207691656335
0.000207633892762
0.000207575278689
0.000207516050730
0.000207456446092
0.000207396698083
0.000207337031901
0.000207277660839
0.000207218783004
0.000207160578627
0.000207103208005
0.000207046810099
0.000206991501771
0.000206937377618
0.000206884510351
0.000206832951628
0.000206782733250
0.000206733868621
0.000206686354353
0.000206640171935
0.000206595289344
0.000206551662532
0.000206509236729
0.000206467947497
0.000206427721537
0.000206388477235
0.000206350124986
0.000206312567335
0.000206275699001
0.000206239406875
0.000206203570055
0.000206168060031
0.000206132741082
0.000206097470954
0.000206062101889
0.000206026482001
0.000205990457035
0.000205953872460
0.000205916575870
0.000205878419607
0.000205839263521
0.000205798977764
0.000205757445515
0.000205714565502
0.000205670254230
0.000205624447803
0.000205577103258
0.000205528199349
0.000205477736727
0.000205425737502
0.000205372244201
0.000205317318144
0.000205261037309
0.000205203493763
0.000205144790766
0.000205085039666
0.000205024356712
0.000204962859920
