0.000219506473982
0.000219603885474
0.000219702699849
0.000219802742650
0.000219903816711
0.000220005703943
0.000220108167755
0.000220210956083
0.000220313804971
0.000220416442613
0.000220518593761
0.000220619984365
0.000220720346294
0.000220819422004
0.000220916968996
0.000221012763921
0.000221106606205
0.000221198321094
0.000221287762027
0.000221374812298
0.000221459385968
0.000221541428040
0.000221620913933
0.000221697848304
0.000221772263296
0.000221844216310
0.000221913787406
0.000221981076429
0.000222046199998
0.000222109288453
0.000222170482876
0.000222229932275
0.000222287791037
0.000222344216694
0.000222399368079
0.000222453403879
0.000222506481622
0.000222558757052
0.000222610383881
0.000222661513835
0.000222712296935
0.000222762881908
0.000222813416633
0.000222864048509
0.000222914924662
0.000222966191882
0.000223017996234
0.000223070482292
0.000223123791952
0.000223178062861
0.000223233426459
0.000223290005703
0.000223347912563
0.000223407245351
0.000223468086027
0.000223530497570
0.000223594521538
0.000223660175931
0.000223727453446
0.000223796320231
0.000223866715198
0.000223938549952
0.000224011709376
0.000224086052884
0.000224161416327
0.000224237614524
0.000224314444371
0.000224391688430
0.000224469118929
0.000224546502033
0.000224623602282
0.000224700187038
0.000224776030818
0.000224850919371
0.000224924653364
0.000224997051583
0.000225067953542
0.000225137221444
0.000225204741462
0.000225270424323
0.000225334205243
0.000225396043234
0.000225455919893
0.000225513837737
0.000225569818213
0.000225623899485
0.000225676134115
0.000225726586738
0.000225775331840
0.000225822451714
0.000225868034658
0.000225912173468
0.000225954964254
0.000225996505581
0.000226036897940
0.000226076243501
0.000226114646125
0.000226152211566
0.000226189047799
0.000226225265389
0.000226260977828
0.000226296301753
0.000226331356953
0.000226366266108
0.000226401154194
0.000226436147504
0.000226471372282
0.000226506952959
0.000226543010020
0.000226579657579
0.000226617000713
0.000226655132675
0.000226694132089
0.000226734060260
0.000226774958715
0.000226816847105
0.000226859721569
0.000226903553654
0.000226948289867
0.000226993851899
0.000227040137535
0.000227087022254
0.000227134361476
0.000227181993399
0.000227229742355
0.000227277422573
0.000227324842262
0.000227371807864
0.000227418128380
0.000227463619617
0.000227508108240
0.000227551435498
0.000227593460524
0.000227634063101
0.000227673145814
0.000227710635542
0.000227746484241
0.000227780669027
0.000227813191570
0.000227844076861
0.000227873371409
0.000227901140978
0.000227927467970
0.000227952448576
0.000227976189813
0.000227998806579
0.000228020418831
0.000228041148974
0.000228061119555
0.000228080451291
0.000228099261487
0.000228117662825
0.000228135762523
0.000228153661836
0.000228171455823
0.000228189233357
0.000228207077271
0.000228225064605
0.000228243266853
0.000228261750159
0.000228280575400
0.000228299798098
0.000228319468121
0.000228339629156
0.000228360317925
0.000228381563175
0.000228403384438
0.000228425790624
0.000228448778506
0.000228472331156
0.000228496416445
0.000228520985686
0.000228545972537
0.000228571292254
0.000228596841385
0.000228622497992
0.000228648122457
0.000228673558891
0.000228698637171
0.000228723175575
0.000228746983955
0.000228769867389
0.000228791630186
0.000228812080154
0.000228831032976
0.000228848316566
0.000228863775272
0.000228877273783
0.000228888700619
0.000228897971097
0.000228905029684
0.000228909851654
0.000228912444010
0.000228912845639
0.000228911126694
0.000228907387224
0.000228901755109
0.000228894383340
0.000228885446754
0.000228875138323
0.000228863665104
0.000228851244000
0.000228838097446
0.000228824449170
0.000228810520138
0.000228796524810
0.000228782667802
0.000228769141005
0.000228756121243
0.000228743768455
0.000228732224418
0.000228721611967
0.000228712034667
0.000228703576863
0.000228696304032
0.000228690263355
0.000228685484415
0.000228681979964
0.000228679746660
0.000228678765755
0.000228679003665
0.000228680412411
0.000228682929921
0.000228686480207
0.000228690973426
0.000228696305871
0.000228702359935
0.000228709004102
0.000228716093026
0.000228723467764
0.000228730956229
0.000228738373927
0.000228745525036
0.000228752203868
0.000228758196758
0.000228763284386
0.000228767244532
0.000228769855234
0.000228770898296
0.000228770163072
0.000228767450430
0.000228762576782
0.000228755378049
0.000228745713437
0.000228733468879
0.000228718560026
0.000228700934668
0.000228680574492
0.000228657496105
0.000228631751269
0.000228603426341
0.000228572640914
0.000228539545699
0.000228504319708
0.000228467166819
0.000228428311806
0.000228387995973
0.000228346472487
0.000228304001557
0.000228260845578
0.000228217264381
0.000228173510702
0.000228129825995
0.000228086436686
0.000228043550959
0.000228001356132
0.000227960016674
0.000227919672874
0.000227880440160
0.000227842409032
0.000227805645551
0.000227770192310
0.000227736069793
0.000227703278024
0.000227671798387
0.000227641595534
0.000227612619267
0.000227584806323
0.000227558081992
0.000227532361530
0.000227507551340
0.000227483549922
0.000227460248608
0.000227437532120
0.000227415278988
0.000227393361894
0.000227371648000
0.000227349999311
0.000227328273150
0.000227306322775
0.000227283998205
0.000227261147274
0.000227237616940
0.000227213254857
0.000227187911207
0.000227161440763
0.000227133705150
0.000227104575248
0.000227073933670
0.000227041677228
0.000227007719301
0.000226971992000
0.000226934448044
0.000226895062223
0.000226853832396
0.000226810779925
0.000226765949498
0.000226719408329
0.000226671244704
0.000226621565926
0.000226570495693
0.000226518170997
0.000226464738632
0.000226410351438
0.000226355164393
0.000226299330699
0.000226242997975
0.000226186304698
0.000226129376983
0.000226072325831
0.000226015244893
0.000225958208836
0.000225901272343
0.000225844469762
0.000225787815410
0.000225731304500
0.000225674914657
0.000225618607947
0.000225562333345
0.000225506029547
0.000225449628013
0.000225393056124
0.000225336240343
0.000225279109249
0.000225221596345
0.000225163642535
0.000225105198188
0.000225046224737
0.000224986695770
0.000224926597602
0.000224865929350
0.000224804702540
0.000224742940304
0.000224680676250
0.000224617953069
0.000224554820991
0.000224491336149
0.000224427558958
0.000224363552569
0.000224299381452
0.000224235110170
0.000224170802350
0.000224106519891
0.000224042322383
0.000223978266741
0.000223914407012
0.000223850794328
0.000223787476956
0.000223724500391
0.000223661907440
0.000223599738232
0.000223538030121
0.000223476817398
0.000223416130803
0.000223355996789
0.000223296436529
0.000223237464664
0.000223179087816
0.000223121302915
0.000223064095379
0.000223007437257
0.000222951285395
0.000222895579757
0.000222840241983
0.000222785174305
0.000222730258916
0.000222675357866
0.000222620313561
0.000222564949901
0.000222509074072
0.000222452478989
0.000222394946345
0.000222336250217
0.000222276161137
0.000222214450541
0.000222150895463
0.000222085283372
0.000222017417011
0.000221947119100
0.000221874236785
0.000221798645705
0.000221720253552
0.000221639003040
0.000221554874177
0.000221467885781
0.000221378096196
0.000221285603176
0.000221190542954
0.000221093088502
0.000220993447065
0.000220891857017
