0.000185766423462
0.000185792289803
0.000185818731169
0.000185845785462
0.000185873475713
0.000185901809147
0.000185930776672
0.000185960352835
0.000185990496273
0.000186021150644
0.000186052246037
0.000186083700795
0.000186115423712
0.000186147316508
0.000186179276499
0.000186211199362
0.000186242981902
0.000186274524718
0.000186305734689
0.000186336527202
0.000186366828073
0.000186396575110
0.000186425719307
0.000186454225652
0.000186482073558
0.000186509256944
0.000186535783972
0.000186561676487
0.000186586969187
0.000186611708539
0.000186635951497
0.000186659764015
0.000186683219410
0.000186706396578
0.000186729378102
0.000186752248266
0.000186775091028
0.000186797987975
0.000186821016311
0.000186844246937
0.000186867742668
0.000186891556661
0.000186915731095
0.000186940296174
0.000186965269477
0.000186990655707
0.000187016446839
0.000187042622676
0.000187069151776
0.000187095992732
0.000187123095730
0.000187150404323
0.000187177857340
0.000187205390848
0.000187232940081
0.000187260441257
0.000187287833230
0.000187315058900
0.000187342066375
0.000187368809840
0.000187395250150
0.000187421355156
0.000187447099788
0.000187472465935
0.000187497442166
0.000187522023322
0.000187546210033
0.000187570008181
0.000187593428344
0.000187616485224
0.000187639197086
0.000187661585194
0.000187683673246
0.000187705486810
0.000187727052739
0.000187748398591
0.000187769552021
0.000187790540189
0.000187811389181
0.000187832123465
0.000187852765411
0.000187873334902
0.000187893849051
0.000187914322051
0.000187934765167
0.000187955186862
0.000187975593068
0.000187995987550
0.000188016372364
0.000188036748344
0.000188057115588
0.000188077473888
0.000188097823081
0.000188118163250
0.000188138494797
0.000188158818329
0.000188179134401
0.000188199443110
0.000188219743575
0.000188240033357
0.000188260307860
0.000188280559768
0.000188300778576
0.000188320950258
0.000188341057112
0.000188361077803
0.000188380987618
0.000188400758926
0.000188420361817
0.000188439764902
0.000188458936208
0.000188477844148
0.000188496458488
0.000188514751281
0.000188532697724
0.000188550276893
0.000188567472346
0.000188584272578
0.000188600671314
0.000188616667668
0.000188632266164
0.000188647476636
0.000188662314036
0.000188676798156
0.000188690953272
0.000188704807728
0.000188718393449
0.000188731745380
0.000188744900855
0.000188757898874
0.000188770779286
0.000188783581889
0.000188796345432
0.000188809106557
0.000188821898695
0.000188834750958
0.000188847687068
0.000188860724379
0.000188873873049
0.000188887135407
0.000188900505567
0.000188913969338
0.000188927504426
0.000188941080969
0.000188954662369
0.000188968206412
0.000188981666612
0.000188994993739
0.000189008137449
0.000189021047950
0.000189033677617
0.000189045982503
0.000189057923663
0.000189069468264
0.000189080590418
0.000189091271754
0.000189101501696
0.000189111277471
0.000189120603880
0.000189129492844
0.000189137962781
0.000189146037841
0.000189153747043
0.000189161123344
0.000189168202663
0.000189175022892
0.000189181622895
0.000189188041513
0.000189194316577
0.000189200483949
0.000189206576579
0.000189212623605
0.000189218649521
0.000189224673416
0.000189230708332
0.000189236760766
0.000189242830353
0.000189248909759
0.000189254984808
0.000189261034872
0.000189267033510
0.000189272949367
0.000189278747291
0.000189284389645
0.000189289837746
0.000189295053369
0.000189300000264
0.000189304645574
0.000189308961126
0.000189312924500
0.000189316519832
0.000189319738329
0.000189322578451
0.000189325045783
0.000189327152607
0.000189328917202
0.000189330362927
0.000189331517144
0.000189332410034
0.000189333073378
0.000189333539348
0.000189333839367
0.000189334003070
0.000189334057394
0.000189334025823
0.000189333927771
0.000189333778127
0.000189333586929
0.000189333359170
0.000189333094716
0.000189332788335
0.000189332429810
0.000189332004170
0.000189331491999
0.000189330869867
0.000189330110867
0.000189329185272
0.000189328061314
0.000189326706077
0.000189325086492
0.000189323170414
0.000189320927741
0.000189318331534
0.000189315359093
0.000189311992925
0.000189308221560
0.000189304040163
0.000189299450890
0.000189294462973
0.000189289092509
0.000189283361960
0.000189277299379
0.000189270937403
0.000189264312062
0.000189257461460
0.000189250424399
0.000189243239021
0.000189235941517
0.000189228564979
0.000189221138430
0.000189213686066
0.000189206226729
0.000189198773612
0.000189191334180
0.000189183910288
0.000189176498458
0.000189169090284
0.000189161672922
0.000189154229637
0.000189146740371
0.000189139182318
0.000189131530493
0.000189123758281
0.000189115837986
0.000189107741367
0.000189099440186
0.000189090906763
0.000189082114548
0.000189073038709
0.000189063656717
0.000189053948920
0.000189043899080
0.000189033494837
0.000189022728085
0.000189011595212
0.000189000097189
0.000188988239500
0.000188976031876
0.000188963487877
0.000188950624306
0.000188937460509
0.000188924017582
0.000188910317553
0.000188896382565
0.000188882234135
0.000188867892516
0.000188853376212
0.000188838701658
0.000188823883083
0.000188808932551
0.000188793860160
0.000188778674356
0.000188763382345
0.000188747990532
0.000188732504941
0.000188716931592
0.000188701276768
0.000188685547161
0.000188669749879
0.000188653892309
0.000188637981849
0.000188622025539
0.000188606029613
0.000188589999013
0.000188573936918
0.000188557844303
0.000188541719584
0.000188525558353
0.000188509353237
0.000188493093868
0.000188476766972
0.000188460356551
0.000188443844148
0.000188427209174
0.000188410429263
0.000188393480646
0.000188376338537
0.000188358977503
0.000188341371842
0.000188323495968
0.000188305324809
0.000188286834244
0.000188268001594
0.000188248806159
0.000188229229841
0.000188209257804
0.000188188879199
0.000188168087896
0.000188146883198
0.000188125270497
0.000188103261811
0.000188080876165
0.000188058139752
0.000188035085850
0.000188011754462
0.000187988191660
0.000187964448642
0.000187940580534
0.000187916644953
0.000187892700406
0.000187868804581
0.000187845012600
0.000187821375316
0.000187797937722
0.000187774737531
0.000187751803998
0.000187729157002
0.000187706806432
0.000187684751874
0.000187662982600
0.000187641477835
0.000187620207283
0.000187599131870
0.000187578204677
0.000187557372015
0.000187536574629
0.000187515748982
0.000187494828616
0.000187473745557
0.000187452431767
0.000187430820617
0.000187408848371
0.000187386455678
0.000187363589033
0.000187340202188
0.000187316257480
0.000187291727033
0.000187266593777
0.000187240852257
0.000187214509159
0.000187187583532
0.000187160106661
0.000187132121566
0.000187103682141
0.000187074851926
0.000187045702552
0.000187016311908
0.000186986762093
0.000186957137228
0.000186927521210
0.000186897995495
0.000186868636989
0.000186839516130
0.000186810695211
0.000186782226999
0.000186754153678
0.000186726506132
0.000186699303559
0.000186672553394
0.000186646251528
0.000186620382768
0.000186594921501
0.000186569832537
0.000186545072071
0.000186520588753
0.000186496324831
0.000186472217352
0.000186448199419
0.000186424201485
0.000186400152690
0.000186375982230
0.000186351620752
0.000186327001762
0.000186302063017
0.000186276747880
0.000186251006600
0.000186224797471
0.000186198087834
0.000186170854870
0.000186143086156
0.000186114779953
