0.000217492620642
0.000217597398418
0.000217702264412
0.000217806852035
0.000217910789717
0.000218013707834
0.000218115245805
0.000218215059168
0.000218312826390
0.000218408255204
0.000218501088276
0.000218591108016
0.000218678140389
0.000218762057594
0.000218842779560
0.000218920274187
0.000218994556369
0.000219065685838
0.000219133763932
0.000219198929410
0.000219261353512
0.000219321234433
0.000219378791459
0.000219434258974
0.000219487880581
0.000219539903534
0.000219590573694
0.000219640131148
0.000219688806625
0.000219736818773
0.000219784372332
0.000219831657182
0.000219878848197
0.000219926105816
0.000219973577189
0.000220021397747
0.000220069693033
0.000220118580620
0.000220168171948
0.000220218573934
0.000220269890217
0.000220322221930
0.000220375667925
0.000220430324414
0.000220486283999
0.000220543634134
0.000220602455071
0.000220662817384
0.000220724779191
0.000220788383216
0.000220853653859
0.000220920594432
0.000220989184738
0.000221059379157
0.000221131105377
0.000221204263893
0.000221278728360
0.000221354346827
0.000221430943881
0.000221508323624
0.000221586273414
0.000221664568235
0.000221742975533
0.000221821260322
0.000221899190383
0.000221976541311
0.000222053101254
0.000222128675119
0.000222203088112
0.000222276188483
0.000222347849370
0.000222417969704
0.000222486474175
0.000222553312263
0.000222618456440
0.000222681899620
0.000222743652010
0.000222803737512
0.000222862189872
0.000222919048734
0.000222974355833
0.000223028151473
0.000223080471492
0.000223131344851
0.000223180791977
0.000223228823932
0.000223275442470
0.000223320640961
0.000223364406152
0.000223406720661
0.000223447566083
0.000223486926528
0.000223524792420
0.000223561164330
0.000223596056653
0.000223629500914
0.000223661548525
0.000223692272835
0.000223721770351
0.000223750161054
0.000223777587764
0.000223804214567
0.000223830224357
0.000223855815570
0.000223881198243
0.000223906589545
0.000223932208948
0.000223958273227
0.000223984991480
0.000224012560343
0.000224041159602
0.000224070948336
0.000224102061752
0.000224134608807
0.000224168670693
0.000224204300228
0.000224241522136
0.000224280334179
0.000224320709055
0.000224362596930
0.000224405928474
0.000224450618201
0.000224496567956
0.000224543670331
0.000224591811867
0.000224640875843
0.000224690744551
0.000224741300941
0.000224792429590
0.000224844016974
0.000224895951076
0.000224948120402
0.000225000412504
0.000225052712148
0.000225104899286
0.000225156846991
0.000225208419530
0.000225259470742
0.000225309842874
0.000225359365999
0.000225407858140
0.000225455126151
0.000225500967418
0.000225545172362
0.000225587527725
0.000225627820551
0.000225665842753
0.000225701396122
0.000225734297607
0.000225764384652
0.000225791520412
0.000225815598592
0.000225836547739
0.000225854334764
0.000225868967547
0.000225880496479
0.000225889014864
0.000225894658134
0.000225897601880
0.000225898058777
0.000225896274488
0.000225892522707
0.000225887099528
0.000225880317325
0.000225872498384
0.000225863968498
0.000225855050747
0.000225846059651
0.000225837295893
0.000225829041728
0.000225821557224
0.000225815077367
0.000225809810106
0.000225805935289
0.000225803604480
0.000225802941565
0.000225804044029
0.000225806984787
0.000225811814399
0.000225818563515
0.000225827245371
0.000225837858165
0.000225850387178
0.000225864806490
0.000225881080196
0.000225899163054
0.000225919000539
0.000225940528312
0.000225963671173
0.000225988341577
0.000226014437857
0.000226041842296
0.000226070419231
0.000226100013356
0.000226130448403
0.000226161526352
0.000226193027320
0.000226224710204
0.000226256314175
0.000226287561022
0.000226318158351
0.000226347803564
0.000226376188541
0.000226403004884
0.000226427949570
0.000226450730837
0.000226471074115
0.000226488727784
0.000226503468577
0.000226515106431
0.000226523488595
0.000226528502866
0.000226530079813
0.000226528193909
0.000226522863525
0.000226514149786
0.000226502154343
0.000226487016134
0.000226468907292
0.000226448028345
0.000226424602923
0.000226398872178
0.000226371089140
0.000226341513231
0.000226310405141
0.000226278022239
0.000226244614668
0.000226210422225
0.000226175672095
0.000226140577433
0.000226105336796
0.000226070134321
0.000226035140572
0.000226000513906
0.000225966402208
0.000225932944835
0.000225900274585
0.000225868519535
0.000225837804592
0.000225808252606
0.000225779984958
0.000225753121510
0.000225727779895
0.000225704074112
0.000225682112471
0.000225661994941
0.000225643810012
0.000225627631193
0.000225613513323
0.000225601488869
0.000225591564403
0.000225583717463
0.000225577893966
0.000225574006359
0.000225571932630
0.000225571516273
0.000225572567287
0.000225574864181
0.000225578156983
0.000225582171140
0.000225586612195
0.000225591171088
0.000225595529881
0.000225599367721
0.000225602366820
0.000225604218261
0.000225604627428
0.000225603318885
0.000225600040572
0.000225594567190
0.000225586702696
0.000225576281881
0.000225563171009
0.000225547267561
0.000225528499162
0.000225506821781
0.000225482217353
0.000225454690965
0.000225424267794
0.000225390989964
0.000225354913511
0.000225316105616
0.000225274642272
0.000225230606480
0.000225184087092
0.000225135178313
0.000225083979893
0.000225030597940
0.000224975146286
0.000224917748277
0.000224858538825
0.000224797666568
0.000224735295927
0.000224671608899
0.000224606806383
0.000224541108914
0.000224474756651
0.000224408008532
0.000224341140551
0.000224274443124
0.000224208217588
0.000224142771888
0.000224078415569
0.000224015454196
0.000223954183385
0.000223894882628
0.000223837809107
0.000223783191726
0.000223731225559
0.000223682066922
0.000223635829245
0.000223592579919
0.000223552338217
0.000223515074403
0.000223480710041
0.000223449119508
0.000223420132661
0.000223393538538
0.000223369089961
0.000223346508860
0.000223325492110
0.000223305717666
0.000223286850777
0.000223268550056
0.000223250473217
0.000223232282314
0.000223213648332
0.000223194255054
0.000223173802139
0.000223152007402
0.000223128608318
0.000223103362829
0.000223076049525
0.000223046467339
0.000223014434874
0.000222979789513
0.000222942386459
0.000222902097846
0.000222858812047
0.000222812433301
0.000222762881725
0.000222710093797
0.000222654023311
0.000222594642804
0.000222531945403
0.000222465947011
0.000222396688709
0.000222324239239
0.000222248697379
0.000222170194063
0.000222088894030
0.000222004996858
0.000221918737198
0.000221830384115
0.000221740239409
0.000221648634908
0.000221555928695
0.000221462500353
0.000221368745296
0.000221275068347
0.000221181876718
0.000221089572612
0.000220998545661
0.000220909165433
0.000220821774249
0.000220736680518
0.000220654152818
0.000220574414886
0.000220497641673
0.000220423956584
0.000220353429964
0.000220286078871
0.000220221868115
0.000220160712504
0.000220102480206
0.000220046997075
0.000219994051786
0.000219943401561
0.000219894778287
0.000219847894797
0.000219802451088
0.000219758140270
0.000219714654059
0.000219671687655
0.000219628943900
0.000219586136621
0.000219542993150
0.000219499256033
0.000219454683982
0.000219409052172
0.000219362152006
0.000219313790495
0.000219263789408
0.000219211984344
0.000219158223883
0.000219102368941
0.000219044292437
0.000218983879357
0.000218921027262
0.000218855647248
0.000218787665357
