0.000199145056308
0.000199182598984
0.000199219744840
0.000199256521654
0.000199292965651
0.000199329120404
0.000199365035545
0.000199400765348
0.000199436367215
0.000199471900096
0.000199507422904
0.000199542992955
0.000199578664484
0.000199614487279
0.000199650505461
0.000199686756458
0.000199723270186
0.000199760068454
0.000199797164610
0.000199834563420
0.000199872261174
0.000199910245997
0.000199948498355
0.000199986991714
0.000200025693331
0.000200064565142
0.000200103564721
0.000200142646282
0.000200181761695
0.000200220861496
0.000200259895887
0.000200298815688
0.000200337573257
0.000200376123346
0.000200414423905
0.000200452436809
0.000200490128514
0.000200527470628
0.000200564440388
0.000200601021036
0.000200637202085
0.000200672979470
0.000200708355576
0.000200743339143
0.000200777945043
0.000200812193945
0.000200846111857
0.000200879729568
0.000200913082000
0.000200946207478
0.000200979146930
0.000201011943046
0.000201044639389
0.000201077279490
0.000201109905925
0.000201142559398
0.000201175277828
0.000201208095477
0.000201241042100
0.000201274142168
0.000201307414159
0.000201340869942
0.000201374514283
0.000201408344489
0.000201442350208
0.000201476513415
0.000201510808584
0.000201545203073
0.000201579657706
0.000201614127562
0.000201648562953
0.000201682910566
0.000201717114739
0.000201751118847
0.000201784866736
0.000201818304183
0.000201851380320
0.000201884048984
0.000201916269954
0.000201948010027
0.000201979243918
0.000202009954942
0.000202040135462
0.000202069787106
0.000202098920728
0.000202127556125
0.000202155721517
0.000202183452798
0.000202210792580
0.000202237789053
0.000202264494681
0.000202290964782
0.000202317256004
0.000202343424766
0.000202369525676
0.000202395610003
0.000202421724218
0.000202447908677
0.000202474196468
0.000202500612476
0.000202527172683
0.000202553883746
0.000202580742848
0.000202607737844
0.000202634847677
0.000202662043067
0.000202689287425
0.000202716537969
0.000202743747002
0.000202770863291
0.000202797833511
0.000202824603702
0.000202851120695
0.000202877333459
0.000202903194340
0.000202928660160
0.000202953693154
0.000202978261728
0.000203002341025
0.000203025913305
0.000203048968125
0.000203071502338
0.000203093519908
0.000203115031562
0.000203136054285
0.000203156610684
0.000203176728232
0.000203196438421
0.000203215775842
0.000203234777230
0.000203253480483
0.000203271923703
0.000203290144272
0.000203308177993
0.000203326058320
0.000203343815690
0.000203361476979
0.000203379065075
0.000203396598578
0.000203414091628
0.000203431553832
0.000203448990294
0.000203466401725
0.000203483784619
0.000203501131464
0.000203518431002
0.000203535668498
0.000203552826027
0.000203569882772
0.000203586815332
0.000203603598049
0.000203620203352
0.000203636602129
0.000203652764139
0.000203668658452
0.000203684253938
0.000203699519787
0.000203714426061
0.000203728944273
0.000203743047964
0.000203756713286
0.000203769919551
0.000203782649744
0.000203794890984
0.000203806634906
0.000203817877961
0.000203828621627
0.000203838872508
0.000203848642332
0.000203857947831
0.000203866810516
0.000203875256324
0.000203883315166
0.000203891020357
0.000203898407942
0.000203905515927
0.000203912383422
0.000203919049710
0.000203925553268
0.000203931930747
0.000203938215959
0.000203944438885
0.000203950624741
0.000203956793146
0.000203962957413
0.000203969124003
0.000203975292168
0.000203981453801
0.000203987593513
0.000203993688934
0.000203999711237
0.000204005625871
0.000204011393482
0.000204016970982
0.000204022312745
0.000204027371876
0.000204032101516
0.000204036456143
0.000204040392823
0.000204043872383
0.000204046860455
0.000204049328386
0.000204051253976
0.000204052622030
0.000204053424718
0.000204053661729
0.000204053340221
0.000204052474573
0.000204051085942
0.000204049201636
0.000204046854327
0.000204044081116
0.000204040922480
0.000204037421135
0.000204033620835
0.000204029565163
0.000204025296333
0.000204020854052
0.000204016274482
0.000204011589325
0.000204006825068
0.000204002002408
0.000203997135874
0.000203992233651
0.000203987297598
0.000203982323457
0.000203977301236
0.000203972215730
0.000203967047162
0.000203961771909
0.000203956363282
0.000203950792328
0.000203945028632
0.000203939041085
0.000203932798616
0.000203926270862
0.000203919428761
0.000203912245090
0.000203904694910
0.000203896755953
0.000203888408920
0.000203879637725
0.000203870429658
0.000203860775495
0.000203850669535
0.000203840109581
0.000203829096875
0.000203817635962
0.000203805734525
0.000203793403167
0.000203780655173
0.000203767506235
0.000203753974168
0.000203740078616
0.000203725840761
0.000203711283021
0.000203696428769
0.000203681302041
0.000203665927254
0.000203650328908
0.000203634531284
0.000203618558116
0.000203602432240
0.000203586175211
0.000203569806893
0.000203553345020
0.000203536804746
0.000203520198187
0.000203503533985
0.000203486816905
0.000203470047493
0.000203453221820
0.000203436331326
0.000203419362794
0.000203402298455
0.000203385116239
0.000203367790168
0.000203350290894
0.000203332586355
0.000203314642547
0.000203296424372
0.000203277896562
0.000203259024617
0.000203239775762
0.000203220119874
0.000203200030360
0.000203179484966
0.000203158466481
0.000203136963332
0.000203114970045
0.000203092487555
0.000203069523359
0.000203046091495
0.000203022212354
0.000202997912305
0.000202973223149
0.000202948181406
0.000202922827447
0.000202897204486
0.000202871357469
0.000202845331879
0.000202819172504
0.000202792922194
0.000202766620669
0.000202740303400
0.000202714000612
0.000202687736456
0.000202661528352
0.000202635386556
0.000202609313940
0.000202583306007
0.000202557351121
0.000202531430953
0.000202505521105
0.000202479591902
0.000202453609309
0.000202427535950
0.000202401332178
0.000202374957187
0.000202348370112
0.000202321531102
0.000202294402338
0.000202266948972
0.000202239139967
0.000202210948827
0.000202182354197
0.000202153340327
0.000202123897392
0.000202094021660
0.000202063715500
0.000202032987248
0.000202001850919
0.000201970325780
0.000201938435799
0.000201906208990
0.000201873676671
0.000201840872661
0.000201807832445
0.000201774592334
0.000201741188644
0.000201707656919
0.000201674031223
0.000201640343504
0.000201606623055
0.000201572896068
0.000201539185282
0.000201505509717
0.000201471884494
0.000201438320722
0.000201404825449
0.000201371401659
0.000201338048319
0.000201304760462
0.000201271529300
0.000201238342392
0.000201205183834
0.000201172034515
0.000201138872407
0.000201105672930
0.000201072409361
0.000201039053313
0.000201005575264
0.000200971945141
0.000200938132938
0.000200904109363
0.000200869846499
0.000200835318453
0.000200800501995
0.000200765377148
0.000200729927740
0.000200694141883
0.000200658012383
0.000200621537059
0.000200584718981
0.000200547566602
0.000200510093785
0.000200472319720
0.000200434268732
0.000200395969956
0.000200357456902
0.000200318766885
0.000200279940342
0.000200241020025
0.000200202050095
0.000200163075124
0.000200124139033
0.000200085283991
0.000200046549303
0.000200007970331
0.000199969577487
0.000199931395319
0.000199893441748
0.000199855727472
0.000199818255571
0.000199781021327
0.000199744012270
0.000199707208457
0.000199670582964
0.000199634102590
0.000199597728743
0.000199561418476
