0.000267621749731
0.000267737102779
0.000267852476914
0.000267967868566
0.000268083274742
0.000268198692874
0.000268314120631
0.000268429555734
0.000268544995748
0.000268660437891
0.000268775878851
0.000268891314624
0.000269006740387
0.000269122150408
0.000269237537993
0.000269352895485
0.000269468214305
0.000269583485039
0.000269698697562
0.000269813841205
0.000269928904942
0.000270043877597
0.000270158748069
0.000270273505539
0.000270388139682
0.000270502640848
0.000270617000212
0.000270731209888
0.000270845263000
0.000270959153702
0.000271072877146
0.000271186429412
0.000271299807375
0.000271413008551
0.000271526030896
0.000271638872590
0.000271751531803
0.000271864006463
0.000271976294032
0.000272088391298
0.000272200294205
0.000272311997719
0.000272423495732
0.000272534781033
0.000272645845314
0.000272756679243
0.000272867272580
0.000272977614335
0.000273087692974
0.000273197496643
0.000273307013414
0.000273416231538
0.000273525139688
0.000273633727190
0.000273741984219
0.000273849901963
0.000273957472732
0.000274064690025
0.000274171548530
0.000274278044078
0.000274384173535
0.000274489934647
0.000274595325844
0.000274700346006
0.000274804994208
0.000274909269460
0.000275013170435
0.000275116695228
0.000275219841128
0.000275322604439
0.000275424980334
0.000275526962778
0.000275628544496
0.000275729717010
0.000275830470727
0.000275930795091
0.000276030678775
0.000276130109914
0.000276229076373
0.000276327566018
0.000276425567005
0.000276523068046
0.000276620058659
0.000276716529377
0.000276812471916
0.000276907879287
0.000277002745843
0.000277097067277
0.000277190840539
0.000277284063710
0.000277376735814
0.000277468856585
0.000277560426205
0.000277651445017
0.000277741913227
0.000277831830621
0.000277921196291
0.000278010008402
0.000278098264000
0.000278185958871
0.000278273087468
0.000278359642895
0.000278445616964
0.000278531000305
0.000278615782546
0.000278699952538
0.000278783498618
0.000278866408905
0.000278948671604
0.000279030275313
0.000279111209318
0.000279191463848
0.000279271030298
0.000279349901399
0.000279428071321
0.000279505535715
0.000279582291687
0.000279658337700
0.000279733673416
0.000279808299483
0.000279882217275
0.000279955428595
0.000280027935365
0.000280099739303
0.000280170841613
0.000280241242706
0.000280310941950
0.000280379937476
0.000280448226043
0.000280515802970
0.000280582662136
0.000280648796058
0.000280714196025
0.000280778852302
0.000280842754384
0.000280905891288
0.000280968251871
0.000281029825162
0.000281090600689
0.000281150568782
0.000281209720847
0.000281268049588
0.000281325549172
0.000281382215330
0.000281438045383
0.000281493038194
0.000281547194055
0.000281600514504
0.000281653002080
0.000281704660044
0.000281755492054
0.000281805501835
0.000281854692834
0.000281903067901
0.000281950628992
0.000281997376921
0.000282043311165
0.000282088429734
0.000282132729117
0.000282176204295
0.000282218848838
0.000282260655061
0.000282301614254
0.000282341716957
0.000282380953272
0.000282419313209
0.000282456787030
0.000282493365591
0.000282529040658
0.000282563805183
0.000282597653525
0.000282630581613
0.000282662587035
0.000282693669047
0.000282723828511
0.000282753067762
0.000282781390395
0.000282808801011
0.000282835304903
0.000282860907720
0.000282885615112
0.000282909432380
0.000282932364140
0.000282954414027
0.000282975584444
0.000282995876370
0.000283015289246
0.000283033820927
0.000283051467720
0.000283068224488
0.000283084084842
0.000283099041378
0.000283113085977
0.000283126210137
0.000283138405329
0.000283149663362
0.000283159976721
0.000283169338896
0.000283177744653
0.000283185190250
0.000283191673594
0.000283197194310
0.000283201753742
0.000283205354870
0.000283208002156
0.000283209701317
0.000283210459048
0.000283210282692
0.000283209179892
0.000283207158226
0.000283204224842
0.000283200386129
0.000283195647414
0.000283190012715
0.000283183484568
0.000283176063913
0.000283167750064
0.000283158540768
0.000283148432324
0.000283137419788
0.000283125497235
0.000283112658070
0.000283098895376
0.000283084202276
0.000283068572304
0.000283051999755
0.000283034479999
0.000283016009753
0.000282996587292
0.000282976212582
0.000282954887345
0.000282932615037
0.000282909400750
0.000282885251037
0.000282860173674
0.000282834177361
0.000282807271387
0.000282779465270
0.000282750768382
0.000282721189595
0.000282690736939
0.000282659417320
0.000282627236274
0.000282594197810
0.000282560304309
0.000282525556515
0.000282489953604
0.000282453493327
0.000282416172223
0.000282377985901
0.000282338929355
0.000282298997324
0.000282258184657
0.000282216486681
0.000282173899550
0.000282130420549
0.000282086048359
0.000282040783249
0.000281994627199
0.000281947583946
0.000281899658943
0.000281850859249
0.000281801193335
0.000281750670836
0.000281699302238
0.000281647098541
0.000281594070891
0.000281540230208
0.000281485586836
0.000281430150210
0.000281373928583
0.000281316928798
0.000281259156141
0.000281200614264
0.000281141305190
0.000281081229398
0.000281020385980
0.000280958772875
0.000280896387150
0.000280833225328
0.000280769283747
0.000280704558927
0.000280639047927
0.000280572748686
0.000280505660317
0.000280437783350
0.000280369119913
0.000280299673831
0.000280229450655
0.000280158457605
0.000280086703444
0.000280014198268
0.000279940953250
0.000279866980325
0.000279792291845
0.000279716900218
0.000279640817544
0.000279564055271
0.000279486623883
0.000279408532636
0.000279329789356
0.000279250400306
0.000279170370130
0.000279089701877
0.000279008397098
0.000278926456023
0.000278843877797
0.000278760660771
0.000278676802830
0.000278592301748
0.000278507155545
0.000278421362839
0.000278334923165
0.000278247837253
0.000278160107252
0.000278071736890
0.000277982731551
0.000277893098287
0.000277802845742
0.000277711984009
0.000277620524415
0.000277528479255
0.000277435861476
0.000277342684336
0.000277248961050
0.000277154704440
0.000277059926606
0.000276964638636
0.000276868850358
0.000276772570166
0.000276675804908
0.000276578559849
0.000276480838715
0.000276382643808
0.000276283976190
0.000276184835930
0.000276085222391
0.000275985134561
0.000275884571394
0.000275783532155
0.000275682016756
0.000275580026048
0.000275477562084
0.000275374628314
0.000275271229719
0.000275167372873
0.000275063065923
0.000274958318507
0.000274853141592
0.000274747547255
0.000274641548413
0.000274535158507
0.000274428391179
0.000274321259924
0.000274213777759
0.000274105956919
0.000273997808588
0.000273889342679
0.000273780567683
0.000273671490585
0.000273562116844
0.000273452450460
0.000273342494102
0.000273232249302
0.000273121716700
0.000273010896336
0.000272899787970
0.000272788391406
0.000272676706824
0.000272564735089
0.000272452478019
0.000272339938621
0.000272227121260
0.000272114031763
0.000272000677455
0.000271887067126
0.000271773210925
0.000271659120189
0.000271544807220
0.000271430285013
0.000271315566957
0.000271200666511
0.000271085596886
0.000270970370735
0.000270854999873
0.000270739495039
0.000270623865707
0.000270508119961
0.000270392264436
0.000270276304330
0.000270160243478
0.000270044084500
0.000269927828999
0.000269811477809
0.000269695031275
0.000269578489565
0.000269461852973
0.000269345122227
0.000269228298769
0.000269111385001
0.000268994384480
