0.000287616123236
0.000287709111947
0.000287803325949
0.000287898754314
0.000287995385934
0.000288093209525
0.000288192213623
0.000288292386583
0.000288393716575
0.000288496191577
0.000288599799368
0.000288704527524
0.000288810363411
0.000288917294181
0.000289025306773
0.000289134387909
0.000289244524103
0.000289355701657
0.000289467906677
0.000289581125077
0.000289695342589
0.000289810544774
0.000289926717031
0.000290043844606
0.000290161912600
0.000290280905974
0.000290400809551
0.000290521608018
0.000290643285926
0.000290765827685
0.000290889217560
0.000291013439668
0.000291138477968
0.000291264316260
0.000291390938181
0.000291518327200
0.000291646466621
0.000291775339583
0.000291904929066
0.000292035217895
0.000292166188753
0.000292297824186
0.000292430106616
0.000292563018351
0.000292696541593
0.000292830658451
0.000292965350943
0.000293100601005
0.000293236390491
0.000293372701175
0.000293509514748
0.000293646812814
0.000293784576890
0.000293922788395
0.000294061428648
0.000294200478865
0.000294339920153
0.000294479733510
0.000294619899830
0.000294760399901
0.000294901214414
0.000295042323970
0.000295183709089
0.000295325350225
0.000295467227769
0.000295609322068
0.000295751613430
0.000295894082136
0.000296036708443
0.000296179472591
0.000296322354804
0.000296465335291
0.000296608394242
0.000296751511825
0.000296894668180
0.000297037843414
0.000297181017599
0.000297324170764
0.000297467282893
0.000297610333928
0.000297753303768
0.000297896172275
0.000298038919281
0.000298181524597
0.000298323968022
0.000298466229356
0.000298608288413
0.000298750125028
0.000298891719072
0.000299033050460
0.000299174099152
0.000299314845163
0.000299455268563
0.000299595349473
0.000299735068065
0.000299874404555
0.000300013339200
0.000300151852289
0.000300289924139
0.000300427535094
0.000300564665516
0.000300701295793
0.000300837406332
0.000300972977576
0.000301107989999
0.000301242424126
0.000301376260539
0.000301509479888
0.000301642062907
0.000301773990425
0.000301905243373
0.000302035802797
0.000302165649860
0.000302294765847
0.000302423132166
0.000302550730346
0.000302677542032
0.000302803548982
0.000302928733055
0.000303053076212
0.000303176560501
0.000303299168063
0.000303420881117
0.000303541681972
0.000303661553020
0.000303780476745
0.000303898435733
0.000304015412677
0.000304131390393
0.000304246351827
0.000304360280076
0.000304473158391
0.000304584970191
0.000304695699072
0.000304805328814
0.000304913843377
0.000305021226909
0.000305127463740
0.000305232538375
0.000305336435493
0.000305439139932
0.000305540636687
0.000305640910902
0.000305739947863
0.000305837732995
0.000305934251861
0.000306029490166
0.000306123433757
0.000306216068635
0.000306307380965
0.000306397357083
0.000306485983512
0.000306573246972
0.000306659134395
0.000306743632932
0.000306826729963
0.000306908413100
0.000306988670193
0.000307067489326
0.000307144858815
0.000307220767203
0.000307295203251
0.000307368155931
0.000307439614416
0.000307509568071
0.000307578006449
0.000307644919286
0.000307710296496
0.000307774128174
0.000307836404602
0.000307897116253
0.000307956253801
0.000308013808129
0.000308069770349
0.000308124131804
0.000308176884087
0.000308228019045
0.000308277528794
0.000308325405715
0.000308371642464
0.000308416231967
0.000308459167416
0.000308500442264
0.000308540050216
0.000308577985218
0.000308614241451
0.000308648813318
0.000308681695437
0.000308712882637
0.000308742369953
0.000308770152625
0.000308796226106
0.000308820586059
0.000308843228372
0.000308864149166
0.000308883344806
0.000308900811911
0.000308916547366
0.000308930548334
0.000308942812258
0.000308953336869
0.000308962120190
0.000308969160528
0.000308974456475
0.000308978006901
0.000308979810941
0.000308979867989
0.000308978177685
0.000308974739905
0.000308969554752
0.000308962622552
0.000308953943844
0.000308943519380
0.000308931350131
0.000308917437286
0.000308901782258
0.000308884386698
0.000308865252502
0.000308844381820
0.000308821777068
0.000308797440937
0.000308771376399
0.000308743586709
0.000308714075414
0.000308682846342
0.000308649903602
0.000308615251579
0.000308578894921
0.000308540838527
0.000308501087542
0.000308459647341
0.000308416523518
0.000308371721881
0.000308325248447
0.000308277109435
0.000308227311267
0.000308175860573
0.000308122764193
0.000308068029186
0.000308011662839
0.000307953672675
0.000307894066462
0.000307832852223
0.000307770038239
0.000307705633055
0.000307639645482
0.000307572084592
0.000307502959718
0.000307432280442
0.000307360056590
0.000307286298217
0.000307211015599
0.000307134219221
0.000307055919764
0.000306976128097
0.000306894855270
0.000306812112511
0.000306727911223
0.000306642262983
0.000306555179548
0.000306466672862
0.000306376755059
0.000306285438473
0.000306192735645
0.000306098659331
0.000306003222509
0.000305906438376
0.000305808320357
0.000305708882099
0.000305608137467
0.000305506100538
0.000305402785592
0.000305298207098
0.000305192379710
0.000305085318248
0.000304977037692
0.000304867553167
0.000304756879941
0.000304645033417
0.000304532029129
0.000304417882740
0.000304302610049
0.000304186226990
0.000304068749639
0.000303950194219
0.000303830577110
0.000303709914849
0.000303588224140
0.000303465521856
0.000303341825036
0.000303217150887
0.000303091516782
0.000302964940247
0.000302837438960
0.000302709030735
0.000302579733516
0.000302449565363
0.000302318544442
0.000302186689014
0.000302054017431
0.000301920548123
0.000301786299598
0.000301651290441
0.000301515539311
0.000301379064943
0.000301241886155
0.000301104021851
0.000300965491022
0.000300826312759
0.000300686506246
0.000300546090773
0.000300405085729
0.000300263510605
0.000300121384989
0.000299978728558
0.000299835561077
0.000299691902384
0.000299547772384
0.000299403191036
0.000299258178346
0.000299112754354
0.000298966939130
0.000298820752763
0.000298674215359
0.000298527347037
0.000298380167927
0.000298232698171
0.000298084957926
0.000297936967365
0.000297788746683
0.000297640316096
0.000297491695847
0.000297342906210
0.000297193967482
0.000297044899992
0.000296895724093
0.000296746460155
0.000296597128567
0.000296447749719
0.000296298344005
0.000296148931804
0.000295999533479
0.000295850169365
0.000295700859760
0.000295551624920
0.000295402485058
0.000295253460330
0.000295104570845
0.000294955836653
0.000294807277754
0.000294658914095
0.000294510765571
0.000294362852030
0.000294215193272
0.000294067809052
0.000293920719078
0.000293773943013
0.000293627500470
0.000293481411011
0.000293335694140
0.000293190369301
0.000293045455866
0.000292900973133
0.000292756940319
0.000292613376549
0.000292470300852
0.000292327732157
0.000292185689285
0.000292044190945
0.000291903255735
0.000291762902135
0.000291623148510
0.000291484013108
0.000291345514061
0.000291207669384
0.000291070496978
0.000290934014629
0.000290798240005
0.000290663190662
0.000290528884036
0.000290395337443
0.000290262568078
0.000290130593009
0.000289999429171
0.000289869093367
0.000289739602258
0.000289610972361
0.000289483220040
0.000289356361510
0.000289230412822
0.000289105389869
0.000288981308376
0.000288858183902
0.000288736031837
0.000288614867398
0.000288494705632
0.000288375561412
0.000288257449437
0.000288140384232
0.000288024380147
0.000287909451357
