0.000306824100801
0.000306904795348
0.000306987975033
0.000307073631500
0.000307161755867
0.000307252338735
0.000307345370183
0.000307440839774
0.000307538736550
0.000307639049038
0.000307741765248
0.000307846872678
0.000307954358311
0.000308064208618
0.000308176409566
0.000308290946612
0.000308407804711
0.000308526968318
0.000308648421392
0.000308772147398
0.000308898129313
0.000309026349624
0.000309156790340
0.000309289432986
0.000309424258611
0.000309561247792
0.000309700380634
0.000309841636774
0.000309984995382
0.000310130435170
0.000310277934387
0.000310427470829
0.000310579021841
0.000310732564320
0.000310888074721
0.000311045529060
0.000311204902923
0.000311366171468
0.000311529309431
0.000311694291133
0.000311861090485
0.000312029680992
0.000312200035759
0.000312372127495
0.000312545928522
0.000312721410773
0.000312898545802
0.000313077304786
0.000313257658530
0.000313439577471
0.000313623031687
0.000313807990897
0.000313994424470
0.000314182301433
0.000314371590472
0.000314562259944
0.000314754277883
0.000314947612006
0.000315142229719
0.000315338098128
0.000315535184044
0.000315733453989
0.000315932874203
0.000316133410652
0.000316335029030
0.000316537694771
0.000316741373048
0.000316946028783
0.000317151626653
0.000317358131094
0.000317565506309
0.000317773716276
0.000317982724751
0.000318192495283
0.000318402991215
0.000318614175694
0.000318826011683
0.000319038461967
0.000319251489158
0.000319465055712
0.000319679123927
0.000319893655958
0.000320108613820
0.000320323959397
0.000320539654449
0.000320755660617
0.000320971939430
0.000321188452313
0.000321405160591
0.000321622025499
0.000321839008187
0.000322056069729
0.000322273171133
0.000322490273343
0.000322707337257
0.000322924323729
0.000323141193581
0.000323357907613
0.000323574426609
0.000323790711348
0.000324006722611
0.000324222421191
0.000324437767897
0.000324652723564
0.000324867249057
0.000325081305282
0.000325294853187
0.000325507853773
0.000325720268100
0.000325932057291
0.000326143182545
0.000326353605141
0.000326563286447
0.000326772187931
0.000326980271168
0.000327187497847
0.000327393829788
0.000327599228941
0.000327803657402
0.000328007077419
0.000328209451397
0.000328410741911
0.000328610911708
0.000328809923716
0.000329007741050
0.000329204327018
0.000329399645124
0.000329593659080
0.000329786332809
0.000329977630449
0.000330167516367
0.000330355955160
0.000330542911668
0.000330728350978
0.000330912238437
0.000331094539658
0.000331275220527
0.000331454247214
0.000331631586179
0.000331807204183
0.000331981068287
0.000332153145868
0.000332323404615
0.000332491812544
0.000332658337994
0.000332822949639
0.000332985616488
0.000333146307894
0.000333304993555
0.000333461643525
0.000333616228215
0.000333768718404
0.000333919085242
0.000334067300262
0.000334213335383
0.000334357162919
0.000334498755585
0.000334638086508
0.000334775129228
0.000334909857705
0.000335042246329
0.000335172269915
0.000335299903718
0.000335425123428
0.000335547905178
0.000335668225546
0.000335786061558
0.000335901390691
0.000336014190879
0.000336124440515
0.000336232118458
0.000336337204035
0.000336439677049
0.000336539517784
0.000336636707011
0.000336731225992
0.000336823056486
0.000336912180757
0.000336998581572
0.000337082242212
0.000337163146467
0.000337241278646
0.000337316623576
0.000337389166600
0.000337458893586
0.000337525790919
0.000337589845513
0.000337651044801
0.000337709376748
0.000337764829845
0.000337817393115
0.000337867056119
0.000337913808956
0.000337957642265
0.000337998547234
0.000338036515600
0.000338071539652
0.000338103612234
0.000338132726750
0.000338158877158
0.000338182057981
0.000338202264296
0.000338219491742
0.000338233736517
0.000338244995375
0.000338253265627
0.000338258545139
0.000338260832334
0.000338260126188
0.000338256426235
0.000338249732563
0.000338240045820
0.000338227367209
0.000338211698498
0.000338193042013
0.000338171400644
0.000338146777846
0.000338119177634
0.000338088604591
0.000338055063857
0.000338018561138
0.000337979102693
0.000337936695339
0.000337891346445
0.000337843063929
0.000337791856254
0.000337737732428
0.000337680701997
0.000337620775048
0.000337557962203
0.000337492274619
0.000337423723988
0.000337352322534
0.000337278083017
0.000337201018726
0.000337121143480
0.000337038471629
0.000336953018049
0.000336864798139
0.000336773827819
0.000336680123527
0.000336583702209
0.000336484581322
0.000336382778822
0.000336278313161
0.000336171203284
0.000336061468620
0.000335949129083
0.000335834205060
0.000335716717416
0.000335596687484
0.000335474137066
0.000335349088430
0.000335221564302
0.000335091587872
0.000334959182781
0.000334824373125
0.000334687183447
0.000334547638732
0.000334405764401
0.000334261586308
0.000334115130729
0.000333966424360
0.000333815494306
0.000333662368074
0.000333507073570
0.000333349639089
0.000333190093308
0.000333028465286
0.000332864784452
0.000332699080603
0.000332531383899
0.000332361724861
0.000332190134362
0.000332016643625
0.000331841284217
0.000331664088044
0.000331485087345
0.000331304314684
0.000331121802945
0.000330937585322
0.000330751695311
0.000330564166706
0.000330375033584
0.000330184330302
0.000329992091486
0.000329798352024
0.000329603147060
0.000329406511986
0.000329208482434
0.000329009094274
0.000328808383605
0.000328606386748
0.000328403140244
0.000328198680846
0.000327993045513
0.000327786271401
0.000327578395858
0.000327369456419
0.000327159490790
0.000326948536846
0.000326736632621
0.000326523816295
0.000326310126190
0.000326095600756
0.000325880278569
0.000325664198316
0.000325447398789
0.000325229918881
0.000325011797575
0.000324793073939
0.000324573787118
0.000324353976331
0.000324133680860
0.000323912940047
0.000323691793284
0.000323470280008
0.000323248439691
0.000323026311835
0.000322803935958
0.000322581351592
0.000322358598267
0.000322135715505
0.000321912742812
0.000321689719667
0.000321466685513
0.000321243679752
0.000321020741732
0.000320797910745
0.000320575226017
0.000320352726701
0.000320130451872
0.000319908440519
0.000319686731539
0.000319465363732
0.000319244375790
0.000319023806294
0.000318803693703
0.000318584076347
0.000318364992421
0.000318146479970
0.000317928576889
0.000317711320907
0.000317494749581
0.000317278900289
0.000317063810222
0.000316849516374
0.000316636055537
0.000316423464292
0.000316211779007
0.000316001035826
0.000315791270666
0.000315582519209
0.000315374816900
0.000315168198933
0.000314962700255
0.000314758355551
0.000314555199241
0.000314353265469
0.000314152588104
0.000313953200721
0.000313755136604
0.000313558428730
0.000313363109769
0.000313169212070
0.000312976767662
0.000312785808242
0.000312596365168
0.000312408469462
0.000312222151793
0.000312037442484
0.000311854371496
0.000311672968432
0.000311493262529
0.000311315282649
0.000311139057282
0.000310964614533
0.000310791982121
0.000310621187373
0.000310452257215
0.000310285218170
0.000310120096350
0.000309956917450
0.000309795706745
0.000309636489082
0.000309479288876
0.000309324130107
0.000309171036315
0.000309020030593
0.000308871135591
0.000308724373505
0.000308579766076
0.000308437334592
0.000308297099875
0.000308159082288
0.000308023301723
0.000307889777604
0.000307758528880
0.000307629574021
0.000307502931016
0.000307378617368
