0.000239551126024
0.000239628205609
0.000239705181360
0.000239782043497
0.000239858785871
0.000239935406051
0.000240011905259
0.000240088288180
0.000240164562622
0.000240240739071
0.000240316830125
0.000240392849861
0.000240468813129
0.000240544734827
0.000240620629167
0.000240696508961
0.000240772384968
0.000240848265317
0.000240924155028
0.000241000055654
0.000241075965058
0.000241151877332
0.000241227782860
0.000241303668522
0.000241379518046
0.000241455312460
0.000241531030671
0.000241606650104
0.000241682147415
0.000241757499221
0.000241832682830
0.000241907676951
0.000241982462342
0.000242057022375
0.000242131343510
0.000242205415636
0.000242279232297
0.000242352790761
0.000242426091966
0.000242499140313
0.000242571943339
0.000242644511271
0.000242716856479
0.000242788992856
0.000242860935138
0.000242932698196
0.000243004296334
0.000243075742595
0.000243147048129
0.000243218221629
0.000243289268857
0.000243360192284
0.000243430990849
0.000243501659854
0.000243572190988
0.000243642572487
0.000243712789424
0.000243782824116
0.000243852656624
0.000243922265350
0.000243991627686
0.000244060720709
0.000244129521882
0.000244198009752
0.000244266164602
0.000244333969048
0.000244401408549
0.000244468471818
0.000244535151112
0.000244601442391
0.000244667345347
0.000244732863288
0.000244798002890
0.000244862773818
0.000244927188243
0.000244991260246
0.000245055005166
0.000245118438880
0.000245181577073
0.000245244434501
0.000245307024290
0.000245369357295
0.000245431441542
0.000245493281769
0.000245554879104
0.000245616230865
0.000245677330516
0.000245738167767
0.000245798728820
0.000245858996751
0.000245918952015
0.000245978573056
0.000246037836997
0.000246096720379
0.000246155199934
0.000246213253349
0.000246270859993
0.000246328001586
0.000246384662777
0.000246440831612
0.000246496499865
0.000246551663237
0.000246606321396
0.000246660477870
0.000246714139789
0.000246767317496
0.000246820024026
0.000246872274499
0.000246924085421
0.000246975473944
0.000247026457103
0.000247077051055
0.000247127270360
0.000247177127328
0.000247226631440
0.000247275788898
0.000247324602283
0.000247373070361
0.000247421188029
0.000247468946411
0.000247516333089
0.000247563332474
0.000247609926285
0.000247656094138
0.000247701814204
0.000247747063924
0.000247791820748
0.000247836062874
0.000247879769958
0.000247922923774
0.000247965508791
0.000248007512659
0.000248048926572
0.000248089745509
0.000248129968334
0.000248169597759
0.000248208640163
0.000248247105283
0.000248285005778
0.000248322356685
0.000248359174794
0.000248395477952
0.000248431284321
0.000248466611636
0.000248501476462
0.000248535893502
0.000248569874961
0.000248603430011
0.000248636564360
0.000248669279948
0.000248701574784
0.000248733442929
0.000248764874631
0.000248795856600
0.000248826372418
0.000248856403073
0.000248885927600
0.000248914923785
0.000248943368944
0.000248971240703
0.000248998517794
0.000249025180796
0.000249051212825
0.000249076600127
0.000249101332553
0.000249125403909
0.000249148812147
0.000249171559404
0.000249193651885
0.000249215099586
0.000249235915875
0.000249256116938
0.000249275721126
0.000249294748212
0.000249313218593
0.000249331152477
0.000249348569066
0.000249365485785
0.000249381917583
0.000249397876321
0.000249413370291
0.000249428403857
0.000249442977264
0.000249457086596
0.000249470723890
0.000249483877415
0.000249496532082
0.000249508669995
0.000249520271094
0.000249531313889
0.000249541776242
0.000249551636173
0.000249560872663
0.000249569466410
0.000249577400533
0.000249584661168
0.000249591237968
0.000249597124463
0.000249602318276
0.000249606821193
0.000249610639079
0.000249613781646
0.000249616262080
0.000249618096547
0.000249619303588
0.000249619903431
0.000249619917248
0.000249619366368
0.000249618271498
0.000249616651961
0.000249614524986
0.000249611905077
0.000249608803476
0.000249605227754
0.000249601181527
0.000249596664326
0.000249591671603
0.000249586194905
0.000249580222178
0.000249573738211
0.000249566725199
0.000249559163404
0.000249551031886
0.000249542309293
0.000249532974663
0.000249523008221
0.000249512392134
0.000249501111208
0.000249489153481
0.000249476510712
0.000249463178727
0.000249449157621
0.000249434451803
0.000249419069879
0.000249403024379
0.000249386331335
0.000249369009728
0.000249351080817
0.000249332567389
0.000249313492936
0.000249293880815
0.000249273753404
0.000249253131291
0.000249232032538
0.000249210472031
0.000249188460956
0.000249166006413
0.000249143111183
0.000249119773669
0.000249095987994
0.000249071744267
0.000249047029010
0.000249021825712
0.000248996115504
0.000248969877927
0.000248943091764
0.000248915735887
0.000248887790123
0.000248859236064
0.000248830057824
0.000248800242689
0.000248769781661
0.000248738669846
0.000248706906701
0.000248674496109
0.000248641446294
0.000248607769573
0.000248573481960
0.000248538602628
0.000248503153265
0.000248467157338
0.000248430639288
0.000248393623704
0.000248356134487
0.000248318194047
0.000248279822556
0.000248241037290
0.000248201852078
0.000248162276874
0.000248122317483
0.000248081975432
0.000248041248001
0.000248000128412
0.000247958606158
0.000247916667484
0.000247874295969
0.000247831473218
0.000247788179625
0.000247744395173
0.000247700100263
0.000247655276521
0.000247609907560
0.000247563979683
0.000247517482482
0.000247470409318
0.000247422757676
0.000247374529360
0.000247325730539
0.000247276371634
0.000247226467046
0.000247176034744
0.000247125095711
0.000247073673289
0.000247021792425
0.000246969478863
0.000246916758297
0.000246863655526
0.000246810193639
0.000246756393261
0.000246702271889
0.000246647843340
0.000246593117340
0.000246538099263
0.000246482790034
0.000246427186196
0.000246371280149
0.000246315060544
0.000246258512816
0.000246201619848
0.000246144362726
0.000246086721573
0.000246028676413
0.000245970208045
0.000245911298895
0.000245851933800
0.000245792100703
0.000245731791243
0.000245671001187
0.000245609730726
0.000245547984591
0.000245485772005
0.000245423106458
0.000245360005336
0.000245296489388
0.000245232582082
0.000245168308853
0.000245103696281
0.000245038771230
0.000244973559985
0.000244908087401
0.000244842376125
0.000244776445890
0.000244710312927
0.000244643989513
0.000244577483657
0.000244510798958
0.000244443934618
0.000244376885625
0.000244309643081
0.000244242194688
0.000244174525341
0.000244106617835
0.000244038453644
0.000243970013743
0.000243901279450
0.000243832233253
0.000243762859594
0.000243693145576
0.000243623081575
0.000243552661735
0.000243481884315
0.000243410751903
0.000243339271453
0.000243267454183
0.000243195315306
0.000243122873618
0.000243050150962
0.000242977171577
0.000242903961355
0.000242830547050
0.000242756955441
0.000242683212502
0.000242609342596
0.000242535367728
0.000242461306883
0.000242387175472
0.000242312984913
0.000242238742351
0.000242164450544
0.000242090107902
0.000242015708694
0.000241941243407
0.000241866699247
0.000241792060759
0.000241717310556
0.000241642430113
0.000241567400613
0.000241492203802
0.000241416822825
0.000241341243014
0.000241265452594
0.000241189443282
0.000241113210763
0.000241036755003
0.000240960080420
0.000240883195874
0.000240806114498
0.000240728853362
0.000240651432996
0.000240573876775
0.000240496210206
