0.002473018569685
0.002471907211027
0.002470385416260
0.002468483504809
0.002466240618359
0.002463703948497
0.002460927777128
0.002457972348783
0.002454902597881
0.002451786757447
0.002448694878672
0.002445697293017
0.002442863050144
0.002440258365912
0.002437945114763
0.002435979400323
0.002434410236630
0.002433278370388
0.002432615271874
0.002432442318752
0.002432770193084
0.002433598507398
0.002434915670821
0.002436699001157
0.002438915083473
0.002441520370351
0.002444462013614
0.002447678912148
0.002451102955519
0.002454660438546
0.002458273617967
0.002461862378845
0.002465345975573
0.002468644810272
0.002471682210082
0.002474386164389
0.002476690983394
0.002478538840684
0.002479881164465
0.002480679845007
0.002480908229385
0.002480551878883
0.002479609069254
0.002478091019356
0.002476021839403
0.002473438196037
0.002470388697546
0.002466933008658
0.002463140710363
0.002459089925920
0.002454865739595
0.002450558439528
0.002446261620346
0.002442070184728
0.002438078285800
0.002434377254183
0.002431053554409
0.002428186815474
0.002425847979336
0.002424097609234
0.002422984396910
0.002422543904081
0.002422797568994
0.002423752003661
0.002425398601496
0.002427713468699
0.002430657685999
0.002434177900361
0.002438207239192
0.002442666532533
0.002447465821944
0.002452506128253
0.002457681444442
0.002462880914535
0.002467991154790
0.002472898669745
0.002477492312905
0.002481665740050
0.002485319802496
0.002488364828037
0.002490722738814
0.002492328958001
0.002493134060863
0.002493105130435
0.002492226783633
0.002490501840051
0.002487951612747
0.002484615807985
0.002480552028925
0.002475834886542
0.002470554729372
0.002464816011967
0.002458735329845
0.002452439156289
0.002446061323213
0.002439740294475
0.002433616285237
0.002427828285191
0.002422511046552
0.002417792099565
0.002413788858907
0.002410605883607
0.002408332351145
0.002407039803046
0.002406780214729
0.002407584436682
0.002409461047194
0.002412395649151
0.002416350634820
0.002421265433340
0.002427057245949
0.002433622264000
0.002440837354754
0.002448562189985
0.002456641782831
0.002464909389163
0.002473189721392
0.002481302415095
0.002489065682415
0.002496300080914
0.002502832322707
0.002508499046168
0.002513150471603
0.002516653862841
0.002518896718883
0.002519789623484
0.002519268685770
0.002517297511708
0.002513868654216
0.002509004498946
0.002502757553019
0.002495210115067
0.002486473316744
0.002476685538026
0.002466010211061
0.002454633039668
0.002442758673736
0.002430606889329
0.002418408336197
0.002406399924251
0.002394819929309
0.002383902905766
0.002373874499675
0.002364946259917
0.002357310547524
0.002351135643780
0.002346561156383
0.002343693819736
0.002342603780297
0.002343321451032
0.002345835010378
0.002350088610942
0.002355981351537
0.002363367053341
0.002372054867129
0.002381810723942
0.002392359626464
0.002403388763040
0.002414551410996
0.002425471580958
0.002435749339512
0.002444966734072
0.002452694231479
0.002458497570887
0.002461944922125
0.002462614233134
0.002460100644462
0.002454023845232
0.002444035243628
0.002429824825800
0.002411127580172
0.002387729369441
0.002359472140019
0.002326258368170
0.002288054653482
0.002244894383452
0.002196879407573
0.002144180675219
0.002087037808509
0.002025757598945
0.001960711434630
0.001892331682989
0.001821107071800
0.001747577128709
0.001672325755900
0.001595974031963
0.001519172346927
0.001442591988706
0.001366916309536
0.001292831609230
0.001221017878065
0.001152139545675
0.001086836383464
0.001025714706663
0.000969339018222
0.000918224230438
0.000872828591465
0.000833547432958
0.000800707842108
0.000774564346539
0.000755295684114
0.000743002712014
0.000737707490733
0.000739353559188
0.000747807397413
0.000762861053482
0.000784235891830
0.000811587401378
0.000844510983980
0.000882548627259
0.000925196350929
0.000971912302675
0.001022125368650
0.001075244154986
0.001130666190476
0.001187787196881
0.001246010272280
0.001304754834492
0.001363465175807
0.001421618487110
0.001478732218708
0.001534370656741
0.001588150607730
0.001639746099310
0.001688892022375
0.001735386658243
0.001779093053920
0.001819939228582
0.001857917214786
0.001893080958231
0.001925543119805
0.001955470842820
0.001983080566374
0.002008631982464
0.002032421249402
0.002054773587095
0.002076035390528
0.002096566006203
0.002116729322165
0.002136885325460
0.002157381781436
0.002178546187058
0.002200678145616
0.002224042302684
0.002248861973303
0.002275313578123
0.002303521991915
0.002333556891736
0.002365430174305
0.002399094493190
0.002434442946529
0.002471309925543
0.002509473113455
0.002548656603858
0.002588535087595
0.002628739038014
0.002668860806504
0.002708461523721
0.002747078687269
0.002784234303941
0.002819443444316
0.002852223059606
0.002882100905362
0.002908624414107
0.002931369359068
0.002949948154171
0.002964017641017
0.002973286221830
0.002977520208066
0.002976549267327
0.002970270866344
0.002958653624585
0.002941739511516
0.002919644840060
0.002892560029306
0.002860748130502
0.002824542131457
0.002784341075461
0.002740605051128
0.002693849129058
0.002644636339358
0.002593569800690
0.002541284126282
0.002488436244960
0.002435695785627
0.002383735181385
0.002333219654714
0.002284797247540
0.002239089059724
0.002196679856395
0.002158109198753
0.002123863244541
0.002094367353494
0.002069979619894
0.002050985439111
0.002037593197986
0.002029931160339
0.002028045599174
0.002031900206511
0.002041376790722
0.002056277249937
0.002076326789110
0.002101178327809
0.002130418026284
0.002163571839032
0.002200112988346
0.002239470235400
0.002281036813598
0.002324179878354
0.002368250319430
0.002412592776443
0.002456555695385
0.002499501263911
0.002540815065806
0.002579915300333
0.002616261420022
0.002649362050746
0.002678782070460
0.002704148737459
0.002725156775357
0.002741572339701
0.002753235810088
0.002760063371405
0.002762047368089
0.002759255435725
0.002751828434508
0.002739977228823
0.002723978375965
0.002704168804723
0.002680939580639
0.002654728869238
0.002626014220911
0.002595304311417
0.002563130279877
0.002530036811599
0.002496573115993
0.002463283950183
0.002430700836724
0.002399333619136
0.002369662491832
0.002342130631694
0.002317137547046
0.002295033246499
0.002276113315155
0.002260614969364
0.002248714143871
0.002240523647030
0.002236092401229
0.002235405766987
0.002238386930701
0.002244899318127
0.002254749978550
0.002267693868648
0.002283438950482
0.002301652005092
0.002321965052093
0.002343982256595
0.002367287197840
0.002391450369318
0.002416036777761
0.002440613508453
0.002464757126570
0.002488060788855
0.002510140946658
0.002530643530040
0.002549249513265
0.002565679774108
0.002579699173040
0.002591119793023
0.002599803296242
0.002605662370265
0.002608661252551
0.002608815338673
0.002606189895771
0.002600897918270
0.002593097177625
0.002582986531418
0.002570801569379
0.002556809684625
0.002541304667344
0.002524600925331
0.002507027440886
0.002488921576736
0.002470622844668
0.002452466749559
0.002434778818446
0.002417868919300
0.002402025967365
0.002387513108433
0.002374563458428
0.002363376467365
0.002354114963369
0.002346902919180
0.002341823969778
0.002338920695558
0.002338194671270
0.002339607266909
0.002343081173128
0.002348502610848
0.002355724172783
0.002364568233725
