0.000365891607284
0.000365833816566
0.000365779793714
0.000365729592085
0.000365683263776
0.000365640859608
0.000365602429099
0.000365568020445
0.000365537680497
0.000365511454743
0.000365489387286
0.000365471520826
0.000365457896637
0.000365448554556
0.000365443532958
0.000365442868743
0.000365446597316
0.000365454752575
0.000365467366892
0.000365484471098
0.000365506094471
0.000365532264719
0.000365563007970
0.000365598348757
0.000365638310006
0.000365682913026
0.000365732177495
0.000365786121454
0.000365844761294
0.000365908111748
0.000365976185882
0.000366048995090
0.000366126549081
0.000366208855878
0.000366295921809
0.000366387751504
0.000366484347885
0.000366585712170
0.000366691843861
0.000366802740749
0.000366918398905
0.000367038812682
0.000367163974715
0.000367293875917
0.000367428505482
0.000367567850886
0.000367711897886
0.000367860630525
0.000368014031135
0.000368172080335
0.000368334757043
0.000368502038476
0.000368673900155
0.000368850315911
0.000369031257895
0.000369216696580
0.000369406600773
0.000369600937621
0.000369799672619
0.000370002769622
0.000370210190855
0.000370421896920
0.000370637846813
0.000370857997929
0.000371082306083
0.000371310725515
0.000371543208907
0.000371779707397
0.000372020170596
0.000372264546597
0.000372512781998
0.000372764821913
0.000373020609992
0.000373280088436
0.000373543198016
0.000373809878094
0.000374080066637
0.000374353700240
0.000374630714143
0.000374911042257
0.000375194617178
0.000375481370212
0.000375771231397
0.000376064129523
0.000376359992160
0.000376658745674
0.000376960315255
0.000377264624941
0.000377571597640
0.000377881155159
0.000378193218223
0.000378507706508
0.000378824538661
0.000379143632330
0.000379464904188
0.000379788269964
0.000380113644464
0.000380440941608
0.000380770074448
0.000381100955205
0.000381433495291
0.000381767605343
0.000382103195251
0.000382440174184
0.000382778450625
0.000383117932397
0.000383458526698
0.000383800140125
0.000384142678712
0.000384486047953
0.000384830152842
0.000385174897898
0.000385520187197
0.000385865924408
0.000386212012820
0.000386558355377
0.000386904854708
0.000387251413163
0.000387597932839
0.000387944315620
0.000388290463203
0.000388636277135
0.000388981658844
0.000389326509671
0.000389670730906
0.000390014223816
0.000390356889681
0.000390698629828
0.000391039345659
0.000391378938690
0.000391717310579
0.000392054363161
0.000392389998482
0.000392724118826
0.000393056626755
0.000393387425138
0.000393716417181
0.000394043506464
0.000394368596971
0.000394691593121
0.000395012399803
0.000395330922404
0.000395647066843
0.000395960739602
0.000396271847759
0.000396580299016
0.000396886001732
0.000397188864951
0.000397488798437
0.000397785712702
0.000398079519033
0.000398370129527
0.000398657457117
0.000398941415602
0.000399221919677
0.000399498884960
0.000399772228021
0.000400041866410
0.000400307718686
0.000400569704441
0.000400827744330
0.000401081760098
0.000401331674604
0.000401577411847
0.000401818896995
0.000402056056406
0.000402288817654
0.000402517109555
0.000402740862191
0.000402960006930
0.000403174476452
0.000403384204773
0.000403589127263
0.000403789180672
0.000403984303150
0.000404174434264
0.000404359515026
0.000404539487906
0.000404714296855
0.000404883887324
0.000405048206279
0.000405207202225
0.000405360825216
0.000405509026878
0.000405651760423
0.000405788980664
0.000405920644033
0.000406046708592
0.000406167134050
0.000406281881777
0.000406390914815
0.000406494197892
0.000406591697433
0.000406683381573
0.000406769220167
0.000406849184799
0.000406923248795
0.000406991387229
0.000407053576931
0.000407109796500
0.000407160026306
0.000407204248498
0.000407242447014
0.000407274607581
0.000407300717722
0.000407320766764
0.000407334745836
0.000407342647877
0.000407344467634
0.000407340201671
0.000407329848360
0.000407313407893
0.000407290882274
0.000407262275322
0.000407227592669
0.000407186841761
0.000407140031851
0.000407087173999
0.000407028281068
0.000406963367723
0.000406892450419
0.000406815547404
0.000406732678707
0.000406643866136
0.000406549133266
0.000406448505436
0.000406342009740
0.000406229675015
0.000406111531835
0.000405987612501
0.000405857951026
0.000405722583131
0.000405581546227
0.000405434879406
0.000405282623427
0.000405124820704
0.000404961515292
0.000404792752869
0.000404618580725
0.000404439047747
0.000404254204399
0.000404064102708
0.000403868796248
0.000403668340118
0.000403462790928
0.000403252206781
0.000403036647250
0.000402816173360
0.000402590847569
0.000402360733747
0.000402125897154
0.000401886404420
0.000401642323520
0.000401393723758
0.000401140675735
0.000400883251335
0.000400621523694
0.000400355567181
0.000400085457369
0.000399811271016
0.000399533086032
0.000399250981462
0.000398965037451
0.000398675335226
0.000398381957063
0.000398084986263
0.000397784507123
0.000397480604911
0.000397173365832
0.000396862877008
0.000396549226442
0.000396232502993
0.000395912796344
0.000395590196977
0.000395264796138
0.000394936685809
0.000394605958679
0.000394272708113
0.000393937028119
0.000393599013320
0.000393258758922
0.000392916360682
0.000392571914877
0.000392225518272
0.000391877268089
0.000391527261975
0.000391175597969
0.000390822374471
0.000390467690207
0.000390111644202
0.000389754335743
0.000389395864347
0.000389036329729
0.000388675831771
0.000388314470486
0.000387952345989
0.000387589558461
0.000387226208117
0.000386862395175
0.000386498219821
0.000386133782180
0.000385769182276
0.000385404520009
0.000385039895114
0.000384675407133
0.000384311155382
0.000383947238919
0.000383583756509
0.000383220806595
0.000382858487266
0.000382496896223
0.000382136130747
0.000381776287673
0.000381417463350
0.000381059753618
0.000380703253772
0.000380348058532
0.000379994262015
0.000379641957700
0.000379291238404
0.000378942196246
0.000378594922621
0.000378249508172
0.000377906042755
0.000377564615418
0.000377225314365
0.000376888226934
0.000376553439566
0.000376221037777
0.000375891106133
0.000375563728221
0.000375238986625
0.000374916962896
0.000374597737532
0.000374281389945
0.000373967998445
0.000373657640207
0.000373350391251
0.000373046326421
0.000372745519354
0.000372448042464
0.000372153966917
0.000371863362609
0.000371576298143
0.000371292840812
0.000371013056574
0.000370737010034
0.000370464764424
0.000370196381585
0.000369931921945
0.000369671444506
0.000369415006821
0.000369162664980
0.000368914473594
0.000368670485776
0.000368430753128
0.000368195325725
0.000367964252102
0.000367737579237
0.000367515352540
0.000367297615842
0.000367084411378
0.000366875779780
0.000366671760063
0.000366472389617
0.000366277704193
0.000366087737900
0.000365902523191
0.000365722090857
0.000365546470018
0.000365375688121
0.000365209770928
0.000365048742510
0.000364892625250
0.000364741439828
0.000364595205225
0.000364453938717
0.000364317655870
0.000364186370543
0.000364060094884
0.000363938839327
0.000363822612597
0.000363711421705
0.000363605271956
0.000363504166941
0.000363408108551
0.000363317096969
0.000363231130681
0.000363150206477
0.000363074319459
0.000363003463041
0.000362937628960
0.000362876807280
0.000362820986401
0.000362770153067
0.000362724292371
0.000362683387770
0.000362647421090
0.000362616372537
0.000362590220710
0.000362568942612
