0.002417700365561
0.002413770865618
0.002409844111267
0.002406003149481
0.002402330063139
0.002398904234212
0.002395800646227
0.002393088261950
0.002390828510957
0.002389073919844
0.002387866915131
0.002387238825627
0.002387209107103
0.002387784807723
0.002388960287837
0.002390717202588
0.002393024750382
0.002395840184768
0.002399109581788
0.002402768849438
0.002406744960732
0.002410957387010
0.002415319703753
0.002419741337284
0.002424129417486
0.002428390699125
0.002432433512518
0.002436169703319
0.002439516520938
0.002442398415801
0.002444748707082
0.002446511084838
0.002447640913491
0.002448106307384
0.002447888953495
0.002446984661388
0.002445403625841
0.002443170393426
0.002440323530262
0.002436914994347
0.002433009221975
0.002428681943736
0.002424018751373
0.002419113442104
0.002414066171923
0.002408981453678
0.002403966039327
0.002399126728619
0.002394568148440
0.002390390548200
0.002386687656841
0.002383544646335
0.002381036244885
0.002379225040502
0.002378160012262
0.002377875322292
0.002378389396673
0.002379704317852
0.002381805545107
0.002384661973126
0.002388226331980
0.002392435924889
0.002397213693226
0.002402469591462
0.002408102248193
0.002414000883285
0.002420047445616
0.002426118930913
0.002432089835030
0.002437834694672
0.002443230665175
0.002448160083492
0.002452512964193
0.002456189376877
0.002459101655115
0.002461176389746
0.002462356163032
0.002462600984791
0.002461889397074
0.002460219220139
0.002457607919265
0.002454092579292
0.002449729481395
0.002444593284521
0.002438775821799
0.002432384530125
0.002425540538649
0.002418376449105
0.002411033847518
0.002403660592752
0.002396407932487
0.002389427501376
0.002382868259304
0.002376873429745
0.002371577499099
0.002367103337664
0.002363559501399
0.002361037771012
0.002359610981110
0.002359331187299
0.002360228213207
0.002362308612666
0.002365555074693
0.002369926290701
0.002375357294679
0.002381760277998
0.002389025871303
0.002397024876733
0.002405610424681
0.002414620520630
0.002423880939492
0.002433208417366
0.002442414084111
0.002451307074423
0.002459698250642
0.002467403967156
0.002474249804238
0.002480074198451
0.002484731897400
0.002488097168660
0.002490066696088
0.002490562101424
0.002489532035030
0.002486953786688
0.002482834375494
0.002477211086899
0.002470151434660
0.002461752535807
0.002452139897405
0.002441465624779
0.002429906071761
0.002417658964204
0.002404940038252
0.002391979244601
0.002379016578835
0.002366297605914
0.002354068753742
0.002342572456332
0.002332042231365
0.002322697779702
0.002314740195712
0.002308347376967
0.002303669719982
0.002300826185273
0.002299900810021
0.002300939740219
0.002303948846456
0.002308891978435
0.002315689903274
0.002324219961595
0.002334316463653
0.002345771835443
0.002358338512069
0.002371731562876
0.002385632020196
0.002399690871142
0.002413533660112
0.002426765638532
0.002438977388219
0.002449750835739
0.002458665567353
0.002465305347841
0.002469264741723
0.002470155732264
0.002467614232232
0.002461306380695
0.002450934522243
0.002436242768828
0.002417022049896
0.002393114563629
0.002364417550659
0.002330886321619
0.002292536481025
0.002249445302208
0.002201752220995
0.002149658429533
0.002093425565646
0.002033373507360
0.001969877296367
0.001903363228068
0.001834304159153
0.001763214096280
0.001690642141045
0.001617165876926
0.001543384293082
0.001469910347539
0.001397363278458
0.001326360776522
0.001257511134117
0.001191405487784
0.001128610269328
0.001069659978135
0.001015050382550
0.000965232251808
0.000920605712030
0.000881515310314
0.000848245860169
0.000821019129569
0.000799991419987
0.000785252071077
0.000776822911449
0.000774658661444
0.000778648279177
0.000788617226655
0.000804330618682
0.000825497203773
0.000851774113622
0.000882772306026
0.000918062615705
0.000957182318375
0.000999642105833
0.001044933363864
0.001092535640513
0.001141924189789
0.001192577475195
0.001243984518613
0.001295651983015
0.001347110882109
0.001397922816389
0.001447685642903
0.001496038495367
0.001542666081816
0.001587302198664
0.001629732412612
0.001669795875151
0.001707386248190
0.001742451733422
0.001774994212180
0.001805067516480
0.001832774865575
0.001858265515317
0.001881730679840
0.001903398796282
0.001923530213370
0.001942411393418
0.001960348724636
0.001977662046438
0.001994677994559
0.002011723275294
0.002029117978880
0.002047169041097
0.002066163959445
0.002086364865950
0.002108003052702
0.002131274038857
0.002156333259030
0.002183292443057
0.002212216746010
0.002243122675430
0.002275976850071
0.002310695611323
0.002347145494986
0.002385144557532
0.002424464537574
0.002464833820092
0.002505941158418
0.002547440097066
0.002588954027495
0.002630081798976
0.002670403797978
0.002709488402096
0.002746898708614
0.002782199433339
0.002814963872572
0.002844780819850
0.002871261329602
0.002894045221957
0.002912807226651
0.002927262669284
0.002937172609876
0.002942348351798
0.002942655248489
0.002938015745814
0.002928411609290
0.002913885297586
0.002894540456418
0.002870541520110
0.002842112421440
0.002809534423698
0.002773143102069
0.002733324514163
0.002690510611705
0.002645173956779
0.002597821816518
0.002548989719486
0.002499234565171
0.002449127384817
0.002399245857169
0.002350166686559
0.002302457952999
0.002256671544581
0.002213335781494
0.002172948338362
0.002135969567423
0.002102816319378
0.002073856351624
0.002049403405132
0.002029713021585
0.002014979161694
0.002005331674000
0.002000834651136
0.002001485697648
0.002007216120220
0.002017892037753
0.002033316395388
0.002053231853401
0.002077324509215
0.002105228398651
0.002136530711259
0.002170777644206
0.002207480809976
0.002246124105160
0.002286170940983
0.002327071731097
0.002368271528541
0.002409217701778
0.002449367539336
0.002488195673833
0.002525201219041
0.002559914518072
0.002591903406724
0.002620778903377
0.002646200245503
0.002667879202676
0.002685583606872
0.002699140052541
0.002708435731380
0.002713419379661
0.002714101329169
0.002710552666165
0.002702903516022
0.002691340484104
0.002676103295941
0.002657480691504
0.002635805639295
0.002611449945875
0.002584818345154
0.002556342159185
0.002526472628203
0.002495674012142
0.002464416568765
0.002433169514865
0.002402394076661
0.002372536733520
0.002344022755659
0.002317250131316
0.002292583972410
0.002270351479796
0.002250837540110
0.002234281016040
0.002220871780736
0.002210748535257
0.002203997435523
0.002200651542540
0.002200691096723
0.002204044604307
0.002210590711221
0.002220160827667
0.002232542455119
0.002247483156770
0.002264695102778
0.002283860113096
0.002304635113380
0.002326657913611
0.002349553214622
0.002372938744867
0.002396431428468
0.002419653485904
0.002442238370573
0.002463836447937
0.002484120328852
0.002502789775053
0.002519576102363
0.002534246015994
0.002546604822077
0.002556498970249
0.002563817893372
0.002568495122308
0.002570508665698
0.002569880656874
0.002566676282044
0.002561002015622
0.002553003199743
0.002542861015540
0.002530788903367
0.002517028497771
0.002501845150476
0.002485523120778
0.002468360517574
0.002450664080558
0.002432743889976
0.002414908094639
0.002397457746703
0.002380681829045
0.002364852556932
0.002350221030230
0.002337013305657
0.002325426950759
0.002315628132412
0.002307749283033
0.002301887377304
