0.000333328443204
0.000333414858460
0.000333504597049
0.000333597665576
0.000333694069750
0.000333793814376
0.000333896903355
0.000334003339680
0.000334113125432
0.000334226261779
0.000334342748969
0.000334462586335
0.000334585772288
0.000334712304315
0.000334842178981
0.000334975391926
0.000335111937863
0.000335251810579
0.000335395002933
0.000335541506858
0.000335691313360
0.000335844412517
0.000336000793484
0.000336160444490
0.000336323352838
0.000336489504912
0.000336658886174
0.000336831481169
0.000337007273523
0.000337186245952
0.000337368380259
0.000337553657340
0.000337742057185
0.000337933558884
0.000338128140630
0.000338325779723
0.000338526452573
0.000338730134706
0.000338936800769
0.000339146424532
0.000339358978899
0.000339574435908
0.000339792766740
0.000340013941722
0.000340237930338
0.000340464701231
0.000340694222211
0.000340926460266
0.000341161381560
0.000341398951451
0.000341639134492
0.000341881894440
0.000342127194265
0.000342374996160
0.000342625261544
0.000342877951077
0.000343133024666
0.000343390441473
0.000343650159926
0.000343912137730
0.000344176331874
0.000344442698641
0.000344711193621
0.000344981771720
0.000345254387168
0.000345528993536
0.000345805543739
0.000346083990055
0.000346364284132
0.000346646376998
0.000346930219077
0.000347215760198
0.000347502949609
0.000347791735987
0.000348082067450
0.000348373891572
0.000348667155396
0.000348961805441
0.000349257787722
0.000349555047760
0.000349853530595
0.000350153180799
0.000350453942492
0.000350755759353
0.000351058574636
0.000351362331183
0.000351666971436
0.000351972437455
0.000352278670930
0.000352585613196
0.000352893205246
0.000353201387747
0.000353510101055
0.000353819285228
0.000354128880041
0.000354438825003
0.000354749059369
0.000355059522159
0.000355370152168
0.000355680887986
0.000355991668011
0.000356302430465
0.000356613113407
0.000356923654755
0.000357233992293
0.000357544063694
0.000357853806531
0.000358163158294
0.000358472056406
0.000358780438238
0.000359088241123
0.000359395402377
0.000359701859308
0.000360007549237
0.000360312409509
0.000360616377513
0.000360919390697
0.000361221386580
0.000361522302773
0.000361822076993
0.000362120647075
0.000362417950994
0.000362713926876
0.000363008513017
0.000363301647894
0.000363593270186
0.000363883318785
0.000364171732814
0.000364458451641
0.000364743414893
0.000365026562476
0.000365307834585
0.000365587171721
0.000365864514706
0.000366139804699
0.000366412983212
0.000366683992118
0.000366952773677
0.000367219270541
0.000367483425773
0.000367745182861
0.000368004485732
0.000368261278768
0.000368515506815
0.000368767115203
0.000369016049758
0.000369262256811
0.000369505683220
0.000369746276375
0.000369983984218
0.000370218755252
0.000370450538556
0.000370679283798
0.000370904941246
0.000371127461785
0.000371346796924
0.000371562898813
0.000371775720254
0.000371985214712
0.000372191336327
0.000372394039928
0.000372593281041
0.000372789015902
0.000372981201469
0.000373169795432
0.000373354756222
0.000373536043026
0.000373713615791
0.000373887435242
0.000374057462883
0.000374223661017
0.000374385992746
0.000374544421988
0.000374698913483
0.000374849432801
0.000374995946354
0.000375138421403
0.000375276826066
0.000375411129325
0.000375541301039
0.000375667311946
0.000375789133672
0.000375906738739
0.000376020100573
0.000376129193507
0.000376233992793
0.000376334474602
0.000376430616035
0.000376522395129
0.000376609790858
0.000376692783144
0.000376771352859
0.000376845481832
0.000376915152852
0.000376980349673
0.000377041057019
0.000377097260586
0.000377148947050
0.000377196104065
0.000377238720268
0.000377276785283
0.000377310289724
0.000377339225194
0.000377363584292
0.000377383360610
0.000377398548739
0.000377409144267
0.000377415143782
0.000377416544875
0.000377413346137
0.000377405547162
0.000377393148546
0.000377376151887
0.000377354559787
0.000377328375848
0.000377297604672
0.000377262251862
0.000377222324017
0.000377177828734
0.000377128774603
0.000377075171205
0.000377017029112
0.000376954359883
0.000376887176061
0.000376815491169
0.000376739319708
0.000376658677155
0.000376573579955
0.000376484045522
0.000376390092230
0.000376291739412
0.000376189007354
0.000376081917288
0.000375970491390
0.000375854752770
0.000375734725472
0.000375610434461
0.000375481905622
0.000375349165752
0.000375212242550
0.000375071164616
0.000374925961437
0.000374776663386
0.000374623301711
0.000374465908529
0.000374304516813
0.000374139160392
0.000373969873938
0.000373796692954
0.000373619653771
0.000373438793538
0.000373254150208
0.000373065762532
0.000372873670049
0.000372677913075
0.000372478532693
0.000372275570741
0.000372069069807
0.000371859073209
0.000371645624995
0.000371428769922
0.000371208553451
0.000370985021736
0.000370758221606
0.000370528200562
0.000370295006759
0.000370058688995
0.000369819296700
0.000369576879924
0.000369331489322
0.000369083176143
0.000368831992214
0.000368577989933
0.000368321222250
0.000368061742654
0.000367799605164
0.000367534864310
0.000367267575124
0.000366997793124
0.000366725574298
0.000366450975096
0.000366174052409
0.000365894863561
0.000365613466289
0.000365329918733
0.000365044279421
0.000364756607249
0.000364466961473
0.000364175401692
0.000363881987829
0.000363586780122
0.000363289839103
0.000362991225589
0.000362691000660
0.000362389225650
0.000362085962128
0.000361781271883
0.000361475216910
0.000361167859396
0.000360859261698
0.000360549486337
0.000360238595974
0.000359926653399
0.000359613721516
0.000359299863324
0.000358985141902
0.000358669620395
0.000358353361998
0.000358036429937
0.000357718887459
0.000357400797810
0.000357082224225
0.000356763229906
0.000356443878015
0.000356124231650
0.000355804353834
0.000355484307499
0.000355164155470
0.000354843960450
0.000354523785005
0.000354203691546
0.000353883742317
0.000353563999378
0.000353244524589
0.000352925379597
0.000352606625818
0.000352288324423
0.000351970536325
0.000351653322161
0.000351336742279
0.000351020856723
0.000350705725218
0.000350391407156
0.000350077961582
0.000349765447179
0.000349453922254
0.000349143444726
0.000348834072107
0.000348525861493
0.000348218869550
0.000347913152495
0.000347608766089
0.000347305765620
0.000347004205890
0.000346704141203
0.000346405625351
0.000346108711600
0.000345813452682
0.000345519900778
0.000345228107505
0.000344938123908
0.000344650000448
0.000344363786984
0.000344079532770
0.000343797286436
0.000343517095982
0.000343239008764
0.000342963071482
0.000342689330175
0.000342417830202
0.000342148616237
0.000341881732258
0.000341617221537
0.000341355126628
0.000341095489360
0.000340838350826
0.000340583751374
0.000340331730599
0.000340082327336
0.000339835579645
0.000339591524810
0.000339350199329
0.000339111638901
0.000338875878426
0.000338642951992
0.000338412892870
0.000338185733508
0.000337961505521
0.000337740239685
0.000337521965935
0.000337306713353
0.000337094510167
0.000336885383740
0.000336679360572
0.000336476466289
0.000336276725641
0.000336080162494
0.000335886799832
0.000335696659749
0.000335509763442
0.000335326131215
0.000335145782469
0.000334968735703
0.000334795008508
0.000334624617567
0.000334457578651
0.000334293906618
0.000334133615409
0.000333976718049
0.000333823226645
0.000333673152384
