0.000182061392220
0.000182088252372
0.000182115005254
0.000182141614539
0.000182168044042
0.000182194259034
0.000182220227525
0.000182245921421
0.000182271317526
0.000182296398319
0.000182321152519
0.000182345575392
0.000182369668840
0.000182393441284
0.000182416907373
0.000182440087572
0.000182463007650
0.000182485698132
0.000182508193718
0.000182530532720
0.000182552756494
0.000182574908894
0.000182597035703
0.000182619184055
0.000182641401777
0.000182663736663
0.000182686235635
0.000182708943774
0.000182731903239
0.000182755152060
0.000182778722863
0.000182802641544
0.000182826925979
0.000182851584817
0.000182876616449
0.000182902008220
0.000182927735959
0.000182953763882
0.000182980044913
0.000183006521445
0.000183033126532
0.000183059785491
0.000183086417857
0.000183112939625
0.000183139265670
0.000183165312274
0.000183190999621
0.000183216254172
0.000183241010822
0.000183265214746
0.000183288822875
0.000183311804962
0.000183334144207
0.000183355837457
0.000183376894996
0.000183397339969
0.000183417207493
0.000183436543524
0.000183455403528
0.000183473851036
0.000183491956126
0.000183509793870
0.000183527442789
0.000183544983334
0.000183562496384
0.000183580061780
0.000183597756881
0.000183615655126
0.000183633824612
0.000183652326678
0.000183671214515
0.000183690531813
0.000183710311496
0.000183730574577
0.000183751329198
0.000183772569902
0.000183794277216
0.000183816417578
0.000183838943672
0.000183861795184
0.000183884900003
0.000183908175843
0.000183931532256
0.000183954872975
0.000183978098510
0.000184001108893
0.000184023806480
0.000184046098676
0.000184067900497
0.000184089136850
0.000184109744451
0.000184129673318
0.000184148887789
0.000184167367052
0.000184185105195
0.000184202110803
0.000184218406154
0.000184234026087
0.000184249016605
0.000184263433299
0.000184277339677
0.000184290805446
0.000184303904835
0.000184316714968
0.000184329314349
0.000184341781434
0.000184354193331
0.000184366624573
0.000184379145982
0.000184391823582
0.000184404717559
0.000184417881246
0.000184431360147
0.000184445191000
0.000184459400914
0.000184474006603
0.000184489013780
0.000184504416731
0.000184520198148
0.000184536329238
0.000184552770159
0.000184569470781
0.000184586371804
0.000184603406176
0.000184620500804
0.000184637578485
0.000184654559979
0.000184671366158
0.000184687920117
0.000184704149178
0.000184719986680
0.000184735373504
0.000184750259262
0.000184764603114
0.000184778374218
0.000184791551799
0.000184804124888
0.000184816091769
0.000184827459207
0.000184838241523
0.000184848459585
0.000184858139799
0.000184867313149
0.000184876014332
0.000184884281028
0.000184892153300
0.000184899673136
0.000184906884093
0.000184913831023
0.000184920559822
0.000184927117173
0.000184933550223
0.000184939906171
0.000184946231730
0.000184952572469
0.000184958972023
0.000184965471207
0.000184972107068
0.000184978911924
0.000184985912441
0.000184993128813
0.000185000574105
0.000185008253795
0.000185016165550
0.000185024299275
0.000185032637412
0.000185041155479
0.000185049822830
0.000185058603568
0.000185067457561
0.000185076341508
0.000185085209980
0.000185094016384
0.000185102713811
0.000185111255735
0.000185119596542
0.000185127691902
0.000185135499006
0.000185142976695
0.000185150085528
0.000185156787853
0.000185163047913
0.000185168832049
0.000185174109031
0.000185178850534
0.000185183031771
0.000185186632262
0.000185189636707
0.000185192035915
0.000185193827728
0.000185195017860
0.000185195620591
0.000185195659243
0.000185195166367
0.000185194183623
0.000185192761299
0.000185190957491
0.000185188836941
0.000185186469594
0.000185183928910
0.000185181290022
0.000185178627815
0.000185176015002
0.000185173520294
0.000185171206719
0.000185169130168
0.000185167338193
0.000185165869096
0.000185164751301
0.000185164003009
0.000185163632103
0.000185163636261
0.000185164003247
0.000185164711323
0.000185165729743
0.000185167019311
0.000185168532959
0.000185170216356
0.000185172008548
0.000185173842640
0.000185175646552
0.000185177343877
0.000185178854878
0.000185180097635
0.000185180989378
0.000185181447996
0.000185181393714
0.000185180750900
0.000185179449966
0.000185177429282
0.000185174637042
0.000185171032981
0.000185166589871
0.000185161294701
0.000185155149483
0.000185148171612
0.000185140393760
0.000185131863280
0.000185122641148
0.000185112800456
0.000185102424551
0.000185091604861
0.000185080438532
0.000185069025951
0.000185057468263
0.000185045864978
0.000185034311745
0.000185022898354
0.000185011707021
0.000185000810977
0.000184990273367
0.000184980146444
0.000184970471037
0.000184961276256
0.000184952579383
0.000184944385927
0.000184936689784
0.000184929473500
0.000184922708596
0.000184916355977
0.000184910366418
0.000184904681144
0.000184899232555
0.000184893945090
0.000184888736287
0.000184883518044
0.000184878198100
0.000184872681715
0.000184866873553
0.000184860679704
0.000184854009803
0.000184846779173
0.000184838910906
0.000184830337812
0.000184821004129
0.000184810866944
0.000184799897229
0.000184788080477
0.000184775416886
0.000184761921105
0.000184747621550
0.000184732559347
0.000184716786953
0.000184700366529
0.000184683368160
0.000184665867997
0.000184647946414
0.000184629686238
0.000184611171125
0.000184592484115
0.000184573706385
0.000184554916214
0.000184536188121
0.000184517592180
0.000184499193438
0.000184481051413
0.000184463219628
0.000184445745130
0.000184428667984
0.000184412020721
0.000184395827745
0.000184380104717
0.000184364857957
0.000184350083900
0.000184335768670
0.000184321887816
0.000184308406275
0.000184295278594
0.000184282449447
0.000184269854462
0.000184257421351
0.000184245071308
0.000184232720654
0.000184220282645
0.000184207669387
0.000184194793780
0.000184181571403
0.000184167922283
0.000184153772468
0.000184139055371
0.000184123712842
0.000184107695965
0.000184090965582
0.000184073492570
0.000184055257907
0.000184036252568
0.000184016477319
0.000183995942433
0.000183974667391
0.000183952680580
0.000183930019023
0.000183906728125
0.000183882861430
0.000183858480350
0.000183833653831
0.000183808457908
0.000183782975092
0.000183757293552
0.000183731506056
0.000183705708651
0.000183679999066
0.000183654474891
0.000183629231526
0.000183604360005
0.000183579944735
0.000183556061256
0.000183532774122
0.000183510134975
0.000183488180924
0.000183466933289
0.000183446396783
0.000183426559147
0.000183407391281
0.000183388847834
0.000183370868236
0.000183353378120
0.000183336291056
0.000183319510537
0.000183302932123
0.000183286445670
0.000183269937575
0.000183253292978
0.000183236397867
0.000183219141066
0.000183201416088
0.000183183122841
0.000183164169211
0.000183144472520
0.000183123960878
0.000183102574450
0.000183080266616
0.000183057005049
0.000183032772663
0.000183007568421
0.000182981407946
0.000182954323896
0.000182926366035
0.000182897600963
0.000182868111440
0.000182837995288
0.000182807363833
0.000182776339906
0.000182745055420
0.000182713648577
0.000182682260775
0.000182651033314
0.000182620104005
0.000182589603802
0.000182559653579
0.000182530361172
0.000182501818787
0.000182474100868
0.000182447262485
0.000182421338296
0.000182396342080
0.000182372266844
0.000182349085463
0.000182326751786
0.000182305202162
0.000182284357272
0.000182264124214
