0.000327578292887
0.000327669852363
0.000327764591484
0.000327862512144
0.000327963615416
0.000328067901554
0.000328175369990
0.000328286019334
0.000328399847367
0.000328516851047
0.000328637026503
0.000328760369037
0.000328886873121
0.000329016532398
0.000329149339683
0.000329285286961
0.000329424365386
0.000329566565288
0.000329711876166
0.000329860286694
0.000330011784720
0.000330166357267
0.000330323990539
0.000330484669917
0.000330648379964
0.000330815104428
0.000330984826245
0.000331157527536
0.000331333189621
0.000331511793009
0.000331693317413
0.000331877741747
0.000332065044132
0.000332255201897
0.000332448191588
0.000332643988972
0.000332842569035
0.000333043905995
0.000333247973304
0.000333454743651
0.000333664188970
0.000333876280447
0.000334090988523
0.000334308282902
0.000334528132555
0.000334750505732
0.000334975369962
0.000335202692063
0.000335432438151
0.000335664573643
0.000335899063270
0.000336135871077
0.000336374960437
0.000336616294058
0.000336859833989
0.000337105541628
0.000337353377734
0.000337603302431
0.000337855275223
0.000338109254997
0.000338365200034
0.000338623068022
0.000338882816060
0.000339144400672
0.000339407777817
0.000339672902894
0.000339939730758
0.000340208215728
0.000340478311595
0.000340749971636
0.000341023148626
0.000341297794841
0.000341573862077
0.000341851301658
0.000342130064446
0.000342410100855
0.000342691360859
0.000342973794008
0.000343257349436
0.000343541975875
0.000343827621667
0.000344114234774
0.000344401762794
0.000344690152970
0.000344979352203
0.000345269307066
0.000345559963816
0.000345851268404
0.000346143166492
0.000346435603460
0.000346728524426
0.000347021874251
0.000347315597557
0.000347609638742
0.000347903941984
0.000348198451266
0.000348493110381
0.000348787862947
0.000349082652425
0.000349377422126
0.000349672115229
0.000349966674793
0.000350261043773
0.000350555165028
0.000350848981340
0.000351142435426
0.000351435469950
0.000351728027538
0.000352020050791
0.000352311482299
0.000352602264655
0.000352892340466
0.000353181652373
0.000353470143056
0.000353757755255
0.000354044431781
0.000354330115531
0.000354614749500
0.000354898276796
0.000355180640655
0.000355461784452
0.000355741651716
0.000356020186144
0.000356297331615
0.000356573032199
0.000356847232179
0.000357119876052
0.000357390908556
0.000357660274670
0.000357927919639
0.000358193788978
0.000358457828491
0.000358719984279
0.000358980202761
0.000359238430679
0.000359494615116
0.000359748703505
0.000360000643647
0.000360250383720
0.000360497872293
0.000360743058335
0.000360985891234
0.000361226320802
0.000361464297292
0.000361699771407
0.000361932694314
0.000362163017653
0.000362390693551
0.000362615674631
0.000362837914029
0.000363057365398
0.000363273982924
0.000363487721338
0.000363698535925
0.000363906382533
0.000364111217591
0.000364312998111
0.000364511681706
0.000364707226594
0.000364899591614
0.000365088736230
0.000365274620544
0.000365457205307
0.000365636451923
0.000365812322466
0.000365984779680
0.000366153786995
0.000366319308534
0.000366481309122
0.000366639754291
0.000366794610295
0.000366945844116
0.000367093423467
0.000367237316809
0.000367377493352
0.000367513923066
0.000367646576687
0.000367775425723
0.000367900442464
0.000368021599984
0.000368138872154
0.000368252233639
0.000368361659914
0.000368467127261
0.000368568612782
0.000368666094399
0.000368759550864
0.000368848961760
0.000368934307510
0.000369015569381
0.000369092729486
0.000369165770793
0.000369234677126
0.000369299433171
0.000369360024477
0.000369416437465
0.000369468659423
0.000369516678518
0.000369560483791
0.000369600065165
0.000369635413443
0.000369666520312
0.000369693378349
0.000369715981014
0.000369734322660
0.000369748398530
0.000369758204759
0.000369763738379
0.000369764997314
0.000369761980383
0.000369754687304
0.000369743118690
0.000369727276049
0.000369707161786
0.000369682779202
0.000369654132491
0.000369621226740
0.000369584067928
0.000369542662924
0.000369497019484
0.000369447146254
0.000369393052759
0.000369334749411
0.000369272247498
0.000369205559188
0.000369134697521
0.000369059676412
0.000368980510640
0.000368897215853
0.000368809808559
0.000368718306124
0.000368622726767
0.000368523089556
0.000368419414402
0.000368311722058
0.000368200034107
0.000368084372964
0.000367964761866
0.000367841224866
0.000367713786829
0.000367582473427
0.000367447311129
0.000367308327200
0.000367165549691
0.000367019007431
0.000366868730027
0.000366714747851
0.000366557092032
0.000366395794456
0.000366230887749
0.000366062405276
0.000365890381131
0.000365714850124
0.000365535847781
0.000365353410328
0.000365167574684
0.000364978378454
0.000364785859919
0.000364590058025
0.000364391012377
0.000364188763224
0.000363983351459
0.000363774818598
0.000363563206781
0.000363348558753
0.000363130917859
0.000362910328035
0.000362686833791
0.000362460480206
0.000362231312916
0.000361999378101
0.000361764722473
0.000361527393270
0.000361287438238
0.000361044905623
0.000360799844157
0.000360552303051
0.000360302331978
0.000360049981064
0.000359795300875
0.000359538342407
0.000359279157070
0.000359017796683
0.000358754313452
0.000358488759967
0.000358221189183
0.000357951654411
0.000357680209301
0.000357406907834
0.000357131804307
0.000356854953315
0.000356576409748
0.000356296228767
0.000356014465798
0.000355731176516
0.000355446416832
0.000355160242879
0.000354872711003
0.000354583877742
0.000354293799822
0.000354002534135
0.000353710137732
0.000353416667805
0.000353122181679
0.000352826736790
0.000352530390680
0.000352233200978
0.000351935225385
0.000351636521666
0.000351337147631
0.000351037161122
0.000350736620001
0.000350435582135
0.000350134105383
0.000349832247583
0.000349530066534
0.000349227619991
0.000348924965644
0.000348622161108
0.000348319263908
0.000348016331468
0.000347713421096
0.000347410589968
0.000347107895118
0.000346805393426
0.000346503141598
0.000346201196158
0.000345899613433
0.000345598449541
0.000345297760374
0.000344997601589
0.000344698028594
0.000344399096534
0.000344100860279
0.000343803374413
0.000343506693218
0.000343210870665
0.000342915960400
0.000342622015732
0.000342329089621
0.000342037234664
0.000341746503085
0.000341456946723
0.000341168617018
0.000340881565000
0.000340595841277
0.000340311496024
0.000340028578972
0.000339747139393
0.000339467226096
0.000339188887407
0.000338912171165
0.000338637124710
0.000338363794870
0.000338092227953
0.000337822469736
0.000337554565455
0.000337288559793
0.000337024496875
0.000336762420252
0.000336502372895
0.000336244397185
0.000335988534901
0.000335734827216
0.000335483314682
0.000335234037225
0.000334987034134
0.000334742344054
0.000334500004977
0.000334260054237
0.000334022528495
0.000333787463740
0.000333554895274
0.000333324857711
0.000333097384964
0.000332872510244
0.000332650266046
0.000332430684150
0.000332213795608
0.000331999630741
0.000331788219132
0.000331579589620
0.000331373770294
0.000331170788488
0.000330970670774
0.000330773442961
0.000330579130084
0.000330387756406
0.000330199345409
0.000330013919792
0.000329831501466
0.000329652111552
0.000329475770376
0.000329302497463
0.000329132311540
0.000328965230528
0.000328801271541
0.000328640450882
0.000328482784042
0.000328328285699
0.000328176969712
