0.000184426937154
0.000184459347628
0.000184492162256
0.000184525315826
0.000184558745848
0.000184592392917
0.000184626200635
0.000184660115150
0.000184694084411
0.000184728057241
0.000184761982346
0.000184795807381
0.000184829478185
0.000184862938279
0.000184896128703
0.000184928988229
0.000184961453974
0.000184993462380
0.000185024950520
0.000185055857651
0.000185086126918
0.000185115707097
0.000185144554273
0.000185172633336
0.000185199919201
0.000185226397678
0.000185252065944
0.000185276932581
0.000185301017215
0.000185324349763
0.000185346969373
0.000185368923136
0.000185390264664
0.000185411052640
0.000185431349443
0.000185451219930
0.000185470730458
0.000185489948183
0.000185508940650
0.000185527775679
0.000185546521494
0.000185565247026
0.000185584022317
0.000185602918910
0.000185622010134
0.000185641371172
0.000185661078832
0.000185681210950
0.000185701845382
0.000185723058582
0.000185744923780
0.000185767508837
0.000185790873835
0.000185815068549
0.000185840129915
0.000185866079632
0.000185892922070
0.000185920642580
0.000185949206365
0.000185978557968
0.000186008621461
0.000186039301348
0.000186070484160
0.000186102040705
0.000186133828867
0.000186165696854
0.000186197486743
0.000186229038185
0.000186260192107
0.000186290794282
0.000186320698612
0.000186349770046
0.000186377887034
0.000186404943483
0.000186430850188
0.000186455535774
0.000186478947166
0.000186501049682
0.000186521826795
0.000186541279682
0.000186559426610
0.000186576302260
0.000186591957028
0.000186606456349
0.000186619880052
0.000186632321742
0.000186643888161
0.000186654698495
0.000186664883537
0.000186674584657
0.000186683952485
0.000186693145263
0.000186702326803
0.000186711664049
0.000186721324233
0.000186731471681
0.000186742264314
0.000186753849981
0.000186766362716
0.000186779919087
0.000186794614778
0.000186810521574
0.000186827684883
0.000186846121942
0.000186865820786
0.000186886740072
0.000186908809781
0.000186931932771
0.000186955987163
0.000186980829429
0.000187006298095
0.000187032217882
0.000187058404140
0.000187084667383
0.000187110817767
0.000187136669342
0.000187162043949
0.000187186774647
0.000187210708584
0.000187233709284
0.000187255658337
0.000187276456504
0.000187296024310
0.000187314302183
0.000187331250234
0.000187346847758
0.000187361092569
0.000187374000213
0.000187385603148
0.000187395949913
0.000187405104311
0.000187413144591
0.000187420162596
0.000187426262844
0.000187431561475
0.000187436184993
0.000187440268769
0.000187443955238
0.000187447391769
0.000187450728204
0.000187454114093
0.000187457695659
0.000187461612597
0.000187465994793
0.000187470959086
0.000187476606227
0.000187483018157
0.000187490255748
0.000187498357129
0.000187507336691
0.000187517184848
0.000187527868576
0.000187539332734
0.000187551502109
0.000187564284115
0.000187577572011
0.000187591248514
0.000187605189623
0.000187619268499
0.000187633359222
0.000187647340275
0.000187661097612
0.000187674527205
0.000187687536996
0.000187700048219
0.000187711996085
0.000187723329876
0.000187734012511
0.000187744019679
0.000187753338640
0.000187761966832
0.000187769910374
0.000187777182600
0.000187783802703
0.000187789794554
0.000187795185751
0.000187800006905
0.000187804291147
0.000187808073830
0.000187811392355
0.000187814286059
0.000187816796093
0.000187818965204
0.000187820837372
0.000187822457249
0.000187823869376
0.000187825117189
0.000187826241829
0.000187827280824
0.000187828266709
0.000187829225689
0.000187830176423
0.000187831129065
0.000187832084628
0.000187833034762
0.000187833962010
0.000187834840557
0.000187835637479
0.000187836314446
0.000187836829814
0.000187837141007
0.000187837207057
0.000187836991176
0.000187836463196
0.000187835601745
0.000187834396022
0.000187832847047
0.000187830968323
0.000187828785840
0.000187826337419
0.000187823671423
0.000187820844898
0.000187817921238
0.000187814967514
0.000187812051591
0.000187809239196
0.000187806591100
0.000187804160531
0.000187801990962
0.000187800114369
0.000187798550007
0.000187797303758
0.000187796368030
0.000187795722174
0.000187795333367
0.000187795157846
0.000187795142424
0.000187795226153
0.000187795342046
0.000187795418753
0.000187795382116
0.000187795156550
0.000187794666210
0.000187793835950
0.000187792592087
0.000187790863022
0.000187788579762
0.000187785676428
0.000187782090804
0.000187777765004
0.000187772646293
0.000187766688114
0.000187759851298
0.000187752105463
0.000187743430541
0.000187733818355
0.000187723274158
0.000187711818031
0.000187699485998
0.000187686330773
0.000187672422019
0.000187657846028
0.000187642704783
0.000187627114360
0.000187611202687
0.000187595106709
0.000187578969041
0.000187562934235
0.000187547144788
0.000187531737074
0.000187516837355
0.000187502558053
0.000187488994440
0.000187476221884
0.000187464293765
0.000187453240144
0.000187443067204
0.000187433757492
0.000187425270885
0.000187417546241
0.000187410503592
0.000187404046788
0.000187398066420
0.000187392442911
0.000187387049613
0.000187381755797
0.000187376429450
0.000187370939782
0.000187365159417
0.000187358966245
0.000187352244951
0.000187344888252
0.000187336797902
0.000187327885524
0.000187318073332
0.000187307294809
0.000187295495390
0.000187282633176
0.000187268679689
0.000187253620660
0.000187237456806
0.000187220204533
0.000187201896507
0.000187182581979
0.000187162326808
0.000187141213068
0.000187119338196
0.000187096813611
0.000187073762795
0.000187050318851
0.000187026621563
0.000187002814055
0.000186979039156
0.000186955435588
0.000186932134157
0.000186909254081
0.000186886899639
0.000186865157282
0.000186844093336
0.000186823752410
0.000186804156572
0.000186785305326
0.000186767176372
0.000186749727119
0.000186732896839
0.000186716609364
0.000186700776170
0.000186685299703
0.000186670076783
0.000186655001924
0.000186639970442
0.000186624881214
0.000186609639024
0.000186594156406
0.000186578354996
0.000186562166370
0.000186545532445
0.000186528405471
0.000186510747734
0.000186492531035
0.000186473736056
0.000186454351700
0.000186434374469
0.000186413807942
0.000186392662381
0.000186370954466
0.000186348707141
0.000186325949528
0.000186302716851
0.000186279050292
0.000186254996726
0.000186230608237
0.000186205941392
0.000186181056209
0.000186156014822
0.000186130879854
0.000186105712535
0.000186080570644
0.000186055506360
0.000186030564143
0.000186005778760
0.000185981173588
0.000185956759307
0.000185932533091
0.000185908478375
0.000185884565252
0.000185860751505
0.000185836984263
0.000185813202206
0.000185789338242
0.000185765322511
0.000185741085585
0.000185716561693
0.000185691691816
0.000185666426480
0.000185640728130
0.000185614572941
0.000185587952005
0.000185560871838
0.000185533354195
0.000185505435229
0.000185477164052
0.000185448600810
0.000185419814362
0.000185390879724
0.000185361875402
0.000185332880751
0.000185303973480
0.000185275227414
0.000185246710576
0.000185218483655
0.000185190598854
0.000185163099130
0.000185136017770
0.000185109378254
0.000185083194330
0.000185057470227
0.000185032200926
0.000185007372424
0.000184982961946
0.000184958938070
0.000184935260768
0.000184911881376
0.000184888742540
0.000184865778205
0.000184842913708
0.000184820066080
0.000184797144614
0.000184774051783
0.000184750684557
0.000184726936155
