0.000592198741551
0.000592476056462
0.000592757354105
0.000593041382145
0.000593326912046
0.000593612740251
0.000593897689340
0.000594180609142
0.000594460377813
0.000594735902872
0.000595006122200
0.000595270004995
0.000595526552688
0.000595774799810
0.000596013814829
0.000596242700925
0.000596460596737
0.000596666677055
0.000596860153469
0.000597040274971
0.000597206328514
0.000597357639518
0.000597493572335
0.000597613530659
0.000597716957898
0.000597803337489
0.000597872193169
0.000597923089199
0.000597955630535
0.000597969462957
0.000597964273146
0.000597939788715
0.000597895778190
0.000597832050945
0.000597748457090
0.000597644887313
0.000597521272674
0.000597377584352
0.000597213833349
0.000597030070149
0.000596826384329
0.000596602904130
0.000596359795983
0.000596097263995
0.000595815549386
0.000595514929899
0.000595195719151
0.000594858265966
0.000594502953650
0.000594130199243
0.000593740452726
0.000593334196200
0.000592911943024
0.000592474236922
0.000592021651061
0.000591554787095
0.000591074274182
0.000590580767967
0.000590074949543
0.000589557524389
0.000589029221273
0.000588490791142
0.000587943005985
0.000587386657673
0.000586822556790
0.000586251531432
0.000585674426002
0.000585092099983
0.000584505426698
0.000583915292061
0.000583322593316
0.000582728237764
0.000582133141486
0.000581538228060
0.000580944427269
0.000580352673808
0.000579763905994
0.000579179064464
0.000578599090888
0.000578024926674
0.000577457511683
0.000576897782944
0.000576346673384
0.000575805110558
0.000575274015396
0.000574754300953
0.000574246871181
0.000573752619706
0.000573272428630
0.000572807167338
0.000572357691333
0.000571924841086
0.000571509440905
0.000571112297830
0.000570734200547
0.000570375918327
0.000570038199992
0.000569721772908
0.000569427341999
0.000569155588800
0.000568907170529
0.000568682719198
0.000568482840750
0.000568308114232
0.000568159090997
0.000568036293946
0.000567940216800
0.000567871323411
0.000567830047105
0.000567816790071
0.000567831922773
0.000567875783417
0.000567948677448
0.000568050877083
0.000568182620893
0.000568344113418
0.000568535524826
0.000568756990613
0.000569008611344
0.000569290452432
0.000569602543966
0.000569944880573
0.000570317421325
0.000570720089695
0.000571152773538
0.000571615325133
0.000572107561254
0.000572629263287
0.000573180177390
0.000573760014691
0.000574368451528
0.000575005129733
0.000575669656950
0.000576361607000
0.000577080520278
0.000577825904196
0.000578597233661
0.000579393951589
0.000580215469461
0.000581061167911
0.000581930397352
0.000582822478639
0.000583736703760
0.000584672336569
0.000585628613547
0.000586604744590
0.000587599913842
0.000588613280541
0.000589643979906
0.000590691124047
0.000591753802903
0.000592831085206
0.000593922019467
0.000595025634993
0.000596140942914
0.000597266937245
0.000598402595958
0.000599546882078
0.000600698744793
0.000601857120587
0.000603020934376
0.000604189100673
0.000605360524752
0.000606534103832
0.000607708728266
0.000608883282739
0.000610056647479
0.000611227699463
0.000612395313640
0.000613558364142
0.000614715725515
0.000615866273933
0.000617008888423
0.000618142452082
0.000619265853291
0.000620377986925
0.000621477755555
0.000622564070646
0.000623635853741
0.000624692037636
0.000625731567548
0.000626753402261
0.000627756515266
0.000628739895883
0.000629702550363
0.000630643502976
0.000631561797079
0.000632456496161
0.000633326684872
0.000634171470020
0.000634989981558
0.000635781373532
0.000636544825010
0.000637279540988
0.000637984753260
0.000638659721262
0.000639303732889
0.000639916105280
0.000640496185569
0.000641043351607
0.000641557012646
0.000642036609998
0.000642481617651
0.000642891542851
0.000643265926651
0.000643604344426
0.000643906406340
0.000644171757789
0.000644400079796
0.000644591089373
0.000644744539841
0.000644860221114
0.000644937959938
0.000644977620098
0.000644979102580
0.000644942345691
0.000644867325145
0.000644754054103
0.000644602583177
0.000644413000389
0.000644185431094
0.000643920037861
0.000643617020314
0.000643276614931
0.000642899094809
0.000642484769383
0.000642033984111
0.000641547120120
0.000641024593806
0.000640466856411
0.000639874393545
0.000639247724688
0.000638587402643
0.000637894012961
0.000637168173325
0.000636410532908
0.000635621771687
0.000634802599736
0.000633953756474
0.000633076009893
0.000632170155748
0.000631237016726
0.000630277441574
0.000629292304214
0.000628282502818
0.000627248958869
0.000626192616188
0.000625114439945
0.000624015415644
0.000622896548088
0.000621758860321
0.000620603392558
0.000619431201088
0.000618243357172
0.000617040945915
0.000615825065131
0.000614596824190
0.000613357342863
0.000612107750144
0.000610849183073
0.000609582785550
0.000608309707136
0.000607031101862
0.000605748127019
0.000604461941960
0.000603173706892
0.000601884581672
0.000600595724606
0.000599308291247
0.000598023433201
0.000596742296940
0.000595466022618
0.000594195742897
0.000592932581788
0.000591677653492
0.000590432061267
0.000589196896295
0.000587973236576
0.000586762145828
0.000585564672415
0.000584381848280
0.000583214687913
0.000582064187326
0.000580931323060
0.000579817051210
0.000578722306477
0.000577648001242
0.000576595024668
0.000575564241834
0.000574556492887
0.000573572592232
0.000572613327750
0.000571679460044
0.000570771721722
0.000569890816706
0.000569037419582
0.000568212174979
0.000567415696982
0.000566648568586
0.000565911341183
0.000565204534081
0.000564528634071
0.000563884095022
0.000563271337516
0.000562690748530
0.000562142681142
0.000561627454293
0.000561145352573
0.000560696626058
0.000560281490183
0.000559900125653
0.000559552678398
0.000559239259570
0.000558959945568
0.000558714778124
0.000558503764407
0.000558326877186
0.000558184055018
0.000558075202490
0.000558000190484
0.000557958856495
0.000557951004985
0.000557976407768
0.000558034804440
0.000558125902846
0.000558249379582
0.000558404880534
0.000558592021453
0.000558810388565
0.000559059539215
0.000559339002547
0.000559648280215
0.000559986847126
0.000560354152214
0.000560749619249
0.000561172647670
0.000561622613448
0.000562098869979
0.000562600749002
0.000563127561543
0.000563678598883
0.000564253133549
0.000564850420331
0.000565469697315
0.000566110186941
0.000566771097074
0.000567451622098
0.000568150944025
0.000568868233617
0.000569602651522
0.000570353349427
0.000571119471218
0.000571900154147
0.000572694530016
0.000573501726360
0.000574320867642
0.000575151076446
0.000575991474679
0.000576841184771
0.000577699330877
0.000578565040076
0.000579437443572
0.000580315677880
0.000581198886024
0.000582086218709
0.000582976835501
0.000583869905988
0.000584764610933
0.000585660143412
0.000586555709947
0.000587450531611
0.000588343845127
0.000589234903947
0.000590122979306
0.000591007361267
0.000591887359734
0.000592762305447
0.000593631550952
0.000594494471552
0.000595350466217
0.000596198958483
0.000597039397313
0.000597871257930
0.000598694042620
0.000599507281504
0.000600310533276
0.000601103385908
0.000601885457320
0.000602656396017
0.000603415881683
0.000604163625749
0.000604899371909
0.000605622896612
0.000606334009504
0.000607032553834
0.000607718406821
0.000608391479976
0.000609051719386
0.000609699105953
0.000610333655595
0.000610955419395
