0.000187485053261
0.000187512471625
0.000187539524068
0.000187566268672
0.000187592769411
0.000187619094507
0.000187645314732
0.000187671501669
0.000187697725966
0.000187724055600
0.000187750554193
0.000187777279409
0.000187804281479
0.000187831601896
0.000187859272326
0.000187887313786
0.000187915736126
0.000187944537844
0.000187973706259
0.000188003218039
0.000188033040080
0.000188063130696
0.000188093441074
0.000188123916938
0.000188154500340
0.000188185131508
0.000188215750657
0.000188246299702
0.000188276723794
0.000188306972626
0.000188337001486
0.000188366772008
0.000188396252654
0.000188425418916
0.000188454253277
0.000188482744979
0.000188510889623
0.000188538688670
0.000188566148872
0.000188593281674
0.000188620102619
0.000188646630772
0.000188672888167
0.000188698899288
0.000188724690555
0.000188750289834
0.000188775725930
0.000188801028072
0.000188826225377
0.000188851346302
0.000188876418083
0.000188901466197
0.000188926513844
0.000188951581497
0.000188976686529
0.000189001842955
0.000189027061281
0.000189052348503
0.000189077708210
0.000189103140819
0.000189128643883
0.000189154212472
0.000189179839560
0.000189205516407
0.000189231232878
0.000189256977692
0.000189282738553
0.000189308502189
0.000189334254275
0.000189359979278
0.000189385660250
0.000189411278597
0.000189436813895
0.000189462243761
0.000189487543863
0.000189512688058
0.000189537648715
0.000189562397208
0.000189586904579
0.000189611142338
0.000189635083374
0.000189658702920
0.000189681979521
0.000189704895942
0.000189727439970
0.000189749605062
0.000189771390793
0.000189792803092
0.000189813854251
0.000189834562705
0.000189854952617
0.000189875053272
0.000189894898331
0.000189914524971
0.000189933972951
0.000189953283641
0.000189972499024
0.000189991660717
0.000190010809005
0.000190029981896
0.000190049214220
0.000190068536753
0.000190087975379
0.000190107550301
0.000190127275309
0.000190147157126
0.000190167194862
0.000190187379603
0.000190207694184
0.000190228113164
0.000190248603056
0.000190269122823
0.000190289624665
0.000190310055094
0.000190330356278
0.000190350467623
0.000190370327549
0.000190389875383
0.000190409053301
0.000190427808232
0.000190446093648
0.000190463871142
0.000190481111745
0.000190497796908
0.000190513919119
0.000190529482125
0.000190544500775
0.000190559000482
0.000190573016358
0.000190586592052
0.000190599778372
0.000190612631720
0.000190625212438
0.000190637583088
0.000190649806746
0.000190661945332
0.000190674058026
0.000190686199782
0.000190698419975
0.000190710761182
0.000190723258113
0.000190735936714
0.000190748813444
0.000190761894745
0.000190775176735
0.000190788645128
0.000190802275419
0.000190816033334
0.000190829875578
0.000190843750865
0.000190857601224
0.000190871363570
0.000190884971481
0.000190898357148
0.000190911453413
0.000190924195835
0.000190936524686
0.000190948386808
0.000190959737239
0.000190970540553
0.000190980771841
0.000190990417315
0.000190999474505
0.000191007952051
0.000191015869131
0.000191023254543
0.000191030145519
0.000191036586317
0.000191042626681
0.000191048320220
0.000191053722780
0.000191058890873
0.000191063880187
0.000191068744236
0.000191073533146
0.000191078292604
0.000191083062969
0.000191087878526
0.000191092766901
0.000191097748603
0.000191102836710
0.000191108036688
0.000191113346347
0.000191118755947
0.000191124248458
0.000191129799994
0.000191135380412
0.000191140954090
0.000191146480878
0.000191151917189
0.000191157217222
0.000191162334263
0.000191167222021
0.000191171835951
0.000191176134494
0.000191180080190
0.000191183640610
0.000191186789067
0.000191189505079
0.000191191774575
0.000191193589846
0.000191194949271
0.000191195856834
0.000191196321503
0.000191196356504
0.000191195978556
0.000191195207113
0.000191194063661
0.000191192571106
0.000191190753269
0.000191188634505
0.000191186239427
0.000191183592726
0.000191180719062
0.000191177642978
0.000191174388829
0.000191170980662
0.000191167442057
0.000191163795888
0.000191160064006
0.000191156266863
0.000191152423076
0.000191148548967
0.000191144658103
0.000191140760878
0.000191136864150
0.000191132970977
0.000191129080455
0.000191125187671
0.000191121283773
0.000191117356134
0.000191113388614
0.000191109361865
0.000191105253689
0.000191101039396
0.000191096692170
0.000191092183409
0.000191087483060
0.000191082559928
0.000191077382009
0.000191071916827
0.000191066131837
0.000191059994892
0.000191053474796
0.000191046541964
0.000191039169178
0.000191031332431
0.000191023011830
0.000191014192523
0.000191004865597
0.000190995028892
0.000190984687679
0.000190973855137
0.000190962552584
0.000190950809424
0.000190938662794
0.000190926156897
0.000190913342034
0.000190900273377
0.000190887009517
0.000190873610853
0.000190860137884
0.000190846649477
0.000190833201176
0.000190819843622
0.000190806621122
0.000190793570426
0.000190780719730
0.000190768087922
0.000190755684076
0.000190743507196
0.000190731546184
0.000190719780031
0.000190708178209
0.000190696701252
0.000190685301511
0.000190673924080
0.000190662507890
0.000190650986953
0.000190639291771
0.000190627350881
0.000190615092533
0.000190602446471
0.000190589345781
0.000190575728762
0.000190561540758
0.000190546735895
0.000190531278646
0.000190515145155
0.000190498324257
0.000190480818133
0.000190462642555
0.000190443826703
0.000190424412531
0.000190404453716
0.000190384014210
0.000190363166454
0.000190341989332
0.000190320565936
0.000190298981230
0.000190277319714
0.000190255663155
0.000190234088465
0.000190212665803
0.000190191456914
0.000190170513775
0.000190149877538
0.000190129577771
0.000190109632015
0.000190090045607
0.000190070811776
0.000190051911969
0.000190033316414
0.000190014984868
0.000189996867572
0.000189978906375
0.000189961036031
0.000189943185659
0.000189925280341
0.000189907242858
0.000189888995510
0.000189870462012
0.000189851569400
0.000189832249903
0.000189812442715
0.000189792095609
0.000189771166332
0.000189749623711
0.000189727448444
0.000189704633518
0.000189681184262
0.000189657118006
0.000189632463394
0.000189607259371
0.000189581553891
0.000189555402431
0.000189528866356
0.000189502011223
0.000189474905081
0.000189447616842
0.000189420214751
0.000189392765016
0.000189365330595
0.000189337970166
0.000189310737267
0.000189283679584
0.000189256838386
0.000189230248068
0.000189203935786
0.000189177921177
0.000189152216144
0.000189126824710
0.000189101742960
0.000189076959062
0.000189052453416
0.000189028198926
0.000189004161428
0.000188980300280
0.000188956569126
0.000188932916821
0.000188909288496
0.000188885626759
0.000188861872957
0.000188837968491
0.000188813856115
0.000188789481181
0.000188764792778
0.000188739744749
0.000188714296533
0.000188688413845
0.000188662069181
0.000188635242150
0.000188607919668
0.000188580096033
0.000188551772900
0.000188522959193
0.000188493670965
0.000188463931235
0.000188433769783
0.000188403222915
0.000188372333173
0.000188341148969
0.000188309724118
0.000188278117228
0.000188246390947
0.000188214611019
0.000188182845172
0.000188151161820
0.000188119628619
0.000188088310902
0.000188057270053
0.000188026561867
0.000187996234972
0.000187966329379
0.000187936875219
0.000187907891733
0.000187879386549
0.000187851355287
0.000187823781504
0.000187796636971
0.000187769882275
