0.000615174662085
0.000615180230451
0.000615221958907
0.000615297908037
0.000615406137002
0.000615544706032
0.000615711678893
0.000615905125327
0.000616123123467
0.000616363762222
0.000616625143626
0.000616905385155
0.000617202622006
0.000617515009327
0.000617840724419
0.000618177968875
0.000618524970687
0.000618879986289
0.000619241302558
0.000619607238755
0.000619976148408
0.000620346421142
0.000620716484444
0.000621084805365
0.000621449892161
0.000621810295866
0.000622164611799
0.000622511480997
0.000622849591589
0.000623177680085
0.000623494532599
0.000623798986001
0.000624089928987
0.000624366303076
0.000624627103532
0.000624871380207
0.000625098238305
0.000625306839069
0.000625496400384
0.000625666197313
0.000625815562533
0.000625943886712
0.000626050618794
0.000626135266204
0.000626197394979
0.000626236629814
0.000626252654034
0.000626245209482
0.000626214096332
0.000626159172823
0.000626080354918
0.000625977615882
0.000625850985793
0.000625700550970
0.000625526453334
0.000625328889694
0.000625108110963
0.000624864421306
0.000624598177218
0.000624309786534
0.000623999707382
0.000623668447060
0.000623316560866
0.000622944650854
0.000622553364543
0.000622143393564
0.000621715472257
0.000621270376211
0.000620808920760
0.000620331959425
0.000619840382320
0.000619335114501
0.000618817114286
0.000618287371535
0.000617746905886
0.000617196764963
0.000616638022559
0.000616071776774
0.000615499148142
0.000614921277728
0.000614339325204
0.000613754466906
0.000613167893879
0.000612580809901
0.000611994429509
0.000611409975999
0.000610828679441
0.000610251774673
0.000609680499311
0.000609116091745
0.000608559789156
0.000608012825529
0.000607476429682
0.000606951823310
0.000606440219035
0.000605942818485
0.000605460810386
0.000604995368682
0.000604547650675
0.000604118795197
0.000603709920808
0.000603322124034
0.000602956477629
0.000602614028881
0.000602295797956
0.000602002776280
0.000601735924968
0.000601496173294
0.000601284417211
0.000601101517918
0.000600948300480
0.000600825552495
0.000600734022821
0.000600674420355
0.000600647412870
0.000600653625909
0.000600693641739
0.000600767998370
0.000600877188632
0.000601021659311
0.000601201810363
0.000601417994177
0.000601670514916
0.000601959627918
0.000602285539170
0.000602648404844
0.000603048330906
0.000603485372792
0.000603959535154
0.000604470771678
0.000605018984963
0.000605604026483
0.000606225696607
0.000606883744695
0.000607577869258
0.000608307718197
0.000609072889100
0.000609872929610
0.000610707337866
0.000611575563006
0.000612477005733
0.000613411018958
0.000614376908495
0.000615373933826
0.000616401308927
0.000617458203158
0.000618543742208
0.000619657009104
0.000620797045271
0.000621962851658
0.000623153389908
0.000624367583589
0.000625604319468
0.000626862448848
0.000628140788934
0.000629438124267
0.000630753208178
0.000632084764310
0.000633431488156
0.000634792048653
0.000636165089804
0.000637549232332
0.000638943075376
0.000640345198204
0.000641754161959
0.000643168511438
0.000644586776875
0.000646007475767
0.000647429114695
0.000648850191185
0.000650269195559
0.000651684612814
0.000653094924503
0.000654498610620
0.000655894151491
0.000657280029672
0.000658654731830
0.000660016750643
0.000661364586670
0.000662696750232
0.000664011763271
0.000665308161197
0.000666584494726
0.000667839331694
0.000669071258847
0.000670278883621
0.000671460835886
0.000672615769666
0.000673742364830
0.000674839328757
0.000675905397956
0.000676939339659
0.000677939953377
0.000678906072411
0.000679836565323
0.000680730337370
0.000681586331881
0.000682403531598
0.000683180959964
0.000683917682359
0.000684612807288
0.000685265487512
0.000685874921128
0.000686440352589
0.000686961073670
0.000687436424376
0.000687865793782
0.000688248620828
0.000688584395032
0.000688872657163
0.000689112999829
0.000689305068016
0.000689448559555
0.000689543225527
0.000689588870598
0.000689585353291
0.000689532586192
0.000689430536087
0.000689279224030
0.000689078725353
0.000688829169592
0.000688530740369
0.000688183675184
0.000687788265158
0.000687344854699
0.000686853841110
0.000686315674126
0.000685730855386
0.000685099937852
0.000684423525148
0.000683702270851
0.000682936877710
0.000682128096818
0.000681276726709
0.000680383612407
0.000679449644419
0.000678475757664
0.000677462930359
0.000676412182840
0.000675324576346
0.000674201211738
0.000673043228185
0.000671851801791
0.000670628144187
0.000669373501075
0.000668089150732
0.000666776402477
0.000665436595099
0.000664071095254
0.000662681295821
0.000661268614238
0.000659834490799
0.000658380386934
0.000656907783457
0.000655418178799
0.000653913087213
0.000652394036970
0.000650862568537
0.000649320232739
0.000647768588912
0.000646209203055
0.000644643645965
0.000643073491378
0.000641500314102
0.000639925688158
0.000638351184922
0.000636778371270
0.000635208807737
0.000633644046686
0.000632085630487
0.000630535089716
0.000628993941366
0.000627463687088
0.000625945811442
0.000624441780187
0.000622953038582
0.000621481009731
0.000620027092953
0.000618592662177
0.000617179064393
0.000615787618115
0.000614419611908
0.000613076302935
0.000611758915563
0.000610468640002
0.000609206631004
0.000607974006592
0.000606771846858
0.000605601192800
0.000604463045216
0.000603358363650
0.000602288065401
0.000601253024578
0.000600254071223
0.000599291990486
0.000598367521866
0.000597481358510
0.000596634146573
0.000595826484649
0.000595058923253
0.000594331964379
0.000593646061115
0.000593001617330
0.000592398987422
0.000591838476136
0.000591320338441
0.000590844779486
0.000590411954611
0.000590021969430
0.000589674879980
0.000589370692938
0.000589109365899
0.000588890807722
0.000588714878946
0.000588581392264
0.000588490113062
0.000588440760026
0.000588433005806
0.000588466477744
0.000588540758665
0.000588655387722
0.000588809861305
0.000589003634006
0.000589236119635
0.000589506692300
0.000589814687533
0.000590159403471
0.000590540102083
0.000590956010457
0.000591406322116
0.000591890198399
0.000592406769869
0.000592955137773
0.000593534375536
0.000594143530299
0.000594781624480
0.000595447657387
0.000596140606845
0.000596859430863
0.000597603069324
0.000598370445701
0.000599160468794
0.000599972034489
0.000600804027536
0.000601655323335
0.000602524789748
0.000603411288912
0.000604313679057
0.000605230816346
0.000606161556697
0.000607104757627
0.000608059280074
0.000609023990233
0.000609997761373
0.000610979475651
0.000611968025913
0.000612962317477
0.000613961269910
0.000614963818775
0.000615968917362
0.000616975538394
0.000617982675710
0.000618989345913
0.000619994589997
0.000620997474931
0.000621997095214
0.000622992574392
0.000623983066533
0.000624967757662
0.000625945867156
0.000626916649083
0.000627879393506
0.000628833427729
0.000629778117495
0.000630712868130
0.000631637125631
0.000632550377702
0.000633452154725
0.000634342030679
0.000635219623993
0.000636084598339
0.000636936663359
0.000637775575328
0.000638601137757
0.000639413201918
0.000640211667313
0.000640996482061
0.000641767643232
0.000642525197093
0.000643269239298
0.000643999914997
0.000644717418877
0.000645421995133
0.000646113937360
0.000646793588381
0.000647461339994
0.000648117632652
0.000648762955069
0.000649397843756
0.000650022882475
0.000650638701638
