0.001351432442551
0.001367126081892
0.001382888223638
0.001398677180534
0.001414451059330
0.001430167885339
0.001445785727124
0.001461262820916
0.001476557694355
0.001491629289133
0.001506437082166
0.001520941204864
0.001535102560145
0.001548882936789
0.001562245120769
0.001575153003214
0.001587571684635
0.001599467575100
0.001610808490032
0.001621563741330
0.001631704223530
0.001641202494731
0.001650032852056
0.001658171401393
0.001665596121231
0.001672286920390
0.001678225689483
0.001683396345969
0.001687784872661
0.001691379349617
0.001694169979314
0.001696149105057
0.001697311222609
0.001697652985018
0.001697173200672
0.001695872824610
0.001693754943173
0.001690824752057
0.001687089527898
0.001682558593502
0.001677243276895
0.001671156864332
0.001664314547493
0.001656733365050
0.001648432138849
0.001639431404953
0.001629753339797
0.001619421681751
0.001608461648376
0.001596899849674
0.001584764197656
0.001572083812564
0.001558888926067
0.001545210781796
0.001531081533560
0.001516534141616
0.001501602267338
0.001486320166668
0.001470722582716
0.001454844637870
0.001438721725792
0.001422389403662
0.001405883285040
0.001389238933692
0.001372491758740
0.001355676911482
0.001338829184207
0.001321982911348
0.001305171873268
0.001288429203002
0.001271787296230
0.001255277724771
0.001238931153840
0.001222777263347
0.001206844673426
0.001191160874443
0.001175752161653
0.001160643574703
0.001145858842113
0.001131420330897
0.001117349001428
0.001103664367650
0.001090384462713
0.001077525810092
0.001065103400219
0.001053130672652
0.001041619503782
0.001030580200034
0.001020021496545
0.001009950561231
0.001000373004176
0.000991292892242
0.000982712768765
0.000974633678218
0.000967055195679
0.000959975460929
0.000953391217008
0.000947297853009
0.000941689450916
0.000936558836247
0.000931897632262
0.000927696317499
0.000923944286364
0.000920629912513
0.000917740614755
0.000915262925184
0.000913182559263
0.000911484487559
0.000910153008838
0.000909171824229
0.000908524112142
0.000908192603674
0.000908159658168
0.000908407338667
0.000908917486956
0.000909671797910
0.000910651892876
0.000911839391811
0.000913215983917
0.000914763496523
0.000916463961954
0.000918299682179
0.000920253290991
0.000922307813524
0.000924446722910
0.000926653993887
0.000928914153194
0.000931212326601
0.000933534282427
0.000935866471439
0.000938196063008
0.000940510977450
0.000942799914456
0.000945052377583
0.000947258694737
0.000949410034646
0.000951498419310
0.000953516732427
0.000955458723846
0.000957319010062
0.000959093070837
0.000960777241998
0.000962368704522
0.000963865469991
0.000965266362558
0.000966570997529
0.000967779756726
0.000968893760772
0.000969914838479
0.000970845493496
0.000971688868424
0.000972448706582
0.000973129311631
0.000973735505262
0.000974272583171
0.000974746269539
0.000975162670243
0.000975528225018
0.000975849658821
0.000976133932606
0.000976388193756
0.000976619726398
0.000976835901833
0.000977044129303
0.000977251807320
0.000977466275778
0.000977694769058
0.000977944370325
0.000978221967237
0.000978534209226
0.000978887466567
0.000979287791380
0.000979740880742
0.000980252042061
0.000980826160847
0.000981467671009
0.000982180527803
0.000982968183522
0.000983833566032
0.000984779060218
0.000985806492416
0.000986917117871
0.000988111611263
0.000989390060327
0.000990751962555
0.000992196225005
0.000993721167173
0.000995324526897
0.000997003469268
0.000998754598452
0.001000573972391
0.001002457120258
0.001004399062606
0.001006394334076
0.001008437008556
0.001010520726660
0.001012638725390
0.001014783869831
0.001016948686715
0.001019125399711
0.001021305966242
0.001023482115674
0.001025645388692
0.001027787177657
0.001029898767789
0.001031971378944
0.001033996207822
0.001035964470397
0.001037867444365
0.001039696511436
0.001041443199258
0.001043099222793
0.001044656524950
0.001046107316297
0.001047444113673
0.001048659777523
0.001049747547792
0.001050701078221
0.001051514468883
0.001052182296839
0.001052699644743
0.001053062127309
0.001053265915500
0.001053307758345
0.001053185002289
0.001052895607996
0.001052438164524
0.001051811900836
0.001051016694574
0.001050053078083
0.001048922241652
0.001047626033963
0.001046166959764
0.001044548174759
0.001042773477769
0.001040847300178
0.001038774692737
0.001036561309779
0.001034213390922
0.001031737740342
0.001029141703717
0.001026433142953
0.001023620408790
0.001020712311434
0.001017718089328
0.001014647376226
0.001011510166692
0.001008316780202
0.001005077823989
0.001001804154813
0.000998506839818
0.000995197116647
0.000991886352992
0.000988586005761
0.000985307580040
0.000982062588018
0.000978862508071
0.000975718744172
0.000972642585799
0.000969645168526
0.000966737435452
0.000963930099641
0.000961233607733
0.000958658104869
0.000956213401095
0.000953908939366
0.000951753765291
0.000949756498751
0.000947925307485
0.000946267882772
0.000944791417284
0.000943502585211
0.000942407524729
0.000941511822869
0.000940820502843
0.000940338013876
0.000940068223559
0.000940014412756
0.000940179273061
0.000940564906800
0.000941172829567
0.000942003975262
0.000943058703587
0.000944336809951
0.000945837537720
0.000947559592743
0.000949501160063
0.000951659922721
0.000954033082550
0.000956617382846
0.000959409132799
0.000962404233538
0.000965598205677
0.000968986218200
0.000972563118535
0.000976323463683
0.000980261552205
0.000984371456942
0.000988647058273
0.000993082077751
0.000997670111946
0.001002404666320
0.001007279188970
0.001012287104043
0.001017421844689
0.001022676885354
0.001028045773258
0.001033522158900
0.001039099825436
0.001044772716765
0.001050534964194
0.001056380911537
0.001062305138513
0.001068302482332
0.001074368057346
0.001080497272655
0.001086685847596
0.001092929825000
0.001099225582172
0.001105569839504
0.001111959666694
0.001118392486516
0.001124866076118
0.001131378565830
0.001137928435483
0.001144514508247
0.001151135941999
0.001157792218278
0.001164483128839
0.001171208759903
0.001177969474134
0.001184765890456
0.001191598861787
0.001198469450791
0.001205378903773
0.001212328622836
0.001219320136433
0.001226355068458
0.001233435106030
0.001240561966124
0.001247737361223
0.001254962964156
0.001262240372307
0.001269571071377
0.001276956398881
0.001284397507586
0.001291895329059
0.001299450537553
0.001307063514394
0.001314734313086
0.001322462625323
0.001330247748102
0.001338088552121
0.001345983451656
0.001353930376101
0.001361926743332
0.001369969435090
0.001378054774521
0.001386178506045
0.001394335777703
0.001402521126098
0.001410728464088
0.001418951071319
0.001427181587731
0.001435412010103
0.001443633691743
0.001451837345370
0.001460013049267
0.001468150256721
0.001476237808791
0.001484263950425
0.001492216349900
0.001500082121596
0.001507847852055
0.001515499629283
0.001523023075246
0.001530403381460
0.001537625347619
0.001544673423126
0.001551531751425
0.001558184217007
0.001564614494933
0.001570806102715
0.001576742454409
0.001582406916705
0.001587782866852
0.001592853752187
0.001597603151085
0.001602014835083
0.001606072831960
0.001609761489540
0.001613065539965
0.001615970164196
0.001618461056487
0.001620524488572
0.001622147373318
0.001623317327564
0.001624022733902
0.001624252801132
0.001623997623132
0.001623248235888
