0.000347659520933
0.000347705076925
0.000347754233812
0.000347807014552
0.000347863441016
0.000347923533982
0.000347987313120
0.000348054796992
0.000348126003034
0.000348200947554
0.000348279645721
0.000348362111557
0.000348448357932
0.000348538396556
0.000348632237974
0.000348729891556
0.000348831365495
0.000348936666800
0.000349045801293
0.000349158773602
0.000349275587158
0.000349396244190
0.000349520745723
0.000349649091576
0.000349781280356
0.000349917309459
0.000350057175064
0.000350200872138
0.000350348394429
0.000350499734466
0.000350654883565
0.000350813831818
0.000350976568105
0.000351143080086
0.000351313354208
0.000351487375704
0.000351665128594
0.000351846595691
0.000352031758600
0.000352220597724
0.000352413092265
0.000352609220229
0.000352808958433
0.000353012282505
0.000353219166892
0.000353429584865
0.000353643508524
0.000353860908804
0.000354081755484
0.000354306017191
0.000354533661409
0.000354764654485
0.000354998961641
0.000355236546976
0.000355477373479
0.000355721403040
0.000355968596453
0.000356218913430
0.000356472312613
0.000356728751579
0.000356988186856
0.000357250573929
0.000357515867257
0.000357784020280
0.000358054985433
0.000358328714160
0.000358605156924
0.000358884263221
0.000359165981594
0.000359450259645
0.000359737044052
0.000360026280578
0.000360317914091
0.000360611888577
0.000360908147153
0.000361206632084
0.000361507284798
0.000361810045905
0.000362114855207
0.000362421651720
0.000362730373688
0.000363040958599
0.000363353343205
0.000363667463538
0.000363983254926
0.000364300652013
0.000364619588776
0.000364939998545
0.000365261814016
0.000365584967278
0.000365909389824
0.000366235012576
0.000366561765900
0.000366889579627
0.000367218383074
0.000367548105061
0.000367878673933
0.000368210017578
0.000368542063451
0.000368874738589
0.000369207969636
0.000369541682861
0.000369875804180
0.000370210259178
0.000370544973125
0.000370879871004
0.000371214877527
0.000371549917157
0.000371884914132
0.000372219792485
0.000372554476064
0.000372888888555
0.000373222953504
0.000373556594338
0.000373889734385
0.000374222296902
0.000374554205087
0.000374885382110
0.000375215751129
0.000375545235316
0.000375873757875
0.000376201242066
0.000376527611226
0.000376852788794
0.000377176698326
0.000377499263526
0.000377820408259
0.000378140056578
0.000378458132745
0.000378774561251
0.000379089266838
0.000379402174524
0.000379713209619
0.000380022297748
0.000380329364877
0.000380634337327
0.000380937141800
0.000381237705398
0.000381535955645
0.000381831820508
0.000382125228415
0.000382416108279
0.000382704389517
0.000382990002069
0.000383272876422
0.000383552943624
0.000383830135311
0.000384104383718
0.000384375621709
0.000384643782786
0.000384908801116
0.000385170611545
0.000385429149618
0.000385684351600
0.000385936154491
0.000386184496047
0.000386429314794
0.000386670550052
0.000386908141945
0.000387142031425
0.000387372160285
0.000387598471177
0.000387820907629
0.000388039414060
0.000388253935798
0.000388464419094
0.000388670811138
0.000388873060076
0.000389071115022
0.000389264926074
0.000389454444330
0.000389639621900
0.000389820411920
0.000389996768568
0.000390168647073
0.000390336003734
0.000390498795925
0.000390656982116
0.000390810521876
0.000390959375895
0.000391103505984
0.000391242875095
0.000391377447329
0.000391507187945
0.000391632063372
0.000391752041215
0.000391867090272
0.000391977180534
0.000392082283201
0.000392182370687
0.000392277416628
0.000392367395889
0.000392452284577
0.000392532060038
0.000392606700875
0.000392676186943
0.000392740499366
0.000392799620533
0.000392853534109
0.000392902225038
0.000392945679547
0.000392983885152
0.000393016830657
0.000393044506165
0.000393066903072
0.000393084014078
0.000393095833183
0.000393102355693
0.000393103578217
0.000393099498673
0.000393090116287
0.000393075431592
0.000393055446428
0.000393030163943
0.000392999588594
0.000392963726141
0.000392922583648
0.000392876169483
0.000392824493311
0.000392767566097
0.000392705400099
0.000392638008864
0.000392565407228
0.000392487611310
0.000392404638505
0.000392316507483
0.000392223238183
0.000392124851804
0.000392021370804
0.000391912818891
0.000391799221015
0.000391680603364
0.000391556993356
0.000391428419628
0.000391294912032
0.000391156501624
0.000391013220657
0.000390865102571
0.000390712181982
0.000390554494674
0.000390392077589
0.000390224968816
0.000390053207579
0.000389876834229
0.000389695890229
0.000389510418145
0.000389320461632
0.000389126065423
0.000388927275314
0.000388724138156
0.000388516701835
0.000388305015264
0.000388089128366
0.000387869092060
0.000387644958248
0.000387416779799
0.000387184610535
0.000386948505214
0.000386708519517
0.000386464710029
0.000386217134226
0.000385965850458
0.000385710917929
0.000385452396687
0.000385190347599
0.000384924832340
0.000384655913374
0.000384383653932
0.000384108118002
0.000383829370302
0.000383547476268
0.000383262502034
0.000382974514412
0.000382683580872
0.000382389769527
0.000382093149109
0.000381793788953
0.000381491758976
0.000381187129658
0.000380879972019
0.000380570357604
0.000380258358459
0.000379944047110
0.000379627496547
0.000379308780199
0.000378987971915
0.000378665145940
0.000378340376902
0.000378013739782
0.000377685309897
0.000377355162879
0.000377023374653
0.000376690021414
0.000376355179609
0.000376018925913
0.000375681337207
0.000375342490558
0.000375002463197
0.000374661332497
0.000374319175949
0.000373976071146
0.000373632095754
0.000373287327496
0.000372941844128
0.000372595723414
0.000372249043112
0.000371901880945
0.000371554314580
0.000371206421612
0.000370858279535
0.000370509965726
0.000370161557420
0.000369813131689
0.000369464765424
0.000369116535308
0.000368768517799
0.000368420789105
0.000368073425167
0.000367726501637
0.000367380093852
0.000367034276821
0.000366689125199
0.000366344713266
0.000366001114910
0.000365658403604
0.000365316652387
0.000364975933844
0.000364636320083
0.000364297882720
0.000363960692857
0.000363624821063
0.000363290337351
0.000362957311167
0.000362625811364
0.000362295906185
0.000361967663246
0.000361641149516
0.000361316431301
0.000360993574222
0.000360672643203
0.000360353702449
0.000360036815430
0.000359722044863
0.000359409452700
0.000359099100105
0.000358791047442
0.000358485354256
0.000358182079261
0.000357881280322
0.000357583014439
0.000357287337734
0.000356994305437
0.000356703971867
0.000356416390425
0.000356131613572
0.000355849692823
0.000355570678728
0.000355294620864
0.000355021567819
0.000354751567180
0.000354484665523
0.000354220908398
0.000353960340323
0.000353703004767
0.000353448944143
0.000353198199798
0.000352950812000
0.000352706819931
0.000352466261676
0.000352229174217
0.000351995593419
0.000351765554027
0.000351539089655
0.000351316232780
0.000351097014735
0.000350881465699
0.000350669614694
0.000350461489579
0.000350257117042
0.000350056522595
0.000349859730571
0.000349666764118
0.000349477645193
0.000349292394563
0.000349111031795
0.000348933575259
0.000348760042122
0.000348590448344
0.000348424808681
0.000348263136679
0.000348105444675
0.000347951743795
0.000347802043955
0.000347656353858
0.000347514680999
0.000347377031661
0.000347243410920
0.000347113822643
0.000346988269493
0.000346866752929
0.000346749273209
