0.000195175598990
0.000195212200214
0.000195248528193
0.000195284548458
0.000195320232207
0.000195355557109
0.000195390507983
0.000195425077352
0.000195459265815
0.000195493082252
0.000195526543828
0.000195559675791
0.000195592511063
0.000195625089618
0.000195657457663
0.000195689666629
0.000195721771985
0.000195753831915
0.000195785905874
0.000195818053064
0.000195850330870
0.000195882793289
0.000195915489414
0.000195948461997
0.000195981746150
0.000196015368224
0.000196049344893
0.000196083682488
0.000196118376608
0.000196153412013
0.000196188762820
0.000196224393001
0.000196260257171
0.000196296301645
0.000196332465745
0.000196368683306
0.000196404884364
0.000196440996943
0.000196476948923
0.000196512669913
0.000196548093080
0.000196583156891
0.000196617806703
0.000196651996161
0.000196685688376
0.000196718856834
0.000196751486020
0.000196783571740
0.000196815121138
0.000196846152399
0.000196876694159
0.000196906784638
0.000196936470513
0.000196965805587
0.000196994849267
0.000197023664913
0.000197052318097
0.000197080874837
0.000197109399828
0.000197137954749
0.000197166596680
0.000197195376666
0.000197224338475
0.000197253517583
0.000197282940394
0.000197312623731
0.000197342574582
0.000197372790123
0.000197403257988
0.000197433956780
0.000197464856794
0.000197495920926
0.000197527105737
0.000197558362625
0.000197589639086
0.000197620880008
0.000197652028979
0.000197683029567
0.000197713826543
0.000197744367027
0.000197774601522
0.000197804484840
0.000197833976888
0.000197863043310
0.000197891655991
0.000197919793408
0.000197947440840
0.000197974590435
0.000198001241151
0.000198027398570
0.000198053074598
0.000198078287078
0.000198103059297
0.000198127419436
0.000198151399950
0.000198175036899
0.000198198369245
0.000198221438121
0.000198244286083
0.000198266956353
0.000198289492061
0.000198311935496
0.000198334327365
0.000198356706071
0.000198379107018
0.000198401561935
0.000198424098247
0.000198446738490
0.000198469499771
0.000198492393303
0.000198515424013
0.000198538590245
0.000198561883560
0.000198585288668
0.000198608783473
0.000198632339281
0.000198655921142
0.000198679488355
0.000198702995129
0.000198726391396
0.000198749623758
0.000198772636573
0.000198795373135
0.000198817776942
0.000198839793014
0.000198861369229
0.000198882457637
0.000198903015729
0.000198923007605
0.000198942405021
0.000198961188276
0.000198979346900
0.000198996880135
0.000199013797168
0.000199030117121
0.000199045868773
0.000199061090020
0.000199075827089
0.000199090133497
0.000199104068796
0.000199117697132
0.000199131085632
0.000199144302686
0.000199157416153
0.000199170491545
0.000199183590236
0.000199196767763
0.000199210072243
0.000199223542988
0.000199237209331
0.000199251089727
0.000199265191138
0.000199279508744
0.000199294025974
0.000199308714873
0.000199323536792
0.000199338443376
0.000199353377832
0.000199368276429
0.000199383070203
0.000199397686786
0.000199412052343
0.000199426093524
0.000199439739406
0.000199452923340
0.000199465584676
0.000199477670303
0.000199489135972
0.000199499947354
0.000199510080833
0.000199519523984
0.000199528275754
0.000199536346327
0.000199543756702
0.000199550537978
0.000199556730383
0.000199562382086
0.000199567547809
0.000199572287300
0.000199576663699
0.000199580741857
0.000199584586640
0.000199588261284
0.000199591825828
0.000199595335682
0.000199598840348
0.000199602382347
0.000199605996354
0.000199609708565
0.000199613536309
0.000199617487894
0.000199621562687
0.000199625751414
0.000199630036656
0.000199634393518
0.000199638790446
0.000199643190162
0.000199647550679
0.000199651826372
0.000199655969081
0.000199659929207
0.000199663656782
0.000199667102498
0.000199670218673
0.000199672960130
0.000199675285004
0.000199677155437
0.000199678538184
0.000199679405108
0.000199679733577
0.000199679506746
0.000199678713748
0.000199677349782
0.000199675416100
0.000199672919908
0.000199669874180
0.000199666297385
0.000199662213143
0.000199657649806
0.000199652639971
0.000199647219934
0.000199641429089
0.000199635309269
0.000199628904051
0.000199622258012
0.000199615415956
0.000199608422114
0.000199601319321
0.000199594148194
0.000199586946302
0.000199579747364
0.000199572580473
0.000199565469372
0.000199558431805
0.000199551478949
0.000199544614966
0.000199537836678
0.000199531133396
0.000199524486916
0.000199517871681
0.000199511255147
0.000199504598319
0.000199497856486
0.000199490980122
0.000199483915954
0.000199476608161
0.000199468999690
0.000199461033643
0.000199452654716
0.000199443810630
0.000199434453531
0.000199424541314
0.000199414038826
0.000199402918915
0.000199391163297
0.000199378763204
0.000199365719792
0.000199352044296
0.000199337757921
0.000199322891460
0.000199307484656
0.000199291585301
0.000199275248117
0.000199258533424
0.000199241505637
0.000199224231633
0.000199206779028
0.000199189214408
0.000199171601581
0.000199153999874
0.000199136462548
0.000199119035368
0.000199101755373
0.000199084649887
0.000199067735792
0.000199051019105
0.000199034494847
0.000199018147229
0.000199001950139
0.000198985867915
0.000198969856379
0.000198953864104
0.000198937833862
0.000198921704228
0.000198905411272
0.000198888890296
0.000198872077570
0.000198854912010
0.000198837336761
0.000198819300631
0.000198800759346
0.000198781676605
0.000198762024892
0.000198741786040
0.000198720951546
0.000198699522614
0.000198677509953
0.000198654933329
0.000198631820892
0.000198608208313
0.000198584137735
0.000198559656603
0.000198534816380
0.000198509671208
0.000198484276537
0.000198458687767
0.000198432958945
0.000198407141539
0.000198381283322
0.000198355427397
0.000198329611378
0.000198303866741
0.000198278218350
0.000198252684166
0.000198227275131
0.000198201995217
0.000198176841633
0.000198151805160
0.000198126870618
0.000198102017415
0.000198077220187
0.000198052449487
0.000198027672520
0.000198002853894
0.000197977956383
0.000197952941682
0.000197927771149
0.000197902406523
0.000197876810606
0.000197850947919
0.000197824785302
0.000197798292480
0.000197771442578
0.000197744212571
0.000197716583690
0.000197688541758
0.000197660077462
0.000197631186552
0.000197601869970
0.000197572133897
0.000197541989725
0.000197511453936
0.000197480547911
0.000197449297636
0.000197417733339
0.000197385889034
0.000197353801982
0.000197321512081
0.000197289061181
0.000197256492330
0.000197223848975
0.000197191174107
0.000197158509384
0.000197125894244
0.000197093365014
0.000197060954057
0.000197028688961
0.000196996591803
0.000196964678517
0.000196932958372
0.000196901433600
0.000196870099181
0.000196838942810
0.000196807945040
0.000196777079627
0.000196746314060
0.000196715610268
0.000196684925507
0.000196654213386
0.000196623425020
0.000196592510275
0.000196561419071
0.000196530102714
0.000196498515202
0.000196466614493
0.000196434363677
0.000196401732024
0.000196368695887
0.000196335239418
0.000196301355090
0.000196267043999
0.000196232315937
0.000196197189241
0.000196161690407
0.000196125853488
0.000196089719281
0.000196053334342
0.000196016749823
0.000195980020200
0.000195943201894
0.000195906351843
0.000195869526061
0.000195832778215
0.000195796158276
0.000195759711278
0.000195723476210
0.000195687485090
0.000195651762239
0.000195616323767
0.000195581177306
0.000195546321964
