0.000212639056212
0.000212707020087
0.000212775576122
0.000212844719130
0.000212914420297
0.000212984627831
0.000213055268363
0.000213126249028
0.000213197460172
0.000213268778560
0.000213340070980
0.000213411198090
0.000213482018381
0.000213552392108
0.000213622185047
0.000213691271953
0.000213759539621
0.000213826889439
0.000213893239396
0.000213958525491
0.000214022702546
0.000214085744432
0.000214147643759
0.000214208411093
0.000214268073774
0.000214326674436
0.000214384269320
0.000214440926475
0.000214496723951
0.000214551748046
0.000214606091695
0.000214659853026
0.000214713134138
0.000214766040094
0.000214818678118
0.000214871156976
0.000214923586492
0.000214976077137
0.000215028739632
0.000215081684487
0.000215135021416
0.000215188858555
0.000215243301441
0.000215298451695
0.000215354405422
0.000215411251293
0.000215469068360
0.000215527923643
0.000215587869558
0.000215648941279
0.000215711154137
0.000215774501176
0.000215838950993
0.000215904445975
0.000215970901058
0.000216038203110
0.000216106211025
0.000216174756572
0.000216243646065
0.000216312662819
0.000216381570398
0.000216450116565
0.000216518037875
0.000216585064775
0.000216650927077
0.000216715359667
0.000216778108266
0.000216838935083
0.000216897624198
0.000216953986507
0.000217007864088
0.000217059133876
0.000217107710519
0.000217153548373
0.000217196642575
0.000217237029187
0.000217274784440
0.000217310023118
0.000217342896155
0.000217373587565
0.000217402310798
0.000217429304661
0.000217454828943
0.000217479159858
0.000217502585461
0.000217525401124
0.000217547905183
0.000217570394839
0.000217593162355
0.000217616491603
0.000217640654953
0.000217665910517
0.000217692499712
0.000217720645114
0.000217750548550
0.000217782389390
0.000217816322985
0.000217852479209
0.000217890961070
0.000217931843376
0.000217975171440
0.000218020959842
0.000218069191268
0.000218119815470
0.000218172748412
0.000218227871659
0.000218285032091
0.000218344042033
0.000218404679868
0.000218466691219
0.000218529790759
0.000218593664701
0.000218657973999
0.000218722358249
0.000218786440292
0.000218849831442
0.000218912137279
0.000218972963887
0.000219031924417
0.000219088645816
0.000219142775560
0.000219193988225
0.000219241991707
0.000219286532930
0.000219327402879
0.000219364440816
0.000219397537572
0.000219426637797
0.000219451741138
0.000219472902303
0.000219490230010
0.000219503884876
0.000219514076305
0.000219521058477
0.000219525125554
0.000219526606254
0.000219525857935
0.000219523260359
0.000219519209294
0.000219514110112
0.000219508371530
0.000219502399621
0.000219496592207
0.000219491333729
0.000219486990634
0.000219483907345
0.000219482402795
0.000219482767535
0.000219485261381
0.000219490111545
0.000219497511206
0.000219507618453
0.000219520555540
0.000219536408404
0.000219555226380
0.000219577022108
0.000219601771578
0.000219629414333
0.000219659853831
0.000219692957990
0.000219728559955
0.000219766459136
0.000219806422566
0.000219848186633
0.000219891459240
0.000219935922429
0.000219981235509
0.000220027038698
0.000220072957282
0.000220118606253
0.000220163595402
0.000220207534774
0.000220250040407
0.000220290740242
0.000220329280065
0.000220365329353
0.000220398586857
0.000220428785791
0.000220455698459
0.000220479140200
0.000220498972524
0.000220515105335
0.000220527498186
0.000220536160508
0.000220541150816
0.000220542574913
0.000220540583138
0.000220535366757
0.000220527153601
0.000220516203081
0.000220502800739
0.000220487252476
0.000220469878638
0.000220451008115
0.000220430972599
0.000220410101148
0.000220388715175
0.000220367123960
0.000220345620762
0.000220324479575
0.000220303952551
0.000220284268088
0.000220265629548
0.000220248214556
0.000220232174811
0.000220217636327
0.000220204700018
0.000220193442520
0.000220183917187
0.000220176155148
0.000220170166382
0.000220165940741
0.000220163448889
0.000220162643145
0.000220163458222
0.000220165811898
0.000220169605640
0.000220174725228
0.000220181041452
0.000220188410917
0.000220196677030
0.000220205671210
0.000220215214370
0.000220225118692
0.000220235189702
0.000220245228649
0.000220255035151
0.000220264410065
0.000220273158518
0.000220281093019
0.000220288036561
0.000220293825612
0.000220298312894
0.000220301369841
0.000220302888647
0.000220302783814
0.000220300993122
0.000220297477989
0.000220292223171
0.000220285235819
0.000220276543908
0.000220266194086
0.000220254249029
0.000220240784392
0.000220225885469
0.000220209643701
0.000220192153155
0.000220173507122
0.000220153794954
0.000220133099273
0.000220111493646
0.000220089040811
0.000220065791517
0.000220041784006
0.000220017044138
0.000219991586145
0.000219965413947
0.000219938522981
0.000219910902424
0.000219882537719
0.000219853413277
0.000219823515238
0.000219792834151
0.000219761367480
0.000219729121802
0.000219696114624
0.000219662375747
0.000219627948110
0.000219592888108
0.000219557265372
0.000219521162037
0.000219484671543
0.000219447897034
0.000219410949428
0.000219373945267
0.000219337004421
0.000219300247751
0.000219263794836
0.000219227761819
0.000219192259468
0.000219157391485
0.000219123253107
0.000219089930002
0.000219057497473
0.000219026019928
0.000218995550588
0.000218966131384
0.000218937792979
0.000218910554858
0.000218884425426
0.000218859402049
0.000218835470995
0.000218812607243
0.000218790774126
0.000218769922814
0.000218749991646
0.000218730905341
0.000218712574139
0.000218694892931
0.000218677740460
0.000218660978671
0.000218644452308
0.000218627988836
0.000218611398779
0.000218594476547
0.000218577001798
0.000218558741387
0.000218539451904
0.000218518882793
0.000218496780018
0.000218472890203
0.000218446965166
0.000218418766731
0.000218388071694
0.000218354676793
0.000218318403553
0.000218279102836
0.000218236658964
0.000218190993281
0.000218142067033
0.000218089883467
0.000218034489081
0.000217975973976
0.000217914471293
0.000217850155739
0.000217783241257
0.000217713977887
0.000217642647916
0.000217569561434
0.000217495051397
0.000217419468357
0.000217343174976
0.000217266540479
0.000217189935161
0.000217113725080
0.000217038267035
0.000216963903920
0.000216890960506
0.000216819739709
0.000216750519352
0.000216683549432
0.000216619049863
0.000216557208665
0.000216498180565
0.000216442085951
0.000216389010122
0.000216339002807
0.000216292077884
0.000216248213292
0.000216207351094
0.000216169397703
0.000216134224261
0.000216101667207
0.000216071529055
0.000216043579430
0.000216017556408
0.000215993168210
0.000215970095305
0.000215947992964
0.000215926494294
0.000215905213790
0.000215883751398
0.000215861697085
0.000215838635870
0.000215814153279
0.000215787841122
0.000215759303513
0.000215728163005
0.000215694066704
0.000215656692224
0.000215615753338
0.000215571005158
0.000215522248722
0.000215469334842
0.000215412167107
0.000215350703939
0.000215284959658
0.000215215004490
0.000215140963537
0.000215063014719
0.000214981385749
0.000214896350212
0.000214808222870
0.000214717354301
0.000214624125016
0.000214528939209
0.000214432218294
0.000214334394364
0.000214235903746
0.000214137180760
0.000214038651816
0.000213940729944
0.000213843809838
0.000213748263468
0.000213654436287
0.000213562644059
0.000213473170269
0.000213386264124
0.000213302139053
0.000213220971697
0.000213142901294
