0.000184980263201
0.000185005348584
0.000185029824567
0.000185053745048
0.000185077176015
0.000185100194321
0.000185122886202
0.000185145345573
0.000185167672111
0.000185189969151
0.000185212341433
0.000185234892730
0.000185257723421
0.000185280928043
0.000185304592912
0.000185328793856
0.000185353594157
0.000185379042751
0.000185405172774
0.000185432000498
0.000185459524713
0.000185487726587
0.000185516570017
0.000185546002478
0.000185575956327
0.000185606350544
0.000185637092836
0.000185668082041
0.000185699210747
0.000185730368036
0.000185761442270
0.000185792323830
0.000185822907721
0.000185853095994
0.000185882799896
0.000185911941734
0.000185940456402
0.000185968292553
0.000185995413422
0.000186021797289
0.000186047437594
0.000186072342726
0.000186096535495
0.000186120052316
0.000186142942125
0.000186165265049
0.000186187090856
0.000186208497220
0.000186229567817
0.000186250390300
0.000186271054194
0.000186291648742
0.000186312260771
0.000186332972620
0.000186353860191
0.000186374991188
0.000186396423585
0.000186418204390
0.000186440368734
0.000186462939320
0.000186485926247
0.000186509327215
0.000186533128087
0.000186557303785
0.000186581819471
0.000186606631955
0.000186631691278
0.000186656942373
0.000186682326773
0.000186707784257
0.000186733254415
0.000186758678053
0.000186783998418
0.000186809162218
0.000186834120422
0.000186858828850
0.000186883248563
0.000186907346077
0.000186931093423
0.000186954468097
0.000186977452904
0.000187000035748
0.000187022209370
0.000187043971058
0.000187065322338
0.000187086268648
0.000187106818996
0.000187126985603
0.000187146783528
0.000187166230268
0.000187185345349
0.000187204149899
0.000187222666220
0.000187240917374
0.000187258926797
0.000187276717947
0.000187294314026
0.000187311737764
0.000187329011287
0.000187346156062
0.000187363192923
0.000187380142150
0.000187397023592
0.000187413856799
0.000187430661137
0.000187447455846
0.000187464260029
0.000187481092520
0.000187497971645
0.000187514914839
0.000187531938146
0.000187549055611
0.000187566278585
0.000187583614986
0.000187601068564
0.000187618638211
0.000187636317372
0.000187654093592
0.000187671948255
0.000187689856530
0.000187707787550
0.000187725704825
0.000187743566882
0.000187761328114
0.000187778939799
0.000187796351263
0.000187813511116
0.000187830368548
0.000187846874607
0.000187862983434
0.000187878653412
0.000187893848196
0.000187908537605
0.000187922698366
0.000187936314688
0.000187949378677
0.000187961890585
0.000187973858898
0.000187985300267
0.000187996239283
0.000188006708094
0.000188016745871
0.000188026398113
0.000188035715795
0.000188044754364
0.000188053572578
0.000188062231215
0.000188070791654
0.000188079314376
0.000188087857405
0.000188096474741
0.000188105214835
0.000188114119171
0.000188123220993
0.000188132544253
0.000188142102819
0.000188151899978
0.000188161928282
0.000188172169730
0.000188182596292
0.000188193170764
0.000188203847907
0.000188214575833
0.000188225297581
0.000188235952805
0.000188246479531
0.000188256815888
0.000188266901775
0.000188276680394
0.000188286099608
0.000188295113101
0.000188303681306
0.000188311772095
0.000188319361245
0.000188326432668
0.000188332978444
0.000188338998658
0.000188344501072
0.000188349500652
0.000188354018961
0.000188358083448
0.000188361726632
0.000188364985204
0.000188367899055
0.000188370510244
0.000188372861909
0.000188374997172
0.000188376958013
0.000188378784191
0.000188380512208
0.000188382174366
0.000188383797954
0.000188385404602
0.000188387009820
0.000188388622774
0.000188390246280
0.000188391877053
0.000188393506184
0.000188395119829
0.000188396700077
0.000188398225956
0.000188399674519
0.000188401021962
0.000188402244704
0.000188403320384
0.000188404228724
0.000188404952211
0.000188405476584
0.000188405791095
0.000188405888561
0.000188405765212
0.000188405420352
0.000188404855887
0.000188404075745
0.000188403085227
0.000188401890354
0.000188400497219
0.000188398911403
0.000188397137464
0.000188395178520
0.000188393035938
0.000188390709123
0.000188388195405
0.000188385490019
0.000188382586158
0.000188379475094
0.000188376146350
0.000188372587935
0.000188368786610
0.000188364728210
0.000188360398013
0.000188355781157
0.000188350863112
0.000188345630209
0.000188340070204
0.000188334172891
0.000188327930721
0.000188321339418
0.000188314398558
0.000188307112069
0.000188299488622
0.000188291541881
0.000188283290567
0.000188274758323
0.000188265973359
0.000188256967877
0.000188247777282
0.000188238439207
0.000188228992385
0.000188219475411
0.000188209925455
0.000188200376984
0.000188190860542
0.000188181401657
0.000188172019921
0.000188162728272
0.000188153532527
0.000188144431157
0.000188135415318
0.000188126469124
0.000188117570140
0.000188108690058
0.000188099795522
0.000188090849068
0.000188081810132
0.000188072636089
0.000188063283300
0.000188053708140
0.000188043867972
0.000188033722083
0.000188023232545
0.000188012365019
0.000188001089473
0.000187989380843
0.000187977219597
0.000187964592215
0.000187951491568
0.000187937917169
0.000187923875303
0.000187909378991
0.000187894447790
0.000187879107422
0.000187863389202
0.000187847329304
0.000187830967848
0.000187814347848
0.000187797514050
0.000187780511701
0.000187763385298
0.000187746177373
0.000187728927356
0.000187711670573
0.000187694437424
0.000187677252759
0.000187660135488
0.000187643098419
0.000187626148335
0.000187609286264
0.000187592507940
0.000187575804394
0.000187559162646
0.000187542566442
0.000187525997000
0.000187509433718
0.000187492854825
0.000187476237934
0.000187459560512
0.000187442800235
0.000187425935261
0.000187408944414
0.000187391807322
0.000187374504498
0.000187357017414
0.000187339328570
0.000187321421565
0.000187303281194
0.000187284893556
0.000187266246173
0.000187247328111
0.000187228130093
0.000187208644585
0.000187188865848
0.000187168789952
0.000187148414739
0.000187127739757
0.000187106766148
0.000187085496533
0.000187063934887
0.000187042086449
0.000187019957658
0.000186997556155
0.000186974890852
0.000186951972064
0.000186928811711
0.000186905423564
0.000186881823516
0.000186858029850
0.000186834063464
0.000186809948014
0.000186785709947
0.000186761378391
0.000186736984873
0.000186712562858
0.000186688147116
0.000186663772911
0.000186639475060
0.000186615286885
0.000186591239106
0.000186567358730
0.000186543667990
0.000186520183384
0.000186496914862
0.000186473865203
0.000186451029610
0.000186428395541
0.000186405942777
0.000186383643734
0.000186361463979
0.000186339362954
0.000186317294853
0.000186295209632
0.000186273054113
0.000186250773157
0.000186228310868
0.000186205611808
0.000186182622212
0.000186159291167
0.000186135571769
0.000186111422222
0.000186086806883
0.000186061697228
0.000186036072732
0.000186009921632
0.000185983241552
0.000185956039961
0.000185928334437
0.000185900152698
0.000185871532383
0.000185842520566
0.000185813172979
0.000185783552960
0.000185753730126
0.000185723778811
0.000185693776303
0.000185663800927
0.000185633930055
0.000185604238093
0.000185574794527
0.000185545662102
0.000185516895190
0.000185488538408
0.000185460625541
0.000185433178780
0.000185406208308
0.000185379712223
0.000185353676794
0.000185328077010
0.000185302877395
0.000185278033051
0.000185253490867
0.000185229190868
