0.000329468266975
0.000329558745002
0.000329652451922
0.000329749391068
0.000329849564931
0.000329952975155
0.000330059622533
0.000330169507008
0.000330282627669
0.000330398982750
0.000330518569627
0.000330641384820
0.000330767423990
0.000330896681937
0.000331029152601
0.000331164829062
0.000331303703541
0.000331445767396
0.000331591011128
0.000331739424376
0.000331890995922
0.000332045713693
0.000332203564757
0.000332364535330
0.000332528610774
0.000332695775605
0.000332866013486
0.000333039307238
0.000333215638839
0.000333394989426
0.000333577339303
0.000333762667938
0.000333950953970
0.000334142175215
0.000334336308667
0.000334533330500
0.000334733216081
0.000334935939964
0.000335141475906
0.000335349796862
0.000335560874998
0.000335774681694
0.000335991187549
0.000336210362388
0.000336432175268
0.000336656594487
0.000336883587586
0.000337113121360
0.000337345161865
0.000337579674420
0.000337816623623
0.000338055973351
0.000338297686772
0.000338541726352
0.000338788053863
0.000339036630393
0.000339287416353
0.000339540371485
0.000339795454874
0.000340052624957
0.000340311839527
0.000340573055753
0.000340836230178
0.000341101318737
0.000341368276767
0.000341637059011
0.000341907619634
0.000342179912234
0.000342453889847
0.000342729504965
0.000343006709540
0.000343285455000
0.000343565692260
0.000343847371730
0.000344130443330
0.000344414856501
0.000344700560214
0.000344987502989
0.000345275632898
0.000345564897585
0.000345855244275
0.000346146619786
0.000346438970544
0.000346732242594
0.000347026381613
0.000347321332924
0.000347617041505
0.000347913452009
0.000348210508771
0.000348508155823
0.000348806336909
0.000349104995495
0.000349404074786
0.000349703517739
0.000350003267075
0.000350303265293
0.000350603454687
0.000350903777355
0.000351204175218
0.000351504590031
0.000351804963398
0.000352105236786
0.000352405351540
0.000352705248895
0.000353004869991
0.000353304155890
0.000353603047585
0.000353901486019
0.000354199412096
0.000354496766697
0.000354793490692
0.000355089524959
0.000355384810394
0.000355679287926
0.000355972898535
0.000356265583263
0.000356557283228
0.000356847939641
0.000357137493822
0.000357425887207
0.000357713061369
0.000357998958032
0.000358283519081
0.000358566686579
0.000358848402779
0.000359128610142
0.000359407251347
0.000359684269305
0.000359959607177
0.000360233208383
0.000360505016619
0.000360774975870
0.000361043030423
0.000361309124883
0.000361573204185
0.000361835213607
0.000362095098786
0.000362352805730
0.000362608280829
0.000362861470872
0.000363112323059
0.000363360785011
0.000363606804786
0.000363850330891
0.000364091312291
0.000364329698429
0.000364565439231
0.000364798485120
0.000365028787034
0.000365256296428
0.000365480965297
0.000365702746179
0.000365921592173
0.000366137456947
0.000366350294752
0.000366560060430
0.000366766709429
0.000366970197813
0.000367170482270
0.000367367520125
0.000367561269351
0.000367751688577
0.000367938737099
0.000368122374891
0.000368302562614
0.000368479261625
0.000368652433987
0.000368822042481
0.000368988050610
0.000369150422615
0.000369309123478
0.000369464118933
0.000369615375476
0.000369762860373
0.000369906541664
0.000370046388178
0.000370182369534
0.000370314456153
0.000370442619261
0.000370566830901
0.000370687063934
0.000370803292051
0.000370915489777
0.000371023632476
0.000371127696360
0.000371227658493
0.000371323496799
0.000371415190063
0.000371502717943
0.000371586060971
0.000371665200557
0.000371740118998
0.000371810799478
0.000371877226076
0.000371939383766
0.000371997258424
0.000372050836830
0.000372100106669
0.000372145056539
0.000372185675947
0.000372221955319
0.000372253885997
0.000372281460243
0.000372304671240
0.000372323513097
0.000372337980848
0.000372348070452
0.000372353778800
0.000372355103708
0.000372352043926
0.000372344599130
0.000372332769931
0.000372316557865
0.000372295965402
0.000372270995938
0.000372241653799
0.000372207944236
0.000372169873426
0.000372127448471
0.000372080677392
0.000372029569134
0.000371974133558
0.000371914381442
0.000371850324476
0.000371781975263
0.000371709347312
0.000371632455039
0.000371551313760
0.000371465939690
0.000371376349935
0.000371282562494
0.000371184596250
0.000371082470964
0.000370976207274
0.000370865826689
0.000370751351580
0.000370632805180
0.000370510211574
0.000370383595693
0.000370252983312
0.000370118401041
0.000369979876320
0.000369837437408
0.000369691113384
0.000369540934135
0.000369386930348
0.000369229133505
0.000369067575877
0.000368902290510
0.000368733311221
0.000368560672592
0.000368384409954
0.000368204559386
0.000368021157699
0.000367834242434
0.000367643851847
0.000367450024903
0.000367252801265
0.000367052221285
0.000366848325995
0.000366641157097
0.000366430756949
0.000366217168564
0.000366000435588
0.000365780602300
0.000365557713594
0.000365331814969
0.000365102952523
0.000364871172934
0.000364636523454
0.000364399051896
0.000364158806620
0.000363915836523
0.000363670191027
0.000363421920069
0.000363171074084
0.000362917703997
0.000362661861209
0.000362403597585
0.000362142965442
0.000361880017535
0.000361614807047
0.000361347387572
0.000361077813108
0.000360806138035
0.000360532417111
0.000360256705453
0.000359979058522
0.000359699532117
0.000359418182352
0.000359135065650
0.000358850238723
0.000358563758564
0.000358275682429
0.000357986067825
0.000357694972496
0.000357402454410
0.000357108571744
0.000356813382871
0.000356516946343
0.000356219320882
0.000355920565362
0.000355620738796
0.000355319900320
0.000355018109181
0.000354715424723
0.000354411906369
0.000354107613609
0.000353802605986
0.000353496943080
0.000353190684494
0.000352883889844
0.000352576618736
0.000352268930762
0.000351960885477
0.000351652542390
0.000351343960950
0.000351035200529
0.000350726320409
0.000350417379769
0.000350108437670
0.000349799553040
0.000349490784660
0.000349182191152
0.000348873830962
0.000348565762348
0.000348258043363
0.000347950731848
0.000347643885409
0.000347337561411
0.000347031816963
0.000346726708900
0.000346422293775
0.000346118627845
0.000345815767056
0.000345513767029
0.000345212683052
0.000344912570060
0.000344613482630
0.000344315474959
0.000344018600860
0.000343722913743
0.000343428466606
0.000343135312021
0.000342843502122
0.000342553088593
0.000342264122657
0.000341976655062
0.000341690736070
0.000341406415450
0.000341123742458
0.000340842765835
0.000340563533789
0.000340286093988
0.000340010493548
0.000339736779021
0.000339464996389
0.000339195191045
0.000338927407791
0.000338661690825
0.000338398083729
0.000338136629461
0.000337877370347
0.000337620348067
0.000337365603650
0.000337113177465
0.000336863109209
0.000336615437900
0.000336370201871
0.000336127438758
0.000335887185495
0.000335649478305
0.000335414352690
0.000335181843429
0.000334951984564
0.000334724809397
0.000334500350484
0.000334278639624
0.000334059707855
0.000333843585446
0.000333630301896
0.000333419885919
0.000333212365448
0.000333007767622
0.000332806118785
0.000332607444482
0.000332411769450
0.000332219117616
0.000332029512094
0.000331842975177
0.000331659528339
0.000331479192225
0.000331301986651
0.000331127930600
0.000330957042219
0.000330789338814
0.000330624836852
0.000330463551955
0.000330305498897
0.000330150691607
0.000329999143160
