0.000358784864150
0.000358771743852
0.000358762353587
0.000358756733697
0.000358754923322
0.000358756960381
0.000358762881558
0.000358772722286
0.000358786516728
0.000358804297765
0.000358826096982
0.000358851944653
0.000358881869726
0.000358915899811
0.000358954061168
0.000358996378694
0.000359042875912
0.000359093574959
0.000359148496576
0.000359207660096
0.000359271083437
0.000359338783091
0.000359410774117
0.000359487070129
0.000359567683293
0.000359652624316
0.000359741902442
0.000359835525445
0.000359933499621
0.000360035829788
0.000360142519277
0.000360253569928
0.000360368982090
0.000360488754614
0.000360612884852
0.000360741368658
0.000360874200379
0.000361011372862
0.000361152877449
0.000361298703980
0.000361448840788
0.000361603274709
0.000361761991074
0.000361924973719
0.000362092204983
0.000362263665712
0.000362439335267
0.000362619191520
0.000362803210866
0.000362991368225
0.000363183637048
0.000363379989325
0.000363580395590
0.000363784824926
0.000363993244980
0.000364205621964
0.000364421920665
0.000364642104459
0.000364866135316
0.000365093973811
0.000365325579137
0.000365560909112
0.000365799920195
0.000366042567497
0.000366288804790
0.000366538584526
0.000366791857845
0.000367048574593
0.000367308683333
0.000367572131362
0.000367838864726
0.000368108828236
0.000368381965481
0.000368658218851
0.000368937529546
0.000369219837599
0.000369505081892
0.000369793200173
0.000370084129077
0.000370377804144
0.000370674159834
0.000370973129556
0.000371274645677
0.000371578639552
0.000371885041538
0.000372193781019
0.000372504786425
0.000372817985254
0.000373133304097
0.000373450668655
0.000373770003768
0.000374091233431
0.000374414280825
0.000374739068332
0.000375065517566
0.000375393549394
0.000375723083959
0.000376054040709
0.000376386338416
0.000376719895205
0.000377054628579
0.000377390455442
0.000377727292130
0.000378065054429
0.000378403657609
0.000378743016444
0.000379083045243
0.000379423657874
0.000379764767792
0.000380106288066
0.000380448131404
0.000380790210183
0.000381132436475
0.000381474722074
0.000381816978525
0.000382159117149
0.000382501049074
0.000382842685261
0.000383183936532
0.000383524713596
0.000383864927081
0.000384204487560
0.000384543305578
0.000384881291681
0.000385218356445
0.000385554410502
0.000385889364571
0.000386223129481
0.000386555616206
0.000386886735887
0.000387216399863
0.000387544519698
0.000387871007209
0.000388195774494
0.000388518733959
0.000388839798345
0.000389158880760
0.000389475894699
0.000389790754077
0.000390103373255
0.000390413667066
0.000390721550841
0.000391026940439
0.000391329752270
0.000391629903325
0.000391927311198
0.000392221894116
0.000392513570963
0.000392802261305
0.000393087885417
0.000393370364308
0.000393649619744
0.000393925574276
0.000394198151262
0.000394467274893
0.000394732870215
0.000394994863154
0.000395253180540
0.000395507750131
0.000395758500631
0.000396005361719
0.000396248264068
0.000396487139368
0.000396721920345
0.000396952540787
0.000397178935561
0.000397401040637
0.000397618793104
0.000397832131195
0.000398040994303
0.000398245323003
0.000398445059067
0.000398640145488
0.000398830526494
0.000399016147565
0.000399196955455
0.000399372898205
0.000399543925161
0.000399709986991
0.000399871035698
0.000400027024639
0.000400177908536
0.000400323643493
0.000400464187011
0.000400599497998
0.000400729536786
0.000400854265139
0.000400973646272
0.000401087644856
0.000401196227033
0.000401299360428
0.000401397014154
0.000401489158828
0.000401575766578
0.000401656811051
0.000401732267422
0.000401802112403
0.000401866324251
0.000401924882773
0.000401977769333
0.000402024966859
0.000402066459849
0.000402102234375
0.000402132278087
0.000402156580218
0.000402175131589
0.000402187924610
0.000402194953282
0.000402196213201
0.000402191701561
0.000402181417149
0.000402165360352
0.000402143533155
0.000402115939139
0.000402082583481
0.000402043472954
0.000401998615923
0.000401948022342
0.000401891703756
0.000401829673290
0.000401761945652
0.000401688537123
0.000401609465557
0.000401524750372
0.000401434412545
0.000401338474607
0.000401236960632
0.000401129896237
0.000401017308566
0.000400899226286
0.000400775679578
0.000400646700128
0.000400512321114
0.000400372577198
0.000400227504518
0.000400077140672
0.000399921524709
0.000399760697114
0.000399594699802
0.000399423576098
0.000399247370725
0.000399066129795
0.000398879900787
0.000398688732540
0.000398492675232
0.000398291780366
0.000398086100755
0.000397875690506
0.000397660605000
0.000397440900879
0.000397216636025
0.000396987869543
0.000396754661744
0.000396517074124
0.000396275169346
0.000396029011221
0.000395778664686
0.000395524195788
0.000395265671659
0.000395003160495
0.000394736731539
0.000394466455057
0.000394192402314
0.000393914645557
0.000393633257986
0.000393348313737
0.000393059887855
0.000392768056273
0.000392472895788
0.000392174484034
0.000391872899464
0.000391568221319
0.000391260529608
0.000390949905081
0.000390636429204
0.000390320184135
0.000390001252696
0.000389679718351
0.000389355665174
0.000389029177832
0.000388700341547
0.000388369242081
0.000388035965702
0.000387700599160
0.000387363229659
0.000387023944830
0.000386682832706
0.000386339981691
0.000385995480537
0.000385649418311
0.000385301884374
0.000384952968346
0.000384602760086
0.000384251349657
0.000383898827303
0.000383545283420
0.000383190808526
0.000382835493235
0.000382479428231
0.000382122704234
0.000381765411977
0.000381407642179
0.000381049485511
0.000380691032575
0.000380332373870
0.000379973599770
0.000379614800492
0.000379256066068
0.000378897486323
0.000378539150839
0.000378181148935
0.000377823569635
0.000377466501643
0.000377110033315
0.000376754252632
0.000376399247173
0.000376045104090
0.000375691910079
0.000375339751354
0.000374988713623
0.000374638882058
0.000374290341274
0.000373943175301
0.000373597467555
0.000373253300819
0.000372910757215
0.000372569918178
0.000372230864434
0.000371893675974
0.000371558432030
0.000371225211053
0.000370894090687
0.000370565147746
0.000370238458195
0.000369914097121
0.000369592138716
0.000369272656253
0.000368955722063
0.000368641407516
0.000368329782998
0.000368020917892
0.000367714880556
0.000367411738303
0.000367111557384
0.000366814402965
0.000366520339109
0.000366229428762
0.000365941733726
0.000365657314650
0.000365376231007
0.000365098541080
0.000364824301944
0.000364553569449
0.000364286398208
0.000364022841576
0.000363762951641
0.000363506779206
0.000363254373773
0.000363005783538
0.000362761055366
0.000362520234788
0.000362283365985
0.000362050491775
0.000361821653604
0.000361596891535
0.000361376244237
0.000361159748974
0.000360947441598
0.000360739356539
0.000360535526795
0.000360335983928
0.000360140758053
0.000359949877831
0.000359763370467
0.000359581261699
0.000359403575795
0.000359230335546
0.000359061562266
0.000358897275784
0.000358737494441
0.000358582235090
0.000358431513090
0.000358285342307
0.000358143735112
0.000358006702378
0.000357874253482
0.000357746396306
0.000357623137234
0.000357504481158
0.000357390431477
0.000357280990097
0.000357176157440
0.000357075932442
0.000356980312558
0.000356889293769
0.000356802870582
0.000356721036040
0.000356643781727
0.000356571097772
0.000356502972856
0.000356439394223
