0.000270840628991
0.000270961016537
0.000271081450868
0.000271201923714
0.000271322427374
0.000271442954778
0.000271563499512
0.000271684055807
0.000271804618500
0.000271925182956
0.000272045744965
0.000272166300620
0.000272286846165
0.000272407377844
0.000272527891742
0.000272648383628
0.000272768848819
0.000272889282054
0.000273009677402
0.000273130028200
0.000273250327022
0.000273370565690
0.000273490735319
0.000273610826399
0.000273730828911
0.000273850732461
0.000273970526442
0.000274090200208
0.000274209743245
0.000274329145344
0.000274448396758
0.000274567488332
0.000274686411619
0.000274805158943
0.000274923723441
0.000275042099052
0.000275160280473
0.000275278263075
0.000275396042783
0.000275513615927
0.000275630979071
0.000275748128831
0.000275865061686
0.000275981773792
0.000276098260813
0.000276214517775
0.000276330538949
0.000276446317767
0.000276561846788
0.000276677117698
0.000276792121358
0.000276906847895
0.000277021286825
0.000277135427216
0.000277249257869
0.000277362767514
0.000277475945020
0.000277588779589
0.000277701260946
0.000277813379497
0.000277925126461
0.000278036493964
0.000278147475081
0.000278258063843
0.000278368255190
0.000278478044879
0.000278587429359
0.000278696405600
0.000278804970903
0.000278913122693
0.000279020858299
0.000279128174745
0.000279235068548
0.000279341535548
0.000279447570764
0.000279553168293
0.000279658321259
0.000279763021805
0.000279867261136
0.000279971029614
0.000280074316889
0.000280177112075
0.000280279403953
0.000280381181189
0.000280482432565
0.000280583147208
0.000280683314803
0.000280782925777
0.000280881971459
0.000280980444191
0.000281078337389
0.000281175645560
0.000281272364262
0.000281368490012
0.000281464020152
0.000281558952668
0.000281653285987
0.000281747018744
0.000281840149539
0.000281932676704
0.000282024598074
0.000282115910787
0.000282206611121
0.000282296694366
0.000282386154761
0.000282474985463
0.000282563178595
0.000282650725327
0.000282737616018
0.000282823840401
0.000282909387791
0.000282994247333
0.000283078408251
0.000283161860096
0.000283244592989
0.000283326597834
0.000283407866494
0.000283488391928
0.000283568168275
0.000283647190878
0.000283725456255
0.000283802962016
0.000283879706722
0.000283955689705
0.000284030910844
0.000284105370320
0.000284179068359
0.000284252004969
0.000284324179688
0.000284395591364
0.000284466237963
0.000284536116424
0.000284605222567
0.000284673551060
0.000284741095443
0.000284807848208
0.000284873800941
0.000284938944503
0.000285003269260
0.000285066765330
0.000285129422855
0.000285191232273
0.000285252184578
0.000285312271555
0.000285371485987
0.000285429821804
0.000285487274192
0.000285543839636
0.000285599515901
0.000285654301954
0.000285708197832
0.000285761204457
0.000285813323409
0.000285864556667
0.000285914906337
0.000285964374373
0.000286012962305
0.000286060670994
0.000286107500420
0.000286153449514
0.000286198516047
0.000286242696580
0.000286285986470
0.000286328379946
0.000286369870239
0.000286410449768
0.000286450110366
0.000286488843541
0.000286526640758
0.000286563493726
0.000286599394673
0.000286634336610
0.000286668313545
0.000286701320667
0.000286733354466
0.000286764412794
0.000286794494862
0.000286823601179
0.000286851733419
0.000286878894244
0.000286905087074
0.000286930315826
0.000286954584627
0.000286977897528
0.000287000258210
0.000287021669726
0.000287042134263
0.000287061652961
0.000287080225779
0.000287097851425
0.000287114527350
0.000287130249805
0.000287145013969
0.000287158814123
0.000287171643877
0.000287183496436
0.000287194364883
0.000287204242481
0.000287213122961
0.000287221000798
0.000287227871449
0.000287233731550
0.000287238579055
0.000287242413318
0.000287245235105
0.000287247046543
0.000287247851004
0.000287247652929
0.000287246457606
0.000287244270905
0.000287241098993
0.000287236948030
0.000287231823874
0.000287225731801
0.000287218676261
0.000287210660667
0.000287201687253
0.000287191756982
0.000287180869523
0.000287169023298
0.000287156215592
0.000287142442719
0.000287127700245
0.000287111983247
0.000287095286606
0.000287077605303
0.000287058934724
0.000287039270942
0.000287018610972
0.000286996952980
0.000286974296442
0.000286950642241
0.000286925992695
0.000286900351521
0.000286873723734
0.000286846115478
0.000286817533814
0.000286787986462
0.000286757481508
0.000286726027106
0.000286693631176
0.000286660301110
0.000286626043518
0.000286590864006
0.000286554767018
0.000286517755722
0.000286479831982
0.000286440996379
0.000286401248312
0.000286360586150
0.000286319007448
0.000286276509198
0.000286233088117
0.000286188740944
0.000286143464747
0.000286097257214
0.000286050116913
0.000286002043517
0.000285953037971
0.000285903102607
0.000285852241189
0.000285800458888
0.000285747762194
0.000285694158767
0.000285639657232
0.000285584266925
0.000285527997616
0.000285470859203
0.000285412861414
0.000285354013508
0.000285294324017
0.000285233800511
0.000285172449427
0.000285110275946
0.000285047283945
0.000284983476008
0.000284918853507
0.000284853416746
0.000284787165159
0.000284720097553
0.000284652212388
0.000284583508070
0.000284513983255
0.000284443637140
0.000284372469729
0.000284300482064
0.000284227676405
0.000284154056352
0.000284079626904
0.000284004394449
0.000283928366695
0.000283851552526
0.000283773961818
0.000283695605191
0.000283616493746
0.000283536638765
0.000283456051412
0.000283374742444
0.000283292721944
0.000283209999084
0.000283126581945
0.000283042477387
0.000282957690984
0.000282872227023
0.000282786088576
0.000282699277620
0.000282611795226
0.000282523641792
0.000282434817303
0.000282345321621
0.000282255154782
0.000282164317281
0.000282072810337
0.000281980636131
0.000281887797983
0.000281794300489
0.000281700149591
0.000281605352574
0.000281509918013
0.000281413855648
0.000281317176206
0.000281219891175
0.000281122012547
0.000281023552534
0.000280924523276
0.000280824936557
0.000280724803539
0.000280624134531
0.000280522938799
0.000280421224433
0.000280318998274
0.000280216265902
0.000280113031687
0.000280009298908
0.000279905069917
0.000279800346360
0.000279695129425
0.000279589420118
0.000279483219547
0.000279376529200
0.000279269351209
0.000279161688577
0.000279053545363
0.000278944926821
0.000278835839473
0.000278726291122
0.000278616290807
0.000278505848690
0.000278394975898
0.000278283684310
0.000278171986312
0.000278059894530
0.000277947421551
0.000277834579648
0.000277721380520
0.000277607835071
0.000277493953213
0.000277379743740
0.000277265214244
0.000277150371095
0.000277035219486
0.000276919763530
0.000276804006423
0.000276687950633
0.000276571598145
0.000276454950717
0.000276338010150
0.000276220778555
0.000276103258605
0.000275985453757
0.000275867368435
0.000275749008162
0.000275630379644
0.000275511490785
0.000275392350651
0.000275272969374
0.000275153357998
0.000275033528291
0.000274913492514
0.000274793263166
0.000274672852724
0.000274552273380
0.000274431536796
0.000274310653887
0.000274189634635
0.000274068487961
0.000273947221644
0.000273825842295
0.000273704355391
0.000273582765369
0.000273461075766
0.000273339289402
0.000273217408601
0.000273095435434
0.000272973371974
0.000272851220543
0.000272728983955
0.000272606665723
0.000272484270238
0.000272361802893
0.000272239270168
