0.000182539017964
0.000182572987686
0.000182606699095
0.000182640021543
0.000182672833844
0.000182705026379
0.000182736502749
0.000182767180956
0.000182796994115
0.000182825890745
0.000182853834670
0.000182880804632
0.000182906793661
0.000182931808304
0.000182955867777
0.000182979003099
0.000183001256270
0.000183022679504
0.000183043334536
0.000183063291988
0.000183082630759
0.000183101437409
0.000183119805463
0.000183137834610
0.000183155629718
0.000183173299647
0.000183190955822
0.000183208710571
0.000183226675237
0.000183244958111
0.000183263662244
0.000183282883209
0.000183302706915
0.000183323207561
0.000183344445832
0.000183366467418
0.000183389301939
0.000183412962323
0.000183437444678
0.000183462728653
0.000183488778268
0.000183515543172
0.000183542960254
0.000183570955520
0.000183599446144
0.000183628342578
0.000183657550643
0.000183686973490
0.000183716513378
0.000183746073194
0.000183775557712
0.000183804874563
0.000183833934949
0.000183862654139
0.000183890951793
0.000183918752197
0.000183945984459
0.000183972582750
0.000183998486636
0.000184023641540
0.000184047999363
0.000184071519263
0.000184094168558
0.000184115923728
0.000184136771431
0.000184156709484
0.000184175747707
0.000184193908557
0.000184211227488
0.000184227752953
0.000184243546025
0.000184258679612
0.000184273237261
0.000184287311594
0.000184301002421
0.000184314414610
0.000184327655794
0.000184340834030
0.000184354055485
0.000184367422279
0.000184381030540
0.000184394968748
0.000184409316427
0.000184424143185
0.000184439508112
0.000184455459509
0.000184472034889
0.000184489261211
0.000184507155246
0.000184525724028
0.000184544965302
0.000184564867919
0.000184585412134
0.000184606569773
0.000184628304287
0.000184650570693
0.000184673315451
0.000184696476332
0.000184719982348
0.000184743753812
0.000184767702596
0.000184791732667
0.000184815740931
0.000184839618428
0.000184863251879
0.000184886525567
0.000184909323506
0.000184931531838
0.000184953041356
0.000184973750072
0.000184993565699
0.000185012407956
0.000185030210586
0.000185046923002
0.000185062511494
0.000185076959948
0.000185090270073
0.000185102461140
0.000185113569260
0.000185123646278
0.000185132758345
0.000185140984256
0.000185148413643
0.000185155145116
0.000185161284416
0.000185166942658
0.000185172234694
0.000185177277630
0.000185182189488
0.000185187088008
0.000185192089544
0.000185197308018
0.000185202853876
0.000185208832997
0.000185215345509
0.000185222484487
0.000185230334514
0.000185238970113
0.000185248454087
0.000185258835805
0.000185270149518
0.000185282412779
0.000185295625072
0.000185309766733
0.000185324798267
0.000185340660128
0.000185357273031
0.000185374538828
0.000185392341944
0.000185410551379
0.000185429023192
0.000185447603417
0.000185466131296
0.000185484442721
0.000185502373762
0.000185519764148
0.000185536460592
0.000185552319841
0.000185567211377
0.000185581019689
0.000185593646089
0.000185605010056
0.000185615050113
0.000185623724277
0.000185631010142
0.000185636904632
0.000185641423516
0.000185644600736
0.000185646487608
0.000185647151939
0.000185646677083
0.000185645160956
0.000185642714995
0.000185639463021
0.000185635540006
0.000185631090658
0.000185626267810
0.000185621230561
0.000185616142143
0.000185611167499
0.000185606470597
0.000185602211491
0.000185598543209
0.000185595608527
0.000185593536743
0.000185592440563
0.000185592413201
0.000185593525842
0.000185595825562
0.000185599333807
0.000185604045513
0.000185609928919
0.000185616926087
0.000185624954119
0.000185633907035
0.000185643658228
0.000185654063407
0.000185664963914
0.000185676190279
0.000185687565898
0.000185698910697
0.000185710044672
0.000185720791219
0.000185730980162
0.000185740450451
0.000185749052488
0.000185756650091
0.000185763122111
0.000185768363732
0.000185772287501
0.000185774824138
0.000185775923156
0.000185775553342
0.000185773703106
0.000185770380719
0.000185765614415
0.000185759452344
0.000185751962329
0.000185743231381
0.000185733364914
0.000185722485621
0.000185710731946
0.000185698256151
0.000185685221943
0.000185671801692
0.000185658173276
0.000185644516613
0.000185631009981
0.000185617826220
0.000185605128963
0.000185593069007
0.000185581780967
0.000185571380339
0.000185561961070
0.000185553593734
0.000185546324364
0.000185540173967
0.000185535138727
0.000185531190851
0.000185528279995
0.000185526335194
0.000185525267172
0.000185524970939
0.000185525328547
0.000185526211890
0.000185527485458
0.000185529008957
0.000185530639741
0.000185532235004
0.000185533653738
0.000185534758449
0.000185535416670
0.000185535502299
0.000185534896815
0.000185533490422
0.000185531183152
0.000185527885961
0.000185523521845
0.000185518026947
0.000185511351652
0.000185503461627
0.000185494338743
0.000185483981812
0.000185472407090
0.000185459648440
0.000185445757139
0.000185430801242
0.000185414864516
0.000185398044905
0.000185380452583
0.000185362207621
0.000185343437351
0.000185324273516
0.000185304849322
0.000185285296496
0.000185265742470
0.000185246307811
0.000185227103976
0.000185208231476
0.000185189778506
0.000185171820049
0.000185154417455
0.000185137618465
0.000185121457616
0.000185105956951
0.000185091126940
0.000185076967530
0.000185063469216
0.000185050614052
0.000185038376549
0.000185026724386
0.000185015618940
0.000185005015609
0.000184994863972
0.000184985107824
0.000184975685138
0.000184966528046
0.000184957562887
0.000184948710416
0.000184939886219
0.000184931001382
0.000184921963443
0.000184912677622
0.000184903048307
0.000184892980755
0.000184882382931
0.000184871167428
0.000184859253349
0.000184846568087
0.000184833048901
0.000184818644216
0.000184803314599
0.000184787033356
0.000184769786763
0.000184751573921
0.000184732406282
0.000184712306901
0.000184691309481
0.000184669457287
0.000184646802019
0.000184623402707
0.000184599324699
0.000184574638786
0.000184549420492
0.000184523749528
0.000184497709405
0.000184471387139
0.000184444873027
0.000184418260392
0.000184391645249
0.000184365125805
0.000184338801736
0.000184312773188
0.000184287139481
0.000184261997513
0.000184237439869
0.000184213552722
0.000184190413557
0.000184168088844
0.000184146631758
0.000184126080056
0.000184106454236
0.000184087756078
0.000184069967662
0.000184053050923
0.000184036947798
0.000184021580962
0.000184006855145
0.000183992658979
0.000183978867295
0.000183965343792
0.000183951943958
0.000183938518137
0.000183924914629
0.000183910982713
0.000183896575519
0.000183881552658
0.000183865782571
0.000183849144573
0.000183831530581
0.000183812846534
0.000183793013552
0.000183771968857
0.000183749666501
0.000183726077947
0.000183701192536
0.000183675017843
0.000183647579954
0.000183618923620
0.000183589112280
0.000183558227896
0.000183526370544
0.000183493657708
0.000183460223205
0.000183426215699
0.000183391796758
0.000183357138448
0.000183322420455
0.000183287826792
0.000183253542134
0.000183219747890
0.000183186618107
0.000183154315364
0.000183122986777
0.000183092760274
0.000183063741286
0.000183036009976
0.000183009619117
0.000182984592709
0.000182960925376
0.000182938582560
0.000182917501504
0.000182897592952
0.000182878743504
0.000182860818514
0.000182843665408
0.000182827117292
0.000182810996721
0.000182795119515
0.000182779298488
0.000182763347029
