0.000203395904187
0.000203455257474
0.000203516498823
0.000203579481929
0.000203644041112
0.000203709993755
0.000203777142944
0.000203845280263
0.000203914188746
0.000203983645918
0.000204053426931
0.000204123307704
0.000204193068058
0.000204262494763
0.000204331384458
0.000204399546365
0.000204466804756
0.000204533001095
0.000204597995816
0.000204661669678
0.000204723924673
0.000204784684456
0.000204843894294
0.000204901520543
0.000204957549673
0.000205011986891
0.000205064854409
0.000205116189429
0.000205166041917
0.000205214472243
0.000205261548790
0.000205307345577
0.000205351940009
0.000205395410798
0.000205437836128
0.000205479292098
0.000205519851495
0.000205559582904
0.000205598550166
0.000205636812183
0.000205674423045
0.000205711432449
0.000205747886371
0.000205783827929
0.000205819298400
0.000205854338299
0.000205888988492
0.000205923291253
0.000205957291225
0.000205991036234
0.000206024577920
0.000206057972151
0.000206091279217
0.000206124563796
0.000206157894695
0.000206191344397
0.000206224988433
0.000206258904602
0.000206293172086
0.000206327870478
0.000206363078765
0.000206398874277
0.000206435331638
0.000206472521731
0.000206510510682
0.000206549358876
0.000206589120010
0.000206629840176
0.000206671556981
0.000206714298691
0.000206758083408
0.000206802918268
0.000206848798671
0.000206895707538
0.000206943614601
0.000206992475753
0.000207042232458
0.000207092811255
0.000207144123382
0.000207196064554
0.000207248514939
0.000207301339358
0.000207354387764
0.000207407496036
0.000207460487098
0.000207513172423
0.000207565353893
0.000207616826047
0.000207667378672
0.000207716799729
0.000207764878550
0.000207811409259
0.000207856194333
0.000207899048236
0.000207939801028
0.000207978301868
0.000208014422315
0.000208048059349
0.000208079138017
0.000208107613653
0.000208133473588
0.000208156738308
0.000208177462032
0.000208195732668
0.000208211671158
0.000208225430210
0.000208237192446
0.000208247167998
0.000208255591611
0.000208262719320
0.000208268824762
0.000208274195214
0.000208279127434
0.000208283923390
0.000208288885957
0.000208294314657
0.000208300501500
0.000208307726998
0.000208316256394
0.000208326336132
0.000208338190621
0.000208352019304
0.000208367994041
0.000208386256845
0.000208406917950
0.000208430054254
0.000208455708126
0.000208483886584
0.000208514560884
0.000208547666485
0.000208583103448
0.000208620737238
0.000208660399960
0.000208701892021
0.000208744984229
0.000208789420314
0.000208834919862
0.000208881181664
0.000208927887428
0.000208974705854
0.000209021296996
0.000209067316901
0.000209112422420
0.000209156276153
0.000209198551432
0.000209238937248
0.000209277143041
0.000209312903241
0.000209345981472
0.000209376174319
0.000209403314583
0.000209427273933
0.000209447964910
0.000209465342230
0.000209479403365
0.000209490188381
0.000209497779069
0.000209502297356
0.000209503903078
0.000209502791146
0.000209499188178
0.000209493348679
0.000209485550844
0.000209476092088
0.000209465284365
0.000209453449405
0.000209440913926
0.000209428004916
0.000209415045072
0.000209402348451
0.000209390216401
0.000209378933819
0.000209368765778
0.000209359954533
0.000209352716946
0.000209347242316
0.000209343690613
0.000209342191122
0.000209342841469
0.000209345707026
0.000209350820682
0.000209358182957
0.000209367762470
0.000209379496734
0.000209393293287
0.000209409031141
0.000209426562561
0.000209445715143
0.000209466294204
0.000209488085446
0.000209510857885
0.000209534367010
0.000209558358147
0.000209582569962
0.000209606738095
0.000209630598828
0.000209653892773
0.000209676368488
0.000209697785972
0.000209717919981
0.000209736563091
0.000209753528451
0.000209768652176
0.000209781795318
0.000209792845377
0.000209801717327
0.000209808354116
0.000209812726665
0.000209814833335
0.000209814698924
0.000209812373198
0.000209807929034
0.000209801460208
0.000209793078925
0.000209782913147
0.000209771103795
0.000209757801911
0.000209743165841
0.000209727358507
0.000209710544816
0.000209692889265
0.000209674553766
0.000209655695717
0.000209636466343
0.000209617009303
0.000209597459567
0.000209577942543
0.000209558573448
0.000209539456896
0.000209520686663
0.000209502345629
0.000209484505827
0.000209467228603
0.000209450564842
0.000209434555231
0.000209419230553
0.000209404611993
0.000209390711446
0.000209377531829
0.000209365067408
0.000209353304146
0.000209342220077
0.000209331785739
0.000209321964658
0.000209312713902
0.000209303984711
0.000209295723196
0.000209287871097
0.000209280366602
0.000209273145181
0.000209266140444
0.000209259284974
0.000209252511116
0.000209245751707
0.000209238940712
0.000209232013752
0.000209224908509
0.000209217565004
0.000209209925728
0.000209201935651
0.000209193542096
0.000209184694500
0.000209175344080
0.000209165443434
0.000209154946092
0.000209143806072
0.000209131977453
0.000209119414024
0.000209106069032
0.000209091895066
0.000209076844113
0.000209060867790
0.000209043917786
0.000209025946495
0.000209006907842
0.000208986758282
0.000208965457934
0.000208942971814
0.000208919271127
0.000208894334556
0.000208868149511
0.000208840713280
0.000208812034029
0.000208782131626
0.000208751038239
0.000208718798687
0.000208685470525
0.000208651123849
0.000208615840823
0.000208579714930
0.000208542849964
0.000208505358787
0.000208467361864
0.000208428985640
0.000208390360765
0.000208351620234
0.000208312897472
0.000208274324423
0.000208236029666
0.000208198136615
0.000208160761832
0.000208124013466
0.000208087989856
0.000208052778304
0.000208018454007
0.000207985079175
0.000207952702298
0.000207921357577
0.000207891064494
0.000207861827519
0.000207833635947
0.000207806463860
0.000207780270210
0.000207754999035
0.000207730579807
0.000207706927931
0.000207683945386
0.000207661521537
0.000207639534117
0.000207617850380
0.000207596328447
0.000207574818810
0.000207553166032
0.000207531210592
0.000207508790892
0.000207485745379
0.000207461914785
0.000207437144420
0.000207411286505
0.000207384202493
0.000207355765327
0.000207325861583
0.000207294393453
0.000207261280503
0.000207226461164
0.000207189893909
0.000207151558071
0.000207111454293
0.000207069604567
0.000207026051884
0.000206980859485
0.000206934109742
0.000206885902695
0.000206836354294
0.000206785594376
0.000206733764450
0.000206681015322
0.000206627504636
0.000206573394371
0.000206518848348
0.000206464029806
0.000206409099069
0.000206354211370
0.000206299514839
0.000206245148705
0.000206191241711
0.000206137910768
0.000206085259855
0.000206033379151
0.000205982344411
0.000205932216549
0.000205883041440
0.000205834849892
0.000205787657790
0.000205741466381
0.000205696262685
0.000205652020013
0.000205608698596
0.000205566246304
0.000205524599453
0.000205483683718
0.000205443415135
0.000205403701198
0.000205364442065
0.000205325531851
0.000205286860011
0.000205248312807
0.000205209774830
0.000205171130565
0.000205132265975
0.000205093070070
0.000205053436439
0.000205013264707
0.000204972461897
0.000204930943652
0.000204888635310
0.000204845472781
0.000204801403233
0.000204756385543
0.000204710390512
0.000204663400841
0.000204615410854
0.000204566425986
0.000204516462046
0.000204465544276
0.000204413706242
0.000204360988590
0.000204307437710
0.000204253104356
0.000204198042271
0.000204142306860
