0.000265199286680
0.000265311005124
0.000265422767570
0.000265534565348
0.000265646388896
0.000265758227912
0.000265870071545
0.000265981908608
0.000266093727810
0.000266205517999
0.000266317268395
0.000266428968809
0.000266540609839
0.000266652183024
0.000266763680961
0.000266875097370
0.000266986427103
0.000267097666108
0.000267208811327
0.000267319860560
0.000267430812281
0.000267541665413
0.000267652419090
0.000267763072405
0.000267873624148
0.000267984072565
0.000268094415138
0.000268204648396
0.000268314767769
0.000268424767495
0.000268534640577
0.000268644378804
0.000268753972825
0.000268863412275
0.000268972685951
0.000269081782038
0.000269190688346
0.000269299392588
0.000269407882653
0.000269516146871
0.000269624174273
0.000269731954804
0.000269839479511
0.000269946740669
0.000270053731855
0.000270160447965
0.000270266885168
0.000270373040796
0.000270478913183
0.000270584501456
0.000270689805288
0.000270794824619
0.000270899559369
0.000271004009145
0.000271108172964
0.000271212048997
0.000271315634360
0.000271418924943
0.000271521915301
0.000271624598607
0.000271726966667
0.000271829010006
0.000271930718002
0.000272032079094
0.000272133081016
0.000272233711085
0.000272333956495
0.000272433804630
0.000272533243367
0.000272632261363
0.000272730848299
0.000272828995090
0.000272926694034
0.000273023938899
0.000273120724939
0.000273217048854
0.000273312908670
0.000273408303562
0.000273503233629
0.000273597699616
0.000273691702612
0.000273785243731
0.000273878323783
0.000273970942970
0.000274063100599
0.000274154794843
0.000274246022549
0.000274336779114
0.000274427058418
0.000274516852843
0.000274606153350
0.000274694949632
0.000274783230322
0.000274870983257
0.000274958195783
0.000275044855082
0.000275130948511
0.000275216463939
0.000275301390061
0.000275385716676
0.000275469434922
0.000275552537444
0.000275635018501
0.000275716873995
0.000275798101433
0.000275878699803
0.000275958669397
0.000276038011559
0.000276116728401
0.000276194822467
0.000276272296389
0.000276349152531
0.000276425392650
0.000276501017586
0.000276576026989
0.000276650419106
0.000276724190633
0.000276797336643
0.000276869850583
0.000276941724355
0.000277012948472
0.000277083512271
0.000277153404198
0.000277222612121
0.000277291123690
0.000277358926697
0.000277426009437
0.000277492361057
0.000277557971855
0.000277622833539
0.000277686939423
0.000277750284546
0.000277812865721
0.000277874681497
0.000277935732048
0.000277996018984
0.000278055545102
0.000278114314080
0.000278172330127
0.000278229597620
0.000278286120722
0.000278341903018
0.000278396947179
0.000278451254660
0.000278504825469
0.000278557657992
0.000278609748902
0.000278661093146
0.000278711684018
0.000278761513302
0.000278810571502
0.000278858848119
0.000278906331989
0.000278953011651
0.000278998875731
0.000279043913330
0.000279088114388
0.000279131470018
0.000279173972786
0.000279215616927
0.000279256398490
0.000279296315396
0.000279335367419
0.000279373556080
0.000279410884457
0.000279447356937
0.000279482978899
0.000279517756356
0.000279551695572
0.000279584802660
0.000279617083203
0.000279648541885
0.000279679182179
0.000279709006080
0.000279738013922
0.000279766204260
0.000279793573846
0.000279820117689
0.000279845829193
0.000279870700382
0.000279894722178
0.000279917884748
0.000279940177879
0.000279961591378
0.000279982115472
0.000280001741196
0.000280020460746
0.000280038267776
0.000280055157641
0.000280071127556
0.000280086176677
0.000280100306094
0.000280113518732
0.000280125819182
0.000280137213444
0.000280147708614
0.000280157312523
0.000280166033340
0.000280173879164
0.000280180857620
0.000280186975481
0.000280192238329
0.000280196650270
0.000280200213731
0.000280202929320
0.000280204795791
0.000280205810079
0.000280205967437
0.000280205261646
0.000280203685295
0.000280201230125
0.000280197887411
0.000280193648367
0.000280188504563
0.000280182448322
0.000280175473093
0.000280167573766
0.000280158746931
0.000280148991055
0.000280138306582
0.000280126695941
0.000280114163460
0.000280100715205
0.000280086358734
0.000280071102785
0.000280054956917
0.000280037931108
0.000280020035345
0.000280001279205
0.000279981671469
0.000279961219764
0.000279939930272
0.000279917807497
0.000279894854119
0.000279871070935
0.000279846456885
0.000279821009167
0.000279794723440
0.000279767594097
0.000279739614597
0.000279710777849
0.000279681076615
0.000279650503936
0.000279619053531
0.000279586720183
0.000279553500070
0.000279519391034
0.000279484392778
0.000279448506984
0.000279411737330
0.000279374089432
0.000279335570688
0.000279296190043
0.000279255957696
0.000279214884736
0.000279172982749
0.000279130263404
0.000279086738032
0.000279042417232
0.000278997310504
0.000278951425942
0.000278904769991
0.000278857347286
0.000278809160571
0.000278760210715
0.000278710496813
0.000278660016373
0.000278608765572
0.000278556739589
0.000278503932974
0.000278450340053
0.000278395955342
0.000278340773964
0.000278284792025
0.000278228006958
0.000278170417805
0.000278112025423
0.000278052832611
0.000277992844151
0.000277932066756
0.000277870508934
0.000277808180769
0.000277745093634
0.000277681259845
0.000277616692274
0.000277551403943
0.000277485407603
0.000277418715343
0.000277351338220
0.000277283285942
0.000277214566620
0.000277145186592
0.000277075150331
0.000277004460442
0.000276933117750
0.000276861121466
0.000276788469437
0.000276715158453
0.000276641184609
0.000276566543700
0.000276491231629
0.000276415244813
0.000276338580569
0.000276261237451
0.000276183215542
0.000276104516670
0.000276025144543
0.000275945104806
0.000275864405002
0.000275783054452
0.000275701064054
0.000275618446007
0.000275535213485
0.000275451380257
0.000275366960296
0.000275281967365
0.000275196414629
0.000275110314289
0.000275023677265
0.000274936512942
0.000274848828987
0.000274760631246
0.000274671923733
0.000274582708698
0.000274492986782
0.000274402757245
0.000274312018264
0.000274220767270
0.000274129001337
0.000274036717570
0.000273943913505
0.000273850587484
0.000273756738991
0.000273662368941
0.000273567479897
0.000273472076220
0.000273376164125
0.000273279751660
0.000273182848603
0.000273085466274
0.000272987617280
0.000272889315205
0.000272790574250
0.000272691408855
0.000272591833303
0.000272491861341
0.000272391505824
0.000272290778400
0.000272189689259
0.000272088246945
0.000271986458250
0.000271884328186
0.000271781860046
0.000271679055539
0.000271575915005
0.000271472437685
0.000271368622053
0.000271264466174
0.000271159968082
0.000271055126165
0.000270949939524
0.000270844408303
0.000270738533972
0.000270632319543
0.000270525769718
0.000270418890956
0.000270311691461
0.000270204181089
0.000270096371177
0.000269988274306
0.000269879904011
0.000269771274439
0.000269662399991
0.000269553294945
0.000269443973092
0.000269334447397
0.000269224729692
0.000269114830432
0.000269004758512
0.000268894521159
0.000268784123896
0.000268673570596
0.000268562863600
0.000268452003918
0.000268340991481
0.000268229825447
0.000268118504541
0.000268007027413
0.000267895392997
0.000267783600857
0.000267671651502
0.000267559546655
0.000267447289463
0.000267334884640
0.000267222338542
0.000267109659155
0.000266996856015
0.000266883940056
0.000266770923385
0.000266657819013
0.000266544640540
