0.000191775297062
0.000191796995050
0.000191818043203
0.000191838682915
0.000191859156420
0.000191879702885
0.000191900554957
0.000191921935789
0.000191944056550
0.000191967114381
0.000191991290738
0.000192016750051
0.000192043638601
0.000192072083536
0.000192102191946
0.000192134049924
0.000192167721589
0.000192203248031
0.000192240646215
0.000192279907868
0.000192320998427
0.000192363856127
0.000192408391353
0.000192454486338
0.000192501995347
0.000192550745436
0.000192600537877
0.000192651150295
0.000192702339572
0.000192753845477
0.000192805395007
0.000192856707319
0.000192907499165
0.000192957490636
0.000193006411069
0.000193054004883
0.000193100037174
0.000193144298831
0.000193186611019
0.000193226828845
0.000193264844087
0.000193300586908
0.000193334026497
0.000193365170661
0.000193394064410
0.000193420787629
0.000193445451970
0.000193468197129
0.000193489186672
0.000193508603596
0.000193526645823
0.000193543521774
0.000193559446194
0.000193574636332
0.000193589308580
0.000193603675606
0.000193617944017
0.000193632312517
0.000193646970510
0.000193662097084
0.000193677860266
0.000193694416450
0.000193711909894
0.000193730472189
0.000193750221611
0.000193771262308
0.000193793683291
0.000193817557222
0.000193842939053
0.000193869864557
0.000193898348862
0.000193928385086
0.000193959943189
0.000193992969181
0.000194027384779
0.000194063087628
0.000194099952147
0.000194137831049
0.000194176557540
0.000194215948163
0.000194255806223
0.000194295925692
0.000194336095460
0.000194376103778
0.000194415742728
0.000194454812549
0.000194493125644
0.000194530510120
0.000194566812726
0.000194601901091
0.000194635665193
0.000194668018042
0.000194698895578
0.000194728255862
0.000194756077627
0.000194782358342
0.000194807111911
0.000194830366174
0.000194852160382
0.000194872542789
0.000194891568501
0.000194909297706
0.000194925794341
0.000194941125262
0.000194955359908
0.000194968570419
0.000194980832150
0.000194992224477
0.000195002831761
0.000195012744363
0.000195022059544
0.000195030882137
0.000195039324868
0.000195047508231
0.000195055559863
0.000195063613375
0.000195071806655
0.000195080279685
0.000195089171942
0.000195098619503
0.000195108751962
0.000195119689326
0.000195131539024
0.000195144393186
0.000195158326317
0.000195173393500
0.000195189629180
0.000195207046612
0.000195225637962
0.000195245375054
0.000195266210689
0.000195288080444
0.000195310904850
0.000195334591788
0.000195359038983
0.000195384136452
0.000195409768771
0.000195435817062
0.000195462160612
0.000195488678093
0.000195515248341
0.000195541750746
0.000195568065282
0.000195594072276
0.000195619652011
0.000195644684290
0.000195669048076
0.000195692621341
0.000195715281226
0.000195736904611
0.000195757369143
0.000195776554770
0.000195794345755
0.000195810633137
0.000195825317561
0.000195838312345
0.000195849546659
0.000195858968663
0.000195866548408
0.000195872280365
0.000195876185410
0.000195878312133
0.000195878737371
0.000195877565901
0.000195874929266
0.000195870983747
0.000195865907556
0.000195859897335
0.000195853164102
0.000195845928795
0.000195838417598
0.000195830857207
0.000195823470241
0.000195816470930
0.000195810061243
0.000195804427548
0.000195799737906
0.000195796140011
0.000195793759805
0.000195792700724
0.000195793043506
0.000195794846493
0.000195798146289
0.000195802958681
0.000195809279694
0.000195817086657
0.000195826339213
0.000195836980165
0.000195848936151
0.000195862118104
0.000195876421544
0.000195891726734
0.000195907898792
0.000195924787844
0.000195942229331
0.000195960044587
0.000195978041774
0.000195996017286
0.000196013757666
0.000196031042080
0.000196047645340
0.000196063341452
0.000196077907597
0.000196091128453
0.000196102800708
0.000196112737617
0.000196120773426
0.000196126767475
0.000196130607830
0.000196132214265
0.000196131540467
0.000196128575373
0.000196123343552
0.000196115904633
0.000196106351780
0.000196094809292
0.000196081429423
0.000196066388566
0.000196049882954
0.000196032124064
0.000196013333909
0.000195993740397
0.000195973572916
0.000195953058303
0.000195932417285
0.000195911861491
0.000195891591051
0.000195871792790
0.000195852638978
0.000195834286564
0.000195816876808
0.000195800535192
0.000195785371506
0.000195771479993
0.000195758939444
0.000195747813172
0.000195738148792
0.000195729977788
0.000195723314865
0.000195718157111
0.000195714483048
0.000195712251639
0.000195711401374
0.000195711849542
0.000195713491817
0.000195716202265
0.000195719833883
0.000195724219733
0.000195729174722
0.000195734498043
0.000195739976241
0.000195745386843
0.000195750502448
0.000195755095147
0.000195758941114
0.000195761825199
0.000195763545349
0.000195763916682
0.000195762775065
0.000195759980061
0.000195755417141
0.000195748999115
0.000195740666735
0.000195730388508
0.000195718159760
0.000195704001055
0.000195687956071
0.000195670089091
0.000195650482247
0.000195629232674
0.000195606449727
0.000195582252391
0.000195556766984
0.000195530125246
0.000195502462847
0.000195473918326
0.000195444632435
0.000195414747824
0.000195384408978
0.000195353762295
0.000195322956187
0.000195292141076
0.000195261469166
0.000195231093889
0.000195201168955
0.000195171846948
0.000195143277473
0.000195115604864
0.000195088965528
0.000195063485013
0.000195039274922
0.000195016429818
0.000194995024270
0.000194975110188
0.000194956714610
0.000194939838043
0.000194924453492
0.000194910506222
0.000194897914312
0.000194886569981
0.000194876341659
0.000194867076717
0.000194858604755
0.000194850741296
0.000194843291757
0.000194836055512
0.000194828829890
0.000194821413971
0.000194813612021
0.000194805236479
0.000194796110424
0.000194786069463
0.000194774963066
0.000194762655369
0.000194749025512
0.000194733967615
0.000194717390489
0.000194699217214
0.000194679384693
0.000194657843291
0.000194634556660
0.000194609501794
0.000194582669370
0.000194554064360
0.000194523706896
0.000194491633316
0.000194457897297
0.000194422570983
0.000194385745954
0.000194347533936
0.000194308067089
0.000194267497798
0.000194225997840
0.000194183756877
0.000194140980250
0.000194097886068
0.000194054701649
0.000194011659407
0.000193968992284
0.000193926928909
0.000193885688640
0.000193845476670
0.000193806479406
0.000193768860283
0.000193732756180
0.000193698274563
0.000193665491472
0.000193634450381
0.000193605161975
0.000193577604791
0.000193551726678
0.000193527446962
0.000193504659193
0.000193483234322
0.000193463024167
0.000193443864989
0.000193425581052
0.000193407988019
0.000193390896092
0.000193374112814
0.000193357445478
0.000193340703159
0.000193323698351
0.000193306248296
0.000193288176048
0.000193269311383
0.000193249491632
0.000193228562548
0.000193206379284
0.000193182807557
0.000193157725038
0.000193131022986
0.000193102608109
0.000193072404603
0.000193040356291
0.000193006428746
0.000192970611293
0.000192932918736
0.000192893392684
0.000192852102344
0.000192809144667
0.000192764643766
0.000192718749555
0.000192671635576
0.000192623496068
0.000192574542307
0.000192524998352
0.000192475096301
0.000192425071246
0.000192375156085
0.000192325576395
0.000192276545549
0.000192228260255
0.000192180896682
0.000192134607296
0.000192089518507
0.000192045729182
0.000192003310030
0.000191962303846
0.000191922726525
0.000191884568757
