0.000332353604663
0.000332441295556
0.000332532286707
0.000332626583852
0.000332724191845
0.000332825114650
0.000332929355341
0.000333036916097
0.000333147798202
0.000333262002037
0.000333379527087
0.000333500371928
0.000333624534234
0.000333752010773
0.000333882797404
0.000334016889078
0.000334154279836
0.000334294962811
0.000334438930224
0.000334586173389
0.000334736682707
0.000334890447673
0.000335047456874
0.000335207697989
0.000335371157791
0.000335537822153
0.000335707676042
0.000335880703526
0.000336056887778
0.000336236211075
0.000336418654801
0.000336604199454
0.000336792824645
0.000336984509103
0.000337179230682
0.000337376966360
0.000337577692246
0.000337781383587
0.000337988014767
0.000338197559318
0.000338409989921
0.000338625278413
0.000338843395795
0.000339064312234
0.000339287997073
0.000339514418835
0.000339743545231
0.000339975343166
0.000340209778747
0.000340446817291
0.000340686423330
0.000340928560624
0.000341173192163
0.000341420280178
0.000341669786153
0.000341921670826
0.000342175894205
0.000342432415572
0.000342691193498
0.000342952185846
0.000343215349783
0.000343480641793
0.000343748017685
0.000344017432599
0.000344288841024
0.000344562196803
0.000344837453149
0.000345114562649
0.000345393477281
0.000345674148424
0.000345956526870
0.000346240562831
0.000346526205960
0.000346813405353
0.000347102109568
0.000347392266636
0.000347683824071
0.000347976728883
0.000348270927594
0.000348566366248
0.000348862990424
0.000349160745250
0.000349459575415
0.000349759425186
0.000350060238417
0.000350361958565
0.000350664528705
0.000350967891541
0.000351271989423
0.000351576764359
0.000351882158029
0.000352188111801
0.000352494566744
0.000352801463644
0.000353108743016
0.000353416345121
0.000353724209978
0.000354032277381
0.000354340486913
0.000354648777961
0.000354957089731
0.000355265361264
0.000355573531447
0.000355881539034
0.000356189322658
0.000356496820846
0.000356803972037
0.000357110714593
0.000357416986819
0.000357722726974
0.000358027873290
0.000358332363984
0.000358636137276
0.000358939131403
0.000359241284633
0.000359542535286
0.000359842821740
0.000360142082455
0.000360440255983
0.000360737280987
0.000361033096254
0.000361327640711
0.000361620853440
0.000361912673696
0.000362203040917
0.000362491894745
0.000362779175037
0.000363064821881
0.000363348775614
0.000363630976831
0.000363911366405
0.000364189885500
0.000364466475584
0.000364741078447
0.000365013636213
0.000365284091355
0.000365552386710
0.000365818465494
0.000366082271314
0.000366343748185
0.000366602840545
0.000366859493263
0.000367113651660
0.000367365261520
0.000367614269103
0.000367860621159
0.000368104264941
0.000368345148221
0.000368583219297
0.000368818427014
0.000369050720769
0.000369280050530
0.000369506366843
0.000369729620850
0.000369949764296
0.000370166749548
0.000370380529599
0.000370591058087
0.000370798289301
0.000371002178199
0.000371202680414
0.000371399752269
0.000371593350783
0.000371783433689
0.000371969959440
0.000372152887218
0.000372332176950
0.000372507789312
0.000372679685743
0.000372847828451
0.000373012180428
0.000373172705452
0.000373329368105
0.000373482133773
0.000373630968661
0.000373775839802
0.000373916715060
0.000374053563144
0.000374186353613
0.000374315056884
0.000374439644242
0.000374560087843
0.000374676360725
0.000374788436812
0.000374896290922
0.000374999898772
0.000375099236988
0.000375194283104
0.000375285015574
0.000375371413774
0.000375453458008
0.000375531129515
0.000375604410471
0.000375673283995
0.000375737734155
0.000375797745970
0.000375853305413
0.000375904399418
0.000375951015882
0.000375993143666
0.000376030772602
0.000376063893489
0.000376092498103
0.000376116579193
0.000376136130487
0.000376151146689
0.000376161623485
0.000376167557542
0.000376168946508
0.000376165789013
0.000376158084674
0.000376145834088
0.000376129038838
0.000376107701487
0.000376081825585
0.000376051415663
0.000376016477231
0.000375977016780
0.000375933041780
0.000375884560675
0.000375831582885
0.000375774118799
0.000375712179776
0.000375645778142
0.000375574927183
0.000375499641147
0.000375419935236
0.000375335825606
0.000375247329360
0.000375154464546
0.000375057250152
0.000374955706101
0.000374849853247
0.000374739713368
0.000374625309163
0.000374506664244
0.000374383803133
0.000374256751251
0.000374125534917
0.000373990181336
0.000373850718599
0.000373707175667
0.000373559582370
0.000373407969400
0.000373252368299
0.000373092811453
0.000372929332088
0.000372761964255
0.000372590742826
0.000372415703485
0.000372236882719
0.000372054317807
0.000371868046812
0.000371678108573
0.000371484542693
0.000371287389530
0.000371086690186
0.000370882486497
0.000370674821023
0.000370463737037
0.000370249278513
0.000370031490117
0.000369810417194
0.000369586105758
0.000369358602481
0.000369127954680
0.000368894210306
0.000368657417933
0.000368417626744
0.000368174886520
0.000367929247629
0.000367680761010
0.000367429478162
0.000367175451133
0.000366918732501
0.000366659375369
0.000366397433345
0.000366132960530
0.000365866011508
0.000365596641328
0.000365324905493
0.000365050859944
0.000364774561049
0.000364496065588
0.000364215430737
0.000363932714058
0.000363647973480
0.000363361267288
0.000363072654107
0.000362782192889
0.000362489942895
0.000362195963684
0.000361900315095
0.000361603057234
0.000361304250459
0.000361003955362
0.000360702232760
0.000360399143673
0.000360094749313
0.000359789111070
0.000359482290493
0.000359174349278
0.000358865349252
0.000358555352356
0.000358244420634
0.000357932616214
0.000357620001293
0.000357306638124
0.000356992588997
0.000356677916227
0.000356362682137
0.000356046949041
0.000355730779233
0.000355414234967
0.000355097378444
0.000354780271796
0.000354462977073
0.000354145556224
0.000353828071085
0.000353510583363
0.000353193154623
0.000352875846267
0.000352558719528
0.000352241835447
0.000351925254862
0.000351609038394
0.000351293246430
0.000350977939108
0.000350663176304
0.000350349017616
0.000350035522353
0.000349722749514
0.000349410757781
0.000349099605499
0.000348789350665
0.000348480050916
0.000348171763510
0.000347864545316
0.000347558452802
0.000347253542017
0.000346949868580
0.000346647487668
0.000346346454001
0.000346046821828
0.000345748644918
0.000345451976544
0.000345156869470
0.000344863375939
0.000344571547663
0.000344281435809
0.000343993090985
0.000343706563232
0.000343421902010
0.000343139156187
0.000342858374029
0.000342579603187
0.000342302890686
0.000342028282917
0.000341755825624
0.000341485563894
0.000341217542146
0.000340951804122
0.000340688392877
0.000340427350768
0.000340168719446
0.000339912539846
0.000339658852177
0.000339407695913
0.000339159109787
0.000338913131779
0.000338669799111
0.000338429148236
0.000338191214833
0.000337956033796
0.000337723639231
0.000337494064445
0.000337267341941
0.000337043503411
0.000336822579729
0.000336604600945
0.000336389596278
0.000336177594111
0.000335968621986
0.000335762706595
0.000335559873781
0.000335360148527
0.000335163554955
0.000334970116321
0.000334779855010
0.000334592792532
0.000334408949520
0.000334228345725
0.000334051000014
0.000333876930366
0.000333706153871
0.000333538686724
0.000333374544227
0.000333213740785
0.000333056289904
0.000332902204188
0.000332751495341
