0.000182293416458
0.000182323351594
0.000182352878649
0.000182381897839
0.000182410321455
0.000182438076222
0.000182465105152
0.000182491368844
0.000182516846184
0.000182541534476
0.000182565449004
0.000182588622108
0.000182611101830
0.000182632950215
0.000182654241372
0.000182675059369
0.000182695496049
0.000182715648838
0.000182735618603
0.000182755507576
0.000182775417403
0.000182795447283
0.000182815692231
0.000182836241425
0.000182857176655
0.000182878570846
0.000182900486672
0.000182922975260
0.000182946075022
0.000182969810643
0.000182994192271
0.000183019214962
0.000183044858438
0.000183071087201
0.000183097851043
0.000183125085993
0.000183152715678
0.000183180653111
0.000183208802843
0.000183237063430
0.000183265330123
0.000183293497673
0.000183321463159
0.000183349128694
0.000183376403933
0.000183403208240
0.000183429472478
0.000183455140317
0.000183480169064
0.000183504529989
0.000183528208178
0.000183551201955
0.000183573521957
0.000183595189922
0.000183616237299
0.000183636703763
0.000183656635716
0.000183676084855
0.000183695106848
0.000183713760168
0.000183732105080
0.000183750202798
0.000183768114765
0.000183785902039
0.000183803624735
0.000183821341476
0.000183839108828
0.000183856980672
0.000183875007513
0.000183893235713
0.000183911706684
0.000183930456046
0.000183949512827
0.000183968898726
0.000183988627521
0.000184008704652
0.000184029127045
0.000184049883184
0.000184070953456
0.000184092310771
0.000184113921407
0.000184135746054
0.000184157740999
0.000184179859368
0.000184202052364
0.000184224270427
0.000184246464248
0.000184268585597
0.000184290587920
0.000184312426711
0.000184334059653
0.000184355446578
0.000184376549277
0.000184397331242
0.000184417757393
0.000184437793870
0.000184457407957
0.000184476568175
0.000184495244601
0.000184513409399
0.000184531037578
0.000184548107924
0.000184564604061
0.000184580515575
0.000184595839107
0.000184610579339
0.000184624749795
0.000184638373373
0.000184651482558
0.000184664119277
0.000184676334390
0.000184688186810
0.000184699742312
0.000184711072054
0.000184722250903
0.000184733355636
0.000184744463094
0.000184755648376
0.000184766983137
0.000184778534051
0.000184790361477
0.000184802518347
0.000184815049284
0.000184827989932
0.000184841366474
0.000184855195306
0.000184869482828
0.000184884225317
0.000184899408861
0.000184915009339
0.000184930992444
0.000184947313767
0.000184963918964
0.000184980744062
0.000184997715928
0.000185014752968
0.000185031766087
0.000185048659953
0.000185065334566
0.000185081687149
0.000185097614319
0.000185113014495
0.000185127790470
0.000185141852060
0.000185155118721
0.000185167522015
0.000185179007834
0.000185189538252
0.000185199092924
0.000185207669973
0.000185215286295
0.000185221977290
0.000185227796022
0.000185232811847
0.000185237108577
0.000185240782273
0.000185243938750
0.000185246690916
0.000185249156037
0.000185251453028
0.000185253699850
0.000185256011092
0.000185258495759
0.000185261255319
0.000185264382002
0.000185267957346
0.000185272050976
0.000185276719589
0.000185282006124
0.000185287939096
0.000185294532080
0.000185301783351
0.000185309675689
0.000185318176366
0.000185327237364
0.000185336795844
0.000185346774915
0.000185357084739
0.000185367623985
0.000185378281651
0.000185388939234
0.000185399473221
0.000185409757838
0.000185419667989
0.000185429082278
0.000185437886021
0.000185445974123
0.000185453253710
0.000185459646411
0.000185465090201
0.000185469540734
0.000185472972127
0.000185475377173
0.000185476767000
0.000185477170217
0.000185476631616
0.000185475210498
0.000185472978734
0.000185470018646
0.000185466420818
0.000185462281909
0.000185457702556
0.000185452785406
0.000185447633328
0.000185442347802
0.000185437027496
0.000185431766993
0.000185426655657
0.000185421776586
0.000185417205629
0.000185413010441
0.000185409249549
0.000185405971438
0.000185403213671
0.000185401002066
0.000185399349973
0.000185398257709
0.000185397712200
0.000185397686885
0.000185398141934
0.000185399024799
0.000185400271136
0.000185401806071
0.000185403545802
0.000185405399479
0.000185407271298
0.000185409062733
0.000185410674807
0.000185412010320
0.000185412975936
0.000185413484056
0.000185413454411
0.000185412815339
0.000185411504717
0.000185409470560
0.000185406671305
0.000185403075831
0.000185398663264
0.000185393422645
0.000185387352501
0.000185380460413
0.000185372762594
0.000185364283546
0.000185355055772
0.000185345119574
0.000185334522885
0.000185323321110
0.000185311576918
0.000185299359932
0.000185286746252
0.000185273817775
0.000185260661253
0.000185247367099
0.000185234027911
0.000185220736756
0.000185207585265
0.000185194661577
0.000185182048246
0.000185169820170
0.000185158042656
0.000185146769696
0.000185136042534
0.000185125888594
0.000185116320801
0.000185107337313
0.000185098921667
0.000185091043312
0.000185083658466
0.000185076711266
0.000185070135118
0.000185063854189
0.000185057784973
0.000185051837871
0.000185045918740
0.000185039930391
0.000185033774010
0.000185027350521
0.000185020561893
0.000185013312432
0.000185005510072
0.000184997067702
0.000184987904547
0.000184977947606
0.000184967133149
0.000184955408230
0.000184942732198
0.000184929078117
0.000184914434044
0.000184898804080
0.000184882209107
0.000184864687140
0.000184846293233
0.000184827098891
0.000184807190965
0.000184786670043
0.000184765648360
0.000184744247294
0.000184722594524
0.000184700820965
0.000184679057580
0.000184657432197
0.000184636066453
0.000184615072963
0.000184594552817
0.000184574593468
0.000184555267070
0.000184536629277
0.000184518718507
0.000184501555646
0.000184485144158
0.000184469470527
0.000184454505002
0.000184440202555
0.000184426504017
0.000184413337341
0.000184400618964
0.000184388255237
0.000184376143937
0.000184364175857
0.000184352236482
0.000184340207780
0.000184327970112
0.000184315404274
0.000184302393654
0.000184288826497
0.000184274598227
0.000184259613775
0.000184243789845
0.000184227057029
0.000184209361691
0.000184190667518
0.000184170956669
0.000184150230446
0.000184128509434
0.000184105833089
0.000184082258772
0.000184057860250
0.000184032725732
0.000184006955506
0.000183980659285
0.000183953953364
0.000183926957704
0.000183899793072
0.000183872578313
0.000183845427871
0.000183818449609
0.000183791742981
0.000183765397567
0.000183739491982
0.000183714093111
0.000183689255653
0.000183665021908
0.000183641421748
0.000183618472736
0.000183596180323
0.000183574538106
0.000183553528124
0.000183533121184
0.000183513277229
0.000183493945786
0.000183475066510
0.000183456569875
0.000183438378050
0.000183420405979
0.000183402562691
0.000183384752845
0.000183366878480
0.000183348840949
0.000183330542972
0.000183311890740
0.000183292795996
0.000183273178001
0.000183252965309
0.000183232097267
0.000183210525190
0.000183188213153
0.000183165138400
0.000183141291356
0.000183116675271
0.000183091305557
0.000183065208854
0.000183038421925
0.000183010990443
0.000182982967746
0.000182954413630
0.000182925393234
0.000182895976040
0.000182866235025
0.000182836245927
0.000182806086632
0.000182775836616
0.000182745576407
0.000182715387005
0.000182685349211
0.000182655542812
0.000182626045603
0.000182596932232
0.000182568272861
0.000182540131701
0.000182512565449
0.000182485621698
