0.000245818358279
0.000245903161581
0.000245987983099
0.000246072804356
0.000246157606214
0.000246242369455
0.000246327075369
0.000246411706316
0.000246496246255
0.000246580681201
0.000246664999600
0.000246749192614
0.000246833254286
0.000246917181597
0.000247000974407
0.000247084635274
0.000247168169170
0.000247251583104
0.000247334885655
0.000247418086454
0.000247501195614
0.000247584223147
0.000247667178384
0.000247750069423
0.000247832902617
0.000247915682146
0.000247998409660
0.000248081084026
0.000248163701193
0.000248246254152
0.000248328733035
0.000248411125308
0.000248493416079
0.000248575588495
0.000248657624221
0.000248739503973
0.000248821208092
0.000248902717138
0.000248984012474
0.000249065076823
0.000249145894769
0.000249226453200
0.000249306741647
0.000249386752535
0.000249466481314
0.000249545926474
0.000249625089440
0.000249703974355
0.000249782587748
0.000249860938115
0.000249939035409
0.000250016890482
0.000250094514478
0.000250171918216
0.000250249111586
0.000250326102970
0.000250402898728
0.000250479502763
0.000250555916171
0.000250632137016
0.000250708160216
0.000250783977558
0.000250859577838
0.000250934947124
0.000251010069125
0.000251084925666
0.000251159497232
0.000251233763570
0.000251307704332
0.000251381299713
0.000251454531077
0.000251527381538
0.000251599836470
0.000251671883931
0.000251743514982
0.000251814723882
0.000251885508160
0.000251955868557
0.000252025808842
0.000252095335499
0.000252164457319
0.000252233184890
0.000252301530024
0.000252369505129
0.000252437122565
0.000252504393997
0.000252571329778
0.000252637938387
0.000252704225939
0.000252770195787
0.000252835848240
0.000252901180397
0.000252966186105
0.000253030856050
0.000253095177974
0.000253159136998
0.000253222716064
0.000253285896445
0.000253348658339
0.000253410981491
0.000253472845843
0.000253534232179
0.000253595122732
0.000253655501744
0.000253715355944
0.000253774674939
0.000253833451492
0.000253891681672
0.000253949364895
0.000254006503817
0.000254063104114
0.000254119174142
0.000254174724491
0.000254229767452
0.000254284316416
0.000254338385229
0.000254391987526
0.000254445136072
0.000254497842133
0.000254550114906
0.000254601961026
0.000254653384171
0.000254704384787
0.000254754959933
0.000254805103266
0.000254854805155
0.000254904052934
0.000254952831269
0.000255001122639
0.000255048907910
0.000255096166967
0.000255142879398
0.000255189025191
0.000255234585422
0.000255279542896
0.000255323882737
0.000255367592873
0.000255410664426
0.000255453091967
0.000255494873644
0.000255536011165
0.000255576509637
0.000255616377280
0.000255655625008
0.000255694265909
0.000255732314640
0.000255769786757
0.000255806698012
0.000255843063642
0.000255878897680
0.000255914212318
0.000255949017337
0.000255983319640
0.000256017122898
0.000256050427322
0.000256083229575
0.000256115522827
0.000256147296944
0.000256178538807
0.000256209232756
0.000256239361128
0.000256268904873
0.000256297844229
0.000256326159427
0.000256353831391
0.000256380842416
0.000256407176795
0.000256432821366
0.000256457765966
0.000256482003767
0.000256505531488
0.000256528349468
0.000256550461607
0.000256571875160
0.000256592600418
0.000256612650257
0.000256632039603
0.000256650784806
0.000256668902965
0.000256686411225
0.000256703326066
0.000256719662624
0.000256735434056
0.000256750650988
0.000256765321055
0.000256779448555
0.000256793034244
0.000256806075252
0.000256818565157
0.000256830494187
0.000256841849564
0.000256852615961
0.000256862776065
0.000256872311224
0.000256881202145
0.000256889429627
0.000256896975293
0.000256903822293
0.000256909955951
0.000256915364338
0.000256920038726
0.000256923973935
0.000256927168532
0.000256929624887
0.000256931349081
0.000256932350668
0.000256932642304
0.000256932239245
0.000256931158749
0.000256929419403
0.000256927040387
0.000256924040725
0.000256920438537
0.000256916250331
0.000256911490357
0.000256906170053
0.000256900297605
0.000256893877634
0.000256886911028
0.000256879394916
0.000256871322803
0.000256862684837
0.000256853468217
0.000256843657713
0.000256833236286
0.000256822185773
0.000256810487626
0.000256798123658
0.000256785076777
0.000256771331680
0.000256756875477
0.000256741698217
0.000256725793310
0.000256709157808
0.000256691792555
0.000256673702189
0.000256654894996
0.000256635382629
0.000256615179697
0.000256594303243
0.000256572772127
0.000256550606347
0.000256527826309
0.000256504452094
0.000256480502725
0.000256455995489
0.000256430945319
0.000256405364265
0.000256379261087
0.000256352640963
0.000256325505348
0.000256297851965
0.000256269674952
0.000256240965142
0.000256211710478
0.000256181896534
0.000256151507142
0.000256120525077
0.000256088932794
0.000256056713183
0.000256023850297
0.000255990330059
0.000255956140879
0.000255921274195
0.000255885724884
0.000255849491552
0.000255812576677
0.000255774986597
0.000255736731359
0.000255697824412
0.000255658282173
0.000255618123479
0.000255577368935
0.000255536040202
0.000255494159241
0.000255451747538
0.000255408825361
0.000255365411056
0.000255321520420
0.000255277166180
0.000255232357595
0.000255187100185
0.000255141395623
0.000255095241771
0.000255048632866
0.000255001559860
0.000254954010876
0.000254905971787
0.000254857426878
0.000254808359571
0.000254758753189
0.000254708591716
0.000254657860532
0.000254606547100
0.000254554641564
0.000254502137243
0.000254449031001
0.000254395323484
0.000254341019204
0.000254286126477
0.000254230657213
0.000254174626571
0.000254118052485
0.000254060955095
0.000254003356083
0.000253945277960
0.000253886743324
0.000253827774110
0.000253768390879
0.000253708612152
0.000253648453829
0.000253587928713
0.000253527046147
0.000253465811797
0.000253404227565
0.000253342291654
0.000253279998779
0.000253217340508
0.000253154305725
0.000253090881199
0.000253027052238
0.000252962803395
0.000252898119207
0.000252832984939
0.000252767387293
0.000252701315075
0.000252634759770
0.000252567716026
0.000252500182008
0.000252432159621
0.000252363654594
0.000252294676401
0.000252225238059
0.000252155355766
0.000252085048436
0.000252014337107
0.000251943244286
0.000251871793226
0.000251800007168
0.000251727908602
0.000251655518537
0.000251582855844
0.000251509936676
0.000251436773998
0.000251363377244
0.000251289752107
0.000251215900488
0.000251141820585
0.000251067507131
0.000250992951770
0.000250918143557
0.000250843069551
0.000250767715496
0.000250692066547
0.000250616108023
0.000250539826146
0.000250463208750
0.000250386245923
0.000250308930557
0.000250231258794
0.000250153230333
0.000250074848610
0.000249996120822
0.000249917057809
0.000249837673795
0.000249757985993
0.000249678014106
0.000249597779724
0.000249517305651
0.000249436615195
0.000249355731434
0.000249274676500
0.000249193470892
0.000249112132871
0.000249030677927
0.000248949118371
0.000248867463034
0.000248785717121
0.000248703882185
0.000248621956261
0.000248539934123
0.000248457807671
0.000248375566428
0.000248293198125
0.000248210689361
0.000248128026298
0.000248045195374
0.000247962184008
0.000247878981262
0.000247795578443
0.000247711969610
0.000247628151989
0.000247544126248
0.000247459896654
0.000247375471077
0.000247290860872
0.000247206080605
0.000247121147675
0.000247036081810
0.000246950904482
0.000246865638252
