0.000267283500551
0.000267398465242
0.000267513457698
0.000267628467710
0.000267743485463
0.000267858501714
0.000267973507938
0.000268088496440
0.000268203460427
0.000268318394040
0.000268433292338
0.000268548151235
0.000268662967397
0.000268777738102
0.000268892461065
0.000269007134237
0.000269121755601
0.000269236322947
0.000269350833669
0.000269465284568
0.000269579671685
0.000269693990164
0.000269808234166
0.000269922396817
0.000270036470213
0.000270150445468
0.000270264312819
0.000270378061759
0.000270491681224
0.000270605159792
0.000270718485915
0.000270831648148
0.000270944635384
0.000271057437069
0.000271170043394
0.000271282445458
0.000271394635379
0.000271506606367
0.000271618352740
0.000271729869890
0.000271841154195
0.000271952202884
0.000272063013860
0.000272173585488
0.000272283916363
0.000272394005060
0.000272503849885
0.000272613448638
0.000272722798396
0.000272831895328
0.000272940734558
0.000273049310071
0.000273157614672
0.000273265640009
0.000273373376642
0.000273480814176
0.000273587941430
0.000273694746652
0.000273801217764
0.000273907342622
0.000274013109283
0.000274118506267
0.000274223522794
0.000274328149001
0.000274432376102
0.000274536196517
0.000274639603927
0.000274742593283
0.000274845160751
0.000274947303598
0.000275049020028
0.000275150308971
0.000275251169838
0.000275351602251
0.000275451605765
0.000275551179587
0.000275650322316
0.000275749031706
0.000275847304470
0.000275945136138
0.000276042520964
0.000276139451897
0.000276235920619
0.000276331917636
0.000276427432435
0.000276522453687
0.000276616969494
0.000276710967662
0.000276804435995
0.000276897362593
0.000276989736134
0.000277081546137
0.000277172783186
0.000277263439104
0.000277353507076
0.000277442981706
0.000277531859005
0.000277620136324
0.000277707812211
0.000277794886222
0.000277881358681
0.000277967230403
0.000278052502395
0.000278137175545
0.000278221250321
0.000278304726486
0.000278387602846
0.000278469877051
0.000278551545438
0.000278632602954
0.000278713043128
0.000278792858132
0.000278872038886
0.000278950575248
0.000279028456238
0.000279105670314
0.000279182205679
0.000279258050600
0.000279333193727
0.000279407624398
0.000279481332920
0.000279554310799
0.000279626550922
0.000279698047674
0.000279768796988
0.000279838796324
0.000279908044574
0.000279976541909
0.000280044289556
0.000280111289536
0.000280177544357
0.000280243056695
0.000280307829052
0.000280371863444
0.000280435161090
0.000280497722159
0.000280559545557
0.000280620628774
0.000280680967811
0.000280740557166
0.000280799389900
0.000280857457776
0.000280914751457
0.000280971260761
0.000281026974962
0.000281081883117
0.000281135974408
0.000281189238484
0.000281241665781
0.000281293247808
0.000281343977395
0.000281393848865
0.000281442858158
0.000281491002861
0.000281538282184
0.000281584696843
0.000281630248883
0.000281674941441
0.000281718778454
0.000281761764337
0.000281803903631
0.000281845200658
0.000281885659177
0.000281925282075
0.000281964071100
0.000282002026646
0.000282039147609
0.000282075431312
0.000282110873511
0.000282145468472
0.000282179209128
0.000282212087297
0.000282244093959
0.000282275219574
0.000282305454428
0.000282334788997
0.000282363214293
0.000282390722203
0.000282417305780
0.000282442959486
0.000282467679372
0.000282491463185
0.000282514310400
0.000282536222170
0.000282557201201
0.000282577251560
0.000282596378412
0.000282614587716
0.000282631885880
0.000282648279401
0.000282663774501
0.000282678376776
0.000282692090879
0.000282704920250
0.000282716866904
0.000282727931293
0.000282738112237
0.000282747406939
0.000282755811085
0.000282763319008
0.000282769923925
0.000282775618233
0.000282780393839
0.000282784242523
0.000282787156311
0.000282789127834
0.000282790150667
0.000282790219623
0.000282789330997
0.000282787482739
0.000282784674551
0.000282780907907
0.000282776185993
0.000282770513565
0.000282763896737
0.000282756342714
0.000282747859461
0.000282738455357
0.000282728138816
0.000282716917919
0.000282704800062
0.000282691791634
0.000282677897753
0.000282663122058
0.000282647466576
0.000282630931670
0.000282613516064
0.000282595216954
0.000282576030187
0.000282555950512
0.000282534971886
0.000282513087815
0.000282490291728
0.000282466577348
0.000282441939063
0.000282416372255
0.000282389873600
0.000282362441299
0.000282334075242
0.000282304777102
0.000282274550334
0.000282243400109
0.000282211333155
0.000282178357537
0.000282144482369
0.000282109717489
0.000282074073091
0.000282037559349
0.000282000186047
0.000281961962224
0.000281922895861
0.000281882993620
0.000281842260647
0.000281800700449
0.000281758314857
0.000281715104058
0.000281671066723
0.000281626200197
0.000281580500763
0.000281533963948
0.000281486584881
0.000281438358661
0.000281389280732
0.000281339347248
0.000281288555401
0.000281236903707
0.000281184392229
0.000281131022728
0.000281076798743
0.000281021725580
0.000280965810227
0.000280909061189
0.000280851488256
0.000280793102208
0.000280733914484
0.000280673936815
0.000280613180849
0.000280551657783
0.000280489378019
0.000280426350855
0.000280362584244
0.000280298084603
0.000280232856706
0.000280166903657
0.000280100226945
0.000280032826568
0.000279964701247
0.000279895848682
0.000279826265876
0.000279755949484
0.000279684896181
0.000279613103034
0.000279540567853
0.000279467289513
0.000279393268225
0.000279318505744
0.000279243005506
0.000279166772692
0.000279089814206
0.000279012138572
0.000278933755768
0.000278854676975
0.000278774914290
0.000278694480385
0.000278613388147
0.000278531650312
0.000278449279101
0.000278366285894
0.000278282680936
0.000278198473104
0.000278113669741
0.000278028276565
0.000277942297653
0.000277855735510
0.000277768591210
0.000277680864605
0.000277592554599
0.000277503659461
0.000277414177174
0.000277324105794
0.000277233443811
0.000277142190486
0.000277050346155
0.000276957912479
0.000276864892642
0.000276771291461
0.000276677115440
0.000276582372726
0.000276487073005
0.000276391227315
0.000276294847803
0.000276197947430
0.000276100539640
0.000276002638005
0.000275904255869
0.000275805406009
0.000275706100313
0.000275606349518
0.000275506162988
0.000275405548574
0.000275304512534
0.000275203059542
0.000275101192761
0.000274998914000
0.000274896223926
0.000274793122338
0.000274689608475
0.000274585681359
0.000274481340141
0.000274376584440
0.000274271414672
0.000274165832320
0.000274059840174
0.000273953442496
0.000273846645117
0.000273739455469
0.000273631882527
0.000273523936691
0.000273415629596
0.000273306973867
0.000273197982823
0.000273088670157
0.000272979049597
0.000272869134566
0.000272758937857
0.000272648471346
0.000272537745742
0.000272426770399
0.000272315553193
0.000272204100464
0.000272092417042
0.000271980506337
0.000271868370496
0.000271756010627
0.000271643427063
0.000271530619666
0.000271417588156
0.000271304332434
0.000271190852912
0.000271077150803
0.000270963228376
0.000270849089165
0.000270734738110
0.000270620181635
0.000270505427652
0.000270390485497
0.000270275365797
0.000270160080274
0.000270044641504
0.000269929062627
0.000269813357039
0.000269697538070
0.000269581618667
0.000269465611094
0.000269349526669
0.000269233375546
0.000269117166551
0.000269000907083
0.000268884603086
0.000268768259084
0.000268651878290
