0.000188923677192
0.000188951540267
0.000188979290742
0.000189006992620
0.000189034711223
0.000189062511513
0.000189090456425
0.000189118605228
0.000189147011950
0.000189175723899
0.000189204780298
0.000189234211089
0.000189264035915
0.000189294263351
0.000189324890387
0.000189355902223
0.000189387272393
0.000189418963236
0.000189450926728
0.000189483105656
0.000189515435120
0.000189547844318
0.000189580258558
0.000189612601428
0.000189644797044
0.000189676772292
0.000189708458975
0.000189739795784
0.000189770730022
0.000189801219016
0.000189831231169
0.000189860746642
0.000189889757633
0.000189918268281
0.000189946294213
0.000189973861773
0.000190001006977
0.000190027774251
0.000190054214999
0.000190080386058
0.000190106348090
0.000190132163943
0.000190157897030
0.000190183609744
0.000190209361942
0.000190235209519
0.000190261203083
0.000190287386771
0.000190313797196
0.000190340462582
0.000190367402083
0.000190394625323
0.000190422132176
0.000190449912805
0.000190477947967
0.000190506209589
0.000190534661608
0.000190563261057
0.000190591959346
0.000190620703723
0.000190649438832
0.000190678108321
0.000190706656439
0.000190735029538
0.000190763177448
0.000190791054655
0.000190818621248
0.000190845843625
0.000190872694926
0.000190899155232
0.000190925211512
0.000190950857391
0.000190976092752
0.000191000923218
0.000191025359568
0.000191049417122
0.000191073115121
0.000191096476136
0.000191119525507
0.000191142290832
0.000191164801487
0.000191187088178
0.000191209182503
0.000191231116514
0.000191252922261
0.000191274631328
0.000191296274327
0.000191317880390
0.000191339476649
0.000191361087725
0.000191382735251
0.000191404437449
0.000191426208776
0.000191448059659
0.000191469996332
0.000191492020767
0.000191514130707
0.000191536319780
0.000191558577677
0.000191580890383
0.000191603240427
0.000191625607138
0.000191647966899
0.000191670293380
0.000191692557762
0.000191714728947
0.000191736773792
0.000191758657366
0.000191780343268
0.000191801794035
0.000191822971643
0.000191843838134
0.000191864356362
0.000191884490857
0.000191904208778
0.000191923480928
0.000191942282798
0.000191960595565
0.000191978407016
0.000191995712323
0.000192012514634
0.000192028825424
0.000192044664586
0.000192060060232
0.000192075048218
0.000192089671392
0.000192103978589
0.000192118023429
0.000192131862936
0.000192145556056
0.000192159162102
0.000192172739195
0.000192186342732
0.000192200023937
0.000192213828505
0.000192227795394
0.000192241955752
0.000192256332025
0.000192270937234
0.000192285774448
0.000192300836450
0.000192316105623
0.000192331554054
0.000192347143878
0.000192362827874
0.000192378550315
0.000192394248083
0.000192409852034
0.000192425288612
0.000192440481662
0.000192455354422
0.000192469831625
0.000192483841647
0.000192497318636
0.000192510204531
0.000192522450895
0.000192534020490
0.000192544888519
0.000192555043487
0.000192564487642
0.000192573236971
0.000192581320768
0.000192588780773
0.000192595669937
0.000192602050859
0.000192607993960
0.000192613575464
0.000192618875263
0.000192623974732
0.000192628954568
0.000192633892704
0.000192638862351
0.000192643930218
0.000192649154923
0.000192654585631
0.000192660260938
0.000192666207998
0.000192672441921
0.000192678965440
0.000192685768848
0.000192692830226
0.000192700115951
0.000192707581495
0.000192715172497
0.000192722826113
0.000192730472600
0.000192738037120
0.000192745441715
0.000192752607388
0.000192759456247
0.000192765913618
0.000192771910075
0.000192777383299
0.000192782279705
0.000192786555777
0.000192790179064
0.000192793128810
0.000192795396203
0.000192796984243
0.000192797907269
0.000192798190164
0.000192797867297
0.000192796981259
0.000192795581458
0.000192793722624
0.000192791463288
0.000192788864291
0.000192785987341
0.000192782893672
0.000192779642805
0.000192776291425
0.000192772892387
0.000192769493828
0.000192766138401
0.000192762862607
0.000192759696247
0.000192756661970
0.000192753774944
0.000192751042649
0.000192748464806
0.000192746033458
0.000192743733205
0.000192741541610
0.000192739429760
0.000192737362992
0.000192735301749
0.000192733202546
0.000192731019025
0.000192728703033
0.000192726205715
0.000192723478561
0.000192720474375
0.000192717148147
0.000192713457793
0.000192709364771
0.000192704834560
0.000192699837024
0.000192694346667
0.000192688342819
0.000192681809767
0.000192674736861
0.000192667118613
0.000192658954800
0.000192650250578
0.000192641016594
0.000192631269092
0.000192621029964
0.000192610326750
0.000192599192524
0.000192587665650
0.000192575789388
0.000192563611310
0.000192551182549
0.000192538556857
0.000192525789520
0.000192512936125
0.000192500051256
0.000192487187133
0.000192474392269
0.000192461710177
0.000192449178195
0.000192436826444
0.000192424676977
0.000192412743127
0.000192401029070
0.000192389529608
0.000192378230167
0.000192367106998
0.000192356127571
0.000192345251142
0.000192334429484
0.000192323607763
0.000192312725557
0.000192301718007
0.000192290517084
0.000192279052984
0.000192267255622
0.000192255056216
0.000192242388941
0.000192229192615
0.000192215412382
0.000192201001338
0.000192185922052
0.000192170147905
0.000192153664210
0.000192136469030
0.000192118573663
0.000192100002740
0.000192080793928
0.000192060997206
0.000192040673756
0.000192019894475
0.000191998738166
0.000191977289471
0.000191955636613
0.000191933869035
0.000191912075010
0.000191890339310
0.000191868741000
0.000191847351423
0.000191826232434
0.000191805434912
0.000191784997584
0.000191764946169
0.000191745292854
0.000191726036091
0.000191707160703
0.000191688638304
0.000191670427988
0.000191652477298
0.000191634723447
0.000191617094772
0.000191599512400
0.000191581892107
0.000191564146335
0.000191546186335
0.000191527924384
0.000191509276029
0.000191490162297
0.000191470511806
0.000191450262701
0.000191429364361
0.000191407778802
0.000191385481721
0.000191362463153
0.000191338727687
0.000191314294262
0.000191289195529
0.000191263476812
0.000191237194727
0.000191210415492
0.000191183213020
0.000191155666860
0.000191127860061
0.000191099877035
0.000191071801493
0.000191043714491
0.000191015692655
0.000190987806603
0.000190960119578
0.000190932686321
0.000190905552171
0.000190878752378
0.000190852311648
0.000190826243880
0.000190800552107
0.000190775228623
0.000190750255304
0.000190725604109
0.000190701237768
0.000190677110654
0.000190653169831
0.000190629356269
0.000190605606210
0.000190581852654
0.000190558026935
0.000190534060342
0.000190509885746
0.000190485439163
0.000190460661228
0.000190435498507
0.000190409904629
0.000190383841183
0.000190357278383
0.000190330195477
0.000190302580907
0.000190274432255
0.000190245755969
0.000190216566940
0.000190186887935
0.000190156748941
0.000190126186447
0.000190095242694
0.000190063964902
0.000190032404498
0.000190000616335
0.000189968657900
0.000189936588499
0.000189904468407
0.000189872357969
0.000189840316647
0.000189808402013
0.000189776668681
0.000189745167227
0.000189713943086
0.000189683035486
0.000189652476456
0.000189622289935
0.000189592491048
0.000189563085568
0.000189534069601
0.000189505429515
0.000189477142128
0.000189449175138
0.000189421487799
0.000189394031798
0.000189366752324
0.000189339589276
0.000189312478570
0.000189285353529
0.000189258146286
