0.002575000429460
0.002580883458512
0.002587902939994
0.002595835288761
0.002604421753358
0.002613376772243
0.002622397376411
0.002631173332055
0.002639397687407
0.002646777369486
0.002653043469778
0.002657960863399
0.002661336823847
0.002663028324778
0.002662947760298
0.002661066865044
0.002657418673079
0.002652097418664
0.002645256350127
0.002637103498115
0.002627895509169
0.002617929722447
0.002607534729276
0.002597059709859
0.002586862887066
0.002577299472017
0.002568709498956
0.002561405956703
0.002555663620306
0.002551708969271
0.002549711548448
0.002549777084936
0.002551942620680
0.002556173857234
0.002562364838533
0.002570340021631
0.002579858706621
0.002590621718022
0.002602280153235
0.002614445941957
0.002626703895937
0.002638624873577
0.002649779640339
0.002659752975505
0.002668157559561
0.002674647175166
0.002678928768563
0.002680772947120
0.002680022531785
0.002676598839401
0.002670505437398
0.002661829190437
0.002650738502701
0.002637478748193
0.002622364971827
0.002605772033437
0.002588122452242
0.002569872288051
0.002551495464977
0.002533467001376
0.002516245654141
0.002500256514838
0.002485874108309
0.002473406540725
0.002463081223534
0.002455032662731
0.002449292750361
0.002445783928507
0.002444315517200
0.002444583408873
0.002446173235808
0.002448567016349
0.002451153183389
0.002453239797892
0.002454070654050
0.002452843893826
0.002448732670037
0.002440907330988
0.002428558548040
0.002410920772109
0.002387295386868
0.002357072926128
0.002319753740479
0.002274966533371
0.002222484238391
0.002162236776080
0.002094320308356
0.002019002699103
0.001936724988199
0.001848098790360
0.001753899636572
0.001655056381733
0.001552636904207
0.001447830418613
0.001341926809573
0.001236293469000
0.001132350180808
0.001031542643118
0.000935315247919
0.000845083751203
0.000762208462610
0.000687968562995
0.000623538121933
0.000569964336343
0.000528148447718
0.000498829721172
0.000482572786726
0.000479758554693
0.000490578825222
0.000515034619683
0.000552938171368
0.000603918427271
0.000667429833956
0.000742764110612
0.000829064653126
0.000925343165581
0.001030498081076
0.001143334312448
0.001262583865662
0.001386926853666
0.001515012465963
0.001645479477585
0.001776975919406
0.001908177577950
0.002037805045251
0.002164639095878
0.002287534226891
0.002405430255265
0.002517361924247
0.002622466523359
0.002719989574923
0.002809288681542
0.002889835663098
0.002961217137743
0.003023133718748
0.003075398007958
0.003117931567261
0.003150761042652
0.003174013601935
0.003187911828195
0.003192768188006
0.003188979167593
0.003177019143168
0.003157434025061
0.003130834690467
0.003097890197971
0.003059320759658
0.003015890434562
0.002968399501043
0.002917676465885
0.002864569674555
0.002809938499976
0.002754644105732
0.002699539803240
0.002645461049880
0.002593215165242
0.002543570874079
0.002497247815747
0.002454906189324
0.002417136729683
0.002384451231071
0.002357273849962
0.002335933426890
0.002320657066831
0.002311565208834
0.002308668397765
0.002311865944250
0.002320946623566
0.002335591521168
0.002355379082647
0.002379792370699
0.002408228472685
0.002440009941332
0.002474398090118
0.002510607905838
0.002547824285832
0.002585219258336
0.002621969803255
0.002657275858916
0.002690378079580
0.002720574899500
0.002747238463113
0.002769828997575
0.002787907233423
0.002801144521040
0.002809330343932
0.002812376993310
0.002810321240377
0.002803322921177
0.002791660431552
0.002775723214355
0.002756001404987
0.002733072882116
0.002707588045509
0.002680252709994
0.002651809561421
0.002623018665354
0.002594637550433
0.002567401404897
0.002542003925897
0.002519079346683
