0.002601239356359
0.002603687725327
0.002607473893189
0.002612479476702
0.002618540117078
0.002625450687568
0.002632972037325
0.002640839053494
0.002648769773727
0.002656475240348
0.002663669756842
0.002670081188278
0.002675460940680
0.002679593260472
0.002682303513966
0.002683465137926
0.002683004994570
0.002680906916630
0.002677213288628
0.002672024577208
0.002665496794127
0.002657836947718
0.002649296610021
0.002640163794626
0.002630753402365
0.002621396545942
0.002612429108528
0.002604179923575
0.002596958982308
0.002591046080788
0.002586680309651
0.002584050766720
0.002583288836371
0.002584462330702
0.002587571727852
0.002592548674087
0.002599256840738
0.002607495147219
0.002617003279890
0.002627469356167
0.002638539506752
0.002649829078914
0.002660935102701
0.002671449612193
0.002680973377080
0.002689129577495
0.002695576948128
0.002700021926565
0.002702229365525
0.002702031408632
0.002699334183404
0.002694122031660
0.002686459074644
0.002676487995224
0.002664426010141
0.002650558098265
0.002635227643428
0.002618824739391
0.002601772487095
0.002584511687648
0.002567484396107
0.002551116848831
0.002535802309326
0.002521884392785
0.002509641427355
0.002499272390252
0.002490884919686
0.002484485850160
0.002479974650365
0.002477140061861
0.002475660145105
0.002475105840080
0.002474948044733
0.002474568108748
0.002473271536113
0.002470304590727
0.002464873407841
0.002456165133420
0.002443370545889
0.002425707562413
0.002402444996406
0.002372925915540
0.002336589950698
0.002292993926078
0.002241830218498
0.002182942308778
0.002116337058229
0.002042193326853
0.001960866644222
0.001872889746608
0.001778968901652
0.001679976051684
0.001576936915564
0.001471015293516
0.001363493916982
0.001255752273369
0.001149241911226
0.001045459793099
0.000945920309306
0.000852126595302
0.000765541807487
0.000687561007276
0.000619484281452
0.000562491689201
0.000517620574175
0.000485745715199
0.000467562713971
0.000463574934549
0.000474084220205
0.000499185520871
0.000538765471556
0.000592504871288
0.000659884925771
0.000740197037118
0.000832555852729
0.000935915224063
0.001049086676043
0.001170759949790
0.001299525155838
0.001433896061888
0.001572334038185
0.001713272194031
0.001855139259750
0.001996382798408
0.002135491369148
0.002271015307697
0.002401585837557
0.002525932276095
0.002642897151357
0.002751449096549
0.002850693438221
0.002939880440185
0.003018411206942
0.003085841287362
0.003141882050880
0.003186399934458
0.003219413679066
0.003241089689568
0.003251735662364
0.003251792631393
0.003241825585923
0.003222512813934
0.003194634123452
0.003159058092005
0.003116728492052
0.003068650038589
0.003015873604607
0.002959481051111
0.002900569821149
0.002840237451777
0.002779566163878
0.002719607696842
0.002661368562851
0.002605795903030
0.002553764134417
0.002506062581552
0.002463384288638
0.002426316206922
0.002395330946214
0.002370780268802
0.002352890487818
0.002341759910111
0.002337358435733
0.002339529392488
0.002347993644975
0.002362355973847
0.002382113673593
0.002406667267071
0.002435333183720
0.002467358197217
0.002501935369076
0.002538221198771
0.002575353640245
0.002612470610499
0.002648728589976
0.002683320897776
0.002715495218463
0.002744569962016
0.002769949054824
0.002791134787428
0.002807738383862
0.002819488007025
0.002826233973624
0.002827951019425
0.002824737529050
0.002816811722533
0.002804504871026
0.002788251694096
0.002768578168744
0.002746087053045
0.002721441493026
0.002695347137879
0.002668533233966
0.002641733200746
0.002615665210539
0.002591013298069
0.002568409514669
0.002548417615976
0.002531518731421
0.002518099409854
0.002508442369712
