0.002857940007929
0.002861693314594
0.002865529568630
0.002869231453607
0.002872584219936
0.002875387849300
0.002877468663273
0.002878689714688
0.002878959353738
0.002878237449010
0.002876538862713
0.002873933923116
0.002870545798516
0.002866544847136
0.002862140187263
0.002857568892096
0.002853083355285
0.002848937487721
0.002845372486865
0.002842602961576
0.002840804194794
0.002840101282615
0.002840560802581
0.002842185540229
0.002844912646801
0.002848615420443
0.002853108707441
0.002858157719387
0.002863489867611
0.002868809038445
0.002873811582142
0.002878203173524
0.002881715630806
0.002884122755706
0.002885254285418
0.002885007125145
0.002883353155880
0.002880343080339
0.002876105972462
0.002870844422618
0.002864825409932
0.002858367272331
0.002851823370933
0.002845563245657
0.002839952221644
0.002835330541384
0.002831993157449
0.002830171320603
0.002830017035703
0.002831591334726
0.002834857136994
0.002839677239073
0.002845817711583
0.002852956690190
0.002860698248185
0.002868590744112
0.002876148765793
0.002882877557374
0.002888298632609
0.002891975157287
0.002893535635471
0.002892694463430
0.002889268023459
0.002883185174696
0.002874491253094
0.002863345007333
0.002850008257924
0.002834828456122
0.002818214718666
0.002800608303543
0.002782448850513
0.002764138018197
0.002746002389189
0.002728257670619
0.002710976278090
0.002694060348621
0.002677222080356
0.002659973045945
0.002641623780121
0.002621294512761
0.002597937423588
0.002570370254642
0.002537320555560
0.002497479280384
0.002449561929626
0.002392374963744
0.002324884828387
0.002246286649166
0.002156069491686
0.002054075053564
0.001940546765858
0.001816166532323
0.001682076720261
0.001539885524417
0.001391654437157
0.001239867250889
0.001087380764527
0.000937358133989
0.000793186564453
0.000658381756212
0.000536482154193
0.000430936583986
0.000344989258576
0.000281566389259
0.000243168716829
0.000231774187287
0.000248754729729
0.000294810659897
0.000369925645599
0.000473344451126
0.000603574854319
0.000758414234187
0.000935000394814
0.001129885260549
0.001339129186457
0.001558412813838
0.001783162697565
0.002008686370041
0.002230312110073
0.002443528471412
0.002644118605270
0.002828284585654
0.002992757309914
0.003134888085191
0.003252718703247
0.003345027623457
0.003411350793413
0.003451976601593
0.003467915437572
0.003460845292312
0.003433035725422
0.003387253321728
0.003326652424399
0.003254655439945
0.003174827342355
0.003090749147450
0.003005895080420
0.002923517923546
0.002846546619429
0.002777499636942
0.002718416908252
0.002670812346616
0.002635648090815
0.002613330730223
0.002603728882095
0.002606210656476
0.002619698788200
0.002642740569925
0.002673589209758
0.002710292880486
0.002750787536214
0.002792989550639
0.002834884376069
0.002874607723311
0.002910516202819
0.002941244924396
0.002965750199187
0.002983336193197
0.002993665113704
0.002996751236192
0.002992939767895
0.002982872165770
0.002967440056070
0.002947730319059
0.002924964190711
0.002900433384490
0.002875436248009
0.002851216845364
0.002828909606111
0.002809491821498
0.002793745817596
0.002782232116969
0.002775274341203
0.002772956033220
0.002775129017539
0.002781432394160
0.002791320800494
0.002804100195126
0.002818969132450
0.002835063318304
0.002851501168816
0.002867428136976
0.002882057718613
0.002894707290754
0.002904827256307
0.002912022351681
0.002916064397853
0.002916896218949
0.002914626893499
0.002909518920987
0.002901968260723
0.002892478514629
0.002881630766864
0.002870050752026
0.002858375094705
0.002847218345919
0.002837142440006
0.002828630016656
0.002822062808199
0.002817705996202
0.002815699110125
