0.002038351001855
0.002038351949893
0.002038352888329
0.002038353817165
0.002038354736408
0.002038355646067
0.002038356546156
0.002038357436690
0.002038358317682
0.002038359189142
0.002038360051076
0.002038360903483
0.002038361746353
0.002038362579672
0.002038363403418
0.002038364217561
0.002038365022058
0.002038365816853
0.002038366601856
0.002038367376933
0.002038368141873
0.002038368896346
0.002038369639841
0.002038370371566
0.002038371090309
0.002038371794221
0.002038372480499
0.002038373144916
0.002038373781130
0.002038374379683
0.002038374926547
0.002038375401043
0.002038375772868
0.002038375997897
0.002038376012265
0.002038375724109
0.002038375002114
0.002038373659739
0.002038371433639
0.002038367954395
0.002038362707062
0.002038354978449
0.002038343787168
0.002038327791594
0.002038305169710
0.002038273463572
0.002038229379667
0.002038168534913
0.002038085136375
0.002037971581197
0.002037817961646
0.002037611458946
0.002037335608673
0.002036969420324
0.002036486334379
0.002035853002226
0.002035027877833
0.002033959615666
0.002032585277172
0.002030828358631
0.002028596666552
0.002025780083093
0.002022248283244
0.002017848487372
0.002012403356687
0.002005709164214
0.001997534398878
0.001987618983458
0.001975674306649
0.001961384282812
0.001944407657797
0.001924381772773
0.001900927977897
0.001873658851662
0.001842187328304
0.001806137764022
0.001765158883265
0.001718938440808
0.001667219316880
0.001609816636158
0.001546635373423
0.001477687786789
0.001403109912700
0.001323176274643
0.001238311909314
0.001149100808371
0.001056289917999
0.000960787937127
0.000863658309737
0.000766106015337
0.000669458018248
0.000575137530500
0.000484632560937
0.000399459547108
0.000321123177093
0.000251073784949
0.000190663925606
0.000141105884754
0.000103431941750
0.000078459169258
0.000066760418598
0.000068642907717
0.000084135509235
0.000112985445742
0.000154664660138
0.000208385666512
0.000273126229812
0.000347661798809
0.000430604252767
0.000520445240162
0.000615602204268
0.000714465115224
0.000815441963284
0.000917001208105
0.001017709611482
0.001116264187789
0.001211517364992
0.001302494834511
0.001388405955287
0.001468646942327
0.001542797392182
0.001610610961289
0.001672001207005
0.001727023720566
0.001775855726406
0.001818774298885
0.001856134264770
0.001888346730226
0.001915859008520
0.001939136543449
0.001958647237338
0.001974848413274
0.001988176478796
0.001999039219621
0.002007810541503
0.002014827397609
0.002020388587433
0.002024755088628
0.002028151581610
0.002030768843728
0.002032766720359
0.002034277419691
0.002035408921947
0.002036248338600
0.002036865099943
0.002037313888123
0.002037637266031
0.002037867979783
0.002038030933735
0.002038144852488
0.002038223654740
0.002038277569967
0.002038314031632
0.002038338380712
0.002038354411621
0.002038364789764
0.002038371366416
0.002038375412903
0.002038377792426
0.002038379084433
0.002038379673475
0.002038379811845
0.002038379663164
0.002038379332326
0.002038378885798
0.002038378365207
0.002038377796317
0.002038377194886
0.002038376570435
0.002038375928645
0.002038375272862
0.002038374605027
0.002038373926253
0.002038373237163
0.002038372538103
0.002038371829263
0.002038371110742
0.002038370382595
0.002038369644851
0.002038368897523
0.002038368140615
0.002038367374130
0.002038366598066
0.002038365812419
0.002038365017191
0.002038364212384
0.002038363398005
0.002038362574062
0.002038361740570
0.002038360897538
0.002038360044977
0.002038359182892
0.002038358311284
0.002038357430148
0.002038356539474
0.002038355639252
0.002038354729468
0.002038353810112
0.002038352881174
0.002038351942650
0.002038350994536
