0.002038353455636
0.002038354399415
0.002038355332160
0.002038356253181
0.002038357161584
0.002038358056220
0.002038358935610
0.002038359797857
0.002038360640507
0.002038361460388
0.002038362253382
0.002038363014138
0.002038363735703
0.002038364409041
0.002038365022429
0.002038365560675
0.002038366004135
0.002038366327460
0.002038366498021
0.002038366473925
0.002038366201524
0.002038365612313
0.002038364619047
0.002038363110929
0.002038360947637
0.002038357951939
0.002038353900597
0.002038348513188
0.002038341438408
0.002038332237358
0.002038320363207
0.002038305136540
0.002038285715579
0.002038261060344
0.002038229889679
0.002038190629927
0.002038141353865
0.002038079708336
0.002038002828857
0.002037907239270
0.002037788734345
0.002037642243062
0.002037461670139
0.002037239713248
0.002036967653267
0.002036635114871
0.002036229794803
0.002035737155280
0.002035140080216
0.002034418492333
0.002033548929731
0.002032504081229
0.002031252280724
0.002029756962001
0.002027976076872
0.002025861481307
0.002023358296253
0.002020404252272
0.002016929029828
0.002012853610110
0.002008089654630
0.002002538935399
0.001996092841310
0.001988631990180
0.001980025979830
0.001970133315234
0.001958801552197
0.001945867700832
0.001931158934232
0.001914493648789
0.001895682922427
0.001874532415231
0.001850844753342
0.001824422431208
0.001795071259137
0.001762604372337
0.001726846804113
0.001687640609519
0.001644850506643
0.001598369980828
0.001548127772993
0.001494094647082
0.001436290304265
0.001374790283637
0.001309732661749
0.001241324337531
0.001169846666396
0.001095660188866
0.001019208186539
0.000941018793121
0.000861705392033
0.000781965046166
0.000702574730886
0.000624385179085
0.000548312197598
0.000475325377403
0.000406434195212
0.000342671590033
0.000285075193098
0.000234666490541
0.000192428302129
0.000159281062091
0.000136058485344
0.000123483289174
0.000122143711721
0.000132471619404
0.000154723020926
0.000188961801655
0.000235047455645
0.000292627521207
0.000361135319160
0.000439793451427
0.000527623344467
0.000623460921461
0.000725978265847
0.000833710904743
0.000945090103633
0.001058479334154
0.001172213866223
0.001284642255561
0.001394168358761
0.001499292420113
0.001598649745383
0.001691045512902
0.001775484374220
0.001851193664211
0.001917639269346
0.001974533484836
0.002021834514833
0.002059737620534
0.002088658281896
0.002109208091588
0.002122164425984
0.002128435219325
0.002129020387428
0.002124971592904
0.002117352105319
0.002107198481964
0.002095485678175
0.002083096995789
0.002070800005111
0.002059229244826
0.002048876134849
0.002040086150671
0.002033062927553
0.002027878611338
0.002024489470939
0.002022755553152
0.002022463006661
0.002023347636666
0.002025118276223
0.002027478670793
0.002030146758406
0.002032870474204
0.002035439495714
0.002037692652703
0.002039521030571
0.002040867077724
0.002041720266484
0.002042110039031
0.002042096884866
0.002041762440051
0.002041199472607
0.002040502529885
0.002039759883981
0.002039047235382
0.002038423440090
0.002037928328905
0.002037582505911
0.002037388860431
0.002037335413331
0.002037399050704
0.002037549677311
0.002037754345948
0.002037980980409
0.002038201399483
0.002038393455896
0.002038542215439
0.002038640206294
0.002038686857169
0.002038687308334
0.002038650817824
0.002038588995408
0.002038514081310
0.002038437450198
0.002038368469693
0.002038313784318
0.002038277037469
0.002038258992313
0.002038257972478
0.002038270518102
0.002038292143342
0.002038318086772
0.002038343963803
0.002038366256374
0.002038382605519
0.002038391902627
0.002038394201470
0.002038390492700
0.002038382393782
0.002038371810025
