0.002038351330140
0.002038352277972
0.002038353216189
0.002038354144800
0.002038355063810
0.002038355973213
0.002038356872995
0.002038357763124
0.002038358643548
0.002038359514187
0.002038360374925
0.002038361225591
0.002038362065942
0.002038362895627
0.002038363714142
0.002038364520767
0.002038365314474
0.002038366093807
0.002038366856710
0.002038367600294
0.002038368320511
0.002038369011715
0.002038369666052
0.002038370272634
0.002038370816419
0.002038371276700
0.002038371625083
0.002038371822771
0.002038371816975
0.002038371536143
0.002038370883684
0.002038369729740
0.002038367900431
0.002038365163892
0.002038361212216
0.002038355638221
0.002038347905718
0.002038337311651
0.002038322938149
0.002038303592124
0.002038277729613
0.002038243361545
0.002038197937046
0.002038138199818
0.002038060012449
0.002037958142888
0.002037826006641
0.002037655357653
0.002037435920320
0.002037154954697
0.002036796746821
0.002036342016197
0.002035767233057
0.002035043839035
0.002034137366579
0.002033006454876
0.002031601763348
0.002029864788118
0.002027726592287
0.002025106467456
0.002021910551811
0.002018030439131
0.002013341823293
0.002007703233948
0.002000954930881
0.001992918036555
0.001983393998155
0.001972164481218
0.001958991805964
0.001943620043807
0.001925776894078
0.001905176458784
0.001881523025069
0.001854515949847
0.001823855718026
0.001789251214080
0.001750428206014
0.001707138991266
0.001659173096080
0.001606368854894
0.001548625625874
0.001485916325720
0.001418299894372
0.001345933232337
0.001269082094368
0.001188130378078
0.001103587219636
0.001016091305747
0.000926411835913
0.000835445624828
0.000744209923769
0.000653830662485
0.000565525967876
0.000480584999000
0.000400342343889
0.000326148444008
0.000259336736977
0.000201188425436
0.000152895976894
0.000115526622754
0.000089987241569
0.000076992070587
0.000077034681604
0.000090365576074
0.000116976598382
0.000156593137599
0.000208674794115
0.000272424840393
0.000346808420716
0.000430579033317
0.000522312441649
0.000620446793277
0.000723327407652
0.000829254448618
0.000936531540756
0.001043513332638
0.001148650060199
0.001250527318803
0.001347899504922
0.001439715723009
0.001525137349716
0.001603546881449
0.001674548135183
0.001737958298758
0.001793792709405
0.001842243555344
0.001883653927361
0.001918488784175
0.001947304433107
0.001970718069025
0.001989378769701
0.002003941129867
0.002015042449063
0.002023284091841
0.002029217335529
0.002033333731793
0.002036059752003
0.002037755276979
0.002038715338248
0.002039174424436
0.002039312631543
0.002039262954118
0.002039119076634
0.002038943119273
0.002038772907585
0.002038628458811
0.002038517498251
0.002038439927955
0.002038391260869
0.002038365102782
0.002038354810799
0.002038354481900
0.002038359431139
0.002038366310286
0.002038372998586
0.002038378372250
0.002038382032230
0.002038384043910
0.002038384719770
0.002038384458156
0.002038383638424
0.002038382564683
0.002038381446457
0.002038380403756
0.002038379485417
0.002038378691993
0.002038377997331
0.002038377365604
0.002038376762680
0.002038376162169
0.002038375547290
0.002038374910006
0.002038374248770
0.002038373565924
0.002038372865433
0.002038372151278
0.002038371426552
0.002038370693157
0.002038369951901
0.002038369202804
0.002038368445451
0.002038367679286
0.002038366903822
0.002038366118725
0.002038365323837
0.002038364519138
0.002038363704687
0.002038362880576
0.002038362046887
0.002038361203679
0.002038360350978
0.002038359488786
0.002038358617092
0.002038357735879
0.002038356845131
0.002038355944836
0.002038355034983
0.002038354115565
0.002038353186570
0.002038352247989
0.002038351299807
