0.002038210045954
0.002038211960656
0.002038213865251
0.002038215759714
0.002038217644045
0.002038219518267
0.002038221382428
0.002038223236599
0.002038225080867
0.002038226915333
0.002038228740104
0.002038230555285
0.002038232360972
0.002038234157240
0.002038235944139
0.002038237721687
0.002038239489870
0.002038241248643
0.002038242997934
0.002038244737653
0.002038246467699
0.002038248187967
0.002038249898363
0.002038251598802
0.002038253289222
0.002038254969579
0.002038256639857
0.002038258300062
0.002038259950226
0.002038261590406
0.002038263220676
0.002038264841131
0.002038266451873
0.002038268053011
0.002038269644648
0.002038271226872
0.002038272799753
0.002038274363329
0.002038275917608
0.002038277462565
0.002038278998144
0.002038280524268
0.002038282040838
0.002038283547752
0.002038285044908
0.002038286532212
0.002038288009586
0.002038289476973
0.002038290934339
0.002038292381673
0.002038293818990
0.002038295246332
0.002038296663759
0.002038298071355
0.002038299469216
0.002038300857449
0.002038302236161
0.002038303605452
0.002038304965404
0.002038306316077
0.002038307657500
0.002038308989670
0.002038310312549
0.002038311626075
0.002038312930159
0.002038314224703
0.002038315509601
0.002038316784752
0.002038318050068
0.002038319305475
0.002038320550923
0.002038321786386
0.002038323011860
0.002038324227370
0.002038325432961
0.002038326628703
0.002038327814683
0.002038328991000
0.002038330157762
0.002038331315071
0.002038332463021
0.002038333601684
0.002038334731104
0.002038335851295
0.002038336962232
0.002038338063859
0.002038339156085
0.002038340238800
0.002038341311872
0.002038342375161
0.002038343428520
0.002038344471803
0.002038345504858
0.002038346527532
0.002038347539659
0.002038348541053
0.002038349531490
0.002038350510692
0.002038351478299
0.002038352433832
0.002038353376649
0.002038354305888
0.002038355220390
0.002038356118607
0.002038356998485
0.002038357857324
0.002038358691596
0.002038359496725
0.002038360266811
0.002038360994283
0.002038361669463
0.002038362280016
0.002038362810262
0.002038363240307
0.002038363544964
0.002038363692395
0.002038363642438
0.002038363344521
0.002038362735092
0.002038361734455
0.002038360242876
0.002038358135823
0.002038355258147
0.002038351416988
0.002038346373175
0.002038339830801
0.002038331424639
0.002038320705005
0.002038307119586
0.002038289991716
0.002038268494465
0.002038241619847
0.002038208142346
0.002038166575850
0.002038115122983
0.002038051615711
0.002037973445956
0.002037877484876
0.002037759989291
0.002037616493686
0.002037441686059
0.002037229265845
0.002036971782044
0.002036660449687
0.002036284942759
0.002035833161783
0.002035290974390
0.002034641927445
0.002033866929564
0.002032943903338
0.002031847407106
0.002030548226826
0.002029012939477
0.002027203450472
0.002025076508802
0.002022583205081
0.002019668459349
0.002016270507338
0.002012320396009
0.002007741501437
0.002002449084571
0.001996349902967
0.001989341899227
0.001981313989554
0.001972145978425
0.001961708627759
0.001949863911147
0.001936465485334
0.001921359412343
0.001904385165940
0.001885376955672
0.001864165400015
0.001840579577316
0.001814449478789
0.001785608881876
0.001753898654533
0.001719170491411
0.001681291071413
0.001640146612718
0.001595647786163
0.001547734931033
0.001496383499046
0.001441609633093
0.001383475767433
0.001322096116318
0.001257641898929
0.001190346131042
0.001120507798730
0.001048495217741
0.000974748374881
0.000899780045831
0.000824175488325
0.000748590521348
0.000673747820815
0.000600431290570
0.000529478404836
0.000461770464483
0.000398220764280
0.000339760730900
0.000287324160758
0.000241829760953
0.000204162273780
0.000175152542743
0.000155556952991
0.000146036748235
0.000147137786172
0.000159271341672
0.000182696597964
0.000217505477679
0.000263610454949
0.000320735954687
0.000388413884219
0.000465983755222
0.000552597740943
0.000647230877008
0.000748696456678
0.000855666497788
0.000966696974317
0.001080257317366
0.001194763505849
0.001308613894636
0.001420226775617
0.001528078543668
0.001630741252285
0.001726918299712
0.001815476990756
0.001895476775671
0.001966192076640
0.002027128773077
0.002078033625394
0.002118896166241
0.002149942869542
0.002171623709436
0.002184591530421
0.002189674952130
0.002187845812463
0.002180182396564
0.002167829892957
0.002151959650374
0.002133728870689
0.002114242359304
0.002094517862750
0.002075456356750
0.002057818413239
0.002042207482758
0.002029060593616
0.002018646608464
0.002011071811820
0.002006292248492
0.002004131912704
0.002004305618981
0.002006445183957
0.002010127424749
0.002014902441284
0.002020320698642
0.002025957557498
0.002031434107014
0.002036433421528
0.002040711672427
0.002044103859533
0.002046524260435
0.002047962010120
0.002048472496965
0.002048165478010
0.002047190963686
0.002045723992355
0.002043949406284
0.002042047656690
0.002040182515473
0.002038491368840
0.002037078530283
0.002036011756659
0.002035321900931
0.002035005407381
0.002035029165787
0.002035337102823
0.002035857809489
0.002036512485574
0.002037222523429
0.002037916146641
0.002038533653176
0.002039030973311
0.002039381424578
0.002039575713331
0.002039620381224
0.002039535012921
0.002039348600597
0.002039095496962
0.002038811381693
0.002038529620353
0.002038278317615
0.002038078267770
0.002037941896513
0.002037873180284
0.002037868433629
0.002037917779590
0.002038007068967
0.002038119994066
0.002038240150741
0.002038352835775
0.002038446419034
0.002038513194025
0.002038549678457
0.002038556400341
0.002038537258364
0.002038498582910
0.002038448043354
0.002038393547788
0.002038342264943
0.002038299868280
0.002038270063967
0.002038254423076
0.002038252499064
0.002038262179120
0.002038280195321
0.002038302710715
0.002038325896425
0.002038346427272
0.002038361842833
0.002038370744744
0.002038372826040
0.002038368750927
0.002038359920900
0.002038348173849
0.002038335465952
0.002038323582228
0.002038313911867
0.002038307310934
0.002038304059933
0.002038303909439
0.002038306195363
0.002038309997830
0.002038314314681
0.002038318222270
0.002038321001572
0.002038322215626
0.002038321733388
0.002038319703737
0.002038316490444
0.002038312583421
0.002038308503222
0.002038304714551
0.002038301561088
0.002038299228950
0.002038297740605
0.002038296976007
0.002038296713732
0.002038296682673
0.002038296614363
0.002038296287230
0.002038295556586
0.002038294367346
0.002038292749758
0.002038290801262
0.002038288659512
0.002038286472426
0.002038284370856
0.002038282448247
0.002038280749848
0.002038279272030
0.002038277970389
0.002038276773948
0.002038275602051
0.002038274380511
0.002038273054197
0.002038271594266
0.002038269999478
0.002038268292192
0.002038266510557
0.002038264698896
0.002038262898360
0.002038261139566
0.002038259438356
0.002038257795019
0.002038256196645
0.002038254621686
0.002038253045525
0.002038251445818
0.002038249806579
0.002038248120393
0.002038246388568
0.002038244619520
0.002038242825951
0.002038241021577
0.002038239218144
0.002038237423293
0.002038235639594
0.002038233864786
0.002038232092992
0.002038230316513
0.002038228527741
0.002038226720774
0.002038224892424
0.002038223042494
0.002038221173372
0.002038219289132
0.002038217394393
0.002038215493238
0.002038213588405
0.002038211680900
0.002038209770040
