0.002038218182942
0.002038220096384
0.002038222000043
0.002038223893909
0.002038225777974
0.002038227652233
0.002038229516682
0.002038231371319
0.002038233216146
0.002038235051167
0.002038236876391
0.002038238691829
0.002038240497499
0.002038242293419
0.002038244079610
0.002038245856092
0.002038247622882
0.002038249379993
0.002038251127431
0.002038252865197
0.002038254593288
0.002038256311693
0.002038258020402
0.002038259719401
0.002038261408678
0.002038263088223
0.002038264758025
0.002038266418077
0.002038268068373
0.002038269708910
0.002038271339688
0.002038272960709
0.002038274571979
0.002038276173510
0.002038277765314
0.002038279347412
0.002038280919824
0.002038282482570
0.002038284035671
0.002038285579141
0.002038287112992
0.002038288637227
0.002038290151844
0.002038291656836
0.002038293152192
0.002038294637897
0.002038296113938
0.002038297580300
0.002038299036974
0.002038300483947
0.002038301921214
0.002038303348770
0.002038304766611
0.002038306174738
0.002038307573154
0.002038308961869
0.002038310340893
0.002038311710243
0.002038313069938
0.002038314419998
0.002038315760442
0.002038317091288
0.002038318412547
0.002038319724223
0.002038321026313
0.002038322318808
0.002038323601689
0.002038324874935
0.002038326138520
0.002038327392415
0.002038328636586
0.002038329871001
0.002038331095620
0.002038332310401
0.002038333515293
0.002038334710236
0.002038335895161
0.002038337069981
0.002038338234590
0.002038339388859
0.002038340532624
0.002038341665679
0.002038342787761
0.002038343898536
0.002038344997577
0.002038346084343
0.002038347158150
0.002038348218143
0.002038349263251
0.002038350292148
0.002038351303192
0.002038352294357
0.002038353263145
0.002038354206489
0.002038355120615
0.002038356000896
0.002038356841656
0.002038357635950
0.002038358375282
0.002038359049276
0.002038359645280
0.002038360147888
0.002038360538360
0.002038360793939
0.002038360887028
0.002038360784207
0.002038360445067
0.002038359820822
0.002038358852664
0.002038357469818
0.002038355587244
0.002038353102928
0.002038349894692
0.002038345816447
0.002038340693803
0.002038334318920
0.002038326444511
0.002038316776837
0.002038304967571
0.002038290604351
0.002038273199850
0.002038252179135
0.002038226865114
0.002038196461790
0.002038160035051
0.002038116490686
0.002038064549293
0.002038002717695
0.002037929256489
0.002037842143284
0.002037739031172
0.002037617201969
0.002037473513681
0.002037304341706
0.002037105513191
0.002036872234013
0.002036599007806
0.002036279546502
0.002035906671848
0.002035472207405
0.002034966860593
0.002034380094417
0.002033699988600
0.002032913089965
0.002032004252086
0.002030956464374
0.002029750671012
0.002028365580398
0.002026777466050
0.002024959960291
0.002022883842398
0.002020516823339
0.002017823329730
0.002014764290141
0.002011296927483
0.002007374561804
0.002002946428500
0.001997957517597
0.001992348440505
0.001986055331315
0.001979009790439
0.001971138879083
0.001962365173651
0.001952606889792
0.001941778086252
0.001929788959076
0.001916546236910
0.001901953688179
0.001885912750730
0.001868323294076
0.001849084523646
0.001828096035373
0.001805259027521
0.001780477674833
0.001753660667835
0.001724722917446
0.001693587421884
0.001660187289288
0.001624467905379
0.001586389231014
0.001545928209600
0.001503081259094
0.001457866817798
0.001410327907471
0.001360534671510
0.001308586840196
0.001254616069525
0.001198788094946
0.001141304636756
0.001082404990058
0.001022367229313
0.000961508955825
0.000900187516265
0.000838799621641
0.000777780299361
0.000717601116210
0.000658767617446
0.000601815936886
0.000547308544884
0.000495829115492
0.000447976510812
0.000404357899477
0.000365581047072
0.000332245838918
0.000304935119538
0.000284204957835
0.000270574472035
0.000264515373072
0.000266441408579
0.000276697911339
0.000295551674937
0.000323181394747
0.000359668923334
0.000404991595079
0.000459015874565
0.000521492576303
0.000592053889249
0.000670212417775
0.000755362421237
0.000846783396949
0.000943646106569
0.001045021094153
0.001149889686265
0.001257157401652
0.001365669631492
0.001474229382768
0.001581616808815
0.001686610184531
0.001788007921535
0.001884651162788
0.001975446449378
0.002059387916393
0.002135578452273
0.002203249248394
0.002261777174559
0.002310699442389
0.002349725063011
0.002378742667729
0.002397824339894
0.002407225201664
0.002407378608541
0.002398886924985
0.002382507982641
0.002359137454863
0.002329787513162
0.002295562258199
0.002257630535394
0.002217196848340
0.002175471167555
0.002133638493621
0.002092829068930
0.002054090138414
0.002018360135126
0.001986446110572
0.001959005142970
0.001936530340863
0.001919341917743
0.001907583649929
0.001901224850062
0.001900067798750
0.001903760383856
0.001911813508406
0.001923622651556
0.001938492810070
0.001955665917215
0.001974349738140
0.001993747180488
0.002013084939894
0.002031640423945
0.002048765965230
0.002063909442426
0.002076630574210
0.002086612328604
0.002093667093021
0.002097737469155
0.002098891782666
0.002097314620036
0.002093292914173
0.002087198286272
0.002079466505531
0.002070575042905
0.002061019764529
0.002051291831139
0.002041855840535
0.002033130172034
0.002025470368712
0.002019156230988
0.002014383101825
0.002011257609345
0.002009797907788
0.002009938234102
0.002011537386642
0.002014390545200
0.002018243697875
0.002022809827691
0.002027785946315
0.002032870046602
0.002037777080322
0.002042253149859
0.002046087227525
0.002049119875947
0.002051248628056
0.002052429884619
0.002052677389244
0.002052057533606
0.002050681918105
0.002048697735611
0.002046276650410
0.002043602905616
0.002040861407372
0.002038226503424
0.002035852100034
0.002033863650559
0.002032352409105
0.002031372183310
0.002030938652063
0.002031031148034
0.002031596651827
0.002032555614025
0.002033809121268
0.002035246858292
0.002036755292850
0.002038225524768
0.002039560291807
0.002040679708693
0.002041525424551
0.002042063009708
0.002042282515831
0.002042197284123
0.002041841195497
0.002041264656398
0.002040529687676
0.002039704527608
0.002038858171699
0.002038055251984
0.002037351609958
0.002036790844941
0.002036402030111
0.002036198689209
0.002036179025975
0.002036327303561
0.002036616189459
0.002037009818588
0.002037467287054
0.002037946273709
0.002038406496025
0.002038812738808
0.002039137245298
0.002039361325005
0.002039476105325
0.002039482428167
0.002039389962393
0.002039215662308
0.002038981747461
0.002038713406653
0.002038436437990
0.002038175027466
0.002037949842686
0.002037776579231
0.002037665048860
0.002037618846064
0.002037635577116
0.002037707588346
0.002037823091628
0.002037967557915
0.002038125235672
0.002038280650712
0.002038419956226
0.002038532025002
0.002038609206899
0.002038647710499
0.002038647604736
0.002038612470976
0.002038548765325
0.002038464972718
0.002038370647021
0.002038275434503
0.002038188171948
0.002038116136658
0.002038064505443
0.002038036055808
0.002038031117324
0.002038047757191
0.002038082163313
0.002038129172523
0.002038182882135
0.002038237279984
0.002038286831550
0.002038326971706
0.002038354461858
0.002038367589209
0.002038366201800
0.002038351589219
0.002038326232932
0.002038293460844
0.002038257047270
0.002038220801600
0.002038188186715
0.002038162002217
0.002038144158588
0.002038135557595
