0.002038211286394
0.002038213200866
0.002038215105626
0.002038217000618
0.002038218885786
0.002038220761079
0.002038222626458
0.002038224481899
0.002038226327389
0.002038228162934
0.002038229988549
0.002038231804262
0.002038233610109
0.002038235406133
0.002038237192381
0.002038238968905
0.002038240735756
0.002038242492983
0.002038244240629
0.002038245978728
0.002038247707298
0.002038249426343
0.002038251135848
0.002038252835781
0.002038254526098
0.002038256206743
0.002038257877659
0.002038259538791
0.002038261190091
0.002038262831525
0.002038264463070
0.002038266084722
0.002038267696487
0.002038269298384
0.002038270890445
0.002038272472707
0.002038274045213
0.002038275608012
0.002038277161155
0.002038278704694
0.002038280238674
0.002038281763137
0.002038283278112
0.002038284783613
0.002038286279638
0.002038287766166
0.002038289243160
0.002038290710573
0.002038292168346
0.002038293616423
0.002038295054750
0.002038296483283
0.002038297901990
0.002038299310856
0.002038300709877
0.002038302099066
0.002038303478444
0.002038304848045
0.002038306207906
0.002038307558073
0.002038308898596
0.002038310229524
0.002038311550907
0.002038312862792
0.002038314165214
0.002038315458199
0.002038316741756
0.002038318015875
0.002038319280532
0.002038320535684
0.002038321781278
0.002038323017256
0.002038324243560
0.002038325460138
0.002038326666946
0.002038327863956
0.002038329051153
0.002038330228535
0.002038331396110
0.002038332553898
0.002038333701921
0.002038334840209
0.002038335968792
0.002038337087696
0.002038338196945
0.002038339296549
0.002038340386504
0.002038341466780
0.002038342537313
0.002038343598001
0.002038344648688
0.002038345689162
0.002038346719141
0.002038347738264
0.002038348746079
0.002038349742020
0.002038350725383
0.002038351695289
0.002038352650636
0.002038353590030
0.002038354511708
0.002038355413429
0.002038356292344
0.002038357144829
0.002038357966284
0.002038358750873
0.002038359491208
0.002038360177949
0.002038360799316
0.002038361340480
0.002038361782806
0.002038362102933
0.002038362271635
0.002038362252428
0.002038361999873
0.002038361457496
0.002038360555258
0.002038359206483
0.002038357304124
0.002038354716255
0.002038351280613
0.002038346798043
0.002038341024620
0.002038333662209
0.002038324347207
0.002038312637124
0.002038297994657
0.002038279768827
0.002038257172709
0.002038229257215
0.002038194880324
0.002038152671077
0.002038100987583
0.002038037868203
0.002037960974988
0.002037867528364
0.002037754231994
0.002037617186632
0.002037451791757
0.002037252633659
0.002037013358666
0.002036726530116
0.002036383467734
0.002035974068066
0.002035486604734
0.002034907507385
0.002034221118419
0.002033409426823
0.002032451778779
0.002031324565189
0.002030000886735
0.002028450197810
0.002026637931403
0.002024525107933
0.002022067932092
0.002019217382965
0.002015918804002
0.002012111500936
0.002007728357333
0.002002695479184
0.001996931881789
0.001990349234015
0.001982851676958
0.001974335735849
0.001964690345845
0.001953797013918
0.001941530140428
0.001927757524916
0.001912341081267
0.001895137787304
0.001876000893249
0.001854781411918
0.001831329911166
0.001805498625578
0.001777143899863
0.001746128970544
0.001712327085444
0.001675624952029
0.001635926495902
0.001593156899724
0.001547266880646
0.001498237151139
0.001446082994138
0.001390858869002
0.001332662950227
0.001271641486685
0.001207992855839
0.001141971175467
0.001073889325672
0.001004121226831
0.000933103215534
0.000861334361018
0.000789375569858
0.000717847337281
0.000647426019928
0.000578838527603
0.000512855360613
0.000450281954878
0.000391948338625
0.000338697151839
0.000291370131814
0.000250793224050
0.000217760536006
0.000193017410033
0.000177242949334
0.000171032384708
0.000174879717807
0.000189161116179
0.000214119564042
0.000249851288049
0.000296294477235
0.000353220798880
0.000420230175918
0.000496749235894
0.000582033766197
0.000675175416087
0.000775112774278
0.000880646824109
0.000990460639728
0.001103143040511
0.001217215771976
0.001331163635294
0.001443466850140
0.001552634813254
0.001657240314001
0.001755953194136
0.001847572397339
0.001931055349078
0.002005543642109
0.002070384079092
0.002125144241186
0.002169621908156
0.002203847847571
0.002228081712227
0.002242801028340
0.002248683513188
0.002246583219168
0.002237501250509
0.002222552027481
0.002202926269567
0.002179852023208
0.002154555162361
0.002128220834183
0.002101957303197
0.002076763563609
0.002053501942765
0.002032876713703
0.002015419479613
0.002001481798621
0.001991235197164
0.001984678389713
0.001981651198083
0.001981854361750
0.001984874167457
0.001990210616153
0.001997307699798
0.002005584288229
0.002014464131554
0.002023403566718
0.002031915673614
0.002039589847839
0.002046106031353
0.002051243153205
0.002054881661928
0.002057000359973
0.002057668059129
0.002057030846173
0.002055295964145
0.002052713464270
0.002049556858570
0.002046104000416
0.002042619341417
0.002039338565068
0.002036456391802
0.002034118101593
0.002032415046845
0.002031384149193
0.002031011108176
0.002031236815534
0.002031966281256
0.002033079248133
0.002034441607292
0.002035916730218
0.002037375899887
0.002038707147231
0.002039821967265
0.002040659587132
0.002041188669343
0.002041406540522
0.002041336223006
0.002041021699750
0.002040521951579
0.002039904363626
0.002039238102549
0.002038588020744
0.002038009554630
0.002037544961598
0.002037221096695
0.002037048779459
0.002037023657134
0.002037128345230
0.002037335530048
0.002037611657336
0.002037920809757
0.002038228392846
0.002038504300413
0.002038725308671
0.002038876544529
0.002038951976845
0.002038953979527
0.002038892102506
0.002038781253179
0.002038639531636
0.002038485975758
0.002038338457746
0.002038211935487
0.002038117206005
0.002038060241454
0.002038042118516
0.002038059487316
0.002038105472702
0.002038170863779
0.002038245429711
0.002038319201506
0.002038383578904
0.002038432155063
0.002038461194477
0.002038469745804
0.002038459415466
0.002038433864940
0.002038398120984
0.002038357801297
0.002038318357960
0.002038284428485
0.002038259362119
0.002038244960683
0.002038241442670
0.002038247610651
0.002038261178572
0.002038279199756
0.002038298529761
0.002038316260559
0.002038330072855
0.002038338469558
0.002038340872883
0.002038337587435
0.002038329649185
0.002038318593466
0.002038306182516
0.002038294134304
0.002038283889746
0.002038276446167
0.002038272272703
0.002038271310198
0.002038273046003
0.002038276644516
0.002038281108428
0.002038285443952
0.002038288805645
0.002038290602046
0.002038290551129
0.002038288683168
0.002038285296664
0.002038280879332
0.002038276010100
0.002038271259153
0.002038267101471
0.002038263855557
0.002038261653840
0.002038260445679
0.002038260028660
0.002038260099981
0.002038260317442
0.002038260359241
0.002038259973154
0.002038259008451
0.002038257427435
0.002038255297122
0.002038252764781
0.002038250023257
0.002038247273029
0.002038244687679
0.002038242388152
0.002038240429075
0.002038238798013
0.002038237426239
0.002038236207813
0.002038235022686
0.002038233759374
0.002038232333315
0.002038230698217
0.002038228849269
0.002038226818609
0.002038224664806
0.002038222458928
0.002038220270128
0.002038218153375
0.002038216141306
0.002038214241171
0.002038212436810
0.002038210694693
