0.002038207620632
0.002038209534949
0.002038211439490
0.002038213334274
0.002038215219319
0.002038217094638
0.002038218960238
0.002038220816122
0.002038222662287
0.002038224498728
0.002038226325437
0.002038228142408
0.002038229949636
0.002038231747115
0.002038233534844
0.002038235312818
0.002038237081034
0.002038238839488
0.002038240588173
0.002038242327087
0.002038244056228
0.002038245775600
0.002038247485209
0.002038249185070
0.002038250875198
0.002038252555613
0.002038254226333
0.002038255887375
0.002038257538748
0.002038259180460
0.002038260812509
0.002038262434892
0.002038264047602
0.002038265650633
0.002038267243976
0.002038268827628
0.002038270401584
0.002038271965840
0.002038273520392
0.002038275065238
0.002038276600371
0.002038278125787
0.002038279641482
0.002038281147458
0.002038282643718
0.002038284130272
0.002038285607134
0.002038287074323
0.002038288531857
0.002038289979755
0.002038291418032
0.002038292846695
0.002038294265750
0.002038295675195
0.002038297075024
0.002038298465230
0.002038299845806
0.002038301216746
0.002038302578043
0.002038303929694
0.002038305271695
0.002038306604041
0.002038307926726
0.002038309239746
0.002038310543095
0.002038311836769
0.002038313120770
0.002038314395102
0.002038315659776
0.002038316914807
0.002038318160213
0.002038319396012
0.002038320622219
0.002038321838848
0.002038323045905
0.002038324243391
0.002038325431303
0.002038326609634
0.002038327778377
0.002038328937524
0.002038330087069
0.002038331227006
0.002038332357332
0.002038333478042
0.002038334589133
0.002038335690598
0.002038336782432
0.002038337864630
0.002038338937191
0.002038340000116
0.002038341053414
0.002038342097095
0.002038343131177
0.002038344155677
0.002038345170614
0.002038346176002
0.002038347171852
0.002038348158168
0.002038349134950
0.002038350102191
0.002038351059886
0.002038352008025
0.002038352946599
0.002038353875603
0.002038354795029
0.002038355704870
0.002038356605118
0.002038357495763
0.002038358376790
0.002038359248180
0.002038360109908
0.002038360961943
0.002038361804241
0.002038362636741
0.002038363459347
0.002038364271918
0.002038365074230
0.002038365865943
0.002038366646540
0.002038367415244
0.002038368170909
0.002038368911847
0.002038369635598
0.002038370338597
0.002038371015699
0.002038371659513
0.002038372259476
0.002038372800546
0.002038373261409
0.002038373612001
0.002038373810112
0.002038373796766
0.002038373489952
0.002038372776186
0.002038371499192
0.002038369444830
0.002038366321119
0.002038361731949
0.002038355142653
0.002038345835249
0.002038332850573
0.002038314913978
0.002038290340539
0.002038256914936
0.002038211740310
0.002038151049412
0.002038069970390
0.002037962238516
0.002037819844157
0.002037632606431
0.002037387661236
0.002037068851991
0.002036656011416
0.002036124123323
0.002035442354810
0.002034572951593
0.002033469992845
0.002032078006810
0.002030330455110
0.002028148101920
0.002025437294452
0.002022088193247
0.002017973004697
0.002012944283751
0.002006833391419
0.001999449209040
0.001990577228359
0.001979979152370
0.001967393155250
0.001952534959225
0.001935099890082
0.001914766069817
0.001891198892661
0.001864056908116
0.001832999200228
0.001797694305380
0.001757830651057
0.001713128425922
0.001663352708426
0.001608327589635
0.001547950929306
0.001482209287185
0.001411192479498
0.001335107129927
0.001254288521885
0.001169210021519
0.001080489335061
0.000988890895721
0.000895323748394
0.000800834417284
0.000706594401976
0.000613882148261
0.000524059575045
0.000438543498685
0.000358772568771
0.000286170600428
0.000222107441137
0.000167858728240
0.000124566060002
0.000093199203743
0.000074521987074
0.000069063454997
0.000077095723650
0.000098619723723
0.000133359711677
0.000180767049480
0.000240033332945
0.000310112508466
0.000389751183836
0.000477525937368
0.000571886085983
0.000671200109435
0.000773803761392
0.000878047839759
0.000982343641834
0.001085204290864
0.001185280377872
0.001281388698638
0.001372533257439
0.001457918130530
0.001536952205826
0.001609246214293
0.001674602819401
0.001733000814310
0.001784574678910
0.001829590863411
0.001868422191582
0.001901521720987
0.001929397270851
0.001952587645894
0.001971641364288
0.001987098458485
0.001999475677033
0.002009255189409
0.002016876697411
0.002022732694704
0.002027166496066
0.002030472581027
0.002032898760813
0.002034649678228
0.002035891180434
0.002036755156986
0.002037344501943
0.002037737931842
0.002037994464506
0.002038157431711
0.002038257958174
0.002038317887942
0.002038352176295
0.002038370790998
0.002038380182324
0.002038384388354
0.002038385842530
0.002038385946233
0.002038385461970
0.002038384774150
0.002038384055437
0.002038383368218
0.002038382723245
0.002038382111243
0.002038381518364
0.002038380932598
0.002038380345555
0.002038379752220
0.002038379150026
0.002038378537919
0.002038377915644
0.002038377283284
0.002038376641014
0.002038375988989
0.002038375327314
0.002038374656049
0.002038373975224
0.002038373284856
0.002038372584957
0.002038371875538
0.002038371156608
0.002038370428173
0.002038369690238
0.002038368942801
0.002038368185854
0.002038367419390
0.002038366643398
0.002038365857867
0.002038365062789
0.002038364258155
0.002038363443958
0.002038362620192
0.002038361786847
0.002038360943917
0.002038360091393
0.002038359229266
0.002038358357532
0.002038357476191
0.002038356585247
0.002038355684710
0.002038354774594
0.002038353854913
0.002038352925684
0.002038351986917
0.002038351038621
0.002038350080797
0.002038349113441
0.002038348136546
0.002038347150102
0.002038346154097
0.002038345148521
0.002038344133365
0.002038343108622
0.002038342074283
0.002038341030342
0.002038339976790
0.002038338913618
0.002038337840817
0.002038336758381
0.002038335666306
0.002038334564591
0.002038333453245
0.002038332332276
0.002038331201700
0.002038330061532
0.002038328911786
0.002038327752472
0.002038326583595
0.002038325405155
0.002038324217146
0.002038323019559
0.002038321812383
0.002038320595608
0.002038319369222
0.002038318133218
0.002038316887586
0.002038315632320
0.002038314367412
0.002038313092851
0.002038311808630
0.002038310514740
0.002038309211174
0.002038307897929
0.002038306575008
0.002038305242418
0.002038303900172
0.002038302548283
0.002038301186766
0.002038299815634
0.002038298434896
0.002038297044555
0.002038295644607
0.002038294235046
0.002038292815861
0.002038291387042
0.002038289948576
0.002038288500454
0.002038287042667
0.002038285575206
0.002038284098065
0.002038282611234
0.002038281114704
0.002038279608465
0.002038278092509
0.002038276566831
0.002038275031429
0.002038273486306
0.002038271931472
0.002038270366939
0.002038268792722
0.002038267208835
0.002038265615289
0.002038264012090
0.002038262399239
0.002038260776732
0.002038259144560
0.002038257502711
0.002038255851174
0.002038254189938
0.002038252518992
0.002038250838329
0.002038249147940
0.002038247447816
0.002038245737948
0.002038244018327
0.002038242288943
0.002038240549787
0.002038238800856
0.002038237042149
0.002038235273671
0.002038233495433
0.002038231707448
0.002038229909729
0.002038228102291
0.002038226285142
0.002038224458287
0.002038222621723
0.002038220775446
0.002038218919444
0.002038217053706
0.002038215178219
0.002038213292973
0.002038211397959
0.002038209493166
0.002038207578587
