0.002038212192305
0.002038214106728
0.002038216011392
0.002038217906241
0.002038219791222
0.002038221666293
0.002038223531424
0.002038225386602
0.002038227231827
0.002038229067116
0.002038230892498
0.002038232708010
0.002038234513698
0.002038236309610
0.002038238095798
0.002038239872309
0.002038241639190
0.002038243396480
0.002038245144210
0.002038246882399
0.002038248611051
0.002038250330156
0.002038252039687
0.002038253739604
0.002038255429856
0.002038257110389
0.002038258781146
0.002038260442078
0.002038262093145
0.002038263734323
0.002038265365603
0.002038266986990
0.002038268598504
0.002038270200178
0.002038271792052
0.002038273374171
0.002038274946584
0.002038276509340
0.002038278062488
0.002038279606071
0.002038281140125
0.002038282664677
0.002038284179743
0.002038285685321
0.002038287181397
0.002038288667938
0.002038290144901
0.002038291612234
0.002038293069879
0.002038294517782
0.002038295955895
0.002038297384185
0.002038298802631
0.002038300211229
0.002038301609988
0.002038302998934
0.002038304378100
0.002038305747528
0.002038307107263
0.002038308457355
0.002038309797852
0.002038311128800
0.002038312450240
0.002038313762205
0.002038315064719
0.002038316357790
0.002038317641414
0.002038318915569
0.002038320180219
0.002038321435316
0.002038322680803
0.002038323916622
0.002038325142719
0.002038326359046
0.002038327565571
0.002038328762272
0.002038329949144
0.002038331126193
0.002038332293437
0.002038333450897
0.002038334598598
0.002038335736562
0.002038336864807
0.002038337983339
0.002038339092150
0.002038340191211
0.002038341280463
0.002038342359814
0.002038343429120
0.002038344488184
0.002038345536735
0.002038346574422
0.002038347600794
0.002038348615283
0.002038349617177
0.002038350605591
0.002038351579421
0.002038352537289
0.002038353477466
0.002038354397783
0.002038355295507
0.002038356167190
0.002038357008490
0.002038357813936
0.002038358576645
0.002038359287977
0.002038359937101
0.002038360510469
0.002038360991164
0.002038361358104
0.002038361585070
0.002038361639520
0.002038361481144
0.002038361060110
0.002038360314942
0.002038359169950
0.002038357532134
0.002038355287445
0.002038352296304
0.002038348388214
0.002038343355331
0.002038336944779
0.002038328849514
0.002038318697474
0.002038306038744
0.002038290330398
0.002038270918652
0.002038247017917
0.002038217686272
0.002038181796830
0.002038138004408
0.002038084706852
0.002038020000289
0.002037941627533
0.002037846918773
0.002037732723640
0.002037595333649
0.002037430393996
0.002037232803594
0.002036996602246
0.002036714843795
0.002036379454109
0.002035981072802
0.002035508877636
0.002034950390661
0.002034291265321
0.002033515053930
0.002032602955232
0.002031533542069
0.002030282469648
0.002028822165379
0.002027121501904
0.002025145455631
0.002022854753957
0.002020205515264
0.002017148886888
0.002013630687401
0.002009591060858
0.002004964152024
0.001999677813086
0.001993653353873
0.001986805349151
0.001979041518151
0.001970262692959
0.001960362893825
0.001949229530698
0.001936743751282
0.001922780956653
0.001907211505770
0.001889901630037
0.001870714578370
0.001849512011756
0.001826155664151
0.001800509283514
0.001772440862774
0.001741825165598
0.001708546545748
0.001672502051718
0.001633604800179
0.001591787592493
0.001547006738437
0.001499246040234
0.001448520878386
0.001394882328722
0.001338421227910
0.001279272092740
0.001217616787148
0.001153687820730
0.001087771153813
0.001020208377624
0.000951398134165
0.000881796639770
0.000811917179333
0.000742328445574
0.000673651609649
0.000606556026503
0.000541753500607
0.000479991065342
0.000422042262152
0.000368696943341
0.000320749664602
0.000278986779191
0.000244172394217
0.000217033399426
0.000198243828811
0.000188408863567
0.000188048829561
0.000197583581650
0.000217317698737
0.000247426935469
0.000287946387004
0.000338760820493
0.000399597609440
0.000470022673797
0.000549439778824
0.000637093479449
0.000732075914507
0.000833337558162
0.000939701925925
0.001049884112672
0.001162512913296
0.001276156147119
0.001389348679474
0.001500622512896
0.001608538211295
0.001711716828558
0.001808871443187
0.001898837357481
0.001980600007255
0.002053319649080
0.002116351948472
0.002169263684619
0.002211842914317
0.002244103096942
0.002266280869517
0.002278827370270
0.002282393233510
0.002277807609622
0.002266051792351
0.002248228251409
0.002225526061914
0.002199183883769
0.002170451765055
0.002140553116655
0.002110648225100
0.002081800633718
0.002054947627943
0.002030875910920
0.002010203355186
0.001993367472620
0.001980620967960
0.001972034443053
0.001967506013181
0.001966777297840
0.001969454970919
0.001975036813570
0.001982941019716
0.001992537369985
0.002003178822359
0.002014232071693
0.002025105705928
0.002035274731209
0.002044300444095
0.002051844885930
0.002057679408615
0.002061687196391
0.002063859907414
0.002064288903968
0.002063151813978
0.002060695393435
0.002057215826791
0.002053037700923
0.002048492912934
0.002043900722267
0.002039550037488
0.002035684846139
0.002032493464687
0.002030102020262
0.002028572294185
0.002027903777673
0.002028039530649
0.002028875211922
0.002030270476744
0.002032061826238
0.002034075947941
0.002036142608956
0.002038106248980
0.002039835561717
0.002041230537777
0.002042226655241
0.002042796129127
0.002042946350894
0.002042715847847
0.002042168255702
0.002041384914872
0.002040456765105
0.002039476221529
0.002038529669712
0.002037691124290
0.002037017464632
0.002036545504581
0.002036290985359
0.002036249415865
0.002036398536345
0.002036702061355
0.002037114274791
0.002037585008653
0.002038064539333
0.002038507977963
0.002038878808642
0.002039151331276
0.002039311883472
0.002039358837011
0.002039301477332
0.002039157969496
0.002038952683297
0.002038713188727
0.002038467239162
0.002038240034878
0.002038052008208
0.002037917300602
0.002037843019320
0.002037829276418
0.002037869933864
0.002037953913419
0.002038066884235
0.002038193118148
0.002038317303269
0.002038426128924
0.002038509495375
0.002038561254527
0.002038579446380
0.002038566053715
0.002038526348019
0.002038467938192
0.002038399656496
0.002038330422408
0.002038268214835
0.002038219259115
0.002038187501036
0.002038174400517
0.002038179037547
0.002038198487203
0.002038228392870
0.002038263649894
0.002038299106783
0.002038330197682
0.002038353436148
0.002038366723737
0.002038369454011
0.002038362419649
0.002038347554139
0.002038327557246
0.002038305463426
0.002038284213944
0.002038266287184
0.002038253428896
0.002038246507187
0.002038245498414
0.002038249592373
0.002038257390556
0.002038267161462
0.002038277112824
0.002038285642277
0.002038291534683
0.002038294084724
0.002038293135727
0.002038289038094
0.002038282541562
0.002038274643306
0.002038266417898
0.002038258855115
0.002038252727848
0.002038248505854
0.002038246322910
0.002038245996453
0.002038247091274
0.002038249013220
0.002038251115909
0.002038252803261
0.002038253612990
0.002038253270631
0.002038251709099
0.002038249054547
0.002038245584310
0.002038241666380
0.002038237691737
0.002038234010767
0.002038230883226
0.002038228448084
0.002038226715843
0.002038225582068
0.002038224857688
0.002038224309379
0.002038223702459
0.002038222839099
0.002038221586174
0.002038219889364
0.002038217772704
0.002038215325278
0.002038212678656
