0.002038210794897
0.002038212709409
0.002038214613843
0.002038216508181
0.002038218392424
0.002038220266596
0.002038222130743
0.002038223984928
0.002038225829232
0.002038227663745
0.002038229488563
0.002038231303780
0.002038233109483
0.002038234905737
0.002038236692588
0.002038238470050
0.002038240238110
0.002038241996725
0.002038243745828
0.002038245485337
0.002038247215159
0.002038248935200
0.002038250645375
0.002038252345609
0.002038254035849
0.002038255716058
0.002038257386224
0.002038259046355
0.002038260696484
0.002038262336661
0.002038263966956
0.002038265587452
0.002038267198243
0.002038268799426
0.002038270391093
0.002038271973324
0.002038273546179
0.002038275109694
0.002038276663875
0.002038278208696
0.002038279744106
0.002038281270032
0.002038282786387
0.002038284293075
0.002038285790005
0.002038287277092
0.002038288754270
0.002038290221488
0.002038291678718
0.002038293125955
0.002038294563213
0.002038295990532
0.002038297407968
0.002038298815596
0.002038300213504
0.002038301601786
0.002038302980540
0.002038304349853
0.002038305709802
0.002038307060438
0.002038308401786
0.002038309733843
0.002038311056575
0.002038312369920
0.002038313673800
0.002038314968122
0.002038316252792
0.002038317527719
0.002038318792823
0.002038320048040
0.002038321293328
0.002038322528665
0.002038323754051
0.002038324969508
0.002038326175080
0.002038327370828
0.002038328556830
0.002038329733173
0.002038330899951
0.002038332057255
0.002038333205163
0.002038334343736
0.002038335473008
0.002038336592980
0.002038337703618
0.002038338804855
0.002038339896590
0.002038340978695
0.002038342051020
0.002038343113396
0.002038344165639
0.002038345207546
0.002038346238896
0.002038347259437
0.002038348268873
0.002038349266849
0.002038350252922
0.002038351226530
0.002038352186952
0.002038353133251
0.002038354064207
0.002038354978231
0.002038355873248
0.002038356746568
0.002038357594708
0.002038358413184
0.002038359196247
0.002038359936560
0.002038360624799
0.002038361249151
0.002038361794699
0.002038362242653
0.002038362569399
0.002038362745317
0.002038362733326
0.002038362487090
0.002038361948814
0.002038361046554
0.002038359690921
0.002038357771080
0.002038355149889
0.002038351658006
0.002038347086781
0.002038341179689
0.002038333622044
0.002038324028675
0.002038311929208
0.002038296750548
0.002038277796069
0.002038254220997
0.002038225003343
0.002038188909730
0.002038144455299
0.002038089856867
0.002038022978344
0.002037941267389
0.002037841682122
0.002037720606687
0.002037573754312
0.002037396056462
0.002037181536631
0.002036923167234
0.002036612708081
0.002036240524901
0.002035795386473
0.002035264238985
0.002034631956476
0.002033881066413
0.002032991449826
0.002031940015841
0.002030700351014
0.002029242344545
0.002027531791250
0.002025529975156
0.002023193237693
0.002020472535734
0.002017312996219
0.002013653475671
0.002009426134721
0.002004556039647
0.001998960804971
0.001992550293248
0.001985226390337
0.001976882876552
0.001967405416127
0.001956671689297
0.001944551692861
0.001930908236350
0.001915597661613
0.001898470813776
0.001879374290847
0.001858151997698
0.001834647027595
0.001808703890649
0.001780171103551
0.001748904148487
0.001714768801225
0.001677644818944
0.001637429967458
0.001594044355084
0.001547435026771
0.001497580757214
0.001444496966054
0.001388240662055
0.001328915306894
0.001266675473402
0.001201731158379
0.001134351597069
0.001064868415877
0.000993677952613
0.000921242570301
0.000848090792163
0.000774816092522
0.000702074191704
0.000630578723101
0.000561095167739
0.000494432986147
0.000431435918930
0.000372970475827
0.000319912687494
0.000273133253720
0.000233481284889
0.000201766898434
0.000178742996772
0.000165086615368
0.000161380286471
0.000168093913074
0.000185567685789
0.000213996599938
0.000253417138609
0.000303696677432
0.000364526136603
0.000435416354066
0.000515698580206
0.000604529399424
0.000700900268812
0.000803651731248
0.000911492212935
0.001023021158058
0.001136756091189
0.001251163037227
0.001364689575787
0.001475799668852
0.001583009284192
0.001684921749183
0.001780261716270
0.001867906607345
0.001946914433539
0.002016546961231
0.002076287314712
0.002125851268775
0.002165191686493
0.002194495792195
0.002214175228862
0.002224849122699
0.002227320654024
0.002222547900423
0.002211609962668
0.002195669593712
0.002175933714789
0.002153613310453
0.002129884238919
0.002105850470540
0.002082511174552
0.002060732914276
0.002041227989830
0.002024539694150
0.002011034935284
0.002000904340523
0.001994169612721
0.001990697574106
0.001990220025662
0.001992358287572
0.001996651082796
0.002002584293248
0.002009621063886
0.002017230757640
0.002024915372029
0.002032232210290
0.002038811845028
0.002044370706257
0.002048717950308
0.002051756601853
0.002053479287724
0.002053959178461
0.002053337003729
0.002051805196180
0.002049590334264
0.002046935092435
0.002044080866503
0.002041252127680
0.002038643380854
0.002036409375035
0.002034658953984
0.002033452661975
0.002032803953162
0.002032683611816
0.002033026791091
0.002033741932727
0.002034720747534
0.002035848419780
0.002037013245897
0.002038115022362
0.002039071648117
0.002039823589260
0.002040336051621
0.002040598903510
0.002040624570357
0.002040444271356
0.002040103075097
0.002039654309907
0.002039153873346
0.002038654946297
0.002038203536946
0.002037835168415
0.002037572892981
0.002037426678848
0.002037394085277
0.002037462030074
0.002037609369184
0.002037809957343
0.002038035843887
0.002038260277609
0.002038460244542
0.002038618335429
0.002038723826486
0.002038772948003
0.002038768400816
0.002038718252391
0.002038634395834
0.002038530782827
0.002038421644328
0.002038319892550
0.002038235858433
0.002038176466339
0.002038144888989
0.002038140667622
0.002038160231626
0.002038197713286
0.002038245930454
0.002038297403840
0.002038345285644
0.002038384099768
0.002038410226767
0.002038422104457
0.002038420152507
0.002038406462099
0.002038384316141
0.002038357619412
0.002038330320653
0.002038305900656
0.002038286983946
0.002038275109507
0.002038270671569
0.002038273018183
0.002038280675968
0.002038291656300
0.002038303792349
0.002038315057908
0.002038323826914
0.002038329045254
0.002038330301700
0.002038327800205
0.002038322249290
0.002038314694069
0.002038306321642
0.002038298270861
0.002038291473301
0.002038286544665
0.002038283736344
0.002038282946911
0.002038283784540
0.002038285664851
0.002038287925170
0.002038289935970
0.002038291192909
0.002038291377797
0.002038290382923
0.002038288299513
0.002038285376538
0.002038281960008
0.002038278424752
0.002038275110451
0.002038272271618
0.002038270047843
0.002038268456577
0.002038267406831
0.002038266728925
0.002038266213372
0.002038265651312
0.002038264869553
0.002038263755017
0.002038262265798
0.002038260428645
0.002038258325001
0.002038256069454
0.002038253785274
0.002038251581648
0.002038249536394
0.002038247686471
0.002038246026994
0.002038244517826
0.002038243095628
0.002038241688483
0.002038240230145
0.002038238671359
0.002038236986575
0.002038235175396
0.002038233259196
0.002038231274119
0.002038229262272
0.002038227262954
0.002038225305603
0.002038223405555
0.002038221563061
0.002038219765334
0.002038217990842
0.002038216214708
0.002038214414048
0.002038212572193
0.002038210681121
