0.000040698049603
0.000040852468121
0.000041029144960
0.000041227827322
0.000041448231094
0.000041690041255
0.000041952912329
0.000042236468883
0.000042540306063
0.000042863990177
0.000043207059317
0.000043569024020
0.000043949367965
0.000044347548721
0.000044762998513
0.000045195125040
0.000045643312320
0.000046106921571
0.000046585292120
0.000047077742354
0.000047583570683
0.000048102056551
0.000048632461458
0.000049174030016
0.000049725991026
0.000050287558578
0.000050857933170
0.000051436302851
0.000052021844373
0.000052613724368
0.000053211100534
0.000053813122835
0.000054418934708
0.000055027674289
0.000055638475634
0.000056250469952
0.000056862786847
0.000057474555547
0.000058084906149
0.000058692970857
0.000059297885209
0.000059898789313
0.000060494829066
0.000061085157367
0.000061668935323
0.000062245333437
0.000062813532791
0.000063372726204
0.000063922119381
0.000064460932039
0.000064988399014
0.000065503771349
0.000066006317352
0.000066495323638
0.000066970096138
0.000067429961081
0.000067874265955
0.000068302380423
0.000068713697223
0.000069107633022
0.000069483629246
0.000069841152866
0.000070179697155
0.000070498782405
0.000070797956599
0.000071076796057
0.000071334906026
0.000071571921245
0.000071787506451
0.000071981356858
0.000072153198583
0.000072302789030
0.000072429917228
0.000072534404133
0.000072616102871
0.000072674898945
0.000072710710392
0.000072723487897
0.000072713214853
0.000072679907388
0.000072623614331
0.000072544417138
0.000072442429778
0.000072317798558
0.000072170701918
0.000072001350170
0.000071809985193
0.000071596880089
0.000071362338791
0.000071106695620
0.000070830314818
0.000070533590017
0.000070216943680
0.000069880826498
0.000069525716745
0.000069152119595
0.000068760566406
0.000068351613955
0.000067925843650
0.000067483860700
0.000067026293252
0.000066553791498
0.000066067026750
0.000065566690482
0.000065053493352
0.000064528164182
0.000063991448932
0.000063444109634
0.000062886923307
0.000062320680860
0.000061746185961
0.000061164253901
0.000060575710434
0.000059981390604
0.000059382137560
0.000058778801364
0.000058172237776
0.000057563307048
0.000056952872701
0.000056341800298
0.000055730956222
0.000055121206443
0.000054513415294
0.000053908444244
0.000053307150679
0.000052710386686
0.000052118997848
0.000051533822045
0.000050955688270
0.000050385415454
0.000049823811305
0.000049271671171
0.000048729776909
0.000048198895782
0.000047679779376
0.000047173162533
0.000046679762316
0.000046200276994
0.000045735385057
0.000045285744257
0.000044851990679
0.000044434737845
0.000044034575846
0.000043652070510
0.000043287762607
0.000042942167084
0.000042615772339
0.000042309039537
0.000042022401957
0.000041756264384
0.000041511002540
0.000041286962559
0.000041084460493
0.000040903781881
0.000040745181338
0.000040608882204
0.000040495076234
0.000040403923329
0.000040335551311
0.000040290055754
0.000040267499847
0.000040267914311
0.000040291297364
0.000040337614720
0.000040406799651
0.000040498753080
0.000040613343728
0.000040750408304
0.000040909751741
0.000041091147475
0.000041294337772
0.000041519034096
0.000041764917521
0.000042031639188
0.000042318820800
0.000042626055164
0.000042952906768
0.000043298912406
0.000043663581830
0.000044046398453
0.000044446820080
0.000044864279678
0.000045298186184
0.000045747925342
0.000046212860575
0.000046692333889
0.000047185666802
0.000047692161313
0.000048211100887
0.000048741751470
0.000049283362531
0.000049835168124
0.000050396387972
0.000050966228575
0.000051543884328
0.000052128538666
0.000052719365216
0.000053315528968
0.000053916187456
0.000054520491948
0.000055127588645
