0.000064134280819
0.000063502840723
0.000062813344849
0.000062068891506
0.000061272825462
0.000060428722911
0.000059540375396
0.000058611772777
0.000057647085301
0.000056650644873
0.000055626925596
0.000054580523683
0.000053516136821
0.000052438543073
0.000051352579439
0.000050263120142
0.000049175054752
0.000048093266248
0.000047022609108
0.000045967887533
0.000044933833892
0.000043925087506
0.000042946173835
0.000042001484191
0.000041095256048
0.000040231554050
0.000039414251792
0.000038647014463
0.000037933282425
0.000037276255801
0.000036678880145
0.000036143833256
0.000035673513190
0.000035270027534
0.000034935183977
0.000034670482237
0.000034477107360
0.000034355924437
0.000034307474756
0.000034331973402
0.000034429308327
0.000034599040883
0.000034840407819
0.000035152324732
0.000035533390965
0.000035981895914
0.000036495826727
0.000037072877356
0.000037710458928
0.000038405711373
0.000039155516278
0.000039956510884
0.000040805103190
0.000041697488074
0.000042629664371
0.000043597452825
0.000044596514844
0.000045622371956
0.000046670425900
0.000047735979245
0.000048814256452
0.000049900425286
0.000050989618481
0.000052076955549
0.000053157564659
0.000054226604468
0.000055279285811
0.000056310893157
0.000057316805736
0.000058292518229
0.000059233660951
0.000060136019412
0.000060995553188
0.000061808414006
0.000062570962970
0.000063279786838
0.000063931713299
0.000064523825159
0.000065053473382
0.000065518288938
0.000065916193384
0.000066245408147
0.000066504462466
0.000066692199946
0.000066807783710
0.000066850700118
0.000066820761036
0.000066718104645
0.000066543194795
0.000066296818896
0.000065980084360
0.000065594413609
0.000065141537679
0.000064623488437
0.000064042589456
0.000063401445577
0.000062702931226
0.000061950177510
0.000061146558181
0.000060295674500
0.000059401339096
0.000058467558876
0.000057498517065
0.000056498554463
0.000055472149996
0.000054423900654
0.000053358500898
0.000052280721640
0.000051195388876
0.000050107362080
0.000049021512449
0.000047942701099
0.000046875757306
0.000045825456898
0.000044796500882
0.000043793494413
0.000042820926193
0.000041883148394
0.000040984357192
0.000040128574008
0.000039319627523
0.000038561136572
0.000037856493961
0.000037208851314
0.000036621104992
0.000036095883157
0.000035635534038
0.000035242115455
0.000034917385634
0.000034662795377
0.000034479481592
0.000034368262244
0.000034329632721
0.000034363763651
0.000034470500171
0.000034649362648
0.000034899548855
0.000035219937592
0.000035609093733
0.000036065274669
0.000036586438137
0.000037170251379
0.000037814101603
0.000038515107699
0.000039270133142
0.000040075800049
0.000040928504306
0.000041824431704
0.000042759575018
0.000043729751943
0.000044730623812
0.000045757715009
0.000046806432994
0.000047872088851
0.000048949918257
0.000050035102792
0.000051122791486
0.000052208122509
0.000053286244906
0.000054352340286
0.000055401644351
0.000056429468195
0.000057431219254
0.000058402421824
0.000059338737058
0.000060235982346
0.000061090149992
0.000061897425114
0.000062654202672
0.000063357103563
0.000064002989698
0.000064588978006
0.000065112453293
0.000065571079902
0.000065962812126
0.000066285903321
0.000066538913680
0.000066720716641
0.000066830503888
0.000066867788936
0.000066832409269
0.000066724527038
0.000066544628308
0.000066293520850
0.000065972330507
0.000065582496131
0.000065125763127
0.000064604175626
0.000064020067326
0.000063376051040
0.000062675006997
0.000061920069953
0.000061114615165
0.000060262243293
0.000059366764295
0.000058432180393
0.000057462668179
0.000056462559947
0.000055436324328
0.000054388546325
0.000053323906823
