0.002458708664879
0.002456193785750
0.002453383742084
0.002450338189149
0.002447122666500
0.002443807224855
0.002440464939070
0.002437170338377
0.002433997787126
0.002431019850752
0.002428305682336
0.002425919465090
0.002423918945256
0.002422354088326
0.002421265889184
0.002420685363763
0.002420632746220
0.002421116911397
0.002422135037754
0.002423672520875
0.002425703142383
0.002428189493628
0.002431083648003
0.002434328070312
0.002437856746356
0.002441596510977
0.002445468548252
0.002449390033513
0.002453275883464
0.002457040577932
0.002460600014807
0.002463873358558
0.002466784842369
0.002469265484435
0.002471254680347
0.002472701635648
0.002473566605664
0.002473821913409
0.002473452720762
0.002472457533103
0.002470848423020
0.002468650964552
0.002465903875512
0.002462658371636
0.002458977242502
0.002454933665265
0.002450609778019
0.002446095040049
0.002441484411109
0.002436876386176
0.002432370925669
0.002428067323901
0.002424062060429
0.002420446679917
0.002417305746173
0.002414714915061
0.002412739169075
0.002411431253562
0.002410830350828
0.002410961023862
0.002411832456147
0.002413438008126
0.002415755104527
0.002418745459912
0.002422355642843
0.002426517971863
0.002431151729432
0.002436164673031
0.002441454816090
0.002446912445320
0.002452422335524
0.002457866118256
0.002463124756794
0.002468081076915
0.002472622301039
0.002476642532408
0.002480045136182
0.002482744965658
0.002484670384235
0.002485765037227
0.002485989332111
0.002485321591197
0.002483758846975
0.002481317257296
0.002478032125122
0.002473957515506
0.002469165470706
0.002463744832697
0.002457799690609
0.002451447478691
0.002444816758051
0.002438044722526
0.002431274475421
0.002424652129380
0.002418323786213
0.002412432456965
0.002407114984807
0.002402499034372
0.002398700210962
0.002395819371490
0.002393940186277
0.002393127006722
0.002393423088674
0.002394849214986
0.002397402753408
0.002401057177838
0.002405762072021
0.002411443625402
0.002418005621053
0.002425330905614
0.002433283321296
0.002441710070258
0.002450444472375
0.002459309068761
0.002468119015469
0.002476685704891
0.002484820546541
0.002492338834306
0.002499063624043
0.002504829543589
0.002509486456980
0.002512902905884
0.002514969254030
0.002515600464706
0.002514738447066
0.002512353914093
0.002508447703359
0.002503051521148
0.002496228080869
0.002488070617790
0.002478701773823
0.002468271858091
0.002456956501167
0.002444953732886
0.002432480525375
0.002419768854014
0.002407061339461
0.002394606543173
0.002382653997075
0.002371449054816
0.002361227657387
0.002352211109543
0.002344600965450
0.002338574122147
0.002334278217758
0.002331827427944
0.002331298748845
0.002332728847799
0.002336111554555
0.002341396055694
0.002348485843551
0.002357238458502
0.002367466050031
0.002378936767905
0.002391376980255
0.002404474300593
0.002417881391186
0.002431220495820
0.002444088641340
0.002456063434412
0.002466709368220
0.002475584543340
0.002482247698087
0.002486265436391
0.002487219535873
0.002484714215349
0.002478383239628
0.002467896740157
0.002452967632921
0.002433357519912
0.002408881967383
0.002379415062996
0.002344893164587
0.002305317765537
0.002260757415436
0.002211348649600
0.002157295896871
0.002098870351638
0.002036407812991
0.001970305510975
0.001901017956835
0.001829051870563
0.001754960254780
0.001679335698645
0.001602803008875
0.001526011276871
0.001449625501029
0.001374317891602
0.001300758991594
0.001229608751143
0.001161507694562
0.001097068318559
0.001036866857259
0.000981435544427
0.000931255495874
0.000886750325547
0.000848280597368
0.000816139201695
0.000790547730586
0.000771653910005
0.000759530130107
0.000754173096949
0.000755504610747
0.000763373457472
0.000777558382364
0.000797772096263
0.000823666248733
0.000854837286114
0.000890833098099
0.000931160343569
0.000975292335251
0.001022677353695
0.001072747254113
0.001124926224936
0.001178639554670
0.001233322263702
0.001288427460244
0.001343434284442
0.001397855311872
0.001451243296936
0.001503197148053
0.001553367039642
0.001601458580715
0.001647235975943
0.001690524132307
0.001731209682353
0.001769240913580
0.001804626612064
0.001837433846939
0.001867784740338
0.001895852284650
0.001921855285155
0.001946052520925
0.001968736230149
0.001990225037506
0.002010856450618
0.002030979059915
0.002050944581194
0.002071099882776
0.002091779139300
0.002113296251974
0.002135937670436
0.002159955744410
0.002185562724207
0.002212925517915
0.002242161300083
0.002273334052008
0.002306452097706
0.002341466682473
0.002378271622920
0.002416704038934
0.002456546159257
0.002497528173809
0.002539332087758
0.002581596514878
0.002623922331399
0.002665879096476
0.002707012131904
0.002746850142022
0.002784913245043
0.002820721279531
0.002853802244475
0.002883700728605
0.002909986184112
0.002932260902024
0.002950167550859
0.002963396147027
0.002971690334376
0.002974852861440
0.002972750157875
0.002965315926260
0.002952553681521
0.002934538187520
0.002911415758496
0.002883403411748
0.002850786876981
0.002813917486654
0.002773207990243
0.002729127353241
0.002682194618653
0.002632971924375
0.002582056784046
0.002530073751321
0.002477665597972
0.002425484144511
0.002374180888089
0.002324397576043
0.002276756874724
0.002231853281999
0.002190244428148
0.002152442903855
0.002118908745693
0.002090042699024
0.002066180365893
0.002047587331268
0.002034455345363
0.002026899622779
0.002024957301324
0.002028587084732
0.002037670074523
0.002052011777190
0.002071345254094
0.002095335363192
0.002123584024331
0.002155636423592
0.002190988057298
0.002229092503118
0.002269369794349
0.002311215264142
0.002354008719346
0.002397123798807
0.002439937368565
0.002481838806298
0.002522239029794
0.002560579128923
0.002596338467570
0.002629042131151
0.002658267606442
0.002683650593372
0.002704889862942
0.002721751091253
0.002734069616523
0.002741752083654
0.002744776959056
0.002743193916809
0.002737122115447
0.002726747402454
0.002712318500664
0.002694142246843
0.002672577967569
0.002648031090890
0.002620946103853
0.002591798975759
0.002561089174709
0.002529331410520
0.002497047240428
0.002464756675012
0.002432969920493
0.002402179390101
0.002372852111477
0.002345422649385
0.002320286653314
0.002297795128156
0.002278249513202
0.002261897640444
0.002248930627844
0.002239480747119
0.002233620288956
0.002231361431709
0.002232657102809
0.002237402805658
0.002245439368891
0.002256556559948
0.002270497491007
0.002286963732860
0.002305621041337
0.002326105591706
0.002348030609085
0.002370993277575
0.002394581807497
0.002418382538896
0.002441986960360
0.002464998525156
0.002487039151581
0.002507755301300
0.002526823537980
0.002543955478698
0.002558902062196
0.002571457070749
0.002581459856160
0.002588797234764
0.002593404531173
0.002595265765541
0.002594412994048
0.002590924826930
0.002584924162363
0.002576575187723
0.002566079711806
0.002553672902501
0.002539618513795
0.002524203693827
0.002507733471814
0.002490525026013
0.002472901837313
0.002455187833628
0.002437701628984
0.002420750958032
0.002404627401856
0.002389601494413
0.002375918290877
0.002363793469784
0.002353410030295
0.002344915634354
0.002338420631238
0.002333996789204
0.002331676745825
0.002331454175500
0.002333284659673
0.002337087232795
0.002342746565200
0.002350115733048
