0.002306123272917
0.002309025323415
0.002312570965454
0.002316699737176
0.002321339423682
0.002326407310286
0.002331811647045
0.002337453298908
0.002343227552106
0.002349026044148
0.002354738782210
0.002360256212681
0.002365471303331
0.002370281598967
0.002374591211565
0.002378312706755
0.002381368850072
0.002383694178731
0.002385236367569
0.002385957361420
0.002385834250232
0.002384859867897
0.002383043100705
0.002380408896657
0.002376997972387
0.002372866220061
0.002368083822261
0.002362734088404
0.002356912031592
0.002350722709804
0.002344279360018
0.002337701357978
0.002331112039919
0.002324636425510
0.002318398883519
0.002312520783190
0.002307118175061
0.002302299544823
0.002298163682954
0.002294797711142
0.002292275304028
0.002290655141602
0.002289979623660
0.002290273873219
0.002291545050727
0.002293781995352
0.002296955203809
0.002301017150986
0.002305902950425
0.002311531346346
0.002317806022742
0.002324617209020
0.002331843555978
0.002339354250643
0.002347011333707
0.002354672179189
0.002362192092494
0.002369426980342
0.002376236044236
0.002382484448074
0.002388045910490
0.002392805173236
0.002396660298686
0.002399524752056
0.002401329227394
0.002402023180553
0.002401576037294
0.002399978050202
0.002397240784162
0.002393397216697
0.002388501446283
0.002382628008793
0.002375870809364
0.002368341684025
0.002360168612323
0.002351493608762
0.002342470327031
0.002333261416609
0.002324035676305
0.002314965053514
0.002306221541378
0.002297974028530
0.002290385157656
0.002283608249684
0.002277784349956
0.002273039451283
0.002269481946341
0.002267200358456
0.002266261395482
0.002266708366331
0.002268559993768
0.002271809650481
0.002276425038299
0.002282348322814
0.002289496727792
0.002297763585663
0.002307019832288
0.002317115926221
0.002327884164907
0.002339141362940
0.002350691850647
0.002362330745088
0.002373847440128
0.002385029257666
0.002395665198503
0.002405549728713
0.002414486535894
0.002422292189229
0.002428799638066
0.002433861485548
0.002437352976809
0.002439174645305
0.002439254565893
0.002437550169269
0.002434049579204
0.002428772441611
0.002421770222635
0.002413125961646
0.002402953474012
0.002391396007725
0.002378624367197
0.002364834526648
0.002350244764362
0.002335092357504
0.002319629885040
0.002304121193482
0.002288837086459
0.002274050804547
0.002260033366099
0.002247048843073
0.002235349647886
0.002225171908155
0.002216731005780
0.002210217355116
0.002205792492132
0.002203585542325
0.002203690129949
0.002206161784836
0.002211015895844
0.002218226251869
0.002227724202554
0.002239398461418
0.002253095564277
0.002268620985735
0.002285740906250
0.002304184612096
0.002323647500539
0.002343794652922
0.002364264929234
0.002384675529313
0.002404626958188
0.002423708326355
0.002441502910117
0.002457593892593
0.002471570202626
0.002483032366801
0.002491598288952
0.002496908872121
0.002498633399715
0.002496474595780
0.002490173288602
0.002479512607398
0.002464321648420
0.002444478554375
0.002419912959489
0.002390607761694
0.002356600193158
0.002317982170575
0.002274899917064
0.002227552858143
0.002176191804729
0.002121116446515
0.002062672188965
0.002001246376701
0.001937263954800
0.001871182627570
0.001803487581461
0.001734685844891
0.001665300362747
0.001595863867182
0.001526912628938
0.001458980174790
0.001392591056828
0.001328254758138
0.001266459817052
0.001207668248598
0.001152310337067
0.001100779867902
0.001053429860422
0.001010568855387
0.000972457803160
0.000939307589394
0.000911277225890
0.000888472724680
0.000870946663630
0.000858698442074
0.000851675215372
0.000849773487856
0.000852841334719
0.000860681214897
0.000873053329258
0.000889679471331
0.000910247311660
0.000934415051586
0.000961816377994
0.000992065647356
0.001024763225226
0.001059500906274
0.001095867339966
0.001133453388073
0.001171857342294
0.001210689933379
0.001249579067138
0.001288174227596
0.001326150493138
0.001363212117800
0.001399095636677
0.001433572461709
0.001466450941729
0.001497577868503
0.001526839418420
0.001554161527436
0.001579509704666
0.001602888297578
0.001624339229001
0.001643940232914
0.001661802622306
0.001678068628045
0.001692908352755
0.001706516387993
0.001719108146579
0.001730915964726
0.001742185030584
0.001753169196953
0.001764126736345
0.001775316096084
0.001786991710036
0.001799399921596
0.001812775070068
0.001827335789344
0.001843281564073
0.001860789584312
0.001880011934974
0.001901073151444
0.001924068167469
0.001949060675998
0.001976081918101
0.002005129909506
0.002036169108744
0.002069130525420
0.002103912261884
0.002140380476453
0.002178370751611
0.002217689846104
0.002258117805795
0.002299410404417
0.002341301882113
0.002383507946836
0.002425729001318
0.002467653556432
0.002508961790365
0.002549329212077
0.002588430387032
0.002625942683158
0.002661549995380
0.002694946407899
0.002725839754549
0.002753955039144
0.002779037679612
0.002800856541885
0.002819206732008
0.002833912117633
0.002844827552974
0.002851840784457
0.002854874017519
0.002853885128454
0.002848868508661
0.002839855532268
0.002826914641681
0.002810151049284
0.002789706057126
0.002765756000077
0.002738510821470
0.002708212293753
0.002675131900071
0.002639568395964
0.002601845073537
0.002562306753391
0.002521316532428
0.002479252318221
0.002436503182974
0.002393465572213
0.002350539405163
0.002308124105288
0.002266614600681
0.002226397334838
0.002187846328867
0.002151319336306
0.002117154131445
0.002085664971398
0.002057139271055
0.002031834528574
0.002009975537105
0.001991751916138
0.001977315993059
0.001966781062386
0.001960220046576
0.001957664578446
0.001959104520974
0.001964487935773
0.001973721506734
0.001986671420373
0.002003164699274
0.002022990979793
0.002045904719933
0.002071627818009
0.002099852617625
0.002130245269430
0.002162449415374
0.002196090156707
0.002230778262827
0.002266114574420
0.002301694551110
0.002337112911209
0.002371968309085
0.002405867994269
0.002438432395710
0.002469299574534
0.002498129489457
0.002524608020386
0.002548450698029
0.002569406090219
0.002587258799367
0.002601832029744
0.002612989688310
0.002620637988340
0.002624726531160
0.002625248847854
0.002622242389650
0.002615787962858
0.002606008611569
0.002593067958707
0.002577168023422
0.002558546540040
0.002537473810787
0.002514249131156
0.002489196833001
0.002462661996061
0.002435005883690
0.002406601162792
0.002377826971533
0.002349063900969
0.002320688958493
0.002293070581775
0.002266563771644
0.002241505411188
0.002218209836179
0.002196964718782
0.002178027322454
0.002161621181002
0.002147933249005
0.002137111564326
0.002129263456277
0.002124454325337
0.002122707012182
0.002124001765339
0.002128276808144
0.002135429496970
0.002145318054069
0.002157763849901
0.002172554201745
0.002189445647699
0.002208167648120
0.002228426660135
0.002249910525265
0.002272293105475
0.002295239099209
0.002318408966201
0.002341463888226
0.002364070692344
0.002385906663776
0.002406664177200
0.002426055078001
0.002443814748850
0.002459705801758
0.002473521341534
0.002485087753107
0.002494266972529
0.002500958209405
0.002505099096940
0.002506666254647
0.002505675257780
0.002502180016724
0.002496271578697
0.002488076372958
0.002477753929347
0.002465494108023
0.002451513885773
0.002436053751017
0.002419373765587
0.002401749356313
