0.002300489929701
0.002304577106546
0.002309200338896
0.002314278593629
0.002319721457156
0.002325430735029
0.002331302212652
0.002337227545819
0.002343096247083
0.002348797731906
0.002354223387047
0.002359268622937
0.002363834871670
0.002367831492947
0.002371177551617
0.002373803432506
0.002375652260946
0.002376681100647
0.002376861904474
0.002376182197994
0.002374645480397
0.002372271332501
0.002369095226851
0.002365168040369
0.002360555275524
0.002355336001429
0.002349601531551
0.002343453859742
0.002337003880978
0.002330369427434
0.002323673154210
0.002317040312173
0.002310596447819
0.002304465071813
0.002298765338873
0.002293609781913
0.002289102142772
0.002285335340580
0.002282389616650
0.002280330892040
0.002279209370323
0.002279058414049
0.002279893718598
0.002281712801995
0.002284494823639
0.002288200739064
0.002292773791746
0.002298140336879
0.002304210985884
0.002310882054472
0.002318037291360
0.002325549859347
0.002333284535580
0.002341100093467
0.002348851824957
0.002356394158908
0.002363583329009
0.002370280043271
0.002376352106559
0.002381676947882
0.002386144005354
0.002389656923737
0.002392135522363
0.002393517494829
0.002393759806313
0.002392839759316
0.002390755704341
0.002387527378050
0.002383195857985
0.002377823129654
0.002371491268709
0.002364301247858
0.002356371385008
0.002347835455755
0.002338840499602
0.002329544355160
0.002320112964813
0.002310717493986
0.002301531313994
0.002292726900509
0.002284472701833
0.002276930032396
0.002270250047154
0.002264570851848
0.002260014802386
0.002256686043959
0.002254668336938
0.002254023212140
0.002254788492836
0.002256977214888
0.002260576969867
0.002265549688875
0.002271831877344
0.002279335303333
0.002287948133943
0.002297536506611
0.002307946514274
0.002319006575933
0.002330530157063
0.002342318797771
0.002354165400701
0.002365857725561
0.002377182032820
0.002387926815799
0.002397886557994
0.002406865451170
0.002414681009550
0.002421167516265
0.002426179240239
0.002429593364678
0.002431312572442
0.002431267238588
0.002429417186331
0.002425752969402
0.002420296651238
0.002413102059444
0.002404254502469
0.002393869944212
0.002382093641242
0.002369098256303
0.002355081470648
0.002340263126309
0.002324881937596
0.002309191818734
0.002293457881442
0.002277952162408
0.002262949145795
0.002248721150107
0.002235533651854
0.002223640620434
0.002213279939400
0.002204668988884
0.002198000462310
0.002193438487679
0.002191115119766
0.002191127264474
0.002193534090494
0.002198354976399
0.002205568033447
0.002215109235810
0.002226872180815
0.002240708492250
0.002256428869941
0.002273804778840
0.002292570760985
0.002312427343910
0.002333044509751
0.002354065680365
0.002375112165569
0.002395788014086
0.002415685200225
0.002434389073727
0.002451483995673
0.002466559080043
0.002479213958344
0.002489064483877
0.002495748292560
0.002498930138907
0.002498306928617
0.002493612373332
0.002484621198311
0.002471152840056
0.002453074578145
0.002430304053574
0.002402811134739
0.002370619101522
0.002333805127819
0.002292500052892
0.002246887442246
0.002197201948905
0.002143726996056
0.002086791811729
0.002026767855462
0.001964064685531
0.001899125323236
0.001832421177776
0.001764446601348
0.001695713149154
0.001626743622920
0.001558065979293
0.001490207186081
0.001423687109579
0.001359012515425
0.001296671263311
0.001237126772690
0.001180812832300
0.001128128820976
0.001079435400987
0.001035050737990
0.000995247293921
0.000960249230688
0.000930230453679
0.000905313314872
0.000885567985961
0.000871012502451
0.000861613470327
0.000857287417811
0.000857902765919
0.000863282383315
0.000873206683239
0.000887417213369
0.000905620683265
0.000927493368824
0.000952685828744
0.000980827864726
0.001011533654739
0.001044406987445
0.001079046525577
0.001115051026883
0.001152024453020
0.001189580899488
0.001227349283365
0.001264977730026
0.001302137605240
0.001338527144923
0.001373874641186
0.001407941150243
0.001440522694920
0.001471451941965
0.001500599341917
0.001527873726875
0.001553222368980
0.001576630509687
0.001598120376871
0.001617749713384
0.001635609846779
0.001651823335431
0.001666541231235
0.001679940003288
0.001692218170522
0.001703592694036
0.001714295181929
0.001724567960705
0.001734660067835
0.001744823219837
0.001755307809286
0.001766358982532
0.001778212847665
0.001791092859380
0.001805206424056
0.001820741764501
0.001837865079601
0.001856718029550
0.001877415572541
0.001900044173802
0.001924660402800
0.001951289929296
0.001979926923855
0.002010533863433
0.002043041737817
0.002077350648093
0.002113330783939
0.002150823762497
0.002189644307860
0.002229582246838
0.002270404793745
0.002311859094361
0.002353674997101
0.002395568017710
0.002437242462492
0.002478394674204
0.002518716364249
0.002557897994689
0.002595632173871
0.002631617030042
0.002665559528247
0.002697178696998
0.002726208732697
0.002752401951469
0.002775531559985
0.002795394218974
0.002811812375336
0.002824636341200
0.002833746100746
0.002839052828196
0.002840500103069
0.002838064811466
0.002831757724957
0.002821623751357
0.002807741854524
0.002790224643055
0.002769217630543
0.002744898172831
0.002717474090368
0.002687181986508
0.002654285275160
0.002619071933794
0.002581852000262
0.002542954834291
0.002502726166775
0.002461524962169
0.002419720121278
0.002377687053612
0.002335804150146
0.002294449188788
0.002253995706118
0.002214809369977
0.002177244388167
0.002141639989035
0.002108317009788
0.002077574628197
0.002049687272812
0.002024901745880
0.002003434591848
0.001985469742705
0.001971156469303
0.001960607665391
0.001953898488257
0.001951065376697
0.001952105463487
0.001956976395702
0.001965596572070
0.001977845802179
0.001993566387719
0.002012564621222
0.002034612692856
0.002059450990932
0.002086790776854
0.002116317210429
0.002147692696747
0.002180560521359
0.002214548736289
0.002249274255548
0.002284347115373
0.002319374851433
0.002353966942794
0.002387739270578
0.002420318537986
0.002451346597789
0.002480484633496
0.002507417141224
0.002531855660848
0.002553542207259
0.002572252355536
0.002587797937504
0.002600029311444
0.002608837171662
0.002614153870096
0.002615954228095
0.002614255822914
0.002609118740155
0.002600644790402
0.002588976195348
0.002574293755949
0.002556814522216
0.002536788991232
0.002514497866688
0.002490248419578
0.002464370495553
0.002437212219782
0.002409135454845
0.002380511071108
0.002351714092247
0.002323118780858
0.002295093730496
0.002267997031012
0.002242171573505
0.002217940559828
0.002195603279154
0.002175431210802
0.002157664508293
0.002142508914574
0.002130133152480
0.002120666828015
0.002114198876884
0.002110776577071
0.002110405142229
0.002113047902360
0.002118627069769
0.002127025079825
0.002138086487637
0.002151620393644
0.002167403363264
0.002185182798470
0.002204680712395
0.002225597852058
0.002247618109068
0.002270413153777
0.002293647225012
0.002316982005074
0.002340081508385
0.002362616911920
0.002384271256368
0.002404743948926
0.002423755001559
0.002441048942596
0.002456398344441
0.002469606916033
0.002480512115307
0.002488987244229
0.002494942996880
0.002498328439432
0.002499131409550
0.002497378331646
0.002493133453349
0.002486497517421
0.002477605891992
0.002466626190239
0.002453755418440
0.002439216698494
0.002423255617439
