0.002569506558014
0.002567322215928
0.002565378002636
0.002563731964470
0.002562434548864
0.002561527086073
0.002561040507586
0.002560994340212
0.002561396007590
0.002562240462661
0.002563510165684
0.002565175412895
0.002567195011129
0.002569517284029
0.002572081385959
0.002574818890842
0.002577655615008
0.002580513626070
0.002583313383991
0.002585975956111
0.002588425245046
0.002590590167188
0.002592406720111
0.002593819879413
0.002594785269509
0.002595270558468
0.002595256533957
0.002594737825746
0.002593723249554
0.002592235757304
0.002590311989581
0.002588001437193
0.002585365229708
0.002582474579533
0.002579408920105
0.002576253785893
0.002573098489760
0.002570033659742
0.002567148702099
0.002564529260547
0.002562254742729
0.002560395984143
0.002559013116985
0.002558153706647
0.002557851212129
0.002558123818412
0.002558973679235
0.002560386597894
0.002562332161856
0.002564764334641
0.002567622495728
0.002570832906602
0.002574310568900
0.002577961429111
0.002581684873948
0.002585376451509
0.002588930746023
0.002592244328507
0.002595218702313
0.002597763161297
0.002599797479461
0.002601254354176
0.002602081530691
0.002602243543196
0.002601723017289
0.002600521489891
0.002598659715279
0.002596177439625
0.002593132640818
0.002589600245134
0.002585670346979
0.002581445972177
0.002577040438591
0.002572574380019
0.002568172509740
0.002563960208737
0.002560060029962
0.002556588214031
0.002553651313188
0.002551343019171
0.002549741286777
0.002548905838504
0.002548876126752
0.002549669818911
0.002551281857514
0.002553684132812
0.002556825788986
0.002560634168223
0.002565016379401
0.002569861460722
0.002575043088719
0.002580422770086
0.002585853438304
0.002591183364307
0.002596260280037
0.002600935605784
0.002605068667167
0.002608530785509
0.002611209126395
0.002613010195430
0.002613862877468
0.002613720925871
0.002612564821361
0.002610402935470
0.002607271951143
0.002603236512239
0.002598388094015
0.002592843107693
0.002586740273287
0.002580237315487
0.002573507056973
0.002566733001539
0.002560104515280
0.002553811727447
0.002548040282924
0.002542966085295
0.002538750172942
0.002535533870326
0.002533434352497
0.002532540752966
0.002532910933551
0.002534569019774
0.002537503787306
0.002541667964148
0.002546978490204
0.002553317751253
0.002560535778604
0.002568453379645
0.002576866138700
0.002585549202808
0.002594262743870
0.002602757967778
0.002610783523166
0.002618092147923
0.002624447380965
0.002629630160424
0.002633445127541
0.002635726458417
0.002636343053328
0.002635202925480
0.002632256647713
0.002627499736362
0.002620973875866
0.002612766915239
0.002603011597482
0.002591883014858
0.002579594815737
0.002566394221748
0.002552555946401
0.002538375137271
0.002524159492518
0.002510220728154
0.002496865594327
0.002484386656337
0.002473053068636
0.002463101577217
0.002454727987250
0.002448079328482
0.002443246940691
0.002440260685488
0.002439084469331
0.002439613236050
0.002441671556118
0.002445013904918
0.002449326684205
0.002454232000575
0.002459293173124
0.002464021900452
0.002467886975779
0.002470324399312
0.002470748699897
0.002468565244614
0.002463183285976
0.002454029472671
0.002440561531999
0.002422281820784
0.002398750437018
0.002369597587058
0.002334534912861
0.002293365500492
0.002245992314584
0.002192424833280
0.002132783693681
0.002067303198401
0.001996331578445
0.001920328955470
0.001839862996343
0.001755602303762
0.001668307637349
0.001578821108810
0.001488053541507
0.001396970227743
0.001306575355436
0.001217895408493
0.001131961871444
0.001049793587931
0.000972379134098
0.000900659571320
0.000835511937972
0.000777733827083
0.000728029375917
0.000686996965288
0.000655118891204
0.000632753230120
0.000620128072489
0.000617338248503
0.000624344616035
0.000640975925091
0.000666933216741
0.000701796658939
0.000745034668039
0.000796015114485
0.000854018365242
0.000918251875147
0.000987866005423
0.001061970720970
0.001139652799312
0.001219993173765
0.001302084031704
0.001385045295828
0.001468040131979
0.001550289150849
0.001631083002505
0.001709793101106
0.001785880261797
0.001858901081350
0.001928511947637
0.001994470619117
0.002056635372936
0.002114961777613
0.002169497202224
0.002220373227211
0.002267796171140
0.002312035991767
0.002353413857536
0.002392288716292
0.002429043210755
0.002464069304606
0.002497753988608
0.002530465432772
0.002562539938340
0.002594270022526
0.002625893940063
0.002657586909269
0.002689454267508
0.002721526732560
0.002753757893655
0.002786024000158
0.002818126058246
0.002849794188041
0.002880694136716
0.002910435788595
0.002938583462525
0.002964667740977
0.002988198535653
0.003008679061745
0.003025620368208
0.003038556055196
0.003047056802454
0.003050744334248
0.003049304457353
0.003042498828381
0.003030175134998
0.003012275411589
0.002988842252937
0.002960022738393
0.002926069932791
0.002887341887622
0.002844298125411
0.002797493650506
0.002747570589006
0.002695247618018
0.002641307398452
0.002586582274771
0.002531938548436
0.002478259668046
0.002426428707623
0.002377310524305
0.002331733997504
0.002290474752967
0.002254238767182
0.002223647230306
0.002199223019606
0.002181379101016
0.002170409134393
0.002166480509620
0.002169629986755
0.002179762055320
0.002196650066918
0.002219940132994
0.002249157717249
0.002283716791354
0.002322931364672
0.002366029144946
0.002412167038681
0.002460448158292
0.002509939968979
0.002559693182556
0.002608760988623
0.002656218205974
0.002701179939082
0.002742819335896
0.002780384063705
0.002813211148985
0.002840739864295
0.002862522389482
0.002878232024752
0.002887668788299
0.002890762289934
0.002887571833142
0.002878283759803
0.002863206113022
0.002842760752736
0.002817473114634
0.002787959854150
0.002754914662834
0.002719092583041
0.002681293178003
0.002642342937117
0.002603077310255
0.002564322769931
0.002526879295986
0.002491503664449
0.002458893900589
0.002429675226580
0.002404387797318
0.002383476474694
0.002367282842120
0.002356039608411
0.002349867494600
0.002348774640092
0.002352658507227
0.002361310206994
0.002374421114735
0.002391591594376
0.002412341604104
0.002436122916613
0.002462332653745
0.002490327809482
0.002519440417074
0.002548993006211
0.002578313994438
0.002606752663696
0.002633693387389
0.002658568795614
0.002680871595249
0.002700164796908
0.002716090141360
0.002728374562828
0.002736834574596
0.002741378512353
0.002742006621451
0.002738809024644
0.002731961655639
0.002721720289804
0.002708412845676
0.002692430168438
0.002674215538542
0.002654253174412
0.002633056017239
0.002611153097743
0.002589076789495
0.002567350250700
0.002546475346624
0.002526921328300
0.002509114520336
0.002493429242202
0.002480180154032
0.002469616180642
0.002461916127069
0.002457186056550
0.002455458458418
0.002456693190106
0.002460780135223
0.002467543479588
0.002476747470078
0.002488103488004
0.002501278240206
0.002515902847850
0.002531582595330
0.002547907090250
0.002564460580221
0.002580832173239
0.002596625715584
0.002611469094220
0.002625022749113
0.002636987204305
0.002647109454157
0.002655188072316
0.002661076944766
0.002664687563908
0.002665989857143
0.002665011559896
0.002661836178651
0.002656599623324
0.002649485619602
0.002640720039777
0.002630564314642
0.002619308108555
0.002607261454472
0.002594746555287
