0.002870296451573
0.002869970327570
0.002869903679616
0.002870101825078
0.002870556719313
0.002871247255342
0.002872140220661
0.002873191869143
0.002874350034915
0.002875556687412
0.002876750803933
0.002877871419049
0.002878860700144
0.002879666895679
0.002880247007696
0.002880569052436
0.002880613792170
0.002880375846594
0.002879864122088
0.002879101530568
0.002878124004647
0.002876978850945
0.002875722516677
0.002874417874552
0.002873131156028
0.002871928681725
0.002870873549401
0.002870022443648
0.002869422727131
0.002869109960889
0.002869105981535
0.002869417636892
0.002870036250161
0.002870937847322
0.002872084145148
0.002873424259530
0.002874897057784
0.002876434045974
0.002877962654628
0.002879409765118
0.002880705305293
0.002881785737694
0.002882597266989
0.002883098605172
0.002883263153056
0.002883080483768
0.002882557047001
0.002881716050254
0.002880596513265
0.002879251532498
0.002877745831796
0.002876152711328
0.002874550537802
0.002873018943150
0.002871634915188
0.002870468971211
0.002869581603706
0.002869020176271
0.002868816427863
0.002868984715620
0.002869521091820
0.002870403270854
0.002871591499129
0.002873030296753
0.002874650996713
0.002876374967303
0.002878117368569
0.002879791265536
0.002881311901157
0.002882600921538
0.002883590345563
0.002884226080759
0.002884470806707
0.002884306075798
0.002883733517225
0.002882775072348
0.002881472235736
0.002879884324409
0.002878085845392
0.002876163076725
0.002874210016983
0.002872323891421
0.002870600427178
0.002869129124400
0.002867988753756
0.002867243303321
0.002866938579399
0.002867099637313
0.002867729180658
0.002868807022772
0.002870290654195
0.002872116907062
0.002874204654125
0.002876458429079
0.002878772808472
0.002881037356045
0.002883141899882
0.002884981892852
0.002886463598536
0.002887508848884
0.002888059136071
0.002888078828934
0.002887557342831
0.002886510139025
0.002884978483735
0.002883027955291
0.002880745747691
0.002878236877467
0.002875619455306
0.002873019231666
0.002870563664331
0.002868375783426
0.002866568144359
0.002865237160603
0.002864458095783
0.002864280968573
0.002864727585468
0.002865789867000
0.002867429574813
0.002869579482443
0.002872145964935
0.002875012914390
0.002878046823580
0.002881102820910
0.002884031390092
0.002886685469581
0.002888927601937
0.002890636793456
0.002891714750253
0.002892091178641
0.002891727874406
0.002890621376029
0.002888804019011
0.002886343299573
0.002883339533016
0.002879921871485
0.002876242824194
0.002872471496609
0.002868785830234
0.002865364178224
0.002862376591325
0.002859976211532
0.002858291175788
0.002857417418457
0.002857412729310
0.002858292374351
0.002860026521850
0.002862539637926
0.002865711928246
0.002869382808544
0.002873356290847
0.002877408078886
0.002881294079354
0.002884759959736
0.002887551322049
0.002889424018174
0.002890154109250
0.002889546970272
0.002887445062610
0.002883733941318
0.002878346129662
0.002871262578193
0.002862511526736
0.002852164701203
0.002840330898444
0.002827147136704
0.002812767671180
0.002797351288539
0.002781047395729
0.002763981502364
0.002746240758012
0.002727860242522
0.002708810716542
0.002688988519048
0.002668208248874
0.002646198788541
0.002622603123343
0.002596982279752
0.002568823558869
0.002537553078181
0.002502552463787
0.002463179362161
0.002418791271722
0.002368772036842
0.002312560206631
0.002249678343983
0.002179762282008
0.002102589269519
0.002018103927838
0.001926440959734
0.001827943608495
0.001723176960176
0.001612935312671
0.001498242998114
0.001380348235311
0.001260709800724
0.001140976533196
0.001022959921740
0.000908600259563
0.000799927072958
0.000699014743149
0.000607934424937
0.000528703521554
0.000463234094434
0.000413281665050
0.000380395900060
0.000365874658768
0.000370722822861
0.000395617223582
0.000440878833524
0.000506453203179
0.000591899901506
0.000696391471754
0.000818722145978
0.000957326282349
0.001110306207108
0.001275468866662
0.001450370433539
0.001632367770922
0.001818675452001
0.002006426858866
0.002192737756852
0.002374770658147
0.002549798255975
0.002715264228787
0.002868839782401
0.003008474414794
0.003132439549858
0.003239363887994
0.003328259556759
0.003398538406741
0.003450018078492
0.003482917757030
0.003497843822400
0.003495765889190
0.003477983996096
0.003446087950726
0.003401910047402
0.003347472550727
0.003284931469944
0.003216518235033
0.003144480922874
0.003071026669879
0.002998266847186
0.002928166468094
0.002862499148671
0.002802808756400
0.002750378664456
0.002706209287842
0.002671004319788
0.002645165820770
0.002628798046510
0.002621719643611
0.002623483599949
0.002633404118816
0.002650589397532
0.002673979138271
0.002702385505277
0.002734536171543
0.002769118070755
0.002804820487049
0.002840376174528
0.002874599297863
0.002906419120718
0.002934908535177
0.002959306716824
0.002979035399917
0.002993708488048
0.003003134940338
0.003007315094085
0.003006430794739
0.003000829896320
0.002991005863979
0.002977573350106
0.002961240722275
0.002942780592347
0.002922999429747
0.002902707337848
0.002882689031588
0.002863676979109
0.002846327563687
0.002831200988951
0.002818745495592
0.002809286287303
0.002803019384002
0.002800010437905
0.002800198369358
0.002803403510718
0.002809339793855
0.002817630385026
0.002827826064406
0.002839425569489
0.002851897074327
0.002864699960930
0.002877306055139
0.002889219545446
0.002899994877266
0.002909252013566
0.002916688571392
0.002922088477701
0.002925326931654
0.002926371608517
0.002925280186763
0.002922194419440
0.002917331098040
0.002910970367549
0.002903441941066
0.002895109828379
0.002886356233252
0.002877565287753
0.002869107278948
0.002861323984770
0.002854515673858
0.002848930241783
0.002844754856843
0.002842110377081
0.002841048680831
0.002841552931095
0.002843540674200
0.002846869560347
0.002851345372226
0.002856731961672
0.002862762626609
0.002869152413568
0.002875610806429
0.002881854260172
0.002887618058992
0.002892667019810
0.002896804622774
0.002899880226972
0.002901794118679
0.002902500237110
0.002902006524581
0.002900372949818
0.002897707350664
0.002894159331539
0.002889912528218
0.002885175614641
0.002880172471370
0.002875131961275
0.002870277764427
0.002865818711020
0.002861940019474
0.002858795798315
0.002856503107473
0.002855137800206
0.002854732284420
0.002855275255400
0.002856713364746
0.002858954706389
0.002861873923569
0.002865318673766
0.002869117134553
0.002873086194283
0.002877039948903
0.002880798120652
0.002884194025919
0.002887081747288
0.002889342207275
0.002890887896293
0.002891666072386
0.002891660322117
0.002890890447445
0.002889410719004
0.002887306608600
0.002884690179762
0.002881694371988
0.002878466459548
0.002875160997509
0.002871932584833
0.002868928776423
0.002866283463046
0.002864111010952
0.002862501413179
0.002861516653998
0.002861188429196
0.002861517300603
0.002862473296594
0.002863997904142
0.002866007335445
0.002868396896006
0.002871046233625
0.002873825211306
0.002876600122838
0.002879239958919
0.002881622434292
0.002883639502200
0.002885202110648
0.002886243993877
0.002886724340399
0.002886629233268
0.002885971816718
0.002884791202843
0.002883150190066
0.002881131919006
0.002878835638577
0.002876371793714
0.002873856674266
0.002871406881292
0.002869133871490
0.002867138832880
