0.002844816486107
0.002846604362877
0.002848487510833
0.002850377058010
0.002852183038346
0.002853818623158
0.002855204242573
0.002856271403077
0.002856966019971
0.002857251104602
0.002857108674980
0.002856540793553
0.002855569675731
0.002854236855680
0.002852601439675
0.002850737520164
0.002848730863405
0.002846675018444
0.002844667023428
0.002842802905625
0.002841173182897
0.002839858576190
0.002838926134737
0.002838425958318
0.002838388674890
0.002838823798260
0.002839719050769
0.002841040691921
0.002842734847598
0.002844729787980
0.002846939057826
0.002849265322270
0.002851604756839
0.002853851783506
0.002855903936670
0.002857666634817
0.002859057635842
0.002860010966479
0.002860480138597
0.002860440496276
0.002859890576276
0.002858852408967
0.002857370735089
0.002855511163568
0.002853357344832
0.002851007280315
0.002848568929940
0.002846155313482
0.002843879327044
0.002841848511315
0.002840160012935
0.002838895973881
0.002838119566469
0.002837871864079
0.002838169701131
0.002839004631890
0.002840343048148
0.002842127463068
0.002844278914828
0.002846700391584
0.002849281131144
0.002851901606874
0.002854438977628
0.002856772755666
0.002858790433709
0.002860392811204
0.002861498770729
0.002862049277851
0.002862010410806
0.002861375268641
0.002860164656198
0.002858426499230
0.002856234000646
0.002853682606790
0.002850885908016
0.002847970648211
0.002845071060922
0.002842322783243
0.002839856621151
0.002837792450200
0.002836233532938
0.002835261518950
0.002834932365682
0.002835273379275
0.002836281526066
0.002837923109499
0.002840134846122
0.002842826311070
0.002845883660616
0.002849174480010
0.002852553551506
0.002855869292848
0.002858970582525
0.002861713666612
0.002863968834036
0.002865626553186
0.002866602782926
0.002866843204354
0.002866326164955
0.002865064182119
0.002863103915951
0.002860524589298
0.002857434902764
0.002853968561281
0.002850278593230
0.002846530700394
0.002842895924379
0.002839542950334
0.002836630390138
0.002834299393459
0.002832666925806
0.002831820028057
0.002831811332814
0.002832656060918
0.002834330658552
0.002836773164388
0.002839885320067
0.002843536359380
0.002847568335209
0.002851802772007
0.002856048368665
0.002860109424825
0.002863794625622
0.002866925797349
0.002869346240830
0.002870928260954
0.002871579539559
0.002871248043715
0.002869925220693
0.002867647302181
0.002864494620639
0.002860588926756
0.002856088785030
0.002851183210779
0.002846083792542
0.002841015615258
0.002836207358514
0.002831880987740
0.002828241482336
0.002825467051864
0.002823700279031
0.002823040596296
0.002823538452691
0.002825191460596
0.002827942731351
0.002831681516958
0.002836246176386
0.002841429383401
0.002846985392466
0.002852639084704
0.002858096431090
0.002863055938981
0.002867220593975
0.002870309774682
0.002872070605153
0.002872288219474
0.002870794445559
0.002867474469538
0.002862271116737
0.002855186477289
0.002846280710697
0.002835667979986
0.002823509588040
0.002810004511413
0.002795377645322
0.002779866182902
0.002763704647320
0.002747109173007
0.002730261688351
0.002713294684113
0.002696277257510
0.002679203100658
0.002661981053862
0.002644428770367
0.002626269941797
0.002607135415703
0.002586568402429
0.002564033822465
0.002538931692794
0.002510614296887
0.002478406733649
0.002441630301200
0.002399628047233
0.002351791713528
0.002297589222140
0.002236591798081
0.002168499800420
0.002093166341785
0.002010617815702
0.001921070521040
0.001824942671197
0.001722861199674
0.001615662919452
0.001504389756592
0.001390277953551
0.001274741319202
0.001159348784667
0.001045796700975
0.000935876480523
0.000831438334073
0.000734351983754
0.000646465336148
0.000569562174852
0.000505319976478
0.000455268966602
0.000420753512341
0.000402896896743
0.000402570438630
0.000420367812539
0.000456585290360
0.000511208473153
0.000583905913164
0.000674029847072
0.000780624077408
0.000902438854938
0.001037952435916
0.001185398819319
0.001342801014950
0.001508009057671
0.001678741869314
0.001852631980625
0.002027272062961
0.002200262184266
0.002369256696713
0.002532009683588
0.002686417939652
0.002830560530295
0.002962734068075
0.003081482957800
0.003185623989819
0.003274264802252
0.003346815882578
0.003402995933683
0.003442830585188
0.003466644584054
0.003475047745514
0.003468915083126
0.003449361662178
0.003417712831345
0.003375470581155
0.003324276852837
0.003265874676133
0.003202068048974
0.003134681485036
0.003065520147325
0.002996331457496
0.002928769022581
0.002864359654445
0.002804474174242
0.002750302596438
0.002702834176786
0.002662842688521
0.002630877163671
0.002607258204599
0.002592079837701
0.002585216749492
0.002586336618267
0.002594917134929
0.002610267197321
0.002631551666102
0.002657818989213
0.002688030938383
0.002721093656555
0.002755889190922
0.002791306683104
0.002826272406252
0.002859777878195
0.002890905339311
0.002918849962287
0.002942938256318
0.002962642238198
0.002977589064305
0.002987565947378
0.002992520316581
0.002992555315007
0.002987920861424
0.002979000628899
0.002966295408217
0.002950403425162
0.002931998264667
0.002911805118877
0.002890576118257
0.002869065523527
0.002848005550825
0.002828083573028
0.002809921387515
0.002794057166422
0.002780930611924
0.002770871729257
0.002764093507694
0.002760688668425
0.002760630502672
0.002763777687921
0.002769882839365
0.002778604432037
0.002789521620672
0.002802151392923
0.002815967420108
0.002830419920770
0.002844955827483
0.002859038547473
0.002872166632492
0.002883890722173
0.002893828195773
0.002901675057370
0.002907214685648
0.002910323197681
0.002910971302086
0.002909222646045
0.002905228788188
0.002899221050535
0.002891499613200
0.002882420311361
0.002872379671593
0.002861798781428
0.002851106619791
0.002840723485941
0.002831045150309
0.002822428313093
0.002815177897235
0.002809536623872
0.002805677223797
0.002803697531643
0.002803618594544
0.002805385808672
0.002808872979659
0.002813889091207
0.002820187464426
0.002827476902401
0.002835434343584
0.002843718496351
0.002851983897280
0.002859894828338
0.002867138543211
0.002873437289661
0.002878558671297
0.002882323966050
0.002884614106749
0.002885373127865
0.002884608987555
0.002882391781391
0.002878849469151
0.002874161334670
0.002868549486967
0.002862268785377
0.002855595629184
0.002848816091352
0.002842213894784
0.002836058727816
0.002830595373519
0.002826034086149
0.002822542589582
0.002820239999510
0.002819192886700
0.002819413606385
0.002820860922811
0.002823442862076
0.002827021634719
0.002831420385712
0.002836431457116
0.002841825790346
0.002847363053222
0.002852802053128
0.002857910992542
0.002862477136790
0.002866315495465
0.002869276166776
0.002871250056129
0.002872172753499
0.002872026435579
0.002870839744549
0.002868685682070
0.002865677640964
0.002861963774516
0.002857719971255
0.002853141758544
0.002848435499311
0.002843809271038
0.002839463823974
0.002835584006278
0.002832331018004
0.002829835814942
0.002828193929131
0.002827461907962
0.002827655501087
0.002828749647012
0.002830680232797
0.002833347523925
0.002836621090619
0.002840345994459
0.002844349947828
0.002848451120517
0.002852466244225
0.002856218657564
0.002859545941724
0.002862306819524
0.002864387027190
0.002865703916927
0.002866209607017
0.002865892562108
0.002864777556519
