0.002640460901055
0.002638879480575
0.002636800460393
0.002634281036223
0.002631392534526
0.002628218403989
0.002624851817744
0.002621392954726
0.002617946039015
0.002614616224086
0.002611506414520
0.002608714120600
0.002606328441197
0.002604427267546
0.002603074794819
0.002602319420045
0.002602192094150
0.002602705182921
0.002603851876936
0.002605606174429
0.002607923444010
0.002610741556796
0.002613982560195
0.002617554848988
0.002621355773835
0.002625274613512
0.002629195825350
0.002633002479036
0.002636579772283
0.002639818523276
0.002642618534264
0.002644891723330
0.002646564927134
0.002647582286212
0.002647907135911
0.002647523340029
0.002646436020240
0.002644671652008
0.002642277516420
0.002639320516599
0.002635885386601
0.002632072339320
0.002627994217361
0.002623773226603
0.002619537345715
0.002615416515804
0.002611538722296
0.002608026085828
0.002604991080132
0.002602532992616
0.002600734737514
0.002599660122341
0.002599351656055
0.002599828972244
0.002601087923120
0.002603100380704
0.002605814760837
0.002609157264135
0.002613033806417
0.002617332590026
0.002621927247583
0.002626680471547
0.002631448027192
0.002636083033638
0.002640440387919
0.002644381200970
0.002647777112197
0.002650514350998
0.002652497419244
0.002653652278298
0.002653928937211
0.002653303355182
0.002651778590576
0.002649385150354
0.002646180516978
0.002642247854129
0.002637693917169
0.002632646218439
0.002627249520563
0.002621661752157
0.002616049459081
0.002610582920041
0.002605431067448
0.002600756362506
0.002596709777280
0.002593426035804
0.002591019261064
0.002589579165001
0.002589167904802
0.002589817710952
0.002591529371321
0.002594271631509
0.002597981545450
0.002602565782575
0.002607902869548
0.002613846316375
0.002620228549594
0.002626865549890
0.002633562068749
0.002640117279366
0.002646330701505
0.002652008229001
0.002656968082421
0.002661046508334
0.002664103050852
0.002666025230485
0.002666732479786
0.002666179204356
0.002664356861121
0.002661294972702
0.002657061026508
0.002651759239076
0.002645528199168
0.002638537436466
0.002630982995186
0.002623082122765
0.002615067212002
0.002607179159695
0.002599660325260
0.002592747288283
0.002586663613904
0.002581612839031
0.002577771890326
0.002575285136686
0.002574259264636
0.002574759145032
0.002576804834069
0.002580369821587
0.002585380605713
0.002591717635936
0.002599217627748
0.002607677212134
0.002616857843476
0.002626491851105
0.002636289483866
0.002645946764672
0.002655153944254
0.002663604320859
0.002671003176488
0.002677076570738
0.002681579731051
0.002684304783285
0.002685087578992
0.002683813395537
0.002680421311725
0.002674907094329
0.002667324469146
0.002657784692814
0.002646454387755
0.002633551650796
0.002619340495181
0.002604123734366
0.002588234462845
0.002572026332981
0.002555862866131
0.002540106070047
0.002525104661622
0.002511182213574
0.002498625555007
0.002487673758390
0.002478508039159
0.002471242878789
0.002465918658139
0.002462496055434
0.002460852423292
0.002460780312506
0.002461988258060
0.002464103886279
0.002466679342593
0.002469198978605
0.002471089176531
0.002471730130371
0.002470469347750
0.002466636585942
0.002459559891483
0.002448582376184
0.002433079334595
0.002412475289591
0.002386260544707
0.002354006824316
0.002315381595882
0.002270160692239
0.002218238885573
0.002159638107904
0.002094513064395
0.002023154044481
0.001945986800376
0.001863569431197
0.001776586282291
0.001685838941344
0.001592234483876
0.001496771188830
0.001400522008467
0.001304616133983
0.001210219047700
0.001118511492985
0.001030667823136
0.000947834209514
0.000871107196578
0.000801513086942
0.000739988623175
0.000687363405079
0.000644344442251
0.000611503192854
0.000589265381730
0.000577903825822
0.000577534423858
0.000588115392213
0.000609449751631
0.000641190992054
0.000682851767092
0.000733815397591
0.000793349897231
0.000860624173646
0.000934726007950
0.001014681374831
0.001099474635806
0.001188069120392
0.001279427604435
0.001372532201687
0.001466403203839
0.001560116435009
0.001652818728438
0.001743741184695
0.001832209930740
0.001917654166145
0.001999611354855
0.002077729496277
0.002151766486107
0.002221586653287
0.002287154632694
0.002348526801777
0.002405840571552
0.002459301876448
0.002509171252179
0.002555748924803
0.002599359356601
0.002640335704777
0.002679004647003
0.002715672013532
0.002750609639414
0.002784043813003
0.002816145649411
0.002847023661148
0.002876718734442
0.002905201650305
0.002932373216289
0.002958066999900
0.002982054579958
0.003004053159759
0.003023735317686
0.003040740608795
0.003054688676602
0.003065193489186
0.003071878279221
0.003074390744435
0.003072418054104
0.003065701208685
0.003054048313718
0.003037346355286
0.003015571101918
0.002988794805994
0.002957191435073
0.002921039228769
0.002880720447944
0.002836718258386
0.002789610768629
0.002740062319211
0.002688812196270
0.002636661014054
0.002584455076586
0.002533069086750
0.002483387619747
0.002436285815974
0.002392609774751
0.002353157144287
0.002318658404313
0.002289759325949
0.002267005068690
0.002250826337667
0.002241527976292
0.002239280311352
0.002244113500977
0.002255915062386
0.002274430677802
0.002299268295398
0.002329905459738
0.002365699724977
0.002405901926235
0.002449672012033
0.002496097075346
0.002544211164454
0.002593016408720
0.002641504959955
0.002688681228087
0.002733583880865
0.002775307081732
0.002813020457547
0.002845987318170
0.002873580692216
0.002895296796544
0.002910765619817
0.002919758371238
0.002922191622499
0.002918128052080
0.002907773784339
0.002891472399115
0.002869695768814
0.002843031957036
0.002812170483855
0.002777885326040
0.002741016074308
0.002702447712711
0.002663089516535
0.002623853583794
0.002585633521184
0.002549283798126
0.002515600262469
0.002485302279226
0.002459016910135
0.002437265498163
0.002420452958621
0.002408860009076
0.002402638495422
0.002401809893368
0.002406266985110
0.002415778632185
0.002429997489387
0.002448470433161
0.002470651412729
0.002495916375098
0.002523579867301
0.002552912881948
0.002583161486263
0.002613565760737
0.002643378571681
0.002671883712180
0.002698412967839
0.002722361696654
0.002743202555310
0.002760497056040
0.002773904697408
0.002783189477450
0.002788223666742
0.002788988790334
0.002785573839267
0.002778170802688
0.002767067678592
0.002752639183311
0.002735335435394
0.002715668937241
0.002694200216547
0.002671522518386
0.002648245957077
0.002624981544407
0.002602325507283
0.002580844293794
0.002561060642340
0.002543441054808
0.002528384972723
0.002516215906088
0.002507174709628
0.002501415141909
0.002499001780956
0.002499910307107
0.002504030101728
0.002511169050567
0.002521060384582
0.002533371340388
0.002547713378385
0.002563653660078
0.002580727458134
0.002598451153730
0.002616335466319
0.002633898561002
0.002650678688204
0.002666246028913
0.002680213445646
0.002692245873780
0.002702068128885
0.002709470951980
0.002714315164925
0.002716533861037
0.002716132610007
0.002713187709855
0.002707842570533
0.002700302362515
0.002690827108019
0.002679723431315
0.002667335216822
0.002654033448765
0.002640205523334
0.002626244333324
0.002612537425998
0.002599456527487
0.002587347711788
0.002576522469865
0.002567249905232
0.002559750247613
0.002554189836826
0.002550677686151
