0.002606912465589
0.002604156639209
0.002601275089401
0.002598352476542
0.002595475488564
0.002592730322326
0.002590200151791
0.002587962656653
0.002586087684125
0.002584635113557
0.002583652988406
0.002583175973080
0.002583224183338
0.002583802428673
0.002584899893530
0.002586490271789
0.002588532355919
0.002590971069007
0.002593738914880
0.002596757809038
0.002599941241668
0.002603196713708
0.002606428378331
0.002609539813406
0.002612436845765
0.002615030345652
0.002617238909566
0.002618991351934
0.002620228930608
0.002620907237966
0.002620997698221
0.002620488622248
0.002619385783415
0.002617712491376
0.002615509155015
0.002612832340452
0.002609753344757
0.002606356320305
0.002602735998238
0.002598995071733
0.002595241310490
0.002591584486568
0.002588133198307
0.002584991683150
0.002582256711816
0.002580014655139
0.002578338811201
0.002577287074071
0.002576900016683
0.002577199449494
0.002578187503605
0.002579846272605
0.002582138031711
0.002585006036345
0.002588375885590
0.002592157419416
0.002596247102675
0.002600530834127
0.002604887105535
0.002609190424663
0.002613314907076
0.002617137935323
0.002620543780612
0.002623427081550
0.002625696077020
0.002627275495758
0.002628109013589
0.002628161200319
0.002627418891796
0.002625891938151
0.002623613296453
0.002620638454354
0.002617044190383
0.002612926695682
0.002608399100815
0.002603588469082
0.002598632334144
0.002593674874167
0.002588862826692
0.002584341257644
0.002580249304032
0.002576716012666
0.002573856396596
0.002571767826831
0.002570526869324
0.002570186666383
0.002570774947809
0.002572292740531
0.002574713826732
0.002577984979929
0.002582026986729
0.002586736439649
0.002591988264053
0.002597638920591
0.002603530204122
0.002609493541575
0.002615354675114
0.002620938603796
0.002626074647120
0.002630601487726
0.002634372048344
0.002637258059936
0.002639154183975
0.002639981561737
0.002639690677233
0.002638263437624
0.002635714395224
0.002632091057998
0.002627473260223
0.002621971590989
0.002615724904899
0.002608896965718
0.002601672299383
0.002594251356667
0.002586845107453
0.002579669207202
0.002572937891264
0.002566857763760
0.002561621654296
0.002557402717723
0.002554348949116
0.002552578278351
0.002552174396007
0.002553183445243
0.002555611693028
0.002559424269266
0.002564545034453
0.002570857606352
0.002578207544433
0.002586405658441
0.002595232375281
0.002604443067232
0.002613774215420
0.002622950256032
0.002631690934040
0.002639718970669
0.002646767837227
0.002652589419662
0.002656961355657
0.002659693829405
0.002660635618503
0.002659679202515
0.002656764763412
0.002651882933872
0.002645076179749
0.002636438737181
0.002626115061945
0.002614296787929
0.002601218231912
0.002587150522189
0.002572394467933
0.002557272323396
0.002542118635166
0.002527270390712
0.002513056711439
0.002499788352819
0.002487747287001
0.002477176649373
0.002468271329427
0.002461169477802
0.002455945185745
0.002452602570524
0.002451071471080
0.002451204923004
0.002452778541526
0.002455491896539
0.002458971915805
0.002462778302554
0.002466410902873
0.002469318907950
0.002470911727538
0.002470571325332
0.002467665765389
0.002461563682478
0.002451649359286
0.002437338070604
0.002418091339646
0.002393431745096
0.002362956919548
0.002326352390880
0.002283402937622
0.002234002157220
0.002178159981707
0.002116007917919
0.002047801838103
0.001973922200470
0.001894871636661
0.001811269902968
0.001723846252950
0.001633429349413
0.001540934892122
0.001447351192565
0.001353722977328
0.001261133745796
0.001170687044929
0.001083487052694
0.001000618881727
0.000923129025214
0.000852006367658
0.000788164173861
0.000732423450406
0.000685498045388
0.000647981814908
0.000620338139537
0.000602892021877
0.000595824938384
0.000599172556504
0.000612825363003
0.000636532183059
0.000669906503516
0.000712435449549
0.000763491203146
0.000822344596054
0.000888180560235
0.000960115076903
0.001037213231755
0.001118507959949
0.001203019050350
0.001289771974853
0.001377816115397
0.001466241978374
0.001554197013133
0.001640899687533
0.001725651518141
0.001807846804530
0.001886979875019
0.001962649713647
0.002034561903606
0.002102527889185
0.002166461624864
0.002226373744773
0.002282363446852
0.002334608342006
0.002383352568098
0.002428893510410
0.002471567503249
0.002511734910808
0.002549764998654
0.002586021009928
0.002620845852513
0.002654548785142
0.002687393462261
0.002719587660037
0.002751274960246
0.002782528615955
0.002813347764364
0.002843656089307
0.002873302970340
0.002902067088814
0.002929662395396
0.002955746279999
0.002979929725549
0.003001789172997
0.003020879777906
0.003036749699984
0.003048955037165
0.003057074995966
0.003060726880530
0.003059580484130
0.003053371479102
0.003041913423807
0.003025108037829
0.003002953438391
0.002975550080843
0.002943104202913
0.002905928634670
0.002864440902401
0.002819158623085
0.002770692255240
0.002719735339778
0.002667052429484
0.002613464966210
0.002559835419183
0.002507050044757
0.002456000666118
0.002407565900006
0.002362592275624
0.002321875698094
0.002286143704892
0.002256038948635
0.002232104313816
0.002214770039124
0.002204343171722
0.002200999626378
0.002204779061927
0.002215582721651
0.002233174314448
0.002257183941716
0.002287115002595
0.002322353939249
0.002362182616023
0.002405793063204
0.002452304259354
0.002500780577076
0.002550251476893
0.002599732003610
0.002648243619840
0.002694834902808
0.002738601633251
0.002778705819230
0.002814393222508
0.002845008990313
0.002870011039881
0.002888980896063
0.002901631742242
0.002907813510325
0.002907514905089
0.002900862329975
0.002888115753788
0.002869661628952
0.002846003040268
0.002817747326873
0.002785591477791
0.002750305651799
0.002712715214000
0.002673681713641
0.002634083249607
0.002594794681106
0.002556668141221
0.002520514300277
0.002487084804640
0.002457056285278
0.002431016289947
0.002409451444284
0.002392738091621
0.002381135600370
0.002374782462869
0.002373695242286
0.002377770356130
0.002386788617785
0.002400422392957
0.002418245167436
0.002439743267625
0.002464329427176
0.002491357852808
0.002520140410996
0.002549963535284
0.002580105441956
0.002609853239916
0.002638519528796
0.002665458097184
0.002690078359986
0.002711858209434
0.002730354997249
0.002745214414775
0.002756177092219
0.002763082796140
0.002765872164436
0.002764585978936
0.002759362035618
0.002750429730166
0.002738102530491
0.002722768556808
0.002704879532661
0.002684938406009
0.002663485967223
0.002641086810204
0.002618314993235
0.002595739757648
0.002573911654955
0.002553349417032
0.002534527879882
0.002517867239990
0.002503723884445
0.002492382992607
0.002484053059580
0.002478862441131
0.002476857967497
0.002478005620886
0.002482193219909
0.002489235004843
0.002498877971787
0.002510809762510
0.002524667881102
0.002540049979229
0.002556524929497
0.002573644391595
0.002590954568834
0.002608007853407
0.002624374067032
0.002639651019376
0.002653474129101
0.002665524880994
0.002675537926545
0.002683306673556
0.002688687251883
0.002691600786106
0.002692033950625
0.002690037827226
0.002685725128413
0.002679265890679
0.002670881779352
0.002660839179804
0.002649441277879
0.002637019354706
0.002623923537177
0.002610513254926
0.002597147657552
0.002584176242072
0.002571929930428
0.002560712820636
