0.002038351608720
0.002038352556386
0.002038353494765
0.002038354423806
0.002038355343424
0.002038356253488
0.002038357153830
0.002038358044236
0.002038358924439
0.002038359794111
0.002038360652834
0.002038361500072
0.002038362335116
0.002038363157013
0.002038363964466
0.002038364755698
0.002038365528263
0.002038366278788
0.002038367002635
0.002038367693434
0.002038368342465
0.002038368937837
0.002038369463397
0.002038369897289
0.002038370210059
0.002038370362171
0.002038370300768
0.002038369955439
0.002038369232748
0.002038368009156
0.002038366121909
0.002038363357370
0.002038359436131
0.002038353994099
0.002038346558585
0.002038336518208
0.002038323085203
0.002038305248424
0.002038281715058
0.002038250838673
0.002038210530882
0.002038158153434
0.002038090387152
0.002038003073596
0.002037891024932
0.002037747796964
0.002037565419894
0.002037334081011
0.002037041753274
0.002036673763661
0.002036212295287
0.002035635817714
0.002034918440642
0.002034029187375
0.002032931186184
0.002031580780037
0.002029926558205
0.002027908317060
0.002025455962023
0.002022488368174
0.002018912223414
0.002014620885344
0.002009493291064
0.002003392967700
0.001996167200510
0.001987646424508
0.001977643914302
0.001965955854794
0.001952361881911
0.001936626187009
0.001918499280205
0.001897720505921
0.001874021397567
0.001847129946715
0.001816775844749
0.001782696731133
0.001744645451932
0.001702398294837
0.001655764123117
0.001604594281186
0.001548793090142
0.001488328694262
0.001423243961194
0.001353667082254
0.001279821467761
0.001202034489370
0.001120744590417
0.001036506270290
0.000949992453179
0.000861993778543
0.000773414402642
0.000685263979082
0.000598645591831
0.000514739545399
0.000434783071092
0.000360046181006
0.000291804086424
0.000231306786778
0.000179746620125
0.000138224735949
0.000107717595374
0.000089044711948
0.000082838908151
0.000089520370430
0.000109275732676
0.000142043301357
0.000187505355249
0.000245088212623
0.000313970466861
0.000393099459387
0.000481215701570
0.000576884592875
0.000678534430587
0.000784499387309
0.000893065865936
0.001002520445572
0.001111197520366
0.001217524716408
0.001320064253930
0.001417548601676
0.001508909039303
0.001593296088370
0.001670091173494
0.001738909309569
0.001799593052493
0.001852198373086
0.001896973491242
0.001934332017076
0.001964821970029
0.001989092373367
0.002007859145126
0.002021871929172
0.002031883340701
0.002038621854214
0.002042769258828
0.002044943268995
0.002045685532852
0.002045454949492
0.002044625911927
0.002043490851735
0.002042266286561
0.002041101468936
0.002040088704475
0.002039274443962
0.002038670346895
0.002038263650061
0.002038026337910
0.002037922785716
0.002037915716605
0.002037970466492
0.002038057677050
0.002038154629970
0.002038245493496
0.002038320775912
0.002038376274235
0.002038411776229
0.002038429727297
0.002038434018550
0.002038428995608
0.002038418735232
0.002038406593210
0.002038394994492
0.002038385416110
0.002038378504421
0.002038374268668
0.002038372300401
0.002038371980077
0.002038372645693
0.002038373711228
0.002038374733586
0.002038375434612
0.002038375689378
0.002038375493571
0.002038374922007
0.002038374087947
0.002038373109673
0.002038372087587
0.002038371092276
0.002038370162000
0.002038369306928
0.002038368517116
0.002038367771512
0.002038367045988
0.002038366319195
0.002038365575854
0.002038364807705
0.002038364012708
0.002038363193255
0.002038362354075
0.002038361500382
0.002038360636558
0.002038359765475
0.002038358888387
0.002038358005217
0.002038357115044
0.002038356216622
0.002038355308789
0.002038354390724
0.002038353462037
0.002038352522728
0.002038351573066
