0.002038352428165
0.002038353373247
0.002038354308362
0.002038355233439
0.002038356148324
0.002038357052745
0.002038357946282
0.002038358828309
0.002038359697941
0.002038360553961
0.002038361394720
0.002038362218014
0.002038363020914
0.002038363799545
0.002038364548785
0.002038365261876
0.002038365929907
0.002038366541144
0.002038367080153
0.002038367526673
0.002038367854159
0.002038368027910
0.002038368002684
0.002038367719645
0.002038367102494
0.002038366052565
0.002038364442649
0.002038362109222
0.002038358842719
0.002038354375401
0.002038348366269
0.002038340382384
0.002038329875814
0.002038316155304
0.002038298351586
0.002038275375091
0.002038245864591
0.002038208125107
0.002038160053169
0.002038099047254
0.002038021900965
0.002037924676238
0.002037802553589
0.002037649656154
0.002037458844031
0.002037221475260
0.002036927129629
0.002036563291472
0.002036114987700
0.002035564377544
0.002034890290924
0.002034067713000
0.002033067213416
0.002031854319988
0.002030388838242
0.002028624120209
0.002026506288422
0.002023973424001
0.002020954731215
0.002017369694868
0.002013127251378
0.002008124999272
0.002002248480151
0.001995370566701
0.001987350999956
0.001978036123562
0.001967258867995
0.001954839042216
0.001940583993812
0.001924289700876
0.001905742359269
0.001884720527062
0.001860997883450
0.001834346651774
0.001804541725124
0.001771365517971
0.001734613548193
0.001694100730570
0.001649668335444
0.001601191535064
0.001548587425627
0.001491823376019
0.001430925515807
0.001365987136482
0.001297176742935
0.001224745458549
0.001149033459206
0.001070475091178
0.000989602317539
0.000907046139695
0.000823535656831
0.000739894458326
0.000657034093641
0.000575944431493
0.000497680805074
0.000423347941674
0.000354080791105
0.000291022494853
0.000235299872624
0.000187996939768
0.000150127101988
0.000122604796016
0.000106217449560
0.000101598713560
0.000109203968015
0.000129289113059
0.000161893625048
0.000206828779669
0.000263671819606
0.000331766674073
0.000410231625387
0.000497974070144
0.000593712248294
0.000696003523930
0.000803278510049
0.000913880050391
0.001026105819918
0.001138253096363
0.001248664102165
0.001355770230673
0.001458133461181
0.001554483338978
0.001643748049593
0.001725078346464
0.001797863389441
0.001861737904303
0.001916580463436
0.001962503094702
0.001999832826971
0.002029086154237
0.002050937723862
0.002066184809077
0.002075709296032
0.002080438990882
0.002081310028231
0.002079232040271
0.002075057534359
0.002069556639482
0.002063398037905
0.002057136520024
0.002051207212641
0.002045926158558
0.002041496592138
0.002038019981414
0.002035510708171
0.002033913142858
0.002033119844548
0.002032989674388
0.002033364744599
0.002034085319804
0.002035002024835
0.002035984972653
0.002036929686661
0.002037759933641
0.002038427789989
0.002038911422106
0.002039211163847
0.002039344517410
0.002039340691615
0.002039235230423
0.002039065185580
0.002038865163525
0.002038664442203
0.002038485221572
0.002038341954233
0.002038241608711
0.002038184653183
0.002038166514138
0.002038179261163
0.002038213291845
0.002038258833210
0.002038307130825
0.002038351255822
0.002038386516526
0.002038410509268
0.002038422878253
0.002038424875128
0.002038418815082
0.002038407519697
0.002038393820295
0.002038380172976
0.002038368411759
0.002038359642784
0.002038354263194
0.002038352074884
0.002038352456501
0.002038354556619
0.002038357475757
0.002038360413320
0.002038362765614
0.002038364171222
0.002038364508630
0.002038363857130
0.002038362435293
0.002038360531691
0.002038358440604
0.002038356411908
0.002038354620095
0.002038353153164
0.002038352018726
0.002038351162384
