0.002038351564215
0.002038352511673
0.002038353449222
0.002038354376884
0.002038355294688
0.002038356202663
0.002038357100825
0.002038357989162
0.002038358867616
0.002038359736055
0.002038360594245
0.002038361441808
0.002038362278171
0.002038363102503
0.002038363913623
0.002038364709888
0.002038365489028
0.002038366247929
0.002038366982332
0.002038367686427
0.002038368352299
0.002038368969190
0.002038369522502
0.002038369992483
0.002038370352473
0.002038370566601
0.002038370586758
0.002038370348633
0.002038369766559
0.002038368726823
0.002038367079032
0.002038364625008
0.002038361104587
0.002038356177511
0.002038349400474
0.002038340198137
0.002038327826713
0.002038311328432
0.002038289474877
0.002038260696839
0.002038222997927
0.002038173848738
0.002038110057920
0.002038027615995
0.002037921507259
0.002037785484652
0.002037611801957
0.002037390897377
0.002037111022181
0.002036757808047
0.002036313766775
0.002035757716461
0.002035064128921
0.002034202394390
0.002033136001211
0.002031821630614
0.002030208169763
0.002028235650139
0.002025834123107
0.002022922490183
0.002019407312165
0.002015181628798
0.002010123828985
0.002004096620543
0.001996946157929
0.001988501395865
0.001978573745970
0.001966957121880
0.001953428465193
0.001937748849326
0.001919665260124
0.001898913150073
0.001875219856355
0.001848308960947
0.001817905652781
0.001783743127114
0.001745570025276
0.001703158878951
0.001656315477252
0.001604889023013
0.001548782888024
0.001487965717262
0.001422482571836
0.001352465742115
0.001278144809795
0.001199855494024
0.001118046786076
0.001033285863354
0.000946260280374
0.000857776965074
0.000768757605769
0.000680230098722
0.000593315838830
0.000509212774706
0.000429174311518
0.000354484325179
0.000286428743213
0.000226264342386
0.000175185601284
0.000134290616627
0.000104547234300
0.000086760648709
0.000081543777579
0.000089291715145
0.000110161499497
0.000144058296762
0.000190628907016
0.000249263239362
0.000319104095515
0.000399065255466
0.000487857491734
0.000584021769229
0.000685968536394
0.000792021700804
0.000900465628612
0.001009593329331
0.001117753898959
0.001223397303838
0.001325114697583
0.001421672670308
0.001512040123192
0.001595406826282
0.001671193132494
0.001739050761395
0.001798855005976
0.001850689127565
0.001894822063203
0.001931680854984
0.001961819405763
0.001985885260584
0.002004586105360
0.002018657568331
0.002028833716846
0.002035821378981
0.002040279107822
0.002042801269536
0.002043907399071
0.002044036652358
0.002043546911064
0.002042717880520
0.002041757373184
0.002040809892734
0.002039966625509
0.002039275999492
0.002038754074737
0.002038394169165
0.002038175284196
0.002038069060630
0.002038045152514
0.002038075044271
0.002038134446014
0.002038204479439
0.002038271911015
0.002038328702700
0.002038371137807
0.002038398747250
0.002038413216315
0.002038417401312
0.002038414535186
0.002038407656249
0.002038399258003
0.002038391132289
0.002038384362723
0.002038379419797
0.002038376310992
0.002038374746609
0.002038374292330
0.002038374490620
0.002038374943268
0.002038375355576
0.002038375548256
0.002038375446120
0.002038375053267
0.002038374423493
0.002038373632519
0.002038372756188
0.002038371856372
0.002038370974437
0.002038370130838
0.002038369328806
0.002038368560012
0.002038367810462
0.002038367065402
0.002038366312623
0.002038365544072
0.002038364756035
0.002038363948345
0.002038363123137
0.002038362283545
0.002038361432663
0.002038360572869
0.002038359705565
0.002038358831211
0.002038357949564
0.002038357059986
0.002038356161729
0.002038355254138
0.002038354336759
0.002038353409358
0.002038352471878
0.002038351524374
