0.0034383959023908447
0.0034818188847337006
0.00352082749365333
0.003552666835307307
0.003575016486008873
0.0035861465579561562
0.0035850365071661322
0.0035714495025683966
0.0035459580369559944
0.0035099194973295693
0.0034654034291820234
0.0034150750441675638
0.003362041974727189
0.0033096732460414255
0.0032614008262250396
0.0032205148811715193
0.0031899639917973748
0.003172171116205269
0.0031688750566343667
0.003181005705162131
0.0032085994947686743
0.003250759385475848
0.0033056614836897186
0.003370608138140211
0.0034421251810073067
0.0035160989787853345
0.0035879472002984403
0.0036528157592436964
0.003705793289769696
0.0037421337943793305
0.0037574777777975217
0.0037480622489678653
0.0037109104245477407
0.0036439927786731793
0.0035463522227683177
0.003418187623784842
0.0032608915287057265
0.003077039798568713
0.0028703328005960193
0.002645489790273634
0.0024081000602722232
0.0021644362619923554
0.0019212369413601485
0.0016854667007992741
0.0014640634395654377
0.0012636827820037993
0.001090450039988679
0.0009497298519647631
0.0008459229967430111
0.0007822988165989303
0.0007608702431196679
0.0007823166617515608
0.0008459578547292416
0.0009497801173097714
0.0010905134472402208
0.0012637565631058584
0.0014641445118436492
0.0016855518694652793
0.0019213230994156835
0.0021645205709598485
0.0024081800972387537
0.002645563650109478
0.0028703991465744982
0.0030770978595556766
0.003260941046136048
0.003418228756322737
0.003546385420416945
0.003644018640793515
0.003710929557516356
0.003748075138932271
0.0037574846922079786
0.0037421347228625505
0.003705787930764519
0.003652803554043001
0.0035879274111957392
0.0035160708033872756
0.003442087890893828
0.0033705612273105395
0.003305604810895757
0.003250693294752189
0.003208524900211598
0.0031809241291331915
0.0031687886147804805
0.003172082447604176
0.0031898761376945584
0.003220431120685997
0.0032613244816021352
0.0033096074731198627
0.003361989555967803
0.0034150382016942386
0.003465383673792207
0.0035099175264707507
0.0035459736905027583
0.0035714817802516346
0.0035850836461588115
0.0035862061639008033
0.003575085706161628
0.0035527425588966115
0.0035209065623367625
0.0034818982953861754
0.0034384729854270153
