0.002038059041516
0.002037923052071
0.002037735287386
0.002037478064861
0.002037128418864
0.002036656794132
0.002036025506468
0.002035186957817
0.002034081602005
0.002032635670128
0.002030758681323
0.002028340785575
0.002025250010196
0.002021329510374
0.002016394955707
0.002010232217733
0.002002595556130
0.001993206531177
0.001981753894268
0.001967894723511
0.001951257074224
0.001931444400997
0.001908041975832
0.001880625473203
0.001848771816390
0.001812072280078
0.001770147723770
0.001722665692760
0.001669358974045
0.001610045041352
0.001544645676135
0.001473205920581
0.001395911416169
0.001313103118215
0.001225288363576
0.001133147313306
0.001037533899638
0.000939470578490
0.000840136421317
0.000740848365647
0.000643035769171
0.000548208760901
0.000457921234487
0.000373729661008
0.000297149188831
0.000229608725075
0.000172406838449
0.000126670373114
0.000093317609834
0.000073027653243
0.000066217468592
0.000073027651156
0.000093317605861
0.000126670367642
0.000172406832022
0.000229608718351
0.000297149182533
0.000373729655867
0.000457921231190
0.000548208760034
0.000643035771179
0.000740848370795
0.000840136429673
0.000939470589920
0.001037533913815
0.001133147329734
0.001225288381632
0.001313103137191
0.001395911435329
0.001473205939219
0.001544645693625
0.001610045057198
0.001669358987917
0.001722665704524
0.001770147733491
0.001812072288021
0.001848771822997
0.001880625479061
0.001908041981626
0.001931444407458
0.001951257082075
0.001967894733412
0.001981753906762
0.001993206546652
0.002002595574789
0.002010232239578
0.002016394980537
0.002021329537805
0.002025250039686
0.002028340816466
0.002030758712894
0.002032635701645
0.002034081632784
0.002035186987269
0.002036025534149
0.002036656819775
0.002037128442398
0.002037478086420
0.002037735307295
0.002037923070824
0.002038059059735
