0.002960697355551
0.002961319981137
0.002961930299889
0.002962528675041
0.002963116365675
0.002963695443925
0.002964268654634
0.002964839226698
0.002965410648796
0.002965986424844
0.002966569826154
0.002967163657714
0.002967770055307
0.002968390328243
0.002969024859531
0.002969673071440
0.002970333459904
0.002971003696436
0.002971680791325
0.002972361307446
0.002973041610109
0.002973718135498
0.002974387658483
0.002975047540164
0.002975695936495
0.002976331951670
0.002976955723542
0.002977568432983
0.002978172234468
0.002978770110923
0.002979365661640
0.002979962837373
0.002980565641222
0.002981177817226
0.002981802550340
0.002982442201625
0.002983098100722
0.002983770414271
0.002984458103834
0.002985158980521
0.002985869856256
0.002986586783890
0.002987305370871
0.002988021144376
0.002988729940338
0.002989428285170
0.002990113737613
0.002990785159274
0.002991442886209
0.002992088780246
0.002992726147302
0.002993359520300
0.002993994315680
0.002994636384173
0.002995291487437
0.002995964741502
0.002996660074625
0.002997379750456
0.002998124006532
0.002998890852808
0.002999676064988
0.003000473393260
0.003001274989317
0.003002072034385
0.003002855529956
0.003003617192753
0.003004350378256
0.003005050944859
0.003005717965373
0.003006354195688
0.003006966222883
0.003007564237183
0.003008161403105
0.003008772843067
0.003009414288892
0.003010100499083
0.003010843578158
0.003011651363752
0.003012526063144
0.003013463319345
0.003014451865440
0.003015473883659
0.003016506124360
0.003017521763602
0.003018492892800
0.003019393448475
0.003020202314232
0.003020906270936
0.003021502444199
0.003021999907950
0.003022420153295
0.003022796222843
0.003023170437120
0.003023590791623
0.003024106265938
0.003024761442263
0.003025590960391
0.003026614420683
0.003027832370122
0.003029223958680
0.003030746730652
0.003032338823921
0.003033923603714
0.003035416479119
0.003036733369874
0.003037800040742
0.003038561334326
0.003038989239600
0.003039088754000
0.003038900641307
0.003038500451867
0.003037993536923
0.003037506222416
0.003037173765045
0.003037126143455
0.003037473086882
0.003038289963888
0.003039606207091
0.003041397814602
0.003043585143877
0.003046036719878
0.003048579159511
0.003051012629105
0.003053130575000
0.003054741877871
0.003055693154083
0.003055888724272
0.003055305831448
0.003054003031685
0.003052120282459
0.003049870068126
0.003047519852305
0.003045367135569
0.003043709314961
0.003042811281183
0.003042874154355
0.003044008678836
0.003046216534895
0.003049382183386
0.003053276884898
0.003057575313209
0.003061883832817
0.003065778172375
0.003068847047546
0.003070737407393
0.003071196512607
0.003070106078432
0.003067504257780
0.003063592274189
0.003058723958672
0.003053378169023
0.003048115907069
0.003043525709135
0.003040162375471
0.003038485150546
0.003038801929771
0.003041225864167
0.003045649842373
0.003051742798930
0.003058969747761
0.003066635048919
0.003073945909350
0.003080090743382
0.003084325026426
0.003086055892243
0.003084916129481
0.003080818538732
0.003073982847345
0.003064929487031
0.003054437372980
0.003043466158983
0.003033046996679
0.003024149277906
0.003017533858025
0.003013605537757
0.003012278864906
0.003012871425618
0.003014037643666
0.003013753719971
0.003009360857438
0.002997669565543
0.002975122948507
0.002938011835260
0.002882729824319
0.002806052203804
0.002705419638598
0.002579205794024
0.002426947889607
0.002249520629944
0.002049236995013
0.001829863813130
0.001596545591580
0.001355636350962
0.001114445740173
0.000880912008090
0.000663219990286
0.000469386694927
0.000306839982463
0.000182016980731
0.000100008144079
0.000064270277740
0.000076427574383
0.000136174045831
0.000241284084097
0.000387730733564
0.000569904121331
0.000780915895549
0.001012969941214
0.001257775480517
0.001506976212982
0.001752568570825
0.001987283476691
0.002204909070683
0.002400536466260
0.002570716334806
0.002713520560050
0.002828509855458
0.002916614603378
0.002979941790594
0.003021525386249
0.003045040538161
0.003054503375408
0.003053977952017
0.003047310033238
0.003037904217277
0.003028556607723
0.003021350284679
0.003017615585803
0.003017952127022
0.003022304962023
0.003030083633562
0.003040310355790
0.003051782328448
0.003063233252253
0.003073480411093
0.003081546032076
0.003086744770632
0.003088732781133
0.003087517585344
0.003083431507710
0.003077074508643
0.003069234574074
0.003060795248890
0.003052640359489
0.003045565474090
0.003040204301692
0.003036976207250
0.003036058549975
0.003037384891423
0.003040667531834
0.003045440557945
0.003051117821940
0.003057059158529
0.003062637755181
0.003067301915879
0.003070625428825
0.003072342231819
0.003072362890840
0.003070772368801
0.003067810460410
0.003063837920093
0.003059292562185
0.003054640362722
0.003050326792940
0.003046733276367
0.003044142848504
0.003042717919672
0.003042491637922
0.003043372875918
0.003045163477768
0.003047585236324
0.003050313235213
0.003053011749799
0.003055368879485
0.003057126457647
0.003058102492619
0.003058204339813
0.003057431878006
0.003055871042364
0.003053679039443
0.003051063340272
0.003048257048574
0.003045493437155
0.003042982335980
0.003040890672363
0.003039328866113
0.003038344048431
0.003037920290170
0.003037985279517
0.003038422257687
0.003039085563001
0.003039817884598
0.003040467298053
0.003040902332518
0.003041023667781
0.003040771528830
0.003040128375273
0.003039117011352
0.003037794712708
0.003036244332717
0.003034563583547
0.003032853771693
0.003031209208539
0.003029708332812
0.003028407304678
0.003027336499349
0.003026499982316
0.003025877727339
0.003025430074361
0.003025103740349
0.003024838603577
0.003024574481611
0.003024257205740
0.003023843442111
0.003023303899650
0.003022624771907
0.003021807460132
0.003020866797590
0.003019828124947
0.003018723644679
0.003017588506666
0.003016457051324
0.003015359569569
0.003014319842899
0.003013353615539
0.003012468037627
0.003011662015831
0.003010927324884
0.003010250276248
0.003009613710981
0.003008999081964
0.003008388412374
0.003007765957262
0.003007119446500
0.003006440843719
0.003005726610607
0.003004977514186
0.003004198052534
0.003003395599972
0.003002579385205
0.003001759416289
0.003000945456246
0.003000146135201
0.002999368261869
0.002998616371881
0.002997892525277
0.002997196342736
0.002996525251184
0.002995874895392
0.002995239663473
0.002994613270728
0.002993989347614
0.002993361983099
0.002992726183210
0.002992078215333
0.002991415820624
0.002990738288834
0.002990046401071
0.002989342255683
0.002988629000233
0.002987910497794
0.002987190958642
0.002986474568668
0.002985765143797
0.002985065835609
0.002984378907778
0.002983705596251
0.002983046058940
0.002982399413611
0.002981763856094
0.002981136845377
0.002980515337945
0.002979896050981
0.002979275733039
0.002978651421313
0.002978020666676
0.002977381710928
0.002976733604933
0.002976076261119
0.002975410438896
0.002974737666456
0.002974060106885
0.002973380380206
0.002972701355741
0.002972025930784
0.002971356812029
0.002970696315500
0.002970046198940
0.002969407537933
0.002968780653665
0.002968165096394
0.002967559684723
0.002966962596845
0.002966371506420
0.002965783752796
0.002965196533074
0.002964607102273
0.002964012967501
0.002963412062693
0.002962802892012
0.002962184632333
