0.002758283479316
0.002756752384267
0.002755189261942
0.002753662454260
0.002752239550430
0.002750984407860
0.002749954296067
0.002749197290040
0.002748750030315
0.002748635952696
0.002748864071476
0.002749428377093
0.002750307883293
0.002751467331059
0.002752858528163
0.002754422275218
0.002756090802931
0.002757790621936
0.002759445667232
0.002760980604694
0.002762324158123
0.002763412312266
0.002764191250428
0.002764619894619
0.002764671931380
0.002764337226877
0.002763622559792
0.002762551628916
0.002761164323078
0.002759515272699
0.002757671733683
0.002755710883986
0.002753716639952
0.002751776121975
0.002749975916390
0.002748398291753
0.002747117532342
0.002746196549463
0.002745683921945
0.002745611501418
0.002745992695993
0.002746821518864
0.002748072456967
0.002749701180643
0.002751646079470
0.002753830573761
0.002756166116966
0.002758555773095
0.002760898226435
0.002763092059666
0.002765040121924
0.002766653801072
0.002767857015053
0.002768589745586
0.002768810953650
0.002768500739423
0.002767661638942
0.002766318984422
0.002764520293676
0.002762333694741
0.002759845433102
0.002757156548883
0.002754378848561
0.002751630328325
0.002749030232800
0.002746693952250
0.002744727972490
0.002743225094116
0.002742260130857
0.002741886281094
0.002742132342253
0.002743000905819
0.002744467632202
0.002746481661181
0.002748967166846
0.002751826017730
0.002754941455176
0.002758182657946
0.002761410020535
0.002764480938443
0.002767255867362
0.002769604406056
0.002771411145662
0.002772581031668
0.002773043999088
0.002772758665929
0.002771714904271
0.002769935150800
0.002767474368054
0.002764418621909
0.002760882297968
0.002757004037104
0.002752941526136
0.002748865331146
0.002744952005997
0.002741376745199
0.002738305876693
0.002735889504941
0.002734254617173
0.002733498955149
0.002733685931581
0.002734840834999
0.002736948520385
0.002739952727120
0.002743757102515
0.002748227940977
0.002753198578223
0.002758475309811
0.002763844636363
0.002769081577138
0.002773958741592
0.002778255807724
0.002781769028184
0.002784320371936
0.002785765911616
0.002786003084958
0.002784976492587
0.002782681943095
0.002779168518222
0.002774538503991
0.002768945115280
0.002762588028496
0.002755706826515
0.002748572548266
0.002741477618865
0.002734724511430
0.002728613555475
0.002723430356216
0.002719433321684
0.002716841808566
0.002715825391844
0.002716494737296
0.002718894509975
0.002722998687107
0.002728708562266
0.002735853631798
0.002744195447553
0.002753434405665
0.002763219323721
0.002773159542403
0.002782839177207
0.002791833045509
0.002799723708236
0.002806118997516
0.002810669355152
0.002813084284085
0.002813147217959
0.002810728143209
0.002805793363754
0.002798411879146
0.002788757950974
0.002777109556330
0.002763842567483
0.002749420649038
0.002734381022568
0.002719316408645
0.002704853611454
0.002691629356146
0.002680264118096
0.002671334791213
0.002665347124676
0.002662708910332
0.002663704923355
0.002668474604977
0.002676993427378
0.002689058797628
0.002704281241687
0.002722081463722
0.002741693704403
0.002762175629410
0.002782424771945
0.002801201337145
0.002817156958928
0.002828868788162
0.002834878092409
0.002833732368789
0.002824029819234
0.002804464917306
0.002773873712698
0.002731277477172
0.002675923296558
0.002607320258555
0.002525269975107
0.002429890309395
0.002321631347554
0.002201282859892
0.002069972729576
0.001929156081952
0.001780595117141
0.001626329924147
0.001468640827870
0.001310003082590
0.001153034968278
0.001000440561561
0.000854948634319
0.000719249273483
0.000595929910732
0.000487412496969
0.000395893551564
0.000323288759999
0.000271183686838
0.000240792016713
0.000232922538402
0.000247955851897
0.000285831512335
0.000346046035810
0.000427661888936
0.000529327275790
0.000649306231812
0.000785518243617
0.000935586345321
0.001096892404017
0.001266638106763
0.001441910004796
0.001619746862475
0.001797207501787
0.001971437329732
0.002139731785471
0.002299595045006
0.002448792470086
0.002585395480164
0.002707817755503
0.002814841938608
0.002905636282066
0.002979760984718
0.003037164255922
0.003078168440256
0.003103446813616
0.003113991917793
0.003111076526838
0.003096208528289
0.003071081150256
0.003037520067659
0.002997428975083
0.002952735218841
0.002905337037765
0.002857053873009
0.002809581075516
0.002764450170674
0.002722995639072
0.002686328947170
0.002655320319703
0.002630588494730
0.002612498450616
0.002601166849855
0.002596474715133
0.002598086645396
0.002605475699989
0.002617952932297
0.002634700444604
0.002654806765653
0.002677303322948
0.002701200792940
0.002725524162472
0.002749345421475
0.002771812925990
0.002792176617306
0.002809808451641
0.002824217579132
0.002835060004265
0.002842142655552
0.002845421983511
0.002844997386604
0.002841099928830
0.002834076955103
0.002824373327257
0.002812510091145
0.002799061441917
0.002784630879034
0.002769827435201
0.002755242825377
0.002741430295648
0.002728885860361
0.002718032503375
0.002709207790431
0.002702655199362
0.002698519328729
0.002696844998677
0.002697580115795
0.002700582041369
0.002705627084152
0.002712422638446
0.002720621408965
0.002729837107785
0.002739660977116
0.002749678484843
0.002759485557443
0.002768703755367
0.002776993857248
0.002784067398316
0.002789695801703
0.002793716845081
0.002796038314974
0.002796638812917
0.002795565787140
0.002792930966564
0.002788903466963
0.002783700918969
0.002777579031514
0.002770820050460
0.002763720599249
0.002756579396044
0.002749685330216
0.002743306351296
0.002737679577185
0.002733002967880
0.002729428838885
0.002727059407997
0.002725944483563
0.002726081315137
0.002727416542039
0.002729850094980
0.002733240833568
0.002737413640814
0.002742167646740
0.002747285218495
0.002752541334883
0.002757712959366
0.002762588037012
0.002766973766777
0.002770703839474
0.002773644381888
0.002775698406575
0.002776808632237
0.002776958608544
0.002776172149043
0.002774511143487
0.002772071884047
0.002768980095886
0.002765384909545
0.002761452048823
0.002757356532142
0.002753275197131
0.002749379357152
0.002745827885070
0.002742760994638
0.002740294954601
0.002738517926792
0.002737487068983
0.002737226988288
0.002737729573847
0.002738955180588
0.002740835081529
0.002743275056314
0.002746159940504
0.002749358925108
0.002752731370192
0.002756132880967
0.002759421389946
0.002762462994531
0.002765137315253
0.002767342165016
0.002768997352832
0.002770047485168
0.002770463672391
0.002770244095014
0.002769413432438
0.002768021203807
0.002766139114376
0.002763857539893
0.002761281314212
0.002758525010644
0.002755707924405
0.002752948971494
0.002750361718192
0.002748049745472
0.002746102534362
0.002744592032806
0.002743570032857
0.002743066450668
0.002743088562215
0.002743621206777
0.002744627929563
0.002746052996220
0.002747824176865
0.002749856167140
0.002752054489679
0.002754319702361
0.002756551730194
0.002758654135984
0.002760538151092
0.002762126300959
0.002763355480278
0.002764179358472
0.002764570026576
0.002764518830130
0.002764036368027
0.002763151672746
0.002761910621661
0.002760373660665
0.002758612948952
0.002756709056333
0.002754747361108
0.002752814306595
0.002750993677717
0.002749363055434
0.002747990596642
0.002746932270869
0.002746229663589
0.002745908430124
0.002745977455127
