0.002976880413236
0.002975510451399
0.002973814562568
0.002971919094277
0.002969969193341
0.002968117623730
0.002966512746606
0.002965286608658
0.002964544092173
0.002964354011533
0.002964742900396
0.002965692032006
0.002967137967163
0.002968976649324
0.002971070785740
0.002973259989463
0.002975372930650
0.002977240575180
0.002978709488356
0.002979654160165
0.002979987368901
0.002979667738253
0.002978703849361
0.002977154528593
0.002975125224332
0.002972760689466
0.002970234477120
0.002967736012632
0.002965456204608
0.002963572685912
0.002962235820805
0.002961556572611
0.002961597199409
0.002962365541943
0.002963813403034
0.002965839210699
0.002968294831057
0.002970996076712
0.002973736166147
0.002976301152443
0.002978486174040
0.002980111299892
0.002981035753438
0.002981169404568
0.002980480609464
0.002978999741507
0.002976818073268
0.002974082016754
0.002970983080667
0.002967744232900
0.002964603638820
0.002961796959071
0.002959539517741
0.002958009682095
0.002957334725055
0.002957580275179
0.002958744207097
0.002960755506052
0.002963478276146
0.002966720679778
0.002970248223850
0.002973800474336
0.002977110010327
0.002979922242553
0.002982014634685
0.002983213886340
0.002983409764613
0.002982564498151
0.002980716959062
0.002977981231318
0.002974539573298
0.002970630196935
0.002966530676166
0.002962538133918
0.002958947614111
0.002956030203004
0.002954012509586
0.002953059042493
0.002953258834629
0.002954617378130
0.002957054561030
0.002960408868818
0.002964447659350
0.002968882871122
0.002973391115438
0.002977636763091
0.002981296391677
0.002984082829928
0.002985767031942
0.002986196139188
0.002985306334941
0.002983129448440
0.002979792700964
0.002975511473114
0.002970575477543
0.002965329208085
0.002960147969110
0.002955411135876
0.002951474530908
0.002948643904161
0.002947151465918
0.002947137241208
0.002948636703198
0.002951575720312
0.002955773345953
0.002960952425223
0.002966757428771
0.002972778390022
0.002978579357377
0.002983729412220
0.002987834074628
0.002990564840746
0.002991684677609
0.002991067540405
0.002988710360247
0.002984736453264
0.002979389891283
0.002973021010532
0.002966063873639
0.002959007096330
0.002952359960577
0.002946616122075
0.002942217451742
0.002939520608090
0.002938768811618
0.002940070987988
0.002943389980753
0.002948540935404
0.002955200263282
0.002962924852800
0.002971180457125
0.002979377504152
0.002986911995456
0.002993208729696
0.002997763836796
0.003000183565041
0.003000216432780
0.002997776234362
0.002992953956046
0.002986017378107
0.002977397968965
0.002967665561452
0.002957492180818
0.002947607207442
0.002938746746123
0.002931600586348
0.002926760432781
0.002924673134523
0.002925602433386
0.002929602290701
0.002936504161301
0.002945919701123
0.002957259374268
0.002969766330474
0.002982563826225
0.002994713436213
0.003005280418637
0.003013401923051
0.003018353316770
0.003019607793753
0.003016884638324
0.003010182045017
0.002999791224026
0.002986289607967
0.002970512260224
0.002953501993497
0.002936440153843
0.002920561419394
0.002907057212892
0.002896973347598
0.002891108242699
0.002889918398984
0.002893437780474
0.002901217288605
0.002912289653035
0.002925163832906
0.002937851483860
0.002947926279448
0.002952614977389
0.002948917199357
0.002933749060187
0.002904104149834
0.002857224041657
0.002790769561780
0.002702983574031
0.002592836056342
0.002460142782412
0.002305649962662
0.002131078697257
0.001939124980388
0.001733413174276
0.001518403230031
0.001299254344430
0.001081650075352
0.000871592064179
0.000675171310665
0.000498327310478
0.000346606216285
0.000224929465679
0.000137384009988
0.000087044386047
0.000075835439456
0.000104442604107
0.000172274366393
0.000277479012308
0.000417015104812
0.000586772507640
0.000781738299889
0.000996199744136
0.001223974694992
0.001458658557656
0.001693876192974
0.001923527051213
0.002142012303086
0.002344433792562
0.002526756199927
0.002685925786467
0.002819941383172
0.002927875758556
0.003009848020120
0.003066950134798
0.003101132867130
0.003115058315383
0.003111927681037
0.003095293866946
0.003068868923749
0.003036336243099
0.003001176750797
0.002966517232715
0.002935007406485
0.002908730528156
0.002889150305732
0.002877094799306
0.002872775939880
0.002875841409711
0.002885453997519
0.002900392255676
0.002919165404837
0.002940134990346
0.002961635803345
0.002982089020605
0.003000101348461
0.003014545114290
0.003024615652718
0.003029863890348
0.003030203643568
0.003025894710209
0.003017504264795
0.003005850277981
0.002991931608203
0.002976850012288
0.002961729567939
0.002947638893347
0.002935521108397
0.002926135748567
0.002920015874103
0.002917442483399
0.002918437118875
0.002922772326689
0.002929998476907
0.002939484439399
0.002950468802312
0.002962117759321
0.002973585505995
0.002984072983520
0.002992881079607
0.002999454914483
0.003003416562061
0.003004584428364
0.003002978468600
0.002998811404972
0.002992467043661
0.002984467620999
0.002975432783710
0.002966033286304
0.002956942744484
0.002948790806423
0.002942120899598
0.002937355299805
0.002934769684824
0.002934478622169
0.002936432650199
0.002940426800004
0.002946119627399
0.002953061131781
0.002960727376031
0.002968559223879
0.002976002400744
0.002982546070415
0.002987757299007
0.002991309132046
0.002993000511934
0.002992766873232
0.002990680927884
0.002986943843778
0.002981867680139
0.002975850527522
0.002969346270233
0.002962831215235
0.002956769994663
0.002951583141634
0.002947618565313
0.002945128826935
0.002944255669535
0.002945022714180
0.002947336644055
0.002950996596969
0.002955710918616
0.002961119932124
0.002966822987233
0.002972407789871
0.002977479895892
0.002981690286281
0.002984759120106
0.002986494070366
0.002986802062589
0.002985693725398
0.002983280390558
0.002979764009421
0.002975420845896
0.002970580229184
0.002965599973881
0.002960840279735
0.002956637995964
0.002953283072951
0.002950998833946
0.002949927397051
0.002950121186351
0.002951541020137
0.002954060786484
0.002957478246601
0.002961531077442
0.002965916907028
0.002970315832977
0.002974413764109
0.002977924895637
0.002980611720384
0.002982301183290
0.002982895887676
0.002982379636215
0.002980817009375
0.002978347118403
0.002975172087288
0.002971541188859
0.002967731858299
0.002964029012436
0.002960704201971
0.002957996110578
0.002956093792408
0.002955123818157
0.002955142197228
0.002956131582518
0.002958003872136
0.002960607927811
0.002963741761497
0.002967168226222
0.002970633006763
0.002973883556661
0.002976687580122
0.002978849712546
0.002980225206262
0.002980729666161
0.002980344184525
0.002979115572373
0.002977151749847
0.002974612713507
0.002971697817951
0.002968630369721
0.002965640714774
0.002962949094151
0.002960749540384
0.002959195990835
0.002958391612080
0.002958382076134
0.002959153224589
0.002960633223773
0.002962698978121
0.002965186254992
0.002967902705373
0.002970642760781
0.002973203261573
0.002975398634212
0.002977074486544
0.002978118625758
0.002978468712265
0.002978116027577
0.002977105134807
0.002975529523479
0.002973523632238
0.002971251910982
0.002968895798230
0.002966639634420
0.002964656597376
0.002963095728239
0.002962071017258
0.002961653347414
0.002961865863981
0.002962683068018
0.002964033642608
0.002965806734829
0.002967861155775
