0.002717314228223
0.002716448775747
0.002716040661119
0.002716114981793
0.002716677072366
0.002717712023906
0.002719185041778
0.002721042636573
0.002723214608015
0.002725616748351
0.002728154161044
0.002730725063909
0.002733224924299
0.002735550758491
0.002737605418771
0.002739301690256
0.002740566025386
0.002741341757102
0.002741591651484
0.002741299686391
0.002740471973344
0.002739136774353
0.002737343602223
0.002735161430595
0.002732676077013
0.002729986857168
0.002727202639711
0.002724437457220
0.002721805849072
0.002719418125127
0.002717375744643
0.002715767002460
0.002714663204208
0.002714115494402
0.002714152476480
0.002714778733039
0.002715974318913
0.002717695260694
0.002719875055469
0.002722427120424
0.002725248105384
0.002728221943831
0.002731224486063
0.002734128532232
0.002736809064209
0.002739148464361
0.002741041506957
0.002742399914287
0.002743156284422
0.002743267220509
0.002742715521622
0.002741511331468
0.002739692182150
0.002737321914309
0.002734488500337
0.002731300842373
0.002727884659473
0.002724377617056
0.002720923884762
0.002717668334877
0.002714750611300
0.002712299307853
0.002710426494032
0.002709222816046
0.002708753381394
0.002709054606946
0.002710132174613
0.002711960196410
0.002714481643759
0.002717610045952
0.002721232411800
0.002725213278651
0.002729399746133
0.002733627310068
0.002737726276848
0.002741528511485
0.002744874254943
0.002747618738899
0.002749638329335
0.002750835944325
0.002751145515642
0.002750535297656
0.002749009869153
0.002746610722716
0.002743415390354
0.002739535111021
0.002735111103520
0.002730309564558
0.002725315564403
0.002720326059408
0.002715542279765
0.002711161780560
0.002707370463174
0.002704334881468
0.002702195142345
0.002701058693424
0.002700995261848
0.002702033168786
0.002704157195238
0.002707308117959
0.002711383971851
0.002716243029231
0.002721708419458
0.002727574247086
0.002733613005433
0.002739584027779
0.002745242672384
0.002750349902216
0.002754681897152
0.002758039326640
0.002760255914994
0.002761205949786
0.002760810415770
0.002759041481551
0.002755925122292
0.002751541727376
0.002746024614752
0.002739556451211
0.002732363657190
0.002724708953048
0.002716882278110
0.002709190381330
0.002701945440501
0.002695453113212
0.002690000455211
0.002685844159021
0.002683199566528
0.002682230893471
0.002683043071429
0.002685675564847
0.002690098458219
0.002696211033655
0.002703842974076
0.002712758235047
0.002722661531864
0.002733207291258
0.002744010822488
0.002754661373953
0.002764736662204
0.002773818393176
0.002781508243525
0.002787443735079
0.002791313419439
0.002792870793633
0.002791946391898
0.002788457542721
0.002782415343407
0.002773928484817
0.002763203654439
0.002750542353653
0.002736334081768
0.002721045961374
0.002705209002915
0.002689401327105
0.002674228777783
0.002660303461234
0.002648220837078
0.002638536057536
0.002631740303152
0.002628237892047
0.002628324944741
0.002632170366899
0.002639799868023
0.002651083665844
0.002665728435619
0.002683273952912
0.002703094750695
0.002724406970372
0.002746280435435
0.002767655820515
0.002787366632032
0.002804165564263
0.002816754651160
0.002823818504001
0.002824059812251
0.002816236193440
0.002799197410595
0.002771921935227
0.002733551821800
0.002683424876792
0.002621103152042
0.002546396867150
0.002459382967598
0.002360417651584
0.002250142346014
0.002129482776871
0.001999640956879
0.001862080099172
0.001718502654451
0.001570821855650
0.001421127333200
0.001271645530504
0.001124695798449
0.000982643175419
0.000847848961512
0.000722620269543
0.000609159778546
0.000509516926511
0.000425541757373
0.000358842583200
0.000310748537303
0.000282277979777
0.000274113576624
0.000286584710799
0.000319657702584
0.000372934122293
0.000445657275786
0.000536726737912
0.000644720606368
0.000767924953985
0.000904369776323
0.001051870568582
0.001208074525524
0.001370510244136
0.001536639724125
0.001703911408300
0.001869812984727
0.002031922685805
0.002187957865502
0.002335819713681
0.002473633073425
0.002599780460554
0.002712929540403
0.002812053491030
0.002896443869610
0.002965715794589
0.003019805454994
0.003058960154601
0.003083721287247
0.003094900815322
0.003093551981791
0.003080935122780
0.003058479559370
0.003027742630939
0.002990366986270
0.002948037271536
0.002902437345928
0.002855209116820
0.002807914018380
0.002761998062781
0.002718761274647
0.002679332180842
0.002644647873195
0.002615439996120
0.002592226838943
0.002575311539275
0.002564786233864
0.002560541831805
0.002562282936330
0.002569547309650
0.002581729164023
0.002598105474187
0.002617864443660
0.002640135221597
0.002664017958239
0.002688613305478
0.002713050513310
0.002736513341367
0.002758263094549
0.002777658200025
0.002794169865795
0.002807393494574
0.002817055666714
0.002823016647745
0.002825268515547
0.002823929134892
0.002819232329103
0.002811514706437
0.002801199689318
0.002788779365360
0.002774794828437
0.002759815704762
0.002744419562762
0.002729171886834
0.002714607254987
0.002701212300662
0.002689410962144
0.002679552431695
0.002671902114296
0.002666635796191
0.002663837110076
0.002663498270621
0.002665523944756
0.002669738019350
0.002675892937809
0.002683681199454
0.002692748553708
0.002702708376759
0.002713156692637
0.002723687293943
0.002733906429675
0.002743446557771
0.002751978706766
0.002759223052352
0.002764957388132
0.002769023252773
0.002771329564862
0.002771853708959
0.002770640108230
0.002767796407438
0.002763487472031
0.002757927481682
0.002751370457705
0.002744099611274
0.002736415931930
0.002728626452670
0.002721032628623
0.002713919251324
0.002707544290694
0.002702130013423
0.002697855671405
0.002694851989350
0.002693197609264
0.002692917573886
0.002693983854191
0.002696317850569
0.002699794725987
0.002704249364894
0.002709483696004
0.002715275072342
0.002721385369438
0.002727570443309
0.002733589584339
0.002739214611242
0.002744238270514
0.002748481640064
0.002751800279549
0.002754088922625
0.002755284565604
0.002755367870631
0.002754362866966
0.002752334998745
0.002749387629396
0.002745657169279
0.002741307042165
0.002736520746135
0.002731494293957
0.002726428336137
0.002721520276025
0.002716956680697
0.002712906274122
0.002709513771275
0.002706894774596
0.002705131909101
0.002704272321364
0.002704326612592
0.002705269219274
0.002707040198557
0.002709548321861
0.002712675331185
0.002716281169983
0.002720209965922
0.002724296517473
0.002728373020978
0.002732275770039
0.002735851564762
0.002738963584256
0.002741496500974
0.002743360648978
0.002744495098449
0.002744869534222
0.002744484884823
0.002743372698583
0.002741593312790
0.002739232908771
0.002736399588238
0.002733218642819
0.002729827217883
0.002726368592623
0.002722986310130
0.002719818393570
0.002716991877551
0.002714617867806
0.002712787318105
0.002711567682001
0.002711000559822
0.002711100419934
0.002711854429314
0.002713223383707
0.002715143683867
0.002717530263357
0.002720280336686
0.002723277805541
0.002726398136834
0.002729513509917
0.002732498022336
0.002735232744020
0.002737610418712
0.002739539628356
0.002740948260178
0.002741786146368
0.002742026781306
0.002741668059610
0.002740732018507
0.002739263608340
0.002737328553913
0.002735010405254
0.002732406907810
0.002729625847957
0.002726780548893
0.002723985203935
