0.002939800447035
0.002938902588867
0.002938592080877
0.002938898318782
0.002939806656936
0.002941258786778
0.002943156257332
0.002945366927700
0.002947733928862
0.002950086527335
0.002952252139652
0.002954068655025
0.002955396190888
0.002956127435391
0.002956195820737
0.002955580915918
0.002954310617210
0.002952459936670
0.002950146427648
0.002947522525079
0.002944765300307
0.002942064319538
0.002939608437879
0.002937572446914
0.002936104515992
0.002935315323748
0.002935269669071
0.002935981186620
0.002937410582010
0.002939467560031
0.002942016362397
0.002944884577355
0.002947874649728
0.002950777323377
0.002953386102582
0.002955511735454
0.002956995707510
0.002957721789050
0.002957624802724
0.002956695960143
0.002954984346419
0.002952594393877
0.002949679462907
0.002946431920125
0.002943070352660
0.002939824765078
0.002936920757179
0.002934563765607
0.002932924463077
0.002932126344423
0.002932236392088
0.002933259513577
0.002935137192769
0.002937750512442
0.002940927405957
0.002944453702325
0.002948087260919
0.002951574268778
0.002954666610678
0.002957139131843
0.002958805602635
0.002959532265489
0.002959247993205
0.002957950305147
0.002955706760317
0.002952651555573
0.002948977483115
0.002944923721519
0.002940760227377
0.002936769739526
0.002933228587469
0.002930387596930
0.002928454400152
0.002927578384565
0.002927839354149
0.002929240743006
0.002931707924816
0.002935091824289
0.002939177679507
0.002943698451178
0.002948352050100
0.002952821280183
0.002956795190329
0.002959990409464
0.002962171014386
0.002963165553119
0.002962880013947
0.002961305782441
0.002958521950225
0.002954691709384
0.002950052961324
0.002944903662450
0.002939582794662
0.002934448161436
0.002929852448099
0.002926119130521
0.002923519858332
0.002922254872214
0.002922437842111
0.002924086243984
0.002927118043096
0.002931355043491
0.002936532822621
0.002942316725548
0.002948322974606
0.002954143586150
0.002959373501539
0.002963638155378
0.002966619634691
0.002968079635122
0.002967877593656
0.002965982662781
0.002962478572020
0.002957560876141
0.002951526586655
0.002944756692536
0.002937692563826
0.002930807665290
0.002924576356438
0.002919441794079
0.002915785065480
0.002913897653806
0.002913959171008
0.002916021994285
0.002920004026945
0.002925690297354
0.002932743541636
0.002940723322626
0.002949112657601
0.002957350598873
0.002964868770595
0.002971129543285
0.002975663349104
0.002978102621542
0.002978209988720
0.002975898655277
0.002971243358693
0.002964480856719
0.002955999559994
0.002946318627786
0.002936057550895
0.002925897908347
0.002916539559348
0.002908653978921
0.002902837731669
0.002899569179278
0.002899171420831
0.002901784170074
0.002907346792324
0.002915594079805
0.002926065573049
0.002938128381983
0.002951012574503
0.002963857337699
0.002975765332759
0.002985862011335
0.002993356185096
0.002997597878075
0.002998129468255
0.002994726351957
0.002987423838111
0.002976527680705
0.002962606553128
0.002946465811360
0.002929103027053
0.002911646931870
0.002895282532502
0.002881166163042
0.002870335073339
0.002863616752083
0.002861543506723
0.002864277838373
0.002871553845025
0.002882639264918
0.002896321856599
0.002910922643335
0.002924337183231
0.002934104531792
0.002937502019531
0.002931662457369
0.002913708991900
0.002880901641598
0.002830788625926
0.002761355011155
0.002671160982277
0.002559462233179
0.002426305549796
0.002272593624196
0.002100114441543
0.001911532167276
0.001710338253115
0.001500763389300
0.001287652860576
0.001076309715491
0.000872311835619
0.000681310403785
0.000508818341244
0.000359997952622
0.000239457244026
0.000151064146225
0.000097787187181
0.000081570045751
0.000103245932899
0.000162495959458
0.000257853647702
0.000386755626613
0.000545636422880
0.000730063227474
0.000934904682413
0.001154526185481
0.001383003028639
0.001614341926495
0.001842701190402
0.002062599973825
0.002269107643832
0.002458005386592
0.002625913574947
0.002770380138454
0.002889927091517
0.002984054394590
0.003053202344171
0.003098675607785
0.003122533745415
0.003127454505582
0.003116577284806
0.003093334845040
0.003061281667909
0.003023927182500
0.002984581553059
0.002946220792892
0.002911376738645
0.002882055947321
0.002859689950459
0.002845117605439
0.002838598613908
0.002839855719007
0.002848141725357
0.002862326375081
0.002880997310190
0.002902568889060
0.002925392515489
0.002947862376392
0.002968511043174
0.002986090229852
0.002999633061724
0.003008495424788
0.003012375264824
0.003011310010229
0.003005653530940
0.002996035149618
0.002983304133277
0.002968463769055
0.002952599537176
0.002936806024019
0.002922117071662
0.002909443256473
0.002899520161440
0.002892870100344
0.002889779020667
0.002890289315963
0.002894208278788
0.002901130981802
0.002910475541636
0.002921528043489
0.002933493919314
0.002945552301295
0.002956909824088
0.002966850519112
0.002974778814244
0.002980253193220
0.002983008741965
0.002982967568370
0.002980236878103
0.002975095271649
0.002967968548977
0.002959396925333
0.002949996039570
0.002940414449809
0.002931290445489
0.002923210957123
0.002916675123617
0.002912064700924
0.002909622993108
0.002909443392774
0.002911467972360
0.002915495912971
0.002921200934913
0.002928156342318
0.002935865846186
0.002943798011464
0.002951422001238
0.002958242271804
0.002963830003695
0.002967849323336
0.002970076757278
0.002970412838253
0.002968885316830
0.002965643988740
0.002960947689710
0.002955144502624
0.002948646635482
0.002941901738273
0.002935362614951
0.002929457343973
0.002924561746566
0.002920975943688
0.002918906436237
0.002918454750482
0.002919613239234
0.002922268149431
0.002926209590251
0.002931147593433
0.002936733077095
0.002942582229538
0.002948302637569
0.002953519405307
0.002957899546975
0.002961173086176
0.002963149542596
0.002963728816962
0.002962905873110
0.002960769035913
0.002957492147404
0.002953321222896
0.002948556598670
0.002943531840701
0.002938590873090
0.002934064874596
0.002930250477659
0.002927390689519
0.002925659748612
0.002925152846705
0.002925881308060
0.002927773444641
0.002930680926163
0.002934390140828
0.002938637700548
0.002943128984080
0.002947558428776
0.002951630187694
0.002955077768133
0.002957681359031
0.002959281730458
0.002959789835606
0.002959191546859
0.002957547291647
0.002954986698276
0.002951698693600
0.002947917791379
0.002943907553216
0.002939942377573
0.002936288866068
0.002933188024934
0.002930839483787
0.002929388760058
0.002928918376988
0.002929443371661
0.002930911426099
0.002933207539798
0.002936162857454
0.002939566991440
0.002943182952780
0.002946763641487
0.002950068757357
0.002952880980585
0.002955020337773
0.002956355807425
0.002956813419612
0.002956380352784
0.002955104809218
0.002953091740195
0.002950494772808
0.002947504943504
0.002944337052180
0.002941214601237
0.002938354367093
0.002935951662232
0.002934167284328
0.002933117020265
0.002932864386582
0.002933417057516
0.002934727173474
0.002936695454625
0.002939178784604
0.002942000695907
0.002944963996993
0.002947864644024
0.002950505886428
0.002952711709277
0.002954338656530
0.002955285242527
0.002955498335538
0.002954976113868
0.002953767436725
0.002951967721650
0.002949711660635
0.002947163321529
0.002944504355409
0.002941921152720
0.002939591853246
0.002937674113742
