0.002661324885778
0.002662758569506
0.002663193966584
0.002662606697643
0.002661009056289
0.002658449927412
0.002655013381595
0.002650815983468
0.002646002898602
0.002640742927719
0.002635222636906
0.002629639786751
0.002624196290571
0.002619090951127
0.002614512235637
0.002610631350083
0.002607595865621
0.002605524132549
0.002604500691266
0.002604572855936
0.002605748606119
0.002607995875997
0.002611243281479
0.002615382274223
0.002620270660212
0.002625737370881
0.002631588328649
0.002637613207765
0.002643592857145
0.002649307125690
0.002654542813329
0.002659101463597
0.002662806716154
0.002665510950351
0.002667100973416
0.002667502538291
0.002666683515686
0.002664655591041
0.002661474408403
0.002657238137825
0.002652084498902
0.002646186328566
0.002639745834169
0.002632987721396
0.002626151428828
0.002619482735479
0.002613225033067
0.002607610570101
0.002602851979504
0.002599134395076
0.002596608444829
0.002595384381498
0.002595527573339
0.002597055532729
0.002599936607755
0.002604090404583
0.002609389947936
0.002615665525644
0.002622710102971
0.002630286135575
0.002638133558423
0.002645978683696
0.002653543705334
0.002660556482656
0.002666760261532
0.002671922989458
0.002675845890737
0.002678370989762
0.002679387303273
0.002678835465610
0.002676710602860
0.002673063330771
0.002667998815391
0.002661673902360
0.002654292388413
0.002646098574519
0.002637369301958
0.002628404728216
0.002619518146962
0.002611025193783
0.002603232805316
0.002596428313014
0.002590869053306
0.002586772863220
0.002584309804927
0.002583595424853
0.002584685804126
0.002587574598819
0.002592192202459
0.002598407091972
0.002606029343799
0.002614816232058
0.002624479747728
0.002634695809586
0.002645114876235
0.002655373616393
0.002665107253397
0.002673962171237
0.002681608354501
0.002687751233962
0.002692142523526
0.002694589662383
0.002694963517896
0.002693204058572
0.002689323770887
0.002683408666600
0.002675616806262
0.002666174347188
0.002655369207612
0.002643542520218
0.002631078125021
0.002618390421021
0.002605910955803
0.002594074180170
0.002583302829274
0.002573993411223
0.002566502288018
0.002561132821581
0.002558124029757
0.002557641154358
0.002559768486653
0.002564504727040
0.002571761076992
0.002581362175222
0.002593049899130
0.002606489959787
0.002621281127115
0.002636966834286
0.002653048829823
0.002669002474861
0.002684293224029
0.002698393783403
0.002710801409525
0.002721054800650
0.002728750035716
0.002733555038134
0.002735222079639
0.002733597893253
0.002728631032226
0.002720376191590
0.002708995298358
0.002694755272684
0.002678022462461
0.002659253854942
0.002638985267765
0.002617816815297
0.002596396031628
0.002575399106052
0.002555510748423
0.002537403248187
0.002521715321002
0.002509031349519
0.002499861619872
0.002494624132771
0.002493628528529
0.002497062610080
0.002504981878709
0.002517302415909
0.002533797353949
0.002554097080057
0.002577693217487
0.002603946324143
0.002632097148840
0.002661281189574
0.002690546210067
0.002718872292812
0.002745193940946
0.002768423689281
0.002787476647982
0.002801295381556
0.002808874521262
0.002809284520666
0.002801693991198
0.002785390096102
0.002759796535672
0.002724488722292
0.002679205818409
0.002623859391900
0.002558538528856
0.002483511331124
0.002399222812529
0.002306289291230
0.002205489453851
0.002097752338079
0.001984142542499
0.001865843024379
0.001744135886839
0.001620381585841
0.001495997004515
0.001372432847591
0.001251150802784
0.001133600899644
0.001021199470774
0.000915308086780
0.000817213796369
0.000728110958264
0.000649084903662
0.000581097618543
0.000524975585771
0.000481399878964
0.000450898554964
0.000433841350291
0.000430436650150
0.000440730666829
0.000464608738062
0.000501798635081
0.000551875754522
0.000614270057592
0.000688274613430
0.000773055600557
0.000867663619994
0.000971046175035
0.001082061174997
0.001199491322630
0.001322059246518
0.001448443240180
0.001577293468108
0.001707248495540
0.001836951993141
0.001965069460196
0.002090304800738
0.002211416576691
0.002327233751423
0.002436670726783
0.002538741467801
0.002632572502573
0.002717414581593
0.002792652781711
0.002857814845936
0.002912577562094
0.002956771001441
0.002990380462995
0.003013546000605
0.003026559447476
0.003029858896370
0.003024020642360
0.003009748647714
0.002987861643979
0.002959278043093
0.002924998885852
0.002886089110424
0.002843657474135
0.002798835506687
0.002752755910523
0.002706530852825
0.002661230612098
0.002617863049584
0.002577354370871
0.002540531625764
0.002508107364640
0.002480666827452
0.002458657988070
0.002442384712852
0.002432003219687
0.002427521944138
0.002428804834737
0.002435578012334
0.002447439641076
0.002463872773664
0.002484260853513
0.002507905483742
0.002534046009857
0.002561880411574
0.002590586961107
0.002619346081936
0.002647361834231
0.002673882461459
0.002698219457022
0.002719764649651
0.002738004860671
0.002752533753748
0.002763060576360
0.002769415579924
0.002771551999550
0.002769544572140
0.002763584670093
0.002753972224254
0.002741104701022
0.002725463482101
0.002707598068459
0.002688108590701
0.002667627154155
0.002646798577291
0.002626261095617
0.002606627599537
0.002588467953922
0.002572292910034
0.002558540068072
0.002547562282609
0.002539618825700
0.002534869535792
0.002533372087551
0.002535082421171
0.002539858272743
0.002547465652765
0.002557588030877
0.002569837904146
0.002583770356125
0.002598898156731
0.002614707910309
0.002630676732449
0.002646288925819
0.002661052131834
0.002674512457890
0.002686268118465
0.002695981181182
0.002703387074174
0.002708301586607
0.002710625177523
0.002710344496436
0.002707531109614
0.002702337515631
0.002694990619788
0.002685782916586
0.002675061700104
0.002663216681650
0.002650666440599
0.002637844166545
0.002625183167801
0.002613102622555
0.002601994034679
0.002592208826960
0.002584047461450
0.002577750421319
0.002573491322892
0.002571372352889
0.002571422146553
0.002573596140262
0.002577779349923
0.002583791446798
0.002591393927943
0.002600299111626
0.002610180631014
0.002620685053935
0.002631444223959
0.002642087899396
0.002652256262532
0.002661611881481
0.002669850730976
0.002676711915268
0.002681985784659
0.002685520195339
0.002687224728086
0.002687072752624
0.002685101298678
0.002681408769411
0.002676150605403
0.002669533075388
0.002661805431089
0.002653250715929
0.002644175559345
0.002634899318550
0.002625742947141
0.002617017974270
0.002609015969396
0.002601998846154
0.002596190325679
0.002591768835923
0.002588862070770
0.002587543373062
0.002587830040926
0.002589683589581
0.002593011933139
0.002597673385394
0.002603482317226
0.002610216253259
0.002617624143481
0.002625435508347
0.002633370129436
0.002641147942968
0.002648498790712
0.002655171691998
0.002660943321256
0.002665625406915
0.002669070808352
0.002671178076434
0.002671894358215
0.002671216565571
0.002669190788935
0.002665909998583
0.002661510135056
0.002656164745282
0.002650078369802
0.002643478927702
0.002636609377974
0.002629718958076
0.002623054311756
0.002616850818507
0.002611324426376
0.002606664268778
0.002603026315343
0.002600528267699
0.002599245865118
0.002599210713577
0.002600409697072
0.002602785973760
0.002606241503809
0.002610641002526
0.002615817163386
0.002621576952568
0.002627708741045
