0.002687917399417
0.002689721089120
0.002692008561191
0.002694689985894
0.002697658670072
0.002700795194752
0.002703972105725
0.002707058974617
0.002709927631425
0.002712457360675
0.002714539852838
0.002716083710301
0.002717018323051
0.002717296952480
0.002716898891717
0.002715830606372
0.002714125799242
0.002711844384789
0.002709070402520
0.002705908940878
0.002702482183422
0.002698924725129
0.002695378337224
0.002691986382801
0.002688888101470
0.002686212988899
0.002684075495749
0.002682570260328
0.002681768070492
0.002681712723584
0.002682418919553
0.002683871283014
0.002686024566443
0.002688805040620
0.002692113031585
0.002695826517664
0.002699805657273
0.002703898080027
0.002707944741636
0.002711786118537
0.002715268502197
0.002718250146267
0.002720607022633
0.002722237954853
0.002723068919159
0.002723056333359
0.002722189191475
0.002720489945514
0.002718014083639
0.002714848404421
0.002711108037921
0.002706932313951
0.002702479624233
0.002697921466297
0.002693435891290
0.002689200603954
0.002685385979789
0.002682148271036
0.002679623269284
0.002677920678254
0.002677119425969
0.002677264112091
0.002678362744664
0.002680385872561
0.002683267167198
0.002686905451660
0.002691168119279
0.002695895829134
0.002700908315030
0.002706011099158
0.002711002863832
0.002715683205767
0.002719860478734
0.002723359422765
0.002726028281965
0.002727745128268
0.002728423134873
0.002728014579580
0.002726513403686
0.002723956204804
0.002720421600076
0.002716027957549
0.002710929555803
0.002705311292777
0.002699382121937
0.002693367445165
0.002687500735038
0.002682014692806
0.002677132270883
0.002673057899164
0.002669969252254
0.002668009879838
0.002667282995149
0.002667846677760
0.002669710697991
0.002672835112755
0.002677130718709
0.002682461380436
0.002688648181447
0.002695475276769
0.002702697260207
0.002710047799599
0.002717249241783
0.002724022847599
0.002730099287693
0.002735229013501
0.002739192115281
0.002741807290795
0.002742939573976
0.002742506511888
0.002740482529360
0.002736901282074
0.002731855868637
0.002725496847796
0.002718028085875
0.002709700538921
0.002700804151066
0.002691658122483
0.002682599864397
0.002673973012441
0.002666114911192
0.002659344010341
0.002653947625367
0.002650170512185
0.002648204685899
0.002648180878860
0.002650161983761
0.002654138764988
0.002660028047731
0.002667673512026
0.002676849130444
0.002687265196639
0.002698576800487
0.002710394517146
0.002722296995231
0.002733845056146
0.002744596855264
0.002754123608142
0.002762025353285
0.002767946208330
0.002771588579741
0.002772725807273
0.002771212763298
0.002766993982435
0.002760108967365
0.002750694400139
0.002738983082183
0.002725299527757
0.002710052241677
0.002693722819348
0.002676852112239
0.002660023801492
0.002643845813199
0.002628930088132
0.002615871283631
0.002605225033925
0.002597486425517
0.002593069355403
0.002592287431154
0.002595337043314
0.002602283192810
0.002613048590308
0.002627406462428
0.002644977403681
0.002665230505605
0.002687488878754
0.002710939562344
0.002734647693670
0.002757574688555
0.002778600068346
0.002796546461638
0.002810207213062
0.002818375949779
0.002819877391137
0.002813598640061
0.002798520167649
0.002773745695742
0.002738530196412
0.002692305261843
0.002634701152256
0.002565564901964
0.002484973952351
0.002393244883528
0.002290936930745
0.002178850094637
0.002058017782815
0.001929694051002
0.001795335641631
0.001656579143280
0.001515213712529
0.001373149907797
0.001232385280011
0.001094967445130
0.000962955426850
0.000838380102746
0.000723204612621
0.000619285593500
0.000528336091353
0.000451890965749
0.000391275551074
0.000347578267979
0.000321627793031
0.000313975295161
0.000324882136774
0.000354313317812
0.000401936815448
0.000467128843259
0.000548984924549
0.000646336547981
0.000757773052453
0.000881668275136
0.001016211394040
0.001159441306824
0.001309283812628
0.001463590805195
0.001620180644681
0.001776878853196
0.001931558275742
0.002082177863872
0.002226819273641
0.002363720521614
0.002491306011423
0.002608212327359
0.002713309288543
0.002805715865423
0.002884810677050
0.002950236910221
0.003001901627382
0.003039969556163
0.003064851576824
0.003077188241728
0.003077828770591
0.003067806064066
0.003048308363905
0.003020648258455
0.002986229785929
0.002946514423450
0.002902986766410
0.002857120699900
0.002810346841798
0.002764021996217
0.002719401297344
0.002677613648774
0.002639640974087
0.002606301692958
0.002578238726050
0.002555912214213
0.002539597016126
0.002529384926567
0.002525191438221
0.002526766756388
0.002533710671194
0.002545490798516
0.002561463621504
0.002580897701156
0.002602998378637
0.002626933265147
0.002651857807581
0.002676940230342
0.002701385184774
0.002724455487002
0.002745491390796
0.002763926922668
0.002779302899127
0.002791276348324
0.002799626167080
0.002804254956351
0.002805187090214
0.002802563182269
0.002796631215659
0.002787734695821
0.002776298265914
0.002762811291255
0.002747809969312
0.002731858554352
0.002715530300022
0.002699388718678
0.002683969733515
0.002669765259391
0.002657208692131
0.002646662715981
0.002638409757065
0.002632645320002
0.002629474348084
0.002628910647866
0.002630879319857
0.002635222041300
0.002641704957992
0.002650028862328
0.002659841266859
0.002670749928611
0.002682337340837
0.002694175686812
0.002705841745251
0.002716931248885
0.002727072226001
0.002735936898243
0.002743251765010
0.002748805573201
0.002752454948581
0.002754127548724
0.002753822684578
0.002751609445126
0.002747622444439
0.002742055389728
0.002735152740232
0.002727199787576
0.002718511536571
0.002709420799990
0.002700265940421
0.002691378696568
0.002683072520322
0.002675631825160
0.002669302507098
0.002664284047992
0.002660723449551
0.002658711177153
0.002658279218114
0.002659401282047
0.002661995094188
0.002665926658762
0.002671016301171
0.002677046237389
0.002683769368508
0.002690918959507
0.002698218835285
0.002705393714621
0.002712179304098
0.002718331789136
0.002723636387206
0.002727914667965
0.002731030394832
0.002732893700496
0.002733463472761
0.002732747894632
0.002730803151088
0.002727730382060
0.002723671024350
0.002718800742232
0.002713322195369
0.002707456931720
0.002701436720920
0.002695494659510
0.002689856382707
0.002684731708340
0.002680307017594
0.002676738645151
0.002674147509672
0.002672615165818
0.002672181403268
0.002672843458507
0.002674556843849
0.002677237737485
0.002680766820636
0.002684994395199
0.002689746569507
0.002694832262712
0.002700050750944
0.002705199461912
0.002710081719332
0.002714514144607
0.002718333440198
0.002721402306330
0.002723614278858
0.002724897319965
0.002725216042910
0.002724572505544
0.002723005562588
0.002720588821610
0.002717427300209
0.002713652930112
0.002709419095964
0.002704894430934
0.002700256116810
0.002695682951940
0.002691348455902
0.002687414274888
0.002684024136927
0.002681298581814
0.002679330658003
0.002678182739227
0.002677884568587
0.002678432589358
0.002679790571458
0.002681891492518
0.002684640584644
0.002687919414058
0.002691590822577
0.002695504528648
0.002699503162585
0.002703428496590
0.002707127625417
0.002710458858359
0.002713297097252
0.002715538497749
0.002717104241316
0.002717943281936
0.002718033972905
0.002717384523765
0.002716032283481
0.002714041891740
