0.002913303438522
0.002915458427794
0.002917289354638
0.002918673062248
0.002919513064085
0.002919746045491
0.002919346338346
0.002918328059547
0.002916744748841
0.002914686498354
0.002912274725176
0.002909654889617
0.002906987595479
0.002904438616381
0.002902168466609
0.002900322171157
0.002899019884901
0.002898348964919
0.002898358015467
0.002899053306789
0.002900397823932
0.002902313038889
0.002904683328724
0.002907362794524
0.002910184081654
0.002912968670709
0.002915538009267
0.002917724793730
0.002919383692274
0.002920400826159
0.002920701395901
0.002920254947600
0.002919077916425
0.002917233250578
0.002914827099810
0.002912002736570
0.002908932053801
0.002905805139933
0.002902818558972
0.002900163053245
0.002898011432328
0.002896507410566
0.002895756106745
0.002895816825469
0.002896698605751
0.002898358856226
0.002900705208003
0.002903600517088
0.002906870750598
0.002910315307160
0.002913719163392
0.002916866115497
0.002919552305905
0.002921599194970
0.002922865159686
0.002923254974471
0.002922726549506
0.002921294463181
0.002919030017378
0.002916057756308
0.002912548608418
0.002908710023225
0.002904773667404
0.002900981405029
0.002897570404983
0.002894758286388
0.002892729225404
0.002891621902343
0.002891520068577
0.002892446363413
0.002894359820477
0.002897157282177
0.002900678702702
0.002904716079124
0.002909025521284
0.002913341768547
0.002917394298123
0.002920924056134
0.002923699786858
0.002925532941894
0.002926290220206
0.002925902918766
0.002924372455186
0.002921771647882
0.002918241593137
0.002913984246771
0.002909251084912
0.002904328467122
0.002899520540381
0.002895130690371
0.002891442655877
0.002888702465280
0.002887102327002
0.002886767508794
0.002887747078400
0.002890009159058
0.002893441089732
0.002897854587065
0.002902995701107
0.002908559058186
0.002914205610165
0.002919582877072
0.002924346494519
0.002928181770544
0.002930823926309
0.002932075745091
0.002931821482862
0.002930036095458
0.002926789101241
0.002922242709715
0.002916644187955
0.002910312787989
0.002903621898418
0.002896977391681
0.002890793395177
0.002885466903098
0.002881352753318
0.002878740511483
0.002877834729332
0.002878739878286
0.002881451010302
0.002885850878615
0.002891713878737
0.002898716765841
0.002906455691890
0.002914468709103
0.002922262529753
0.002929342038392
0.002935240840669
0.002939551018036
0.002941950249310
0.002942224562065
0.002940285186129
0.002936178288952
0.002930086762807
0.002922323686172
0.002913317571132
0.002903590007512
0.002893726793360
0.002884344071446
0.002876051345582
0.002869413505452
0.002864914125914
0.002862922314337
0.002863665252545
0.002867208321114
0.002873444313569
0.002882092764248
0.002892709850687
0.002904708719038
0.002917389452935
0.002929977297987
0.002941667201542
0.002951672264348
0.002959273357232
0.002963866956226
0.002965008210738
0.002962446390016
0.002956150152786
0.002946320543597
0.002933390217863
0.002918008108406
0.002901009534587
0.002883372580679
0.002866162389258
0.002850465782960
0.002837319300367
0.002827634268621
0.002822122902337
0.002821229588986
0.002825071478010
0.002833392228397
0.002845532292152
0.002860418435722
0.002876574355191
0.002892153261266
0.002904992241896
0.002912687105157
0.002912685317486
0.002902393638129
0.002879296163110
0.002841077779935
0.002785747538705
0.002711756197847
0.002618102223265
0.002504420815409
0.002371051103342
0.002219077458568
0.002050341911724
0.001867425858485
0.001673600563928
0.001472747357165
0.001269249785939
0.001067861309098
0.000873553280246
0.000691348960977
0.000526150047281
0.000382562659450
0.000264729907953
0.000176177993678
0.000119682333536
0.000097159439701
0.000109589254797
0.000156971400775
0.000238317391474
0.000351679351303
0.000494214243439
0.000662281110518
0.000851567437603
0.001057239524671
0.001274110759732
0.001496820958917
0.001720019518753
0.001938545026166
0.002147594196607
0.002342873547422
0.002520728035529
0.002678241955403
0.002813308654116
0.002924667014931
0.003011904124027
0.003075424998440
0.003116391649956
0.003136635026231
0.003138544450833
0.003124940031526
0.003098934086290
0.003063787927887
0.003022770342784
0.002979023806027
0.002935443910753
0.002894576692595
0.002858537538915
0.002828954242702
0.002806935548502
0.002793065303273
0.002787421128232
0.002789615425211
0.002798855573019
0.002814019397964
0.002833741449588
0.002856505297845
0.002880736999026
0.002904895049907
0.002927552545998
0.002947467853107
0.002963640854832
0.002975352708792
0.002982187982975
0.002984039000542
0.002981093147252
0.002973804743907
0.002962853816179
0.002949094672265
0.002933497600645
0.002917087211291
0.002900880959911
0.002885831222568
0.002872773943335
0.002862386385108
0.002855155905088
0.002851360988448
0.002851065046289
0.002854122757715
0.002860198050138
0.002868792202360
0.002879280052357
0.002890951919441
0.002903058624755
0.002914856921957
0.002925652730347
0.002934839785857
0.002941931674069
0.002946585660147
0.002948617254775
0.002948005021077
0.002944885702106
0.002939540299121
0.002932372227434
0.002923879092672
0.002914619944900
0.002905180066521
0.002896135424446
0.002888018867236
0.002881289980332
0.002876310240117
0.002873324749061
0.002872451412602
0.002873677959624
0.002876866739949
0.002881766781166
0.002888032179058
0.002895245553061
0.002902945038695
0.002910653125440
0.002917905588072
0.002924278802674
0.002929413880361
0.002933036281240
0.002934969872806
0.002935144751389
0.002933598530474
0.002930471192469
0.002925993977653
0.002920473123972
0.002914269555029
0.002907775825792
0.002901391765432
0.002895500298681
0.002890444880637
0.002886509849883
0.002883904800630
0.002882753810099
0.002883090049318
0.002884855973237
0.002887908949571
0.002892031865073
0.002896947961649
0.002902338919101
0.002907865029085
0.002913186205138
0.002917982550668
0.002921973260433
0.002924932756531
0.002926703148403
0.002927202345285
0.002926427423773
0.002924453145694
0.002921425814420
0.002917552933763
0.002913089376432
0.002908320964838
0.002903546505092
0.002899059387968
0.002895129875483
0.002891989129303
0.002889815912530
0.002888726718030
0.002888769856082
0.002889923785602
0.002892099712045
0.002895148217118
0.002898869446157
0.002903026172468
0.002907358895975
0.002911602025183
0.002915500142342
0.002918823363812
0.002921380879240
0.002923031878946
0.002923693250485
0.002923343631545
0.002922023634203
0.002919832290959
0.002916920001547
0.002913478467588
0.002909728277366
0.002905904935338
0.002902244212988
0.002898967725153
0.002896269608084
0.002894305094772
0.002893181655186
0.002892953202436
0.002893617671208
0.002895118064364
0.002897346850394
0.002900153391402
0.002903353900836
0.002906743282808
0.002910108099198
0.002913239852596
0.002915947765497
0.002918070278704
0.002919484581437
0.002920113616021
0.002919930162743
0.002918957795184
0.002917268691374
0.002914978479462
0.002912238476457
0.002909225833983
0.002906132226858
0.002903151801490
0.002900469137105
0.002898247962131
0.002896621311774
0.002895683715031
0.002895485866623
0.002896032080127
0.002897280643119
0.002899147014425
0.002901509628741
0.002904217915706
0.002907102008547
0.002909983519453
0.002912686700611
0.002915049294357
0.002916932403833
0.002918228784405
0.002918869061405
