0.002866297507745
0.002864228420690
0.002862125608415
0.002860105957615
0.002858283102182
0.002856760935069
0.002855627590841
0.002854950246435
0.002854771045591
0.002855104392501
0.002855935785703
0.002857222278108
0.002858894557965
0.002860860553696
0.002863010377934
0.002865222347879
0.002867369754742
0.002869328008318
0.002870981756653
0.002872231576817
0.002872999851765
0.002873235489095
0.002872917198448
0.002872055121898
0.002870690702064
0.002868894770685
0.002866763940727
0.002864415482181
0.002861980949839
0.002859598905706
0.002857407134678
0.002855534786503
0.002854094887446
0.002853177650734
0.002852844976071
0.002853126467267
0.002854017216306
0.002855477506374
0.002857434480512
0.002859785712531
0.002862404508733
0.002865146668857
0.002867858348304
0.002870384596105
0.002872578098377
0.002874307637952
0.002875465789019
0.002875975400844
0.002875794485448
0.002874919207511
0.002873384776354
0.002871264154357
0.002868664617284
0.002865722323116
0.002862595160348
0.002859454247797
0.002856474539915
0.002853825049573
0.002851659230529
0.002850106062342
0.002849262350625
0.002849186696544
0.002849895504064
0.002851361285997
0.002853513405912
0.002856241259213
0.002859399760242
0.002862816870856
0.002866302786829
0.002869660298557
0.002872695767766
0.002875230116870
0.002877109215327
0.002878213069129
0.002878463274810
0.002877828285672
0.002876326151103
0.002874024524111
0.002871037880526
0.002867522047721
0.002863666292835
0.002859683361731
0.002855797982412
0.002852234443049
0.002849203919381
0.002846892254738
0.002845448886026
0.002844977560426
0.002845529402179
0.002847098770565
0.002849622204905
0.002852980587463
0.002857004479321
0.002861482406869
0.002866171707509
0.002870811391751
0.002875136354000
0.002878892173398
0.002881849694870
0.002883818572783
0.002884658996855
0.002884290901036
0.002882700077796
0.002879940776765
0.002876134550311
0.002871465309996
0.002866170766356
0.002860530628859
0.002854852131913
0.002849453615746
0.002844647018243
0.002840720217538
0.002837920199673
0.002836438007612
0.002836396357144
0.002837840683888
0.002840734219174
0.002844957488641
0.002850312396127
0.002856530808502
0.002863287307526
0.002870215536010
0.002876927350739
0.002883033816159
0.002888166941340
0.002892000986859
0.002894272153579
0.002894795514701
0.002893478165032
0.002890327733276
0.002885455626780
0.002879074643324
0.002871490878349
0.002863090163625
0.002854319578905
0.002845664865128
0.002837624820380
0.002830683963450
0.002825284891974
0.002821801833109
0.002820516878236
0.002821600306876
0.002825096240533
0.002830914630300
0.002838830282664
0.002848489279182
0.002859422764124
0.002871067678288
0.002882793627022
0.002893934706528
0.002903824794472
0.002911834557055
0.002917408250529
0.002920098312714
0.002919595757377
0.002915754504376
0.002908607999488
0.002898376792733
0.002885466140886
0.002870453162294
0.002854063579780
0.002837138617149
0.002820593141382
0.002805366640214
0.002792369067896
0.002782423956947
0.002776211459836
0.002774214134940
0.002776668314190
0.002783523779204
0.002794414228484
0.002808640646710
0.002825169200633
0.002842644702976
0.002859420029201
0.002873601169684
0.002883106881997
0.002885741206889
0.002879276459334
0.002861543733803
0.002830527498915
0.002784460525073
0.002721915208450
0.002641887338380
0.002543868508459
0.002427903692654
0.002294630987252
0.002145301140998
0.001981775236239
0.001806499714429
0.001622458826634
0.001433105497137
0.001242272477852
0.001054066504949
0.000872748910632
0.000702606759500
0.000547819042352
0.000412322748794
0.000299683738877
0.000212977236489
0.000154682474822
0.000126595546797
0.000129763868541
0.000164444876958
0.000230090684263
0.000325359439196
0.000448153136026
0.000595680609447
0.000764543497262
0.000950842082471
0.001150297177748
0.001358383618831
0.001570470513321
0.001781963164446
0.001988441564100
0.002185790526040
0.002370316900103
0.002538849855159
0.002688820918572
0.002818321282975
0.002926134802269
0.003011746059458
0.003075323859198
0.003117681437580
0.003140215552470
0.003144827384788
0.003133828814257
0.003109838108697
0.003075669366815
0.003034220171696
0.002988361844609
0.002940836443137
0.002894164238353
0.002850564853831
0.002811894581518
0.002779601637121
0.002754700314937
0.002737764184563
0.002728937675216
0.002727964651095
0.002734231923949
0.002746825102693
0.002764593765077
0.002786222667117
0.002810305589551
0.002835418457274
0.002860188550877
0.002883356946243
0.002903831749943
0.002920730221687
0.002933408463723
0.002941477981778
0.002944809053481
0.002943521448910
0.002937963607103
0.002928681857868
0.002916381670366
0.002901883193741
0.002886073521305
0.002869858154817
0.002854114071572
0.002839646612045
0.002827152122588
0.002817187923116
0.002810150744255
0.002806264314588
0.002805576300199
0.002807964329242
0.002813150396217
0.002820722554168
0.002830162485189
0.002840877303499
0.002852233799696
0.002863593283630
0.002874345225818
0.002883938028219
0.002891905464876
0.002897887608327
0.002901645382771
0.002903068241887
0.002902174838831
0.002899106919435
0.002894117008728
0.002887550759335
0.002879825074320
0.002871403295849
0.002862768857853
0.002854398832295
0.002846738755605
0.002840180008756
0.002835040849328
0.002831551967601
0.002829847174393
0.002829959540829
0.002831823014954
0.002835279252587
0.002840089134707
0.002845948214045
0.002852505150313
0.002859382064833
0.002866195676380
0.002872578072778
0.002878196025752
0.002882767865471
0.002886077088710
0.002887982071220
0.002888421479226
0.002887415214566
0.002885060969790
0.002881526700783
0.002877039533307
0.002871871795777
0.002866325005203
0.002860712720458
0.002855343213454
0.002850502893742
0.002846441357606
0.002843358823462
0.002841396568252
0.002840630803182
0.002841070231757
0.002842657329357
0.002845273182743
0.002848745540342
0.002852859559880
0.002857370606848
0.002862018362093
0.002866541443554
0.002870691737812
0.002874247671262
0.002877025725438
0.002878889611619
0.002879756659410
0.002879601134616
0.002878454374169
0.002876401800683
0.002873577047017
0.002870153572926
0.002866334283919
0.002862339760122
0.002858395765805
0.002854720735515
0.002851513919778
0.002848944823662
0.002847144488450
0.002846199055395
0.002846145917636
0.002846972619377
0.002848618508665
0.002850978999861
0.002853912162379
0.002857247230714
0.002860794533578
0.002864356271890
0.002867737539561
0.002870756978964
0.002873256494024
0.002875109505923
0.002876227325390
0.002876563326254
0.002876114730908
0.002874921952467
0.002873065573226
0.002870661167168
0.002867852288935
0.002864802046646
0.002861683746587
0.002858671140446
0.002855928818668
0.002853603276407
0.002851815132821
0.002850652913145
0.002850168710297
0.002850375934196
0.002851249238709
0.002852726594734
0.002854713360241
0.002857088090342
0.002859709738574
0.002862425829268
0.002865081133758
0.002867526362569
0.002869626392225
0.002871267578304
0.002872363763570
0.002872860667944
0.002872738441172
0.002872012263870
0.002870730992254
0.002868973950203
0.002866846073350
0.002864471698257
0.002861987360618
0.002859534016222
0.002857249124639
0.002855259037093
0.002853672107050
0.002852572896239
0.002852017782984
0.002852032197781
0.002852609617684
