0.0029509935736314313
0.0029548696910624717
0.0029550347240198355
0.002951256784968527
0.0029435202154469977
0.0029320398452915815
0.0029172632554568595
0.0028998601998418377
0.002880698963581977
0.0028608100974059666
0.002841338638072088
0.002823486570248795
0.0028084478722371015
0.0027973389851543907
0.0027911279244927905
0.002790565491084269
0.002796122118366509
0.0028079338045485895
0.0028257603197976927
0.002848958456075591
0.0028764725150350885
0.002906843529377423
0.0029382379139974513
0.0029684953794125624
0.002995195049769155
0.0030157378518746803
0.0030274424213970834
0.003027651047298793
0.0030138415820147963
0.002983740813931577
0.002935434554690374
0.0028674696529804805
0.002778943316080679
0.002669575498226198
0.002539760689129298
0.0023905961856701616
0.002223884825522973
0.002042111166744364
0.0018483911699864368
0.001646396534119417
0.0014402559040818897
0.001234436164602787
0.0010336079105588351
0.0008424999043177312
0.0006657478591787223
0.0005077432007747637
0.00037248753918176284
0.000263458427741882
0.0001834915949458209
0.00013468422812797223
0.00011832308688033673
0.00013484026326800907
0.00018379832555679825
0.0002639054280147879
0.0003730597904985201
0.0005084217981580219
0.0006665108927233433
0.0008433234681560653
0.0010344671852664323
0.0012353065153409585
0.0014411139363961507
0.0016472210521824365
0.001849163988020665
0.0020428177330384695
0.0022245146293684006
0.0023911429300641626
0.0025402222255026686
0.0026699535329922633
0.002779242911695101
0.002867698557715719
0.0029356024048103227
0.002983858258864244
0.0030139193870748334
0.003027699229287708
0.0030274694699699433
0.0030157500840549767
0.002995196136740931
0.00296848607420096
0.002938215996475034
0.002906803971908731
0.002876407858754631
0.002848859375055384
0.0028256163389363113
0.002807734127566709
0.002795856515372824
0.002790225191184748
0.002790706458091918
0.002796832922994424
0.0028078574137106703
0.002822815941794222
0.0028405962730524777
0.002860008581181601
0.0028798547408109562
0.002898993054626837
0.0029163955880208764
0.0029311957806653862
0.0029427245895092624
0.0029505340605294273
0.002954407894055402
0.0029543592274315295
0.002950616477562288
