0.0026587283867556145
0.0026406935366434336
0.0026253612059497005
0.002613447471301487
0.002605587478183684
0.002602309801422407
0.0026040130006487186
0.0026109451461859903
0.002623187018505815
0.0026406395902326824
0.002663016286359991
0.002689840389155605
0.0027204478129365154
0.00275399532458041
0.0027894741326385873
0.0028257286156302018
0.002861479812899072
0.00289535316349557
0.002925909853808581
0.0029516810266143403
0.0029712040158296708
0.0029830597049794695
0.002985910064997717
0.002978534909586497
0.0029598669143704607
0.002929023979221298
0.00288533807042922
0.0028283797592711926
0.0027579777737927347
0.002674232998594786
0.002577526489983166
0.0024685212175410286
0.0023481573943281314
0.0022176414126572896
0.0020784285568700607
0.0019321998149104606
0.0017808332531090685
0.0016263705500108444
0.0014709794021955955
0.0013169126151228584
0.0011664647727965684
0.0010219274396890195
0.0008855438856054378
0.0007594643382638758
0.0006457027591072821
0.000546096105590413
0.0004622669887497299
0.00039559055961915145
0.0003471663638050235
0.00031779579249806126
0.00030796563295553477
0.0003178380849114034
0.00034724746458022386
0.00039570366819704366
0.0004624023157647459
0.0005462413462758756
0.0006458436915087395
0.0007595855198252324
0.0008856294172963578
0.0010219617637793866
0.0011664334687879292
0.0013168031582879095
0.0014707818506589088
0.0016260781292648705
0.001780442811173067
0.0019317121268221712
0.00207784846361606
0.002216977786723177
0.0023474229314806513
0.0024677320619219045
0.0025767017067783162
0.002673393915133829
0.0027571472156488665
0.0028275812125244824
0.0028845948045290518
0.0029283581666943925
0.0029592987838906403
0.002978081967638053
0.002985586418579389
0.0029828755136285033
0.002971165095872245
0.002951788624198569
0.0029261605962199854
0.002895739190793201
0.0028619890843617495
0.002826345378188542
0.0027901795317016916
0.002754768131734737
0.0027212652401513867
0.002690678955580994
0.002663852701698415
0.0026414516180968926
0.0026239542841604603
0.0026116498555709177
0.002604640541485578
0.0026028492023460015
0.002606031707993753
0.002613793567334207
0.0026256102279245356
0.0026408503498336934
0.0026588012856386773
