0.0025118670318619958
0.0025087106217225037
0.002511030244588825
0.0025190022025843375
0.0025326396272467465
0.0025517865190665587
0.002576116235106557
0.002605134487909223
0.002638186792370731
0.002674470174161844
0.002713048837286779
0.002752873382869698
0.0027928030792182482
0.002831630607112932
0.0028681086460232205
0.0029009776278540464
0.0029289939655354046
0.0029509580642917118
0.0029657414431460694
0.0029723123319174137
0.0029697591629146234
0.0029573114445246777
0.0029343575833696888
0.0029004593098419383
0.0028553624556289106
0.0027990039282722017
0.0027315148238807587
0.00265321971201261
0.0025646322138704655
0.0024664470740741523
0.002359528995517947
0.002244898564775165
0.0021237156412267115
0.0019972606160957923
0.0018669139678698392
0.0017341345486306058
0.0016004370324444357
0.0014673689433830326
0.0013364876584243861
0.0012093377510988123
0.0010874290070907833
0.0009722154049143161
0.0008650753150343595
0.0007672931310744638
0.0006800425085095523
0.0006043713507246319
0.0005411886504706623
0.0004912532671958187
0.0004551646977728512
0.0004333558797536281
0.0004260880521249209
0.0004334476880051198
0.0004553455059711349
0.0004915175607273036
0.0005415284085048756
0.0006047763367543165
0.0006805006402385585
0.0007677909155309896
0.0008655983323119687
0.0009727488221107682
0.0010879581028958056
0.0012098484311195193
0.0013369669417447193
0.0014678054020150263
0.0016008211671987198
0.0017344590874381934
0.0018671740756291781
0.0019974540085796137
0.0021238425993275944
0.0022449618492510594
0.0023595336662680334
0.0024664002216808535
0.002564542614540965
0.0026530974200108517
0.0027313707179437204
0.00279884923025895
0.002855208240689745
0.0029003160276776163
0.002934234609666909
0.002957216680422911
0.002969698698429572
0.002972290186693434
0.002965759394833965
0.0029510155713695996
0.002929088187645026
0.002901103542859417
0.002868259259163968
0.002831797243971013
0.002792975750886924
0.0027530412088378367
0.002713200509242432
0.0026745944422670266
0.002638272954629345
0.002605172863078846
0.0025760986001994745
0.0025517064938232995
0.002532492989994802
0.0025187871245369257
0.0025107474327910936
0.002508363364392782
0.002511461143665966
