0.0030221973979023186
0.0030187612621147674
0.0030178614866652465
0.003019712768535886
0.003024275852548071
0.0030312475911803798
0.003040075501868719
0.003049996807823386
0.003060099683698578
0.0030694022465837852
0.003076942932618907
0.003081874461093712
0.0030835527602251977
0.003081612115033103
0.003076018444527919
0.003067094006905355
0.0030555088881023536
0.003042237211986478
0.0030284789305414905
0.0030155510841441647
0.003004755320553501
0.0029972309816531373
0.0029938049842234624
0.002994850848712483
0.003000169436851178
0.003008903181293089
0.0030194938395293573
0.003029691168166034
0.003036616552770036
0.003036881765847863
0.003026758931299349
0.003002393746013127
0.0029600503522608157
0.0028963732553444923
0.0028086495874810533
0.0026950540200922756
0.002554858836677098
0.0023885931262220494
0.0021981376821234066
0.0019867458461902236
0.0017589849955913415
0.0015205983433926708
0.0012782918779034467
0.001039456249591311
0.0008118378790945843
0.0006031771883664108
0.0004208343852651299
0.0002714244691473402
0.000160482968064565
0.00009218235975571233
0.00006911625877210565
0.00009216445235747893
0.00016044699896443812
0.0002713701874852713
0.00042076155292503255
0.0006030857290190924
0.0008117280506598663
0.0010393288208120027
0.001278148288555721
0.0015204408284271967
0.001758816656153221
0.0019865706547777503
0.002197960414738784
0.0023884192207464855
0.0025546941832996954
0.0026949046958459253
0.002808521552228991
0.002896272030439022
0.00295998070520627
0.0030023594046096804
0.0030267623488986917
0.003036923955668235
0.0030366970040120976
0.0030298078503926155
0.00301964329496574
0.0030090806979601336
0.00300036928934367
0.002995066588502321
0.0029940297580179215
0.002997457854845084
0.0030049775832681124
0.003015762519744394
0.003028674030461967
0.0030424113260366092
0.0030556583054175517
0.0030672159689700594
0.003076111097572466
0.0030816744140859838
0.0030835843407396885
0.0030818754960498214
0.0030769139931728544
0.0030693441827143245
0.003060013538068028
0.003049883771568062
0.0030399369157137622
0.003031084989668089
0.003024091043831937
0.003019507937651343
0.0030176393068919337
0.003018524997321819
0.0030219509787949616
