0.000017177312824
0.000017990315263
0.000019033327892
0.000020287078095
0.000021728396983
0.000023330647852
0.000025064218732
0.000026897069923
0.000028795326388
0.000030723904048
0.000032647158400
0.000034529543468
0.000036336268899
0.000038033943061
0.000039591190260
0.000040979230662
0.000042172412205
0.000043148684675
0.000043890007185
0.000044382681529
0.000044617605256
0.000044590439796
0.000044301690524
0.000043756697308
0.000042965535695
0.000041942830599
0.000040707485909
0.000039282335042
0.000037693718892
0.000035970998984
0.000034146014834
0.000032252495537
0.000030325436478
0.000028400452661
0.000026513120627
0.000024698321108
0.000022989594572
0.000021418521555
0.000020014139234
0.000018802405019
0.000017805717067
0.000017042500569
0.000016526867459
0.000016268355819
0.000016271753789
0.000016537011234
0.000017059240786
0.000017828808245
0.000018831510657
0.000020048838773
0.000021458319042
0.000023033928810
0.000024746577051
0.000026564641754
0.000028454554021
0.000030381418111
0.000032309655945
0.000034203664193
0.000036028471798
0.000037750385784
0.000039337613443
0.000040760849395
0.000041993816690
0.000043013751966
0.000043801825702
0.000044343489808
0.000044628746152
0.000044652331059
0.000044413812378
0.000043917597349
0.000043172851105
0.000042193327349
0.000040997114307
0.000039606300680
0.000038046567746
0.000036346715169
0.000034538129246
0.000032654203444
0.000030729721900
0.000028800217277
0.000026901314841
0.000025068074854
0.000023334345421
0.000021732137746
0.000020291035328
0.000019037647978
0.000017995120758
0.000017182706888
0.000016615412498
0.000016303719781
0.000016253393655
0.000016465375482
0.000016935765815
0.000017655896482
0.000018612490661
0.000019787907998
0.000021160470235
0.000022704861331
0.000024392594689
0.000026192538871
0.000028071492083
0.000029994794838
0.000031926969487
0.000033832374813
0.000035675863615
0.000037423431149
0.000039042842460
0.000040504227033
0.000041780629801
0.000042848508338
0.000043688167082
0.000044284120564
0.000044625378967
0.000044705650737
0.000044523458519
0.000044082166295
0.000043389917210
0.000042459483259
0.000041308029595
0.000039956797828
0.000038430714148
0.000036757929515
0.000034969300387
0.000033097819587
0.000031178007785
0.000029245276842
0.000027335276742
0.000025483238164
0.000023723322817
0.000022087993518
0.000020607415620
0.000019308900845
0.000018216403742
0.000017350080085
0.000016725915330
0.000016355429976
0.000016245467267
0.000016398067141
0.000016810428733
0.000017474962137
0.000018379428449
0.000019507165512
0.000020837395197
0.000022345606543
0.000024004007693
0.000025782038290
0.000027646932886
0.000029564324964
0.000031498880454
0.000033414949044
0.000035277221304
0.000037051379481
0.000038704729999
0.000040206805989
0.000041529928750
0.000042649717809
0.000043545540153
0.000044200890402
0.000044603694872
0.000044746533973
0.000044626778820
0.000044246639561
0.000043613124528
0.000042737910979
0.000041637129808
0.000040331068205
0.000038843795746
0.000037202720806
0.000035438085478
0.000033582408300
0.000031669885075
0.000029735758804
0.000027815670365
0.000025945001891
0.000024158224936
0.000022488265457
0.000020965897289
0.000019619175304
0.000018472918667
0.000017548253734
0.000016862224989
0.000016427481181
0.000016252042453
0.000016339152731
0.000016687220091
0.000017289846200
0.000018135944282
0.000019209943424
0.000020492075459
0.000021958739141
0.000023582934888
0.000025334762094
0.000027181969840
0.000029090550865
0.000031025367847
0.000032950800467
0.000034831401343
0.000036632548739
0.000038321084051
0.000039865922315
0.000041238624512
0.000042413921129
0.000043370177330
0.000044089791204
0.000044559517724
0.000044770712496
0.000044719490785
0.000044406798919
0.000043838396744
0.000043024751472
0.000041980844879
0.000040725897403
0.000039283014229
0.000037678759888
0.000035942669190
0.000034106703515
0.000032204662457
0.000030271561668
0.000028342988344
0.000026454446218
0.000024640702132
0.000022935146184
0.000021369177255
0.000019971625204
0.000018768220371
0.000017781120139
0.000017028501276
0.000016524225539
0.000016277584710
0.000016293129718
0.000016570587025
0.000017104863772
0.000017886141613
0.000018900057483
0.000020127967984
0.000021547292513
0.000023131928802
0.000024852733251
0.000026678057171
0.000028574329106
0.000030506672493
0.000032439547306
0.000034337403871
0.000036165336842
0.000037889727273
0.000039478861017
0.000040903512047
0.000042137479986
0.000043158071960
0.000043946519912
0.000044488325706
0.000044773527684
0.000044796883768
0.000044557967759
0.000044061177053
0.000043315651647
0.000042335105931
0.000041137576361
0.000039745089661
0.000038183257658
0.000036480806216
0.000034669046919
0.000032781301235
0.000030852287751
0.000028917483743
0.000027012472826
0.000025172290677
0.000023430780869
0.000021819972644
0.000020369492081
0.000019106017466
0.000018052788891
0.000017229181075
0.000016650347276
0.000016326940820
0.000016264919370
0.000016465435522
0.000016924815735
0.000017634627983
0.000018581836869
0.000019749043346
0.000021114804642
0.000022654028493
0.000024338434437
0.000026137073685
0.000028016898012
0.000029943367207
0.000031881083918
0.000033794444212
0.000035648291917
0.000037408564687
0.000039042919953
0.000040521329227
0.000041816629864
0.000042905024131
0.000043766516419
0.000044385280578
0.000044749950610
0.000044853829406
0.000044695011683
0.000044276418868
0.000043605745305
0.000042695316768
0.000041561863887
0.000040226214663
0.000038712911719
0.000037049761324
0.000035267322485
0.000033398345491
0.000031477170229
0.000029539095324
0.000027619729706
0.000025754338494
0.000023977195237
0.000022320952390
0.000020816041599
0.000019490114807
0.000018367536431
0.000017468935957
0.000016810829140
0.000016405314785
0.000016259852649
0.000016377126565
0.000016754995268
0.000017386531840
0.000018260151037
0.000019359822150
0.000020665363494
0.000022152813099
0.000023794868814
0.000025561389704
0.000027419949565
0.000029336432367
0.000031275658692
0.000033202031680
0.000035080190595
0.000036875660035
0.000038555482856
0.000040088825191
0.000041447542464
0.000042606696004
0.000043545010784
0.000044245265884
0.000044694610513
0.000044884799799
0.000044812346016
0.000044478582486
0.000043889638986
0.000043056329113
0.000041993951689
0.000040722009846
0.000039263852970
0.000037646248051
0.000035898888347
0.000034053848355
0.000032144995111
0.000030207366614
0.000028276528799
0.000026387922846
0.000024576214803
0.000022874659479
0.000021314490243
0.000019924345960
0.000018729745552
0.000017752619833
0.000017010909201
0.000016518234568
0.000016283647555
0.000016311464532
0.000016601187546
0.000017147513579
0.000017940431953
0.000018965408110
0.000020203650358
0.000021632454717
0.000023225621514
0.000024953936075
0.000026785704719
0.000028687336184
0.000030623957845
0.000032560055400
0.000034460124304
0.000036289320983
0.000038014101904
0.000039602838769
0.000041026398551
0.000042258677741
0.000043277081011
0.000044062935512
0.000044601833223
0.000044883895065
0.000044903951960
0.000044661639499
0.000044161404503
0.000043412423364
0.000042428433657
0.000041227482129
0.000039831593681
0.000038266367431
0.000036560507251
0.000034745295412
