0.000042358241939
0.000043934333058
0.000045529480319
0.000047133152899
0.000048734764325
0.000050323742377
0.000051889598880
0.000053421998939
0.000054910829153
0.000056346264362
0.000057718832480
0.000059019476993
0.000060239616708
0.000061371202353
0.000062406769670
0.000063339488626
0.000064163208450
0.000064872498164
0.000065462682376
0.000065929872068
0.000066270990201
0.000066483791951
0.000066566879457
0.000066519710975
0.000066342604378
0.000066036734989
0.000065604127754
0.000065047643807
0.000064370961521
0.000063578552168
0.000062675650349
0.000061668219394
0.000060562911953
0.000059367026043
0.000058088456849
0.000056735644582
0.000055317518747
0.000053843439202
0.000052323134361
0.000050766636997
0.000049184218026
0.000047586318736
0.000045983481896
0.000044386282205
0.000042805256538
0.000041250834445
0.000039733269369
0.000038262571035
0.000036848439447
0.000035500200940
0.000034226746703
0.000033036474174
0.000031937231704
0.000030936266845
0.000030040178600
0.000029254873968
0.000028585529045
0.000028036554951
0.000027611568812
0.000027313369973
0.000027143921608
0.000027104337847
0.000027194876500
0.000027414937432
0.000027763066586
0.000028236965646
0.000028833507258
0.000029548755720
0.000030377992990
0.000031315749859
0.000032355842069
0.000033491411136
0.000034714969619
0.000036018450529
0.000037393260550
0.000038830336727
0.000040320206241
0.000041853048878
0.000043418761789
0.000045007026092
0.000046607374906
0.000048209262339
0.000049802133003
0.000051375491570
0.000052918971936
0.000054422405523
0.000055875888267
0.000057269845863
0.000058595096826
0.000059842912957
0.000061005076817
0.000062073935831
0.000063042452656
0.000063904251505
0.000064653660093
0.000065285746949
0.000065796353847
0.000066182123135
0.000066440519784
0.000066569848026
0.000066569262449
0.000066438773498
0.000066179247333
0.000065792400052
0.000065280786315
0.000064647782451
0.000063897564142
0.000063035078860
0.000062066013213
0.000060996755430
0.000059834353226
0.000058586467337
0.000057261321009
0.000055867645803
0.000054414624043
0.000052911828314
0.000051369158393
0.000049796776027
0.000048205038000
0.000046604427917
0.000045005487168
0.000043418745508
0.000041854651734
0.000040323504887
0.000038835386464
0.000037400094057
0.000036027076872
0.000034725373553
0.000033503552707
0.000032369656538
0.000031331147948
0.000030394861455
0.000029566958261
0.000028852885745
0.000028257341673
0.000027784243333
0.000027436701819
0.000027217001621
0.000027126585656
0.000027166045846
0.000027335119290
0.000027632690067
0.000028056796652
0.000028604644896
0.000029272626483
0.000030056342746
0.000030950633675
0.000031949611941
0.000033046701697
0.000034234681900
0.000035505733890
0.000036851492876
0.000038263103026
0.000039731275773
0.000041246350967
0.000042798360459
0.000044377093712
0.000045972164996
0.000047573081726
0.000049169313499
0.000050750361373
0.000052305826928
0.000053825480663
0.000055299329269
0.000056717681346
0.000058071211124
0.000059351019777
0.000060548693914
0.000061656360877
0.000062666740477
0.000063573192824
0.000064369761946
0.000065051214896
0.000065613076111
0.000066051656782
0.000066364079043
0.000066548294828
0.000066603099274
0.000066528138569
0.000066323912206
0.000065991769632
0.000065533901300
0.000064953324197
0.000064253861936
0.000063440119552
0.000062517453158
0.000061491934666
0.000060370311813
0.000059159963736
0.000057868852414
0.000056505470274
0.000055078784320
0.000053598177147
0.000052073385232
0.000050514434899
0.000048931576393
0.000047335216484
0.000045735850055
0.000044143991110
0.000042570103669
0.000041024533003
0.000039517437647
0.000038058722652
0.000036657974515
0.000035324398203
0.000034066756691
0.000032893313415
0.000031811778013
0.000030829255708
0.000029952200670
0.000029186373660
0.000028536804240
0.000028007757782
0.000027602707508
0.000027324311739
0.000027174396495
0.000027153943568
0.000027263084147
0.000027501098019
0.000027866418380
0.000028356642197
0.000028968546059
0.000029698107429
0.000030540531129
0.000031490280905
0.000032541115854
0.000033686131481
0.000034917805096
0.000036228045287
0.000037608245106
0.000039049338641
0.000040541860601
0.000042076008510
0.000043641707115
0.000045228674572
0.000046826489989
0.000048424661869
0.000050012697012
0.000051580169422
0.000053116788760
0.000054612467907
0.000056057389177
0.000057442068761
0.000058757418966
0.000059994807851
0.000061146115862
0.000062203789097
0.000063160888852
0.000064011137125
0.000064748957771
0.000065369513054
0.000065868735342
0.000066243353744
0.000066490915511
0.000066609802076
0.000066599239600
0.000066459303985
0.000066190920304
0.000065795856656
0.000065276712494
0.000064636901488
0.000063880629059
0.000063012864709
0.000062039309342
0.000060966357791
0.000059801056792
0.000058551058687
0.000057224571156
0.000055830303309
0.000054377408499
0.000052875424218
0.000051334209487
0.000049763880136
0.000048174742411
0.000046577225337
0.000044981812281
0.000043398972166
0.000041839090794
0.000040312402709
0.000038828924073
0.000037398386970
0.000036030175591
0.000034733264699
0.000033516160795
0.000032386846354
0.000031352727507
0.000030420585514
0.000029596532333
0.000028885970590
0.000028293558203
0.000027823177890
0.000027477911776
0.000027260021241
0.000027170932159
0.000027211225621
0.000027380634188
0.000027678043723
0.000028101500763
0.000028648225405
0.000029314629597
0.000030096340742
0.000030988230428
0.000031984448122
0.000033078459592
0.000034263089804
0.000035530570021
0.000036872588788
0.000038280346465
0.000039744612965
0.000041255788295
0.000042803965526
0.000044378995764
0.000045970554699
0.000047568210301
0.000049161491207
0.000050739955371
0.000052293258501
0.000053811221860
0.000055283898962
0.000056701640749
0.000058055158811
0.000059335586227
0.000060534535644
0.000061644154207
0.000062657174979
0.000063566964512
0.000064367566268
0.000065053739595
0.000065620994009
0.000066065618555
0.000066384706062
0.000066576172119
0.000066638768669
0.000066572092116
0.000066376585893
0.000066053537493
0.000065605069957
0.000065034127897
0.000064344458134
0.000063540585086
0.000062627781062
0.000061612031657
0.000060499996484
0.000059298965494
0.000058016811164
0.000056661936886
0.000055243221874
0.000053769962966
0.000052251813692
0.000050698721022
0.000049120860184
0.000047528568006
0.000045932275205
0.000044342438062
0.000042769469941
0.000041223673103
0.000039715171239
0.000038253843196
0.000036849258304
0.000035510613739
0.000034246674331
0.000033065715205
0.000031975467644
0.000030983068507
0.000030095013551
0.000029317114958
0.000028654463336
0.000028111394451
0.000027691460904
0.000027397408943
0.000027231160544
0.000027193800907
0.000027285571416
0.000027505868133
0.000027853245821
0.000028325427475
0.000028919319297
0.000029631031017
0.000030455901418
0.000031388528917
0.000032422806976
0.000033551964131
0.000034768608363
0.000036064775531
0.000037431981541
0.000038861277912
0.000040343310377
0.000041868380130
0.000043426507324
0.000045007496400
0.000046601002823
0.000048196600779
0.000049783851406
0.000051352371093
0.000052891899420
0.000054392366277
0.000055843957736
0.000057237180234
0.000058562922660
0.000059812515927
0.000060977789652
