0.000002043192853
0.000002043550133
0.000002043907412
0.000002044264690
0.000002044621967
0.000002044979244
0.000002045336519
0.000002045693794
0.000002046051067
0.000002046408340
0.000002046765612
0.000002047122883
0.000002047480153
0.000002047837423
0.000002048194691
0.000002048551959
0.000002048909225
0.000002049266491
0.000002049623755
0.000002049981019
0.000002050338282
0.000002050695544
0.000002051052805
0.000002051410065
0.000002051767324
0.000002052124583
0.000002052481840
0.000002052839096
0.000002053196352
0.000002053553607
0.000002053910860
0.000002054268113
0.000002054625365
0.000002054982615
0.000002055339865
0.000002055697114
0.000002056054362
0.000002056411609
0.000002056768855
0.000002057126100
0.000002057483344
0.000002057840587
0.000002058197830
0.000002058555071
0.000002058912311
0.000002059269550
0.000002059626789
0.000002059984026
0.000002060341262
0.000002060698498
0.000002061055732
0.000002061412966
0.000002061770198
0.000002062127430
0.000002062484660
0.000002062841890
0.000002063199118
0.000002063556346
0.000002063913572
0.000002064270798
0.000002064628022
0.000002064985246
0.000002065342468
0.000002065699690
0.000002066056910
0.000002066414130
0.000002066771348
0.000002067128566
0.000002067485782
0.000002067842997
0.000002068200212
0.000002068557425
0.000002068914638
0.000002069271849
0.000002069629059
0.000002069986268
0.000002070343477
0.000002070700684
0.000002071057890
0.000002071415095
0.000002071772299
0.000002072129502
0.000002072486704
0.000002072843905
0.000002073201105
0.000002073558304
0.000002073915502
0.000002074272699
0.000002074629894
0.000002074987089
0.000002075344282
0.000002075701475
0.000002076058666
0.000002076415857
0.000002076773046
0.000002077130234
0.000002077487421
0.000002077844607
0.000002078201792
0.000002078558976
0.000002078916159
0.000002079273341
0.000002079630522
0.000002079987701
0.000002080344880
0.000002080702057
0.000002081059233
0.000002081416409
0.000002081773583
0.000002082130756
0.000002082487928
0.000002082845098
0.000002083202268
0.000002083559437
0.000002083916604
0.000002084273771
0.000002084630936
0.000002084988100
0.000002085345263
0.000002085702425
0.000002086059586
0.000002086416745
0.000002086773904
0.000002087131061
0.000002087488217
0.000002087845373
0.000002088202527
0.000002088559679
0.000002088916831
0.000002089273982
0.000002089631131
0.000002089988279
0.000002090345427
0.000002090702573
0.000002091059717
0.000002091416861
0.000002091774004
0.000002092131145
0.000002092488285
0.000002092845424
0.000002093202562
0.000002093559699
0.000002093916835
0.000002094273969
0.000002094631102
0.000002094988234
0.000002095345365
0.000002095702495
0.000002096059624
0.000002096416751
0.000002096773877
0.000002097131002
0.000002097488126
0.000002097845249
0.000002098202370
0.000002098559490
0.000002098916609
0.000002099273727
0.000002099630844
0.000002099987959
0.000002100345074
0.000002100702187
0.000002101059299
0.000002101416409
0.000002101773519
0.000002102130627
0.000002102487734
0.000002102844840
0.000002103201944
0.000002103559048
0.000002103916150
0.000002104273251
0.000002104630350
0.000002104987449
0.000002105344546
0.000002105701642
0.000002106058737
0.000002106415830
0.000002106772923
0.000002107130014
0.000002107487104
0.000002107844192
0.000002108201280
0.000002108558366
0.000002108915451
0.000002109272534
0.000002109629617
0.000002109986698
0.000002110343778
0.000002110700856
0.000002111057933
0.000002111415009
0.000002111772084
0.000002112129158
0.000002112486230
0.000002112843301
0.000002113200371
0.000002113557439
0.000002113914506
0.000002114271572
0.000002114628637
0.000002114985700
0.000002115342762
0.000002115699823
0.000002116056883
0.000002116413941
0.000002116770998
0.000002117128053
0.000002117485108
0.000002117842161
0.000002118199213
0.000002118556263
0.000002118913312
0.000002119270360
0.000002119627407
0.000002119984452
0.000002120341496
0.000002120698538
0.000002121055580
0.000002121412620
0.000002121769658
0.000002122126696
0.000002122483732
0.000002122840766
0.000002123197800
0.000002123554832
0.000002123911862
0.000002124268892
0.000002124625920
0.000002124982947
0.000002125339972
0.000002125696996
0.000002126054019
0.000002126411040
0.000002126768060
0.000002127125079
0.000002127482096
0.000002127839112
0.000002128196127
0.000002128553140
0.000002128910152
0.000002129267163
0.000002129624172
0.000002129981180
0.000002130338186
0.000002130695191
0.000002131052195
0.000002131409198
0.000002131766199
0.000002132123198
0.000002132480197
0.000002132837193
0.000002133194189
0.000002133551183
0.000002133908176
0.000002134265167
0.000002134622157
0.000002134979146
0.000002135336133
0.000002135693119
0.000002136050104
0.000002136407087
0.000002136764068
0.000002137121049
0.000002137478028
0.000002137835005
0.000002138191981
0.000002138548956
0.000002138905929
0.000002139262901
0.000002139619871
0.000002139976840
0.000002140333808
0.000002140690774
0.000002141047739
0.000002141404702
0.000002141761664
0.000002142118625
0.000002142475584
0.000002142832542
0.000002143189498
0.000002143546453
0.000002143903406
0.000002144260358
0.000002144617309
0.000002144974258
0.000002145331205
0.000002145688152
0.000002146045096
0.000002146402040
0.000002146758982
0.000002147115922
0.000002147472861
0.000002147829799
0.000002148186735
0.000002148543669
0.000002148900602
0.000002149257534
0.000002149614464
0.000002149971393
0.000002150328321
0.000002150685246
0.000002151042171
0.000002151399094
0.000002151756015
0.000002152112935
0.000002152469854
0.000002152826771
0.000002153183686
0.000002153540600
0.000002153897513
0.000002154254424
0.000002154611334
0.000002154968242
0.000002155325148
0.000002155682054
0.000002156038957
0.000002156395859
0.000002156752760
0.000002157109659
0.000002157466557
0.000002157823453
0.000002158180348
0.000002158537241
0.000002158894132
0.000002159251023
0.000002159607911
0.000002159964798
0.000002160321684
0.000002160678568
0.000002161035451
0.000002161392332
0.000002161749211
0.000002162106089
0.000002162462966
0.000002162819841
0.000002163176714
0.000002163533586
0.000002163890456
0.000002164247325
0.000002164604192
0.000002164961058
0.000002165317922
0.000002165674785
0.000002166031646
0.000002166388506
0.000002166745364
0.000002167102220
0.000002167459075
0.000002167815929
0.000002168172781
0.000002168529631
0.000002168886480
0.000002169243327
0.000002169600172
0.000002169957016
0.000002170313859
0.000002170670700
0.000002171027539
0.000002171384377
0.000002171741213
0.000002172098048
0.000002172454881
0.000002172811712
0.000002173168542
0.000002173525371
0.000002173882197
0.000002174239023
0.000002174595846
0.000002174952668
0.000002175309489
0.000002175666307
0.000002176023125
0.000002176379940
0.000002176736754
0.000002177093567
0.000002177450378
0.000002177807187
0.000002178163995
0.000002178520801
0.000002178877605
0.000002179234408
0.000002179591209
0.000002179948009
0.000002180304807
0.000002180661603
0.000002181018398
0.000002181375191
0.000002181731983
0.000002182088773
0.000002182445561
0.000002182802348
0.000002183159133
0.000002183515916
0.000002183872698
0.000002184229478
0.000002184586257
0.000002184943034
0.000002185299809
0.000002185656582
0.000002186013354
