0.000006692386795
0.000007011782823
0.000007416783828
0.000007898205121
0.000008445128330
0.000009045148781
0.000009684656547
0.000010349144877
0.000011023539045
0.000011692538234
0.000012340962715
0.000012954098452
0.000013518031301
0.000014019963155
0.000014448502833
0.000014793925010
0.000015048391276
0.000015206128244
0.000015263558638
0.000015219382387
0.000015074605895
0.000014832518881
0.000014498619355
0.000014080488510
0.000013587618408
0.000013031196425
0.000012423851369
0.000011779367014
0.000011112369551
0.000010437995979
0.000009771550923
0.000009128159613
0.000008522424836
0.000007968095637
0.000007477755261
0.000007062535430
0.000006731863495
0.000006493248220
0.000006352109132
0.000006311653368
0.000006372802831
0.000006534173349
0.000006792106299
0.000007140751944
0.000007572202558
0.000008076672247
0.000008642719322
0.000009257506127
0.000009907090379
0.000010576741388
0.000011251274007
0.000011915392737
0.000012554038271
0.000013152728650
0.000013697887384
0.000014177151141
0.000014579650073
0.000014896254448
0.000015119781970
0.000015245161068
0.000015269546383
0.000015192383782
0.000015015423332
0.000014742679918
0.000014380342314
0.000013936632789
0.000013421620413
0.000012846992354
0.000012225788380
0.000011572104685
0.000010900773783
0.000010227027815
0.000009566152921
0.000008933142550
0.000008342357535
0.000007807200631
0.000007339812840
0.000006950798352
0.000006648984282
0.000006441220629
0.000006332224932
0.000006324475187
0.000006418153437
0.000006611141374
0.000006899068101
0.000007275409013
0.000007731633621
0.000008257398986
0.000008840784387
0.000009468561902
0.000010126496716
0.000010799670308
0.000011472819119
0.000012130680964
0.000012758341287
0.000013341571369
0.000013867150823
0.000014323167075
0.000014699285088
0.000014986981262
0.000015179736298
0.000015273182683
0.000015265203540
0.000015155980602
0.000014947990254
0.000014645947695
0.000014256700443
0.000013789073547
0.000013253669935
0.000012662630363
0.000012029358359
0.000011368216366
0.000010694199969
0.000010022597610
0.000009368643564
0.000008747172087
0.000008172280662
0.000007657010024
0.000007213048279
0.000006850465849
0.000006577487248
0.000006400304852
0.000006322938828
0.000006347146356
0.000006472382123
0.000006695810952
0.000007012372213
0.000007414894566
0.000007894258415
0.000008439602428
0.000009038569487
0.000009677586536
0.000010342172048
0.000011017264175
0.000011687562177
0.000012337873389
0.000012953457845
0.000013520362715
0.000014025738907
0.000014458132623
0.000014807745181
0.000015066655197
0.000015228998057
0.000015291098626
0.000015251554210
0.000015111265941
0.000014873417941
0.000014543404791
0.000014128709024
0.000013638731440
0.000013084578123
0.000012478808970
0.000011835153403
0.000011168199643
0.000010493064538
0.000009825051346
0.000009179303177
0.000008570459902
0.000008012326297
0.000007517558936
0.000007097378983
0.000006761317436
0.000006516998663
0.000006369967209
0.000006323561849
0.000006378839784
0.000006534552719
0.000006787175338
0.000007130985520
0.000007558194391
0.000008059123240
0.000008622423194
0.000009235332647
0.000009883966553
0.000010553631039
0.000011229156206
0.000011895239619
0.000012536792753
0.000013139282595
0.000013689060725
0.000014173672451
0.000014582139020
0.000014905206506
0.000015135555715
0.000015267968314
0.000015299445356
0.000015229275470
0.000015059051123
0.000014792632553
0.000014436060183
0.000013997417510
0.000013486647620
0.000012915327535
0.000012296405561
0.000011643907658
0.000010972619521
0.000010297751617
0.000009634594750
0.000008998173965
0.000008402908558
0.000007862285856
0.000007388556078
0.000006992455131
0.000006682961571
0.000006467093204
0.000006349747928
0.000006333592458
0.000006419001482
0.000006604048713
0.000006884550077
0.000007254158159
0.000007704505779
0.000008225395508
0.000008805030804
0.000009430283526
0.000010086991708
0.000010760280792
0.000011434900976
0.000012095572975
0.000012727334308
0.000013315878267
0.000013847877853
0.000014311287409
0.000014695615129
0.000014992160347
0.000015194210283
0.000015297191846
0.000015298775093
0.000015198926011
0.000014999907431
0.000014706228006
0.000014324540381
0.000013863490799
0.000013333523491
0.000012746644256
0.000012116148538
0.000011456320178
0.000010782107672
0.000010108785309
0.000009451606923
0.000008825460153
0.000008244529093
0.000007721973019
0.000007269628467
0.000006897741421
0.000006614735636
0.000006427022282
0.000006338855177
0.000006352234799
0.000006466863220
0.000006680150918
0.000006987275318
0.000007381289734
0.000007853280290
0.000008392567313
0.000008986946711
0.000009622965938
0.000010286228345
0.000010961719069
0.000011634145107
0.000012288281832
0.000012909318099
0.000013483192050
0.000013996909954
0.000014438840799
0.000014798979906
0.000015069175563
0.000015243313537
0.000015317455293
0.000015289926846
0.000015161356260
0.000014934659044
0.000014614971805
0.000014209535730
0.000013727532559
0.000013179876769
0.000012578968655
0.000011938413873
0.000011272715727
0.000010596947118
0.000009926409534
0.000009276286750
0.000008661301080
0.000008095379940
0.000007591340323
0.000007160598357
0.000006812910579
0.000006556152838
0.000006396141874
0.000006336503645
0.000006378591388
0.000006521455248
0.000006761864128
0.000007094379212
0.000007511477423
0.000008003721986
0.000008559976160
0.000009167655294
0.000009813011497
0.000010481444497
0.000011157831696
0.000011826870027
0.000012473421918
0.000013082857613
0.000013641386148
0.000014136367500
0.000014556598865
0.000014892568545
0.000015136671653
0.000015283382690
0.000015329381025
0.000015273626368
0.000015117382492
0.000014864188631
0.000014519779220
0.000014091953801
0.000013590400110
0.000013026474398
0.000012412944029
0.000011763698233
0.000011093433615
0.000010417321548
0.000009750664975
0.000009108552364
0.000008505516588
0.000007955206405
0.000007470077912
0.000007061112886
0.000006737570383
0.000006506777177
0.000006373961801
0.000006342135991
0.000006412026239
0.000006582057077
0.000006848386519
0.000007204992889
0.000007643811109
0.000008154915339
0.000008726743837
0.000009346360888
0.000009999749830
0.000010672130486
0.000011348293765
0.000012012945829
0.000012651054024
0.000013248186755
0.000013790839651
0.000014266740694
0.000014665127466
0.000014976990315
0.000015195275980
0.000015315047116
0.000015333594111
0.000015250496660
0.000015067633663
0.000014789141159
0.000014421319195
0.000013972489659
0.000013452808249
0.000012874034788
0.000012249267088
0.000011592644373
0.000010919027043
0.000010243660059
0.000009581827639
0.000008948507148
0.000008358030042
0.000007823757604
0.000007357778775
0.000006970636935
0.000006671091742
0.000006465921383
0.000006359769636
0.000006355041142
0.000006451847214
0.000006648003382
0.000006939078716
0.000007318495844
0.000007777679438
0.000008306249859
0.000008892257640
0.000009522453559
0.000010182588211
0.000010857734345
0.000011532624643
0.000012191997280
0.000012820941414
0.000013405234711
0.000013931665246
0.000014388330432
0.000014764906202
0.000015052880346
0.000015245744752
0.000015339142237
0.000015330964708
0.000015221400494
0.000015012929833
0.000014710268671
0.000014320262051
0.000013851729516
0.000013315265995
