0.000018523854328
0.000018573301078
0.000018518765923
0.000018361330844
0.000018104113667
0.000017752206189
0.000017312573244
0.000016793914762
0.000016206493565
0.000015561932338
0.000014872983781
0.000014153278490
0.000013417055524
0.000012678880945
0.000011953359868
0.000011254847679
0.000010597166111
0.000009993329776
0.000009455288577
0.000008993691117
0.000008617673813
0.000008334679934
0.000008150312183
0.000008068221769
0.000008090036196
0.000008215327187
0.000008441619370
0.000008764439535
0.000009177405422
0.000009672352260
0.000010239494502
0.000010867619512
0.000011544309366
0.000012256186372
0.000012989177466
0.000013728792282
0.000014460409452
0.000015169565497
0.000015842240654
0.000016465136004
0.000017025936440
0.000017513554280
0.000017918348668
0.000018232316426
0.000018449250512
0.000018564862943
0.000018576869692
0.000018485035885
0.000018291180394
0.000017999139730
0.000017614692003
0.000017145442468
0.000016600672959
0.000015991158235
0.000015328952880
0.000014627152983
0.000013899637318
0.000013160793101
0.000012425231728
0.000011707500074
0.000011021793016
0.000010381672851
0.000009799801115
0.000009287688133
0.000008855465239
0.000008511684223
0.000008263147995
0.000008114775864
0.000008069506129
0.000008128237944
0.000008289813608
0.000008551041632
0.000008906760098
0.000009349939027
0.000009871819681
0.000010462087997
0.000011109078693
0.000011800005966
0.000012521216230
0.000013258457887
0.000013997162836
0.000014722734177
0.000015420834482
0.000016077668967
0.000016680258005
0.000017216693616
0.000017676374871
0.000018050217550
0.000018330833873
0.000018512678728
0.000018592159468
0.000018567707057
0.000018439807155
0.000018210990504
0.000017885782804
0.000017470615107
0.000016973696515
0.000016404851739
0.000015775326774
0.000015097566549
0.000014384968961
0.000013651620175
0.000012912016382
0.000012180777502
0.000011472358450
0.000010800763634
0.000010179270290
0.000009620166101
0.000009134506278
0.000008731894914
0.000008420294947
0.000008205870536
0.000008092865003
0.000008083516789
0.000008178015126
0.000008374496315
0.000008669080691
0.000009055949520
0.000009527460286
0.000010074298041
0.000010685659781
0.000011349468161
0.000012052610287
0.000012781196859
0.000013520836526
0.000014256920059
0.000014974908764
0.000015660621462
0.000016300514425
0.000016881948766
0.000017393440038
0.000017824885114
0.000018167761875
0.000018415297726
0.000018562603601
0.000018606770746
0.000018546928358
0.000018384260885
0.000018121984657
0.000017765284274
0.000017321210048
0.000016798538542
0.000016207598986
0.000015560069052
0.000014868744049
0.000014147284110
0.000013409944394
0.000012671293602
0.000011945926364
0.000011248175132
0.000010591827244
0.000009989852702
0.000009454148015
0.000008995301154
0.000008622382271
0.000008342764314
0.000008161977137
0.000008083598004
0.000008109180719
0.000008238224791
0.000008468185290
0.000008794523204
0.000009210795288
0.000009708781609
0.000010278648234
0.000010909141787
0.000011587812003
0.000012301257826
0.000013035392178
0.000013775720155
0.000014507625151
0.000015216657319
0.000015888818666
0.000016510839235
0.000017070438935
0.000017556569894
0.000017959634578
0.000018271675351
0.000018486531741
0.000018599962275
0.000018609728431
0.000018515639034
0.000018319554158
0.000018025348454
0.000017638834616
0.000017167648491
0.000016621098133
0.000016009979812
0.000015346364642
0.000014643360085
0.000013914851056
0.000013175225766
0.000012439091714
0.000011720987408
0.000011035095495
0.000010394962920
0.000009813233593
0.000009301398829
0.000008869570446
0.000008526281015
0.000008278315205
0.000008130575575
0.000008085985522
0.000008145431317
0.000008307744434
0.000008569724540
0.000008926202721
0.000009370143683
0.000009892784901
0.000010483809928
0.000011131552406
0.000011823226697
0.000012545180535
0.000013283164689
0.000014022614281
0.000014748936225
0.000015447797107
0.000016105405882
0.000016708785834
0.000017246030477
0.000017706538387
0.000018081222362
0.000018362688779
0.000018545383621
0.000018625702256
0.000018602060780
0.000018474927476
0.000018246813722
0.000017922224517
0.000017507569572
0.000017011036723
0.000016442430183
0.000015812976845
0.000015135104503
0.000014422196401
0.000013688326982
0.000012947984075
0.000012215783010
0.000011506178298
0.000010833178531
0.000010210070099
0.000009649155152
0.000009161508918
0.000008756761162
0.000008442906079
0.000008226144366
0.000008110760632
0.000008099038578
0.000008191215676
0.000008385478272
0.000008677997261
0.000009063003638
0.000009532902449
0.000010078422887
0.000010688801537
0.000011351995104
0.000012054918405
0.000012783702855
0.000013523970320
0.000014261116914
0.000014980601117
0.000015668230557
0.000016310441815
0.000016894567773
0.000017409087279
0.000017843852237
0.000018190287683
0.000018441560913
0.000018592716336
0.000018640773364
0.000018584785399
0.000018425858699
0.000018167130730
0.000017813708387
0.000017372567283
0.000016852414093
0.000016263514664
0.000015617491317
0.000014927093368
0.000014205945419
0.000013468278443
0.000012728648973
0.000012001651953
0.000011301632916
0.000010642405149
0.000010036977386
0.000009497297370
0.000009034016309
0.000008656278831
0.000008371542575
0.000008185430956
0.000008101622048
0.000008121775775
0.000008245500910
0.000008470362560
0.000008791930037
0.000009203864196
0.000009698042535
0.000010264719584
0.000010892719398
0.000011569656329
0.000012282179660
0.000013016237247
0.000013757352911
0.000014490912093
0.000015202450105
0.000015877937311
0.000016504055625
0.000017068460916
0.000017560026179
0.000017969060725
0.000018287501113
0.000018509070065
0.000018629400264
0.000018646120561
0.000018558902899
0.000018369468964
0.000018081556423
0.000017700845359
0.000017234846336
0.000016692752290
0.000016085257158
0.000015424344845
0.000014723052724
0.000013995214355
0.000013255186536
0.000012517566115
0.000011796902129
0.000011107408994
0.000010462686350
0.000009875451082
0.000009357286766
0.000008918415426
0.000008567496088
0.000008311454061
0.000008155344315
0.000008102251648
0.000008153229631
0.000008307279578
0.000008561369991
0.000008910496135
0.000009347778617
0.000009864599029
0.000010450769997
0.000011094736268
0.000011783802835
0.000012504385569
0.000013242279356
0.000013982938426
0.000014711763289
0.000015414388619
0.000016076966390
0.000016686438711
0.000017230794998
0.000017699308466
0.000018082747311
0.000018373556480
0.000018566006449
0.000018656306125
0.000018642677622
0.000018525391432
0.000018306761276
0.000017991098678
0.000017584628149
0.000017095364598
0.000016532955377
0.000015908490074
0.000015234281794
0.000014523624289
0.000013790529730
0.000013049452351
0.000012315003427
0.000011601663230
0.000010923495662
0.000010293871169
0.000009725203388
0.000009228704673
0.000008814165299
0.000008489760639
0.000008261890101
0.000008135050972
0.000008111749656
0.000008192452079
0.000008375574256
0.000008657513254
0.000009032717979
0.000009493798439
0.000010031671337
0.000010635739161
0.000011294099222
0.000011993778496
0.000012720989610
0.000013461402884
0.000014200429004
0.000014923506745
0.000015616390008
0.000016265428539
0.000016857836778
0.000017381945583
0.000017827431890
0.000018185521845
