0.000010944105128
0.000010757473706
0.000010495582187
0.000010165475765
0.000009776033145
0.000009337727831
0.000008862346692
0.000008362673324
0.000007852144678
0.000007344490122
0.000006853362575
0.000006391971576
0.000005972728135
0.000005606910886
0.000005304362559
0.000005073224962
0.000004919719662
0.000004847980332
0.000004859941325
0.000004955285543
0.000005131452999
0.000005383709875
0.000005705276161
0.000006087508418
0.000006520132652
0.000006991520987
0.000007489004605
0.000007999214488
0.000008508440780
0.000009003001080
0.000009469607816
0.000009895724875
0.000010269903968
0.000010582091795
0.000010823899814
0.000010988829458
0.000011072446761
0.000011072501742
0.000010988989298
0.000010824149928
0.000010582410188
0.000010270264402
0.000009896100709
0.000009469976045
0.000009003346069
0.000008508757249
0.000007999509406
0.000007489297814
0.000006991844551
0.000006520529081
0.000006088028071
0.000005705974222
0.000005384643303
0.000005132677864
0.000004956855030
0.000004861904590
0.000004850382235
0.000004922601259
0.000005076624514
0.000005308316752
0.000005611455921
0.000005977900382
0.000006397807575
0.000006859898274
0.000007351759392
0.000007860177242
0.000008371492378
0.000008871966520
0.000009348151740
0.000009787251997
0.000010177467294
0.000010508311153
0.000010770892843
0.000010958156680
0.000011065071930
0.000011088768138
0.000011028612233
0.000010886225320
0.000010665438739
0.000010372190622
0.000010014365801
0.000009601583440
0.000009144938188
0.000008656701856
0.000008149993687
0.000007638428078
0.000007135749205
0.000006655462305
0.000006210471458
0.000005812733508
0.000005472937331
0.000005200216997
0.000005001906486
0.000004883342506
0.000004847720754
0.000004896009497
0.000005026922881
0.000005236954774
0.000005520472302
0.000005869866676
0.000006275757296
0.000006727243683
0.000007212198487
0.000007717593648
0.000008229850906
0.000008735207157
0.000009220084764
0.000009671456796
0.000010077197335
0.000010426407384
0.000010709707631
0.000010919490230
0.000011050122859
0.000011098099663
0.000011062135073
0.000010943198062
0.000010744485943
0.000010471338464
0.000010131094484
0.000009732895074
0.000009287438270
0.000008806692022
0.000008303572972
0.000007791599658
0.000007284529407
0.000006795988660
0.000006339106681
0.000005926162519
0.000005568254768
0.000005275003058
0.000005054289359
0.000004912046117
0.000004852096927
0.000004876054041
0.000004983275449
0.000005170882616
0.000005433838352
0.000005765082631
0.000006155722630
0.000006595271819
0.000007071931643
0.000007572908195
0.000008084755416
0.000008593735634
0.000009086187847
0.000009548893929
0.000009969433036
0.000010336514757
0.000010640282128
0.000010872576402
0.000011027156460
0.000011099866926
0.000011088750422
0.000010994100845
0.000010818456163
0.000010566530826
0.000010245089551
0.000009862765823
0.000009429829980
0.000008957913137
0.000008459694406
0.000007948559887
0.000007438242668
0.000006942453567
0.000006474512611
0.000006046991166
0.000005671374361
0.000005357752834
0.000005114552058
0.000004948306431
0.000004863484159
0.000004862367548
0.000004944991886
0.000005109144517
0.000005350424139
0.000005662358748
0.000006036579106
0.000006463043136
0.000006930305275
0.000007425823602
0.000007936296549
0.000008448020150
0.000008947256239
0.000009420601671
0.000009855348598
0.000010239826059
0.000010563713647
0.000010818318771
0.000010996810033
0.000011094400440
0.000011108475552
0.000011038663170
0.000010886842755
0.000010657094424
0.000010355588952
0.000009990421823
0.000009571395825
0.000009109758062
0.000008617898408
0.000008109017483
0.000007596772973
0.000007094913711
0.000006616911252
0.000006175598740
0.000005782826700
0.000005449144960
0.000005183519232
0.000004993089993
0.000004882980203
0.000004856157083
0.000004913351779
0.000005053039128
0.000005271478163
0.000005562812294
0.000005919226506
0.000006331157344
0.000006787549980
0.000007276155423
0.000007783859807
0.000008297036831
0.000008801913860
0.000009284941776
0.000009733158676
0.000010134537632
0.000010478309243
0.000010755250359
0.000010957931292
0.000011080914958
0.000011120902629
0.000011076822436
0.000010949858240
0.000010743418083
0.000010463043025
0.000010116258755
0.000009712373907
0.000009262230423
0.000008777912641
0.000008272422885
0.000007759332271
0.000007252416143
0.000006765283966
0.000006311013680
0.000005901800400
0.000005548628946
0.000005260979036
0.000005046571074
0.000004911159333
0.000004858378054
0.000004889644508
0.000005004121561
0.000005198740645
0.000005468284446
0.000005805527042
0.000006201427689
0.000006645373065
0.000007125461508
0.000007628821687
0.000008141957239
0.000008651108214
0.000009142619725
0.000009603307973
0.000010020813882
0.000010383934847
0.000010682925702
0.000010909760750
0.000011058349763
0.000011124702076
0.000011107034274
0.000011005818510
0.000010823770121
0.000010565774827
0.000010238757504
0.000009851496066
0.000009414385526
0.000008939158633
0.000008438570646
0.000007926056788
0.000007415371594
0.000006920219857
0.000006453889075
0.000006028893205
0.000005656637259
0.000005347111649
0.000005108624446
0.000004947578660
0.000004868300512
0.000004872923265
0.000004961329775
0.000005131155324
0.000005377850718
0.000005694804023
0.000006073517721
0.000006503836587
0.000006974220181
0.000007472052656
0.000007983981538
0.000008496276322
0.000008995197223
0.000009467364097
0.000009900115585
0.000010281848792
0.000010602330362
0.000010852970634
0.000011027053533
0.000011119916114
0.000011129073018
0.000011054282583
0.000010897552929
0.000010663087899
0.000010357174362
0.000009988013892
0.000009565503305
0.000009100969896
0.000008606868375
0.000008096447554
0.000007583395629
0.000007081473496
0.000006604145882
0.000006164220167
0.000005773502603
0.000005442481181
0.000005180043742
0.000004993238956
0.000004887086676
0.000004864442826
0.000004925922499
0.000005069883357
0.000005292469778
0.000005587716518
0.000005947709078
0.000006362796377
0.000006821849982
0.000007312562856
0.000007821779585
0.000008335849183
0.000008840991047
0.000009323664247
0.000009770930328
0.000010170799925
0.000010512553982
0.000010787031004
0.000010986872667
0.000011106721224
0.000011143363391
0.000011095816818
0.000010965356779
0.000010755482292
0.000010471822536
0.000010121986014
0.000009715356483
0.000009262841136
0.000008776577798
0.000008269609048
0.000007755532075
0.000007248133715
0.000006761020535
0.000006307253940
0.000005899000089
0.000005547204037
0.000005261296784
0.000005048943036
0.000004915836356
0.000004865547121
0.000004899427261
0.000005016574280
0.000005213855472
0.000005485991676
0.000005825698348
0.000006223880214
0.000006669874372
0.000007151735414
0.000007656555007
0.000008170807454
0.000008680712026
0.000009172602367
0.000009633293079
0.000010050433602
0.000010412839859
0.000010710794673
0.000010936308843
0.000011083335782
0.000011147933925
0.000011128372506
0.000011025177887
0.000010841119203
0.000010581133776
0.000010252194360
0.000009863121841
0.000009424348484
0.000008947638116
0.000008445770779
0.000007932200291
0.000007420693874
0.000006924963472
0.000006458298552
0.000006033210205
0.000005661096003
0.000005351934577
0.000005114018076
0.000004953729704
0.000004875372317
