0.000005199142428
0.000004922434798
0.000004699577898
0.000004537067714
0.000004439644580
0.000004410154766
0.000004449467067
0.000004556446882
0.000004727988629
0.000004959105630
0.000005243074916
0.000005571632793
0.000005935215488
0.000006323237876
0.000006724402108
0.000007127027116
0.000007519389306
0.000007890064444
0.000008228260709
0.000008524133145
0.000008769070343
0.000008955944999
0.000009079321073
0.000009135611599
0.000009123182588
0.000009042400116
0.000008895619267
0.000008687115340
0.000008422959336
0.000008110841372
0.000007759847130
0.000007380193803
0.000006982933165
0.000006579630321
0.000006182027437
0.000005801702159
0.000005449730644
0.000005136365004
0.000004870734565
0.000004660579683
0.000004512025946
0.000004429405379
0.000004415129954
0.000004469621128
0.000004591297494
0.000004776620931
0.000005020199865
0.000005314946608
0.000005652284120
0.000006022396107
0.000006414513097
0.000006817226115
0.000007218818783
0.000007607608168
0.000007972284478
0.000008302239769
0.000008587876160
0.000008820884657
0.000008994486568
0.000009103630526
0.000009145139456
0.000009117803204
0.000009022414134
0.000008861744607
0.000008640466933
0.000008365018040
0.000008043412722
0.000007685010817
0.000007300245044
0.000006900317383
0.000006496872837
0.000006101660117
0.000005726189162
0.000005381395564
0.000005077321722
0.000004822824108
0.000004625315200
0.000004490547660
0.000004422447011
0.000004422997695
0.000004492185745
0.000004627999696
0.000004826489614
0.000005081882460
0.000005386750363
0.000005732226863
0.000006108264830
0.000006503928555
0.000006907711569
0.000007307870992
0.000007692768771
0.000008051209927
0.000008372768049
0.000008648088587
0.000008869161146
0.000009029552828
0.000009124595801
0.000009151523582
0.000009109551979
0.000008999902300
0.000008825766062
0.000008592212211
0.000008306039542
0.000007975578613
0.000007610448975
0.000007221278844
0.000006819395428
0.000006416495009
0.000006024302437
0.000005654229965
0.000005317045397
0.000005022559148
0.000004779339312
0.000004594462934
0.000004473310657
0.000004419410637
0.000004434336190
0.000004517660103
0.000004666966923
0.000004877922861
0.000005144401331
0.000005458660534
0.000005811567996
0.000006192865627
0.000006591467656
0.000006995782843
0.000007394051634
0.000007774688445
0.000008126619093
0.000008439603505
0.000008704534235
0.000008913702029
0.000009061020621
0.000009142204163
0.000009154892075
0.000009098717678
0.000008975318623
0.000008788288857
0.000008543073596
0.000008246810429
0.000007908121256
0.000007536861179
0.000007143831691
0.000006740466532
0.000006338499329
0.000005949622662
0.000005585148408
0.000005255679172
0.000004970800294
0.000004738801332
0.000004566435067
0.000004458721042
0.000004418799333
0.000004447838869
0.000004545002993
0.000004707473359
0.000004930531521
0.000005207695901
0.000005530910203
0.000005890777792
0.000006276835217
0.000006677856888
0.000007082181974
0.000007478053959
0.000007853962901
0.000008198980377
0.000008503077340
0.000008757415622
0.000008954604623
0.000009088915762
0.000009156448525
0.000009155243346
0.000009085338135
0.000008948766875
0.000008749500377
0.000008493330946
0.000008187704311
0.000007841503648
0.000007464791940
0.000007068520062
0.000006664209001
0.000006263615365
0.000005878389843
0.000005519738512
0.000005198096816
0.000004922825741
0.000004701939060
0.000004541869655
0.000004447281807
0.000004420934977
0.000004463603138
0.000004574052022
0.000004749074999
0.000004983586498
0.000005270770246
0.000005602277930
0.000005968472447
0.000006358708572
0.000006761642835
0.000007165563525
0.000007558731229
0.000007929719973
0.000008267749113
0.000008562996360
0.000008806882904
0.000008992322432
0.000009113926853
0.000009168162791
0.000009153454339
0.000009070229053
0.000008920905847
0.000008709825072
0.000008443122758
0.000008128552600
0.000007775260815
0.000007393520363
0.000006994432253
0.000006589602609
0.000006190804938
0.000005809637459
0.000005457185528
0.000005143699041
0.000004878294259
0.000004668688751
0.000004520977202
0.000004439454561
0.000004426491659
0.000004482466827
0.000004605755440
0.000004792777600
0.000005038102504
0.000005334606405
0.000005673679551
0.000006045476090
0.000006439199708
0.000006843416765
0.000007246387911
0.000007636408627
0.000008002148879
0.000008332982095
0.000008619293922
0.000008852761832
0.000009026597405
0.000009135744211
0.000009177025456
0.000009149237027
0.000009053183124
0.000008891653388
0.000008669342121
0.000008392711924
0.000008069805715
0.000007710012636
0.000007323794704
0.000006922382229
0.000006517446923
0.000006120762290
0.000005743861202
0.000005397700658
0.000005092343465
0.000004836666065
0.000004638100953
0.000004502421102
0.000004433572599
0.000004433560279
0.000004502389634
0.000004638066667
0.000004836655682
0.000005092393360
0.000005397855856
0.000005744174112
0.000006121291209
0.000006518254326
0.000006923532870
0.000007325353559
0.000007712042709
0.000008072365756
0.000008395854092
0.000008673109652
0.000008896078337
0.000009058284270
0.000009155018021
0.000009183473328
0.000009142828344
0.000009034269079
0.000008860954426
0.000008627923859
0.000008341950560
0.000008011344329
0.000007645710037
0.000007255668693
0.000006852549214
0.000006448059822
0.000006053948555
0.000005681662679
0.000005342016792
0.000005044879192
0.000004798885536
0.000004611188071
0.000004487247691
0.000004430674903
0.000004443124341
0.000004524245992
0.000004671694623
0.000004881197230
0.000005146676634
0.000005460427682
0.000005813340981
0.000006195167658
0.000006594817417
0.000007000681194
0.000007400968940
0.000007784052667
0.000008138804681
0.000008454921150
0.000008723221549
0.000008935915282
0.000009086827763
0.000009171579424
0.000009187712520
0.000009134762118
0.000009014269265
0.000008829736023
0.000008586523689
0.000008291697183
0.000007953820092
0.000007582706275
0.000007189135211
0.000006784539267
0.000006380671922
0.000005989266540
0.000005621695569
0.000005288640076
0.000004999779223
0.000004763508775
0.000004586696854
0.000004474484113
0.000004430134193
0.000004454938845
0.000004548180504
0.000004707153391
0.000004927242496
0.000005202058100
0.000005523621847
0.000005882598889
0.000006268569293
0.000006670330753
0.000007076223816
0.000007474470144
0.000007853514041
0.000008202357375
0.000008510878254
0.000008770124288
0.000008972572012
0.000009112345005
0.000009185384431
0.000009189567058
0.000009124767318
0.000008992861560
0.000008797674295
0.000008544867917
0.000008241778995
0.000007897205814
0.000007521153274
0.000007124542511
0.000006718893668
0.000006315991062
0.000005927540514
0.000005564828883
0.000005238395746
0.000004957726870
0.000004730978409
0.000004564739895
0.000004463842917
0.000004431221013
0.000004467824818
0.000004572594861
0.000004742492735
0.000004972589657
0.000005256209810
0.000005585124247
0.000005949789727
0.000006339625563
0.000006743320478
0.000007149160622
0.000007545369283
0.000007920448489
0.000008263512649
0.000008564604550
0.000008814984563
0.000009007384627
0.000009136219609
0.000009197749827
0.000009190189972
0.000009113761192
0.000008970684786
0.000008765117666
0.000008503031457
0.000008192038774
0.000007841171783
0.000007460619520
0.000007061431696
