0.000004272704775
0.000004074866179
0.000003925212849
0.000003828489902
0.000003787750115
0.000003804260419
0.000003877466026
0.000004005012718
0.000004182825955
0.000004405243698
0.000004665198250
0.000004954441104
0.000005263803592
0.000005583485287
0.000005903361387
0.000006213299898
0.000006503479155
0.000006764696236
0.000006988656968
0.000007168238662
0.000007297717348
0.000007372952171
0.000007391520756
0.000007352800709
0.000007257994059
0.000007110093220
0.000006913788990
0.000006675323089
0.000006402289712
0.000006103392418
0.000005788164346
0.000005466661083
0.000005149136533
0.000004845712716
0.000004566054580
0.000004319060647
0.000004112579593
0.000003953161861
0.000003845854011
0.000003794041982
0.000003799347714
0.000003861581807
0.000003978753128
0.000004147134535
0.000004361382310
0.000004614705337
0.000004899078777
0.000005205495735
0.000005524249422
0.000005845237421
0.000006158278997
0.000006453435921
0.000006721326982
0.000006953426424
0.000007142336769
0.000007282027115
0.000007368028890
0.000007397582262
0.000007369727948
0.000007285340902
0.000007147104381
0.000006959424911
0.000006728290836
0.000006461079109
0.000006166316875
0.000005853405964
0.000005532319678
0.000005213282129
0.000004906440834
0.000004621543331
0.000004367628231
0.000004152740415
0.000003983679111
0.000003865786330
0.000003802781798
0.000003796648947
0.000003847575047
0.000003953946918
0.000004112402135
0.000004317934108
0.000004564047929
0.000004842962478
0.000005145852952
0.000005463126750
0.000005784724569
0.000006100437638
0.000006400231341
0.000006674565032
0.000006914697744
0.000007112969706
0.000007263050211
0.000007360143324
0.000007401144272
0.000007384741001
0.000007311457281
0.000007183635808
0.000007005361891
0.000006782330432
0.000006521660886
0.000006231666664
0.000005921586927
0.000005601289865
0.000005280957336
0.000004970761122
0.000004680541129
0.000004419495543
0.000004195892385
0.000004016811083
0.000003887921671
0.000003813308030
0.000003795340314
0.000003834600292
0.000003929861896
0.000004078127716
0.000004274720641
0.000004513428232
0.000004786695842
0.000005085862956
0.000005401435761
0.000005723387662
0.000006041478355
0.000006345581261
0.000006626008617
0.000006873823440
0.000007081127854
0.000007241318003
0.000007349296883
0.000007401637893
0.000007396693673
0.000007334646755
0.000007217500647
0.000007049012048
0.000006834566926
0.000006581005029
0.000006296399005
0.000005989795673
0.000005670927976
0.000005349906874
0.000005036902838
0.000004741826690
0.000004474019411
0.000004241960144
0.000004053001012
0.000003913136619
0.000003826815145
0.000003796796819
0.000003824064311
0.000003907788157
0.000004045348768
0.000004232414926
0.000004463076915
0.000004730030654
0.000005024807476
0.000005338042524
0.000005659773328
0.000005979758882
0.000006287808718
0.000006574110974
0.000006829548426
0.000007045991826
0.000007216560710
0.000007335843035
0.000007400066526
0.000007407216385
0.000007357095925
0.000007251328692
0.000007093302602
0.000006888058470
0.000006642127032
0.000006363320041
0.000006060482280
0.000005743212354
0.000005421560895
0.000005105715316
0.000004805680582
0.000004530965518
0.000004290284041
0.000004091280347
0.000003940286514
0.000003842120152
0.000003799928713
0.000003815085776
0.000003887143139
0.000004013840846
0.000004191175415
0.000004413524631
0.000004673825254
0.000004963798143
0.000005274213522
0.000005595187664
0.000005916501044
0.000006227927276
0.000006519561757
0.000006782139022
0.000007007328332
0.000007187997892
0.000007318439341
0.000007394545640
0.000007413937166
0.000007376032599
0.000007282062986
0.000007135029146
0.000006939604260
0.000006701985033
0.000006429696224
0.000006131354588
0.000005816399344
0.000005494797168
0.000005176730452
0.000004872278087
0.000004591098359
0.000004342123636
0.000004133276371
0.000003971215499
0.000003861121586
0.000003806528016
0.000003809204195
0.000003869095100
0.000003984319682
0.000004151228628
0.000004364519895
0.000004617408378
0.000004901844119
0.000005208771711
0.000005528422131
0.000005850627088
0.000006165145340
0.000006461990106
0.000006731746867
0.000006965871373
0.000007156958514
0.000007298973863
0.000007387441059
0.000007419579659
0.000007394389707
0.000007312680842
0.000007177045418
0.000006991776641
0.000006762734272
0.000006497161876
0.000006203460962
0.000005890928606
0.000005569466276
0.000005249268541
0.000004940501123
0.000004652978273
0.000004395849697
0.000004177307193
0.000004004320716
0.000003882412813
0.000003815479192
0.000003805661715
0.000003853278326
0.000003956812452
0.000004112962285
0.000004316748241
0.000004561674822
0.000004839941216
0.000005142693329
0.000005460308631
0.000005782704233
0.000006099658026
0.000006401132523
0.000006677591186
0.000006920297492
0.000007121587733
0.000007275109484
0.000007376018831
0.000007421130693
0.000007409017924
0.000007340056335
0.000007216414226
0.000007041986584
0.000006822275603
0.000006564220774
0.000006275983282
0.000005966690942
0.000005646151229
0.000005324541166
0.000005012083765
0.000004718721394
0.000004453796765
0.000004225752152
0.000004041857007
0.000003907973225
0.000003828366086
0.000003805567270
0.000003840294522
0.000003931430494
0.000004076061186
0.000004269572344
0.000004505800182
0.000004777231029
0.000005075242993
0.000005390381511
0.000005712659751
0.000006031874306
0.000006337926294
0.000006621138091
0.000006872556145
0.000007084230878
0.000007249465395
0.000007363025591
0.000007421305346
0.000007422441688
0.000007366376155
0.000007254860113
0.000007091403356
0.000006881167034
0.000006630803704
0.000006348249038
0.000006042471391
0.000005723186994
0.000005400549838
0.000005084826331
0.000004786065525
0.000004513775926
0.000004276619774
0.000004082135065
0.000003936494606
0.000003844309992
0.000003808486793
0.000003830135339
0.000003908539544
0.000004041184193
0.000004223839213
0.000004450697613
0.000004714562208
0.000005007074836
0.000005318980662
0.000005640419287
0.000005961233752
0.000006271288134
0.000006560784295
0.000006820568364
0.000007042417820
0.000007219300517
0.000007345597649
0.000007417283615
0.000007432056821
0.000007389416856
0.000007290684997
0.000007138966780
0.000006939057196
0.000006697291034
0.000006421342784
0.000006119982371
0.000005802794587
0.000005479871493
0.000005161488050
0.000004857771876
0.000004578378238
0.000004332181086
0.000004126990339
0.000003969304539
0.000003864106665
0.000003814709306
0.000003822653634
0.000003887664803
0.000004007664585
0.000004178840281
0.000004395767287
0.000004651581204
0.000004938194011
0.000005246547671
0.000005566897524
0.000005889117038
0.000006203014853
0.000006498654644
0.000006766668138
0.000006998551653
0.000007186936831
0.000007325826834
0.000007410790165
0.000007439105436
0.000007409851902
0.000007323942284
0.000007184096320
0.000006994755535
0.000006761941752
0.000006493063948
0.000006196679852
0.000005882220337
0.000005559685946
0.000005239325786
0.000004931309561
0.000004645403555
0.000004390661086
0.000004175137243
0.000004005636726
0.000003887502341
0.000003824450292
0.000003818456842
0.000003869699327
0.000003976552888
0.000004135642688
0.000004341949866
0.000004588968004
0.000004868905501
0.000005172927963
0.000005491433565
