0.000071082965707
0.000071079483598
0.000071072333599
0.000071061517860
0.000071047039351
0.000071028901871
0.000071007110036
0.000070981669281
0.000070952585853
0.000070919866812
0.000070883520027
0.000070843554172
0.000070799978728
0.000070752803981
0.000070702041021
0.000070647701742
0.000070589798839
0.000070528345813
0.000070463356959
0.000070394847372
0.000070322832940
0.000070247330339
0.000070168357033
0.000070085931266
0.000070000072057
0.000069910799199
0.000069818133248
0.000069722095520
0.000069622708083
0.000069519993749
0.000069413976071
0.000069304679328
0.000069192128528
0.000069076349391
0.000068957368350
0.000068835212546
0.000068709909819
0.000068581488705
0.000068449978434
0.000068315408921
0.000068177810767
0.000068037215246
0.000067893654304
0.000067747160552
0.000067597767256
0.000067445508329
0.000067290418327
0.000067132532437
0.000066971886468
0.000066808516843
0.000066642460589
0.000066473755328
0.000066302439261
0.000066128551167
0.000065952130383
0.000065773216798
0.000065591850844
0.000065408073485
0.000065221926209
0.000065033451019
0.000064842690427
0.000064649687444
0.000064454485575
0.000064257128811
0.000064057661616
0.000063856128925
0.000063652576130
0.000063447049070
0.000063239594020
0.000063030257686
0.000062819087184
0.000062606130036
0.000062391434156
0.000062175047837
0.000061957019739
0.000061737398877
0.000061516234607
0.000061293576613
0.000061069474897
0.000060843979765
0.000060617141813
0.000060389011922
0.000060159641241
0.000059929081185
0.000059697383418
0.000059464599846
0.000059230782611
0.000058995984075
0.000058760256813
0.000058523653603
0.000058286227410
0.000058048031378
0.000057809118814
0.000057569543180
0.000057329358077
0.000057088617230
0.000056847374481
0.000056605683770
0.000056363599123
0.000056121174639
0.000055878464477
0.000055635522842
0.000055392403969
0.000055149162116
0.000054905851548
0.000054662526528
0.000054419241306
0.000054176050107
0.000053933007126
0.000053690166511
0.000053447582358
0.000053205308697
0.000052963399481
0.000052721908579
0.000052480889754
0.000052240396661
0.000052000482828
0.000051761201644
0.000051522606350
0.000051284750020
0.000051047685556
0.000050811465667
0.000050576142861
0.000050341769431
0.000050108397442
0.000049876078717
0.000049644864830
0.000049414807087
0.000049185956522
0.000048958363887
0.000048732079635
0.000048507153921
0.000048283636585
0.000048061577148
0.000047841024795
0.000047622028375
0.000047404636381
0.000047188896943
0.000046974857818
0.000046762566377
0.000046552069595
0.000046343414038
0.000046136645855
0.000045931810765
0.000045728954048
0.000045528120528
0.000045329354573
0.000045132700072
0.000044938200434
0.000044745898572
0.000044555836898
0.000044368057310
0.000044182601188
0.000043999509384
0.000043818822214
0.000043640579455
0.000043464820331
0.000043291583514
0.000043120907106
0.000042952828641
0.000042787385070
0.000042624612754
0.000042464547457
0.000042307224334
0.000042152677929
0.000042000942161
0.000041852050319
0.000041706035054
0.000041562928371
0.000041422761621
0.000041285565492
0.000041151370006
0.000041020204505
0.000040892097652
0.000040767077420
0.000040645171090
0.000040526405243
0.000040410805760
0.000040298397813
0.000040189205866
0.000040083253666
0.000039980564240
0.000039881159894
0.000039785062201
0.000039692292001
0.000039602869394
0.000039516813738
0.000039434143640
0.000039354876957
0.000039279030785
0.000039206621464
0.000039137664567
0.000039072174900
0.000039010166495
0.000038951652610
0.000038896645725
0.000038845157536
0.000038797198957
0.000038752780116
0.000038711910356
0.000038674598231
0.000038640851508
0.000038610677165
0.000038584081393
0.000038561069591
0.000038541646368
0.000038525815544
0.000038513580143
0.000038504942396
0.000038499903742
0.000038498464822
0.000038500625485
0.000038506384784
0.000038515740979
0.000038528691533
0.000038545233121
0.000038565361622
0.000038589072124
0.000038616358923
0.000038647215527
0.000038681634654
0.000038719608237
0.000038761127425
0.000038806182588
0.000038854763316
0.000038906858427
0.000038962455968
0.000039021543218
0.000039084106690
0.000039150132139
0.000039219604559
0.000039292508186
0.000039368826507
0.000039448542257
0.000039531637430
0.000039618093274
0.000039707890306
0.000039801008309
0.000039897426339
0.000039997122732
0.000040100075104
0.000040206260363
0.000040315654705
0.000040428233626
0.000040543971926
0.000040662843714
0.000040784822414
0.000040909880775
0.000041037990872
0.000041169124121
0.000041303251276
0.000041440342444
0.000041580367086
0.000041723294024
0.000041869091452
0.000042017726935
0.000042169167424
0.000042323379257
0.000042480328171
0.000042639979308
0.000042802297226
0.000042967245903
0.000043134788750
0.000043304888617
0.000043477507799
0.000043652608049
0.000043830150582
0.000044010096086
0.000044192404730
0.000044377036173
0.000044563949573
0.000044753103598
0.000044944456435
0.000045137965799
0.000045333588941
0.000045531282659
0.000045731003307
0.000045932706801
0.000046136348633
0.000046341883875
0.000046549267195
0.000046758452861
0.000046969394758
0.000047182046396
0.000047396360920
0.000047612291124
0.000047829789459
0.000048048808045
0.000048269298681
0.000048491212856
0.000048714501756
0.000048939116280
0.000049165007049
0.000049392124413
0.000049620418470
0.000049849839069
0.000050080335827
0.000050311858138
0.000050544355182
0.000050777775936
0.000051012069185
0.000051247183533
0.000051483067412
0.000051719669093
0.000051956936704
0.000052194818231
0.000052433261544
0.000052672214398
0.000052911624452
0.000053151439279
0.000053391606376
0.000053632073181
0.000053872787076
0.000054113695406
0.000054354745483
0.000054595884606
0.000054837060064
0.000055078219153
0.000055319309188
0.000055560277509
0.000055801071498
0.000056041638587
0.000056281926267
0.000056521882099
0.000056761453727
0.000057000588885
0.000057239235413
0.000057477341263
0.000057714854517
0.000057951723398
0.000058187896280
0.000058423321703
0.000058657948387
0.000058891725237
0.000059124601361
0.000059356526078
0.000059587448926
0.000059817319678
0.000060046088348
0.000060273705207
0.000060500120788
0.000060725285899
0.000060949151636
0.000061171669389
0.000061392790853
0.000061612468035
0.000061830653268
0.000062047299215
0.000062262358879
0.000062475785618
0.000062687533150
0.000062897555566
0.000063105807343
0.000063312243356
0.000063516818884
0.000063719489628
0.000063920211714
0.000064118941707
0.000064315636622
0.000064510253926
0.000064702751554
0.000064893087913
0.000065081221896
0.000065267112884
0.000065450720760
0.000065632005915
0.000065810929254
0.000065987452207
0.000066161536729
0.000066333145314
0.000066502240997
0.000066668787363
0.000066832748551
0.000066994089268
0.000067152774795
0.000067308770996
0.000067462044325
0.000067612561840
0.000067760291207
0.000067905200708
0.000068047259250
0.000068186436372
0.000068322702247
0.000068456027695
0.000068586384183
0.000068713743832
0.000068838079427
0.000068959364416
0.000069077572920
0.000069192679733
0.000069304660329
0.000069413490863
0.000069519148176
0.000069621609796
0.000069720853946
0.000069816859542
0.000069909606204
0.000069999074259
0.000070085244745
0.000070168099422
0.000070247620771
