0.000023459395996
0.000022702840406
0.000021976007095
0.000021286782830
0.000020642646603
0.000020050588615
0.000019517034482
0.000019047775509
0.000018647905767
0.000018321766709
0.000018072899933
0.000017904008641
0.000017816928237
0.000017812606403
0.000017891092857
0.000018051538919
0.000018292206841
0.000018610488797
0.000019002935291
0.000019465292652
0.000019992549191
0.000020578989538
0.000021218256554
0.000021903420188
0.000022627052547
0.000023381308389
0.000024158010198
0.000024948736909
0.000025744915330
0.000026537913257
0.000027319133235
0.000028080105931
0.000028812582074
0.000029508621941
0.000030160681413
0.000030761693664
0.000031305145626
0.000031785148406
0.000032196500955
0.000032534746293
0.000032796219735
0.000032978088603
0.000033078382978
0.000033096017169
0.000033030801627
0.000032883445152
0.000032655547331
0.000032349581279
0.000031968866841
0.000031517534550
0.000031000480742
0.000030423314339
0.000029792295896
0.000029114269613
0.000028396589054
0.000027647037408
0.000026873743142
0.000026085091959
0.000025289635988
0.000024496001173
0.000023712793825
0.000022948507353
0.000022211430154
0.000021509555683
0.000020850495684
0.000020241397544
0.000019688866706
0.000019198894999
0.000018776795681
0.000018427145913
0.000018153737284
0.000017959534890
0.000017846645403
0.000017816294433
0.000017868813395
0.000018003636012
0.000018219304464
0.000018513485130
0.000018882993762
0.000019323829847
0.000019831219806
0.000020399668604
0.000021023019226
0.000021694519394
0.000022406894796
0.000023152428028
0.000023923042360
0.000024710389407
0.000025505939710
0.000026301075234
0.000027087182771
0.000027855747225
0.000028598443793
0.000029307228062
0.000029974423063
0.000030592802375
0.000031155668393
0.000031656924910
0.000032091143245
0.000032453621157
0.000032740433907
0.000032948476869
0.000033075499216
0.000033120128293
0.000033081884401
0.000032961185854
0.000032759344259
0.000032478550101
0.000032121848835
0.000031693107752
0.000031196974012
0.000030638824319
0.000030024706748
0.000029361275374
0.000028655718357
0.000027915680238
0.000027149179272
0.000026364520643
0.000025570206515
0.000024774843879
0.000023987051218
0.000023215365018
0.000022468147170
0.000021753494290
0.000021079149966
0.000020452420885
0.000019880097756
0.000019368381858
0.000018922818001
0.000018548234592
0.000018248691424
0.000018027435756
0.000017886867126
0.000017828511310
0.000017853003697
0.000017960082312
0.000018148590572
0.000018416489765
0.000018760881155
0.000019178037453
0.000019663443325
0.000020211844457
0.000020817304646
0.000021473270235
0.000022172641195
0.000022907848045
0.000023670933783
0.000024453639932
0.000025247495809
0.000026043910061
0.000026834263512
0.000027610002358
0.000028362730705
0.000029084301471
0.000029766904654
0.000030403152008
0.000030986157174
0.000031509610366
0.000031967846793
0.000032355908038
0.000032669595726
0.000032905516911
0.000033061120693
0.000033134725704
0.000033125538178
0.000033033660452
0.000032860089810
0.000032606707691
0.000032276259377
0.000031872324364
0.000031399277704
0.000030862242724
0.000030267035600
0.000029620102372
0.000028928449092
0.000028199565844
0.000027441345515
0.000026661998192
0.000025869962158
0.000025073812479
0.000024282168180
0.000023503599023
0.000022746532887
0.000022019164735
0.000021329368114
0.000020684610126
0.000020091870749
0.000019557567370
0.000019087485335
0.000018686715273
0.000018359597890
0.000018109676854
0.000017939660324
0.000017851391542
0.000017845828851
0.000017923035345
0.000018082178270
0.000018321538154
0.000018638527556
0.000019029719192
0.000019490883119
0.000020017032550
0.000020602477801
0.000021240887800
0.000021925358490
0.000022648487438
0.000023402453843
0.000024179103112
0.000024970035104
0.000025766695085
0.000026560466397
0.000027342763828
0.000028105126631
0.000028839310169
0.000029537375163
0.000030191773565
0.000030795430122
0.000031341818766
0.000031825033019
0.000032239849686
0.000032581785180
0.000032847143892
0.000033033058111
0.000033137519060
0.000033159398708
0.000033098462101
0.000032955370050
0.000032731672124
0.000032429789983
0.000032052991225
0.000031605354019
0.000031091722908
0.000030517656292
0.000029889366166
0.000029213650807
0.000028497821154
0.000027749621701
0.000026977146756
0.000026188752964
0.000025392969035
0.000024598403604
0.000023813652224
0.000023047204451
0.000022307352024
0.000021602099138
0.000020939075776
0.000020325455069
0.000019767875610
0.000019272369574
0.000018844297460
0.000018488290161
0.000018208198998
0.000018007054241
0.000017887032536
0.000017849433572
0.000017894666194
0.000018022244101
0.000018230791145
0.000018518056177
0.000018880937291
0.000019315515219
0.000019817095554
0.000020380259365
0.000020998921691
0.000021666397294
0.000022375472965
0.000023118485600
0.000023887405174
0.000024673921688
0.000025469535137
0.000026265647480
0.000027053655620
0.000027825044376
0.000028571478455
0.000029284892444
0.000029957577880
0.000030582266476
0.000031152208632
0.000031661246391
0.000032103880045
0.000032475327677
0.000032771576950
0.000032989428582
0.000033126530991
0.000033181405717
0.000033153463356
0.000033043009800
0.000032851242763
0.000032580238643
0.000032232929886
0.000031813073141
0.000031325208567
0.000030774610746
0.000030167231739
0.000029509636883
0.000028808934001
0.000028072696756
0.000027308882957
0.000026525748658
0.000025731758979
0.000024935496598
0.000024145568914
0.000023370514915
0.000022618712772
0.000021898289191
0.000021217031528
0.000020582303629
0.000020000966304
0.000019479303290
0.000019022953477
0.000018636850107
0.000018325167575
0.000018091276394
0.000017937706780
0.000017866121279
0.000017877296714
0.000017971115698
0.000018146567801
0.000018401760413
0.000018733939186
0.000019139517845
0.000019614117052
0.000020152611878
0.000020749187351
0.000021397401439
0.000022090254774
0.000022820266326
0.000023579554206
0.000024359920724
0.000025152940800
0.000025950052793
0.000026742650808
0.000027522177497
0.000028280216403
0.000029008582833
0.000029699412306
0.000030345245591
0.000030939109407
0.000031474591874
0.000031945911880
0.000032347981584
0.000032676461379
0.000032927806702
0.000033099306217
0.000033189110967
0.000033196254207
0.000033120661735
0.000032963152628
0.000032725430384
0.000032410064566
0.000032020463134
0.000031560835733
0.000031036148328
0.000030452069625
0.000029814909857
0.000029131552587
0.000028409380255
0.000027656194315
0.000026880130820
0.000026089572428
0.000025293057782
0.000024499189278
0.000023716540218
0.000022953562356
0.000022218494804
0.000021519275269
0.000020863454535
0.000020258115098
0.000019709794788
0.000019224416217
0.000018807222783
0.000018462721973
0.000018194636560
0.000018005864291
0.000017898446490
0.000017873545969
0.000017931434477
0.000018071489836
0.000018292202762
0.000018591193303
0.000018965236662
0.000019410298118
0.000019921576644
0.000020493556734
0.000021120067897
0.000021794351174
0.000022509131992
0.000023256698589
0.000024028985198
0.000024817659091
0.000025614210569
0.000026410044912
0.000027196575271
0.000027965315491
0.000028707971823
0.000029416532505
0.000030083354239
0.000030701244613
0.000031263539592
0.000031764175257
0.000032197753042
