0.000000311996259
0.000000305782162
0.000000311270991
0.000000328171231
0.000000355333797
0.000000390829423
0.000000432085650
0.000000476073673
0.000000519531439
0.000000559206525
0.000000592100625
0.000000615697183
0.000000628154825
0.000000628451638
0.000000616468967
0.000000593007846
0.000000559736255
0.000000519070595
0.000000473999816
0.000000427865006
0.000000384110786
0.000000346027046
0.000000316500512
0.000000297794947
0.000000291376840
0.000000297800028
0.000000316658384
0.000000346610580
0.000000385475486
0.000000430391443
0.000000478027727
0.000000524832536
0.000000567298943
0.000000602228835
0.000000626974861
0.000000639642021
0.000000639233463
0.000000625729227
0.000000600091685
0.000000564196985
0.000000520697350
0.000000472824402
0.000000424148134
0.000000378309593
0.000000338747373
0.000000308438552
0.000000289673690
0.000000283882954
0.000000291526652
0.000000312058566
0.000000343965035
0.000000384876975
0.000000431746526
0.000000481075082
0.000000529175589
0.000000572449341
0.000000607656417
0.000000632159331
0.000000644121505
0.000000642645548
0.000000627840890
0.000000600815657
0.000000563593379
0.000000518960832
0.000000470258502
0.000000421129498
0.000000375245873
0.000000336033004
0.000000306412813
0.000000288585150
0.000000283863794
0.000000292579316
0.000000314056038
0.000000346664673
0.000000387946537
0.000000434799809
0.000000483713673
0.000000531032579
0.000000573230643
0.000000607175502
0.000000630361782
0.000000641096716
0.000000638624092
0.000000623177451
0.000000595958770
0.000000559044558
0.000000515226716
0.000000467800423
0.000000420315226
0.000000376308244
0.000000339039605
0.000000311250012
0.000000294958525
0.000000291315549
0.000000300521742
0.000000321818562
0.000000353550733
0.000000393295470
0.000000438048364
0.000000484451575
0.000000529046924
0.000000568534733
0.000000600018937
0.000000621220196
0.000000630641268
0.000000627672616
0.000000612630815
0.000000586727428
0.000000551971276
0.000000511011994
0.000000466937108
0.000000423038241
0.000000382564252
0.000000348479878
0.000000323247912
0.000000308650947
0.000000305665639
0.000000314398326
0.000000334086171
0.000000363163038
0.000000399384459
0.000000440001699
0.000000481971359
0.000000522184461
0.000000557697683
0.000000585949488
0.000000604945209
0.000000613397705
0.000000610813673
0.000000597519918
0.000000574628425
0.000000543943686
0.000000507819971
0.000000468979876
0.000000430308195
0.000000394636802
0.000000364536644
0.000000342132178
0.000000328951679
0.000000325823926
0.000000332828199
0.000000349300386
0.000000373893820
0.000000404689404
0.000000439346003
0.000000475279304
0.000000509855376
0.000000540584398
0.000000565300239
0.000000582312923
0.000000590523266
0.000000589491991
0.000000579459141
0.000000561313392
0.000000536514541
0.000000506975880
0.000000474915921
0.000000442691036
0.000000412621688
0.000000386825109
0.000000367066527
0.000000354639353
0.000000350282393
0.000000354139213
0.000000365761575
0.000000384155569
0.000000407866022
0.000000435092025
0.000000463824401
0.000000491994569
0.000000517623713
0.000000538961499
0.000000554604639
0.000000563587342
0.000000565438001
0.000000560199061
0.000000548409774
0.000000531054233
0.000000509479497
0.000000485290594
0.000000460230633
0.000000436055012
0.000000414408816
0.000000396715942
0.000000384087336
0.000000377254082
0.000000376529122
0.000000381799197
0.000000392546415
0.000000407896830
0.000000426691583
0.000000447574838
0.000000469091788
0.000000489789654
0.000000508314665
0.000000523498680
0.000000534430049
0.000000540504695
0.000000541454900
0.000000537354917
0.000000528604095
0.000000515889685
0.000000500132671
0.000000482420931
0.000000463934579
0.000000445868573
0.000000429357576
0.000000415407580
0.000000404838174
0.000000398238410
0.000000395938262
0.000000397996600
0.000000404205613
0.000000414110647
0.000000427043641
0.000000442167688
0.000000458529804
0.000000475118682
0.000000490924169
0.000000504995242
0.000000516493492
0.000000524739481
0.000000529249756
0.000000529762810
0.000000526252849
0.000000518930759
0.000000508232299
0.000000494794083
0.000000479418498
0.000000463029214
0.000000446619426
0.000000431195360
0.000000417717919
0.000000407045510
0.000000399881240
0.000000396727525
0.000000397850984
0.000000403260058
0.000000412697212
0.000000425646883
0.000000441359443
0.000000458890508
0.000000477153964
0.000000494986068
0.000000511217167
0.000000524746823
0.000000534617670
0.000000540083106
0.000000540664048
0.000000536190410
0.000000526823746
0.000000513058598
0.000000495701389
0.000000475827219
0.000000454716484
0.000000433774738
0.000000414440623
0.000000398087750
0.000000385927176
0.000000378917395
0.000000377688551
0.000000382486904
0.000000393144350
0.000000409076243
0.000000429308819
0.000000452535436
0.000000477198687
0.000000501593442
0.000000523984115
0.000000542728153
0.000000556396957
0.000000563885298
0.000000564500816
0.000000558026349
0.000000544749574
0.000000525456707
0.000000501389554
0.000000474167881
0.000000445681788
0.000000417961083
0.000000393030657
0.000000372762162
0.000000358732883
0.000000352102503
0.000000353517425
0.000000363050535
0.000000380181858
0.000000403822634
0.000000432382169
0.000000463873558
0.000000496051385
0.000000526571882
0.000000553164148
0.000000573799852
0.000000586848707
0.000000591207725
0.000000586393988
0.000000572593149
0.000000550659070
0.000000522063570
0.000000488798997
0.000000453239955
0.000000417973752
0.000000385611667
0.000000358594853
0.000000339009354
0.000000328424337
0.000000327766115
0.000000337238116
0.000000356293642
0.000000383664385
0.000000417443547
0.000000455218199
0.000000494241767
0.000000531634282
0.000000564595759
0.000000590616840
0.000000607670767
0.000000614371942
0.000000610088604
0.000000595000473
0.000000570096206
0.000000537110017
0.000000498401400
0.000000456786254
0.000000415331521
0.000000377128327
0.000000345060518
0.000000321585955
0.000000308547267
0.000000307026689
0.000000317256460
0.000000338592190
0.000000369551914
0.000000407918617
0.000000450899161
0.000000495328220
0.000000537902289
0.000000575426385
0.000000605054949
0.000000624508694
0.000000632250790
0.000000627608716
0.000000610832071
0.000000583081436
0.000000546348520
0.000000503313067
0.000000457146799
0.000000411278808
0.000000369139793
0.000000333904334
0.000000308250626
0.000000294155966
0.000000292743665
0.000000304193317
0.000000327721578
0.000000361635385
0.000000403453999
0.000000450091086
0.000000498083410
0.000000543849125
0.000000583956321
0.000000615381592
0.000000635739054
0.000000643462384
0.000000637925924
0.000000619495434
0.000000589504394
0.000000550157329
0.000000504367199
0.000000455538884
0.000000407314942
0.000000363302683
0.000000326803137
0.000000300562346
0.000000286563818
0.000000285877916
0.000000298579652
0.000000323741241
0.000000359500118
0.000000403197414
0.000000451576537
0.000000501026980
0.000000547855011
0.000000588560840
0.000000620101405
0.000000640118905
0.000000647117889
0.000000640577488
0.000000620990371
0.000000589825468
0.000000549417314
0.000000502790380
0.000000453431672
0.000000405028793
0.000000361193210
0.000000325189619
0.000000299691758
0.000000286583037
0.000000286816900
0.000000300347322
