0.000005217301892
0.000005090656579
0.000004917652774
0.000004704631473
0.000004459418433
0.000004191041302
0.000003909400810
0.000003624907515
0.000003348097161
0.000003089238834
0.000002857950671
0.000002662837948
0.000002511167713
0.000002408592942
0.000002358937333
0.000002364049506
0.000002423732567
0.000002535751929
0.000002695921019
0.000002898261333
0.000003135230227
0.000003398007167
0.000003676826908
0.000003961346376
0.000004241030950
0.000004505545353
0.000004745134548
0.000004950980705
0.000005115523543
0.000005232732929
0.000005298324566
0.000005309911743
0.000005267088380
0.000005171440993
0.000005026489518
0.000004837559235
0.000004611588277
0.000004356877238
0.000004082789351
0.000003799411380
0.000003517186849
0.000003246534341
0.000002997464404
0.000002779208937
0.000002599876808
0.000002466148816
0.000002383023957
0.000002353627218
0.000002379086962
0.000002458487360
0.000002588898369
0.000002765482660
0.000002981675731
0.000003229432395
0.000003499530040
0.000003781916724
0.000004066090325
0.000004341493781
0.000004597910927
0.000004825847601
0.000005016883511
0.000005163981778
0.000005261744940
0.000005306608525
0.000005296965825
0.000005233220156
0.000005117763627
0.000004954883997
0.000004750603687
0.000004512457176
0.000004249215022
0.000003970564317
0.000003686756784
0.000003408236670
0.000003145261270
0.000002907527227
0.000002703815669
0.000002541668810
0.000002427109790
0.000002364416264
0.000002355956569
0.000002402095282
0.000002501172522
0.000002649558723
0.000002841783715
0.000003070736012
0.000003327925348
0.000003603798838
0.000003888098788
0.000004170248382
0.000004439750156
0.000004686581613
0.000004901572393
0.000005076748229
0.000005205628351
0.000005283465030
0.000005307416422
0.000005276646677
0.000005192350262
0.000005057700439
0.000004877724752
0.000004659113046
0.000004409965889
0.000004139493215
0.000003857674560
0.000003574893322
0.000003301558109
0.000003047724485
0.000002822730201
0.000002634856457
0.000002491026874
0.000002396554578
0.000002354946368
0.000002367771085
0.000002434597314
0.000002553003261
0.000002718659246
0.000002925480664
0.000003165846712
0.000003430877620
0.000003710760737
0.000003995113756
0.000004273371605
0.000004535182362
0.000004770796888
0.000004971436941
0.000005129627174
0.000005239477839
0.000005296906931
0.000005299793030
0.000005248052945
0.000005143641412
0.000004990473287
0.000004794271823
0.000004562349536
0.000004303330704
0.000004026826662
0.000003743076619
0.000003462567727
0.000003195648590
0.000002952150290
0.000002741028426
0.000002570038652
0.000002445456796
0.000002371853002
0.000002351927410
0.000002386412828
0.000002474047677
0.000002611620183
0.000002794082532
0.000003014731366
0.000003265448780
0.000003536995827
0.000003819348578
0.000004102065079
0.000004374670155
0.000004627044044
0.000004849800372
0.000005034639037
0.000005174660235
0.000005264627131
0.000005301166505
0.000005282899059
0.000005210493846
0.000005086644381
0.000004915967170
0.000004704826659
0.000004461093590
0.000004193846512
0.000003913028381
0.000003629071932
0.000003352508520
0.000003093575554
0.000002861837400
0.000002665833801
0.000002512768521
0.000002408249089
0.000002356086483
0.000002358161206
0.000002414359786
0.000002522583277
0.000002678826879
0.000002877327487
0.000003110773798
0.000003370571637
0.000003647155350
0.000003930334638
0.000004209664935
0.000004474828503
0.000004716012883
0.000004924273127
0.000005091864561
0.000005212533551
0.000005281754974
0.000005296906860
0.000005257374796
0.000005164581298
0.000005021938194
0.000004834723138
0.000004609884442
0.000004355781439
0.000004081870276
0.000003798347385
0.000003515764654
0.000003244631486
0.000002995019407
0.000002776184675
0.000002596223427
0.000002461772411
0.000002377766302
0.000002347260194
0.000002371323159
0.000002449005956
0.000002577383126
0.000002751667034
0.000002965388893
0.000003210639587
0.000003478361223
0.000003758678793
0.000004041260166
0.000004315691818
0.000004571857297
0.000004800305342
0.000004992594869
0.000005141604715
0.000005241797033
0.000005289424629
0.000005282674278
0.000005221740105
0.000005108823518
0.000004948058748
0.000004745365847
0.000004508235781
0.000004245454992
0.000003966779395
0.000003682569909
0.000003403403462
0.000003139674519
0.000002901202783
0.000002696862532
0.000002534248217
0.000002419389469
0.000002356526523
0.000002347954573
0.000002393942619
0.000002492729333
0.000002640595343
0.000002832008345
0.000003059834729
0.000003315609010
0.000003589850417
0.000003872414518
0.000004152866811
0.000004420864719
0.000004666534415
0.000004880829354
0.000005055858137
0.000005185170531
0.000005263991831
0.000005289397499
0.000005260421892
0.000005178096987
0.000005045419306
0.000004867245580
0.000004650120163
0.000004402039631
0.000004132162386
0.000003850473248
0.000003567414972
0.000003293500154
0.000003038918044
0.000002813151341
0.000002624617875
0.000002480351379
0.000002385734117
0.000002344292153
0.000002357561539
0.000002425030778
0.000002544161788
0.000002710488328
0.000002917787659
0.000003158318306
0.000003423114162
0.000003702323105
0.000003985576768
0.000004262377140
0.000004522485368
0.000004756298400
0.000004955199836
0.000005111872680
0.000005220563214
0.000005277287182
0.000005279971537
0.000005228527271
0.000005124851140
0.000004972756417
0.000004777835100
0.000004547256226
0.000004289507032
0.000004014085674
0.000003731155943
0.000003451175898
0.000003184513502
0.000002941063071
0.000002729876674
0.000002558824395
0.000002434296588
0.000002360959968
0.000002341577489
0.000002376899622
0.000002465631889
0.000002604480459
0.000002788274441
0.000003010160309
0.000003261860907
0.000003533988780
0.000003816401382
0.000004098584041
0.000004370045590
0.000004620711204
0.000004841297393
0.000005023655014
0.000005161067737
0.000005248495357
0.000005282753653
0.000005262625021
0.000005188896733
0.000005064326297
0.000004893535890
0.000004682840225
0.000004440014324
0.000004174009574
0.000003894628041
0.000003612166322
0.000003337041205
0.000003079410082
0.000002848799317
0.000002653753740
0.000002501519906
0.000002397774868
0.000002346410861
0.000002349384500
0.000002406636940
0.000002516088891
0.000002673711613
0.000002873672039
0.000003108547193
0.000003369600198
0.000003647107526
0.000003930724926
0.000004209877761
0.000004474160399
0.000004713728891
0.000004919671497
0.000005084342591
0.000005201647119
0.000005267264939
0.000005278806926
0.000005235897592
0.000005140181920
0.000004995257081
0.000004806532510
0.000004581024367
0.000004327092650
0.000004054131065
0.000003772221164
0.000003491763256
0.000003223097170
0.000002976126097
0.000002759956527
0.000002582566703
0.000002450515102
0.000002368699191
0.000002340173155
0.000002366031464
0.000002445362985
0.000002575278059
0.000002751008405
0.000002966077087
0.000003212533138
0.000003481242859
0.000003762227466
0.000004045034675
0.000004319130278
0.000004574294647
0.000004801008710
0.000004990814174
0.000005136633696
0.000005233038271
0.000005276451289
0.000005265281316
0.000005199978660
0.000005083013926
0.000004918779977
0.000004713421738
0.000004474601123
0.000004211206712
0.000003933019745
0.000003650349402
0.000003373651138
0.000003113142147
