0.002644993547961
0.002642594764479
0.002640784302180
0.002639634103846
0.002639191359650
0.002639476523905
0.002640482332213
0.002642173864230
0.002644489658008
0.002647343842095
0.002650629212787
0.002654221147544
0.002657982213064
0.002661767299087
0.002665429087721
0.002668823653829
0.002671815985390
0.002674285214006
0.002676129354941
0.002677269372931
0.002677652413928
0.002677254073090
0.002676079604631
0.002674164018260
0.002671571048537
0.002668391025845
0.002664737719405
0.002660744262129
0.002656558302734
0.002652336560943
0.002648238985677
0.002644422732915
0.002641036188650
0.002638213262713
0.002636068171151
0.002634690908417
0.002634143586600
0.002634457787925
0.002635633040076
0.002637636482690
0.002640403749320
0.002643841043702
0.002647828344180
0.002652223627135
0.002656867961026
0.002661591288546
0.002666218686856
0.002670576875892
0.002674500733210
0.002677839571221
0.002680462939153
0.002682265727551
0.002683172376965
0.002683140024062
0.002682160456411
0.002680260790477
0.002677502834145
0.002673981143915
0.002669819835688
0.002665168255253
0.002660195658185
0.002655085087402
0.002650026668484
0.002645210566867
0.002640819866191
0.002637023632742
0.002633970426803
0.002631782507873
0.002630550957508
0.002630331911837
0.002631144056554
0.002632967491959
0.002635744025820
0.002639378899453
0.002643743899192
0.002648681753475
0.002654011666920
0.002659535798889
0.002665046456826
0.002670333745525
0.002675193393595
0.002679434468598
0.002682886693078
0.002685407085108
0.002686885668672
0.002687250030568
0.002686468540487
0.002684552098066
0.002681554323443
0.002677570164299
0.002672732950373
0.002667209984132
0.002661196811241
0.002654910364955
0.002648581222411
0.002642445246513
0.002636734913197
0.002631670639264
0.002627452430070
0.002624252158793
0.002622206769923
0.002621412669656
0.002621921525903
0.002623737652025
0.002626817092857
0.002631068470974
0.002636355587696
0.002642501709182
0.002649295405601
0.002656497752902
0.002663850654449
0.002671085995595
0.002677935309929
0.002684139612721
0.002689459046077
0.002693681981964
0.002696633243739
0.002698181133743
0.002698242993031
0.002696789068299
0.002693844518758
0.002689489460252
0.002683857013076
0.002677129391223
0.002669532141806
0.002661326711477
0.002652801579401
0.002644262251462
0.002636020455704
0.002628382912945
0.002621640077555
0.002616055250697
0.002611854461493
0.002609217490481
0.002608270375142
0.002609079690015
0.002611648835635
0.002615916502993
0.002621757405773
0.002628985293703
0.002637358179685
0.002646585633783
0.002656337921367
0.002666256693484
0.002675966877340
0.002685089365874
0.002693254069593
0.002700112872645
0.002705352029375
0.002708703547912
0.002709955133376
0.002708958304675
0.002705634354125
0.002699977886886
0.002692057755122
0.002682015287583
0.002670059806024
0.002656461512750
0.002641541925299
0.002625662122006
0.002609209142780
0.002592580960161
0.002576170494150
0.002560349188272
0.002545450692200
0.002531755206925
0.002519475041255
0.002508741903411
0.002499596409168
0.002491980229493
0.002485731227652
0.002480581850354
0.002476160942298
0.002471999051267
0.002467537184888
0.002462138873522
0.002455105289807
0.002445693077376
0.002433134452232
0.002416659063044
0.002395517033608
0.002369002563952
0.002336477437511
0.002297393771515
0.002251315356534
0.002197936958882
0.002137101005557
0.002068811134220
0.001993242168690
0.001910746171192
0.001821854323647
0.001727274498551
0.001627884492562
0.001524721009372
0.001418964589695
0.001311920792113
0.001204998026124
0.001099682525370
0.000997511022447
0.000900041744911
0.000808824393780
0.000725369789981
0.000651119880437
0.000587418783933
0.000535485528149
0.000496389084404
0.000471026247243
0.000460102833895
0.000464118596070
0.000483356145953
0.000517874102213
0.000567504563010
0.000631854914030
0.000710313883080
0.000802061661053
0.000906083824462
0.001021188718930
0.001146027897785
0.001279119156248
0.001418871660621
0.001563612643709
0.001711615122533
0.001861126091945
0.002010394657388
0.002157699590836
0.002301375824715
0.002439839438088
0.002571610735915
0.002695335074392
0.002809801141475
0.002913956460221
0.003006919941984
0.003087991375456
0.003156657794724
0.003212596724006
0.003255676347525
0.003285952699570
0.003303664011598
0.003309222390097
0.003303203030717
0.003286331200962
0.003259467245719
0.003223589887408
0.003179778105838
0.003129191892421
0.003073052179530
0.003012620248898
0.002949176923297
0.002884001843523
0.002818353128165
0.002753447706677
0.002690442607014
0.002630417467302
0.002574358526620
0.002523144332711
0.002477533384089
0.002438153900413
0.002405495887904
0.002379905635970
0.002361582746995
0.002350579763664
0.002346804417371
0.002350024477738
0.002359875137554
0.002375868820302
0.002397407249771
0.002423795574087
0.002454258290951
0.002487956678245
0.002524007395614
0.002561501889511
0.002599526207685
0.002637180810286
0.002673599954701
0.002707970230647
0.002739547831544
0.002767674168007
0.002791789459524
0.002811443980602
0.002826306687393
0.002836171008914
0.002840957652452
0.002840714343834
0.002835612498356
0.002825940895279
0.002812096505806
0.002794572699235
0.002773945122273
0.002750855610279
0.002725994544371
0.002700082113153
0.002673848970745
0.002648016802591
0.002623279316339
0.002600284166489
0.002579616298447
0.002561783160554
0.002547202182418
0.002536190855745
0.002528959681527
0.002525608166898
0.002526123968486
0.002530385189280
0.002538165745424
0.002549143630778
0.002562911823177
0.002578991499683
0.002596847161138
0.002615903211069
0.002635561492318
0.002655219257878
0.002674287041383
0.002692205897786
0.002708463505967
0.002722608661695
0.002734263740435
0.002743134773408
0.002749018855040
0.002751808683290
0.002751494123511
0.002748160778903
0.002741985643168
0.002733230000853
0.002722229825185
0.002709383999333
0.002695140752490
0.002679982755022
0.002664411355356
0.002648930464262
0.002634030598880
0.002620173589199
0.002607778424032
0.002597208672752
0.002588761864550
0.002582661140532
0.002579049417905
0.002577986222190
0.002579447255701
0.002583326681330
0.002589442012799
0.002597541419010
0.002607313173490
0.002618396912831
0.002630396312439
0.002642892745781
0.002655459465735
0.002667675834654
0.002679141133387
0.002689487498777
0.002698391573059
0.002705584496124
0.002710859930876
0.002714079881000
0.002715178136845
0.002714161266288
0.002711107150593
0.002706161147512
0.002699530042636
0.002691474022408
0.002682296966107
0.002672335407254
0.002661946555665
0.002651495798452
0.002641344110910
0.002631835806109
0.002623287035297
0.002615975420705
0.002610131159143
0.002605929880447
0.002603487481486
0.002602857086085
0.002604028206640
0.002606928106681
0.002611425288104
0.002617334954628
0.002624426236808
0.002632430905817
0.002641053255159
0.002649980793005
0.002658895364171
0.002667484310480
0.002675451281702
0.002682526326062
0.002688474918863
0.002693105628821
0.002696276172752
0.002697897668464
0.002697936960820
0.002696416964718
0.002693415038751
0.002689059471999
0.002683524231490
0.002677022177064
0.002669797001645
0.002662114196590
0.002654251372450
0.002646488284232
0.002639096916469
0.002632331977072
0.002626422130385
0.002621562269865
