0.002787038091499
0.002787236904389
0.002787607480731
0.002788136455149
0.002788802421261
0.002789576801275
0.002790425079511
0.002791308346788
0.002792185086707
0.002793013122026
0.002793751630158
0.002794363131902
0.002794815357146
0.002795082895483
0.002795148548393
0.002795004312568
0.002794651940355
0.002794103042740
0.002793378721572
0.002792508740147
0.002791530263566
0.002790486221489
0.002789423364982
0.002788390105095
0.002787434232861
0.002786600627889
0.002785929065212
0.002785452227307
0.002785194020340
0.002785168280900
0.002785377942342
0.002785814709133
0.002786459264109
0.002787282008520
0.002788244309199
0.002789300202409
0.002790398481147
0.002791485072899
0.002792505599219
0.002793407997710
0.002794145081745
0.002794676913853
0.002794972875229
0.002795013326114
0.002794790769323
0.002794310451267
0.002793590360451
0.002792660611494
0.002791562231848
0.002790345397367
0.002789067190150
0.002787788976441
0.002786573522539
0.002785481981641
0.002784570893452
0.002783889340762
0.002783476402704
0.002783359033198
0.002783550475494
0.002784049300524
0.002784839128844
0.002785889064656
0.002787154837024
0.002788580609554
0.002790101387095
0.002791645917961
0.002793139964304
0.002794509792869
0.002795685724526
0.002796605574516
0.002797217816728
0.002797484314580
0.002797382478127
0.002796906730972
0.002796069200697
0.002794899581351
0.002793444154686
0.002791763996398
0.002789932432990
0.002788031851949
0.002786150001085
0.002784375940380
0.002782795830130
0.002781488751394
0.002780522758048
0.002779951353698
0.002779810571365
0.002780116809769
0.002780865548107
0.002782031022737
0.002783566905782
0.002785407979383
0.002787472752048
0.002789666917712
0.002791887515702
0.002794027613034
0.002795981301104
0.002797648778515
0.002798941281660
0.002799785625468
0.002800128128726
0.002799937721269
0.002799208063376
0.002797958549567
0.002796234118019
0.002794103840844
0.002791658327163
0.002789006027676
0.002786268583591
0.002783575411820
0.002781057759749
0.002778842494618
0.002777045912699
0.002775767861008
0.002775086458221
0.002775053681989
0.002775692057220
0.002776992635431
0.002778914400574
0.002781385174127
0.002784304024288
0.002787545113911
0.002790962852443
0.002794398151912
0.002797685528980
0.002800660747265
0.002803168658930
0.002805070884040
0.002806252961774
0.002806630619932
0.002806154838325
0.002804815426690
0.002802642897227
0.002799708483441
0.002796122237793
0.002792029227263
0.002787603934651
0.002783043060156
0.002778556998520
0.002774360337907
0.002770661784060
0.002767653954164
0.002765503506636
0.002764342074300
0.002764258448041
0.002765292416504
0.002767430605523
0.002770604581061
0.002774691384285
0.002779516560805
0.002784859632481
0.002790461844354
0.002796035906393
0.002801277345079
0.002805876988338
0.002809534033804
0.002811969098680
0.002812936623001
0.002812235999041
0.002809720829043
0.002805305771530
0.002798970521568
0.002790760580263
0.002780784599536
0.002769208235159
0.002756244598520
0.002742141559128
0.002727166308822
0.002711587747946
0.002695657386582
0.002679589563795
0.002663541869122
0.002647596698194
0.002631744885097
0.002615872325390
0.002599750435063
0.002583031183006
0.002565247290342
0.002545818013385
0.002524060723696
0.002499208275592
0.002470431916625
0.002436869258664
0.002397656595733
0.002351964638872
0.002299036547319
0.002238226977643
0.002169040755732
0.002091169706923
0.002004526161788
0.001909271691906
0.001805839722304
0.001694950813823
0.001577619606201
0.001455152655738
0.001329136682825
0.001201417055445
0.001074066664647
0.000949345685749
0.000829653052519
0.000717470788870
0.000615302631592
0.000525608627236
0.000450737586428
0.000392859420915
0.000353899466099
0.000335476900006
0.000338849306582
0.000364865297216
0.000413926902455
0.000485963181369
0.000580416176697
0.000696239979607
0.000831913270262
0.000985465282302
0.001154514714911
0.001336320699529
0.001527844533942
0.001725820538119
0.001926834076375
0.002127404540444
0.002324070906918
0.002513477377128
0.002692456582255
0.002858107892754
0.003007868507822
0.003139575213564
0.003251514981054
0.003342462918330
0.003411706482417
0.003459055285527
0.003484836279401
0.003489874558293
0.003475460468862
0.003443304139376
0.003395478926794
0.003334355615654
0.003262529476161
0.003182742491554
0.003097803190209
0.003010506562418
0.002923556504399
0.002839493114742
0.002760626976071
0.002688982294263
0.002626250448909
0.002573755143238
0.002532429942558
0.002502808571478
0.002485027916387
0.002478843265501
0.002483654928300
0.002498545022503
0.002522322911399
0.002553577527114
0.002590734633728
0.002632116973172
0.002676005198966
0.002720697537957
0.002764566225492
0.002806108929767
0.002843993608828
0.002877095519686
0.002904525412171
0.002925648278524
0.002940092380670
0.002947748627624
0.002948760713129
0.002943506736471
0.002932573306895
0.002916723364991
0.002896859135579
0.002873981750910
0.002849149147277
0.002823433841955
0.002797882142174
0.002773476227422
0.002751100386472
0.002731512488511
0.002715321532412
0.002702971859380
0.002694734342283
0.002690704590618
0.002690807943694
0.002694810776041
0.002702337417205
0.002712891800528
0.002725882808357
0.002740652178698
0.002756503783157
0.002772733078719
0.002788655575168
0.002803633242866
0.002817097907365
0.002828570832101
0.002837677870938
0.002844159770772
0.002847877412354
0.002848811986429
0.002847060303954
0.002842825625810
0.002836404562086
0.002828170727955
0.002818555947706
0.002808029867658
0.002797078870724
0.002786185180362
0.002775807000847
0.002766360467173
0.002758204075385
0.002751626137912
0.002746835664418
0.002743956913269
0.002743027698564
0.002744001379666
0.002746752310475
0.002751084390409
0.002756742243135
0.002763424456736
0.002770798253314
0.002778514918744
0.002786225315194
0.002793594819408
0.002800317076878
0.002806126033169
0.002810805794918
0.002814197980151
0.002816206335377
0.002816798520295
0.002816005084418
0.002813915778371
0.002810673451149
0.002806465878998
0.002801515948245
0.002796070670613
0.002790389543670
0.002784732780124
0.002779349918135
0.002774469291642
0.002770288787158
0.002766968244220
0.002764623774300
0.002763324181329
0.002763089570267
0.002763892132713
0.002765659004542
0.002768277003972
0.002771598982773
0.002775451461522
0.002779643174089
0.002783974118482
0.002788244701445
0.002792264572693
0.002795860770504
0.002798884841951
0.002801218656095
0.002802778694159
0.002803518674001
0.002803430443565
0.002802543156029
0.002800920814608
0.002798658344205
0.002795876407488
0.002792715232076
0.002789327751522
0.002785872384456
0.002782505783025
0.002779375873740
0.002776615491806
0.002774336875225
0.002772627239413
0.002771545598945
0.002771120943011
0.002771351808063
0.002772207227716
0.002773628979194
0.002775534990019
0.002777823720523
0.002780379299200
0.002783077160207
0.002785789916553
0.002788393198998
0.002790771199339
0.002792821676811
0.002794460216685
0.002795623569142
0.002796271942197
0.002796390172643
0.002795987751341
0.002795097731282
0.002793774596375
0.002792091213755
0.002790135030571
0.002788003706301
0.002785800392331
0.002783628881251
0.002781588848753
0.002779771401423
0.002778255124707
0.002777102798075
0.002776358910206
