0.002721003348014
0.002719378411465
0.002717436524462
0.002715255248512
0.002712922610250
0.002710533549487
0.002708186052296
0.002705977125970
0.002703998780468
0.002702334182034
0.002701054138976
0.002700214067255
0.002699851565017
0.002699984701259
0.002700611095345
0.002701707832227
0.002703232224278
0.002705123395931
0.002707304633359
0.002709686409441
0.002712169965807
0.002714651309793
0.002717025465868
0.002719190809183
0.002721053303970
0.002722530471798
0.002723554924125
0.002724077309915
0.002724068551638
0.002723521270879
0.002722450337052
0.002720892507900
0.002718905167315
0.002716564202959
0.002713961101722
0.002711199373746
0.002708390444274
0.002705649175652
0.002703089198528
0.002700818240886
0.002698933645518
0.002697518260828
0.002696636876527
0.002696333355385
0.002696628585438
0.002697519344985
0.002698978136579
0.002700954007425
0.002703374333741
0.002706147507275
0.002709166424879
0.002712312648473
0.002715461074066
0.002718484926172
0.002721260878786
0.002723674096771
0.002725622992481
0.002727023501724
0.002727812700387
0.002727951607772
0.002727427053757
0.002726252523388
0.002724467932763
0.002722138332696
0.002719351579843
0.002716215057079
0.002712851564155
0.002709394534527
0.002705982763192
0.002702754852236
0.002699843594623
0.002697370521849
0.002695440837241
0.002694138943842
0.002693524754514
0.002693630942782
0.002694461257135
0.002695989980387
0.002698162570822
0.002700897474912
0.002704089054373
0.002707611524947
0.002711323762482
0.002715074795296
0.002718709772003
0.002722076172133
0.002725030014114
0.002727441811916
0.002729202038312
0.002730225869035
0.002730457007634
0.002729870424597
0.002728473885200
0.002726308186868
0.002723446076999
0.002719989874177
0.002716067867447
0.002711829617926
0.002707440332322
0.002703074517233
0.002698909154708
0.002695116662138
0.002691857912120
0.002689275589814
0.002687488156374
0.002686584667357
0.002686620665319
0.002687615327067
0.002689549999635
0.002692368206685
0.002695977150714
0.002700250678216
0.002705033617090
0.002710147340390
0.002715396360062
0.002720575710758
0.002725478848784
0.002729905766426
0.002733671008170
0.002736611273633
0.002738592302391
0.002739514758269
0.002739318864291
0.002737987583302
0.002735548191701
0.002732072152970
0.002727673261529
0.002722504093515
0.002716750867003
0.002710626877246
0.002704364730497
0.002698207650359
0.002692400171568
0.002687178565739
0.002682761360719
0.002679340318863
0.002677072229375
0.002676071846047
0.002676406264833
0.002678090986982
0.002681087854346
0.002685304976208
0.002690598693721
0.002696777551480
0.002703608168748
0.002710822828050
0.002718128529319
0.002725217195979
0.002731776667841
0.002737502076579
0.002742107174427
0.002745335177028
0.002746968687495
0.002746838291112
0.002744829448038
0.002740887364015
0.002735019584804
0.002727296136824
0.002717847121809
0.002706857764358
0.002694561004988
0.002681227824446
0.002667155574326
0.002652654671272
0.002638034084206
0.002623586103360
0.002609570924038
0.002596201605219
0.002583629971791
0.002571934018934
0.002561107347497
0.002551051110975
0.002541568888822
0.002532364819190
0.002523045229073
0.002513123893963
0.002502030945811
0.002489125330608
0.002473710599164
0.002455053700158
0.002432406337151
0.002405028354363
0.002372212532961
0.002333310113190
0.002287756310281
0.002235095065559
0.002175002269704
0.002107306713244
0.002032008060000
0.001949291201474
0.001859536432631
0.001763324990100
0.001661439609817
0.001554859889452
0.001444752378060
0.001332455457470
0.001219459223015
0.001107380711217
0.000997934955037
0.000892902469496
0.000794093878260
0.000703312482160
0.000622315640849
0.000552775886786
0.000496242715093
0.000454105992564
0.000427561904255
0.000417582306961
0.000424888286861
0.000449928625342
0.000492863764956
0.000553555739448
0.000631564391171
0.000726150049510
0.000836282689144
0.000960657430944
0.001097716095138
0.001245674369897
0.001402554022448
0.001566219457664
0.001734417823808
0.001904821779349
0.002075073970613
0.002242832228986
0.002405814479390
0.002561842359128
0.002708882577611
0.002845085102086
0.002968817330779
0.003078693510860
0.003173598771900
0.003252707273087
0.003315494101286
0.003361740703551
0.003391533788394
0.003405257781261
0.003403581067658
0.003387436398656
0.003357995964770
0.003316641762327
0.003264931978790
0.003204564207684
0.003137336367962
0.003065106245499
0.002989750595069
0.002913124739318
0.002837023577239
0.002763144869108
0.002693055599258
0.002628162133947
0.002569684791434
0.002518637327431
0.002475811714561
0.002441768462201
0.002416832586496
0.002401095202843
0.002394420577934
0.002396458349038
0.002406660497528
0.002424302554754
0.002448508423714
0.002478278121936
0.002512517691170
0.002550070479448
0.002589748981444
0.002630366424312
0.002670767307996
0.002709856150678
0.002746623750348
0.002780170350659
0.002809725191214
0.002834662026574
0.002854510311916
0.002868961873134
0.002877873002256
0.002881262041851
0.002879302641519
0.002872312982259
0.002860741367690
0.002845148671843
0.002826188209414
0.002804583653761
0.002781105669333
0.002756547947397
0.002731703336632
0.002707340743412
0.002684183441037
0.002662889374076
0.002644033974930
0.002628095926901
0.002615446214003
0.002606340695204
0.002600916332970
0.002599191095903
0.002601067446382
0.002606339219438
0.002614701601847
0.002625763833306
0.002639064177142
0.002654086648362
0.002670278943631
0.002687070992130
0.002703893538720
0.002720196181534
0.002735464314459
0.002749234469851
0.002761107616772
0.002770760042882
0.002777951531533
0.002782530636782
0.002784436955079
0.002783700390075
0.002780437503338
0.002774845135598
0.002767191567638
0.002757805564415
0.002747063708231
0.002735376474811
0.002723173538670
0.002710888810231
0.002698945706537
0.002687743140203
0.002677642678357
0.002668957275930
0.002661941927565
0.002656786511748
0.002653611022071
0.002652463296487
0.002653319268941
0.002656085681812
0.002660605115058
0.002666663111559
0.002673997110486
0.002682306843706
0.002691265806134
0.002700533380845
0.002709767184604
0.002718635199527
0.002726827271635
0.002734065586521
0.002740113774822
0.002744784354194
0.002747944277921
0.002749518430790
0.002749490987943
0.002747904629321
0.002744857678308
0.002740499305679
0.002735023006304
0.002728658614121
0.002721663168611
0.002714310981887
0.002706883278376
0.002699657788305
0.002692898671627
0.002686847130985
0.002681713041646
0.002677667884262
0.002674839214564
0.002673306844566
0.002673100844915
0.002674201409954
0.002676540558521
0.002680005576881
0.002684444047895
0.002689670254881
0.002695472701404
0.002701622451238
0.002707881967043
0.002714014112869
0.002719790984552
0.002725002243570
0.002729462653097
0.002733018549117
0.002735553022903
0.002736989642374
0.002737294596750
0.002736477209324
0.002734588824850
0.002731720138669
0.002727997091922
0.002723575509144
0.002718634699083
0.002713370275353
0.002707986479170
0.002702688301144
0.002697673702469
0.002693126227886
0.002689208283897
0.002686055326785
0.002683771167173
0.002682424552728
0.002682047139953
0.002682632911772
0.002684139041956
0.002686488152370
0.002689571856782
0.002693255437369
0.002697383458915
0.002701786092500
0.002706285896414
