0.002616063973745
0.002615675263308
0.002616093754457
0.002617313537190
0.002619299260237
0.002621987157501
0.002625287127949
0.002629085801350
0.002633250485470
0.002637633857157
0.002642079231309
0.002646426219172
0.002650516571575
0.002654199994271
0.002657339721797
0.002659817643387
0.002661538789151
0.002662435006621
0.002662467685980
0.002661629425975
0.002659944570416
0.002657468585904
0.002654286293634
0.002650509010168
0.002646270692462
0.002641723219696
0.002637030977160
0.002632364934421
0.002627896430130
0.002623790888420
0.002620201696303
0.002617264467601
0.002615091906804
0.002613769466210
0.002613351962465
0.002613861285016
0.002615285290354
0.002617577933433
0.002620660642970
0.002624424901997
0.002628735950664
0.002633437486611
0.002638357200662
0.002643312953592
0.002648119374538
0.002652594644152
0.002656567216603
0.002659882234393
0.002662407398775
0.002664038076050
0.002664701445709
0.002664359529322
0.002663010978213
0.002660691541881
0.002657473186294
0.002653461879989
0.002648794114439
0.002643632271846
0.002638158996534
0.002632570763851
0.002627070871697
0.002621862103021
0.002617139322230
0.002613082273591
0.002609848845273
0.002607569048599
0.002606339938909
0.002606221672770
0.002607234857321
0.002609359302487
0.002612534237321
0.002616659999541
0.002621601154169
0.002627190945168
0.002633236934752
0.002639527640583
0.002645839942972
0.002651947003828
0.002657626417738
0.002662668304001
0.002666883047173
0.002670108402983
0.002672215705968
0.002673114944388
0.002672758505923
0.002671143443067
0.002668312158462
0.002664351465936
0.002659390040710
0.002653594330157
0.002647163052523
0.002640320463132
0.002633308613936
0.002626378871077
0.002619782984925
0.002613764026766
0.002608547514984
0.002604333050938
0.002601286770566
0.002599534892603
0.002599158608790
0.002600190516820
0.002602612744445
0.002606356854897
0.002611305561627
0.002617296216385
0.002624125971192
0.002631558453966
0.002639331741665
0.002647167365870
0.002654780045448
0.002661887810999
0.002668222167206
0.002673537932911
0.002677622405010
0.002680303511109
0.002681456646708
0.002681009934691
0.002678947696594
0.002675311985016
0.002670202092394
0.002663772021268
0.002656225972357
0.002647811977190
0.002638813868833
0.002629541845385
0.002620321933933
0.002611484705776
0.002603353625237
0.002596233433028
0.002590398970197
0.002586084839640
0.002583476279322
0.002582701585125
0.002583826372868
0.002586849909858
0.002591703678362
0.002598252258745
0.002606296541161
0.002615579194376
0.002625792241071
0.002636586513696
0.002647582696192
0.002658383597037
0.002668587250375
0.002677800406167
0.002685651948822
0.002691805777511
0.002695972690821
0.002697920843461
0.002697484382752
0.002694569926567
0.002689160610613
0.002681317509400
0.002671178319653
0.002658953284513
0.002644918428819
0.002629406267093
0.002612794233509
0.002595491164277
0.002577922234704
0.002560512813311
0.002543671741619
0.002527774578952
0.002513147365574
0.002500051454052
0.002488669937799
0.002479096167673
0.002471324793399
0.002465245697766
0.002460641110214
0.002457186094784
0.002454452508294
0.002451916420993
0.002448968886926
0.002444929848143
0.002439064858715
0.002430604224498
0.002418764075293
0.002402768820200
0.002381874386394
0.002355391608056
0.002322709116740
0.002283315087678
0.002236817218316
0.002182960355236
0.002121641242335
0.002052919935184
0.001977027511632
0.001894369804638
0.001805526987145
0.001711248947511
0.001612446504539
0.001510178620289
0.001405635873496
0.001300120553646
0.001195023822904
0.001091800467711
0.000991941822105
0.000896947489036
0.000808296513227
0.000727418668847
0.000655666517520
0.000594288867416
0.000544406223416
0.000506988763013
0.000482837304606
0.000472567656199
0.000476598645838
0.000495144042781
0.000528208483261
0.000575587419349
0.000636871016465
0.000711451837042
0.000798536066838
0.000897157968438
0.001006197185144
0.001124398468922
0.001250393369218
0.001382723395644
0.001519864156766
0.001660249979106
0.001802298524294
0.001944434946868
0.002085115169336
0.002222847893106
0.002356215012075
0.002483890148278
0.002604655084228
0.002717413922543
0.002821204858714
0.002915209505634
0.002998759757732
0.003071342227000
0.003132600322112
0.003182334074714
0.003220497843503
0.003247196046956
0.003262677089816
0.003267325657088
0.003261653553136
0.003246289263225
0.003221966411472
0.003189511283619
0.003149829576270
0.003103892527098
0.003052722573946
0.002997378685249
0.002938941500412
0.002878498416952
0.002817128761498
0.002755889183997
0.002695799418488
0.002637828559055
0.002582882005382
0.002531789238081
0.002485292588623
0.002444037171533
0.002408562146539
0.002379293474780
0.002356538325237
0.002340481274639
0.002331182425868
0.002328577545981
0.002332480295637
0.002342586587005
0.002358481067878
0.002379645686388
0.002405470244471
0.002435264800277
0.002468273731516
0.002503691224643
0.002540677910574
0.002578378327783
0.002615938859703
0.002652525766882
0.002687342916525
0.002719648803974
0.002748772463185
0.002774127876775
0.002795226520951
0.002811687716320
0.002823246501727
0.002829758803858
0.002831203739173
0.002827682955116
0.002819416992782
0.002806738730999
0.002790084050137
0.002769979930332
0.002747030271029
0.002721899784494
0.002695296373081
0.002667952446652
0.002640605671058
0.002613979659621
0.002588765126272
0.002565602010910
0.002545063064615
0.002527639345003
0.002513728021202
0.002503622824916
0.002497507410607
0.002495451805997
0.002497412046327
0.002503232994584
0.002512654258028
0.002525319021609
0.002540785533907
0.002558540903799
0.002578016798505
0.002598606578099
0.002619683359821
0.002640618478907
0.002660799802038
0.002679649355324
0.002696639750836
0.002711308933475
0.002723272822216
0.002732235485035
0.002737996562961
0.002740455743438
0.002739614173878
0.002735572800109
0.002728527708413
0.002718762641134
0.002706638941495
0.002692583260658
0.002677073426768
0.002660622929637
0.002643764514243
0.002627033400077
0.002610950650858
0.002596007210176
0.002582649093400
0.002571264185713
0.002562171041686
0.002555610015217
0.002551736972070
0.002550619753229
0.002552237468514
0.002556482609232
0.002563165879103
0.002572023557000
0.002582727126073
0.002594894834038
0.002608104790906
0.002621909165210
0.002635849009032
0.002649469226900
0.002662333204151
0.002674036626629
0.002684220054916
0.002692579861456
0.002698877196515
0.002702944716793
0.002704690886405
0.002704101741368
0.002701240092901
0.002696242228973
0.002689312254893
0.002680714289629
0.002670762802545
0.002659811433143
0.002648240682426
0.002636444897159
0.002624818986738
0.002613745315986
0.002603581206141
0.002594647450900
0.002587218215840
0.002581512639052
0.002577688390342
0.002575837377911
0.002575983717415
0.002578084001292
0.002582029828738
0.002587652481435
0.002594729559523
0.002602993328688
0.002612140474725
0.002621842918196
0.002631759310324
0.002641546812836
0.002650872759700
0.002659425807590
0.002666926203934
0.002673134835821
0.002677860768463
0.002680967036667
0.002682374515030
0.002682063759986
0.002680074787186
0.002676504818470
0.002671504101539
0.002665269969971
0.002658039369382
0.002650080125237
0.002641681267642
0.002633142756998
0.002624764970834
