0.002809397578178
0.002808472252622
0.002807662468003
0.002807008675760
0.002806544020281
0.002806292554243
0.002806267890241
0.002806472363812
0.002806896758029
0.002807520611981
0.002808313106076
0.002809234487612
0.002810237972059
0.002811272030290
0.002812282951041
0.002813217552215
0.002814025905144
0.002814663933253
0.002815095750808
0.002815295618631
0.002815249411248
0.002814955513151
0.002814425089637
0.002813681708594
0.002812760322306
0.002811705650963
0.002810570040693
0.002809410896802
0.002808287816099
0.002807259559526
0.002806381016703
0.002805700316914
0.002805256236190
0.002805076037578
0.002805173862005
0.002805549761179
0.002806189432906
0.002807064684624
0.002808134614431
0.002809347462292
0.002810643049322
0.002811955691751
0.002813217450139
0.002814361554903
0.002815325837466
0.002816055992945
0.002816508505692
0.002816653082956
0.002816474464009
0.002815973501176
0.002815167444160
0.002814089397971
0.002812786966045
0.002811320131455
0.002809758468639
0.002808177813609
0.002806656550413
0.002805271693990
0.002804094963360
0.002803189043316
0.002802604227194
0.002802375617851
0.002802521039384
0.002803039779323
0.002803912241640
0.002805100546630
0.002806550066823
0.002808191840741
0.002809945760964
0.002811724391906
0.002813437238044
0.002814995256969
0.002816315395045
0.002817324917642
0.002817965311438
0.002818195553030
0.002817994565544
0.002817362721871
0.002816322297951
0.002814916830136
0.002813209384658
0.002811279801989
0.002809221031696
0.002807134721598
0.002805126266137
0.002803299550599
0.002801751648503
0.002800567737734
0.002799816496183
0.002799546219751
0.002799781875083
0.002800523257653
0.002801744374579
0.002803394113099
0.002805398192851
0.002807662335828
0.002810076525369
0.002812520167950
0.002814867921790
0.002816995917001
0.002818788065539
0.002820142146977
0.002820975359251
0.002821229042138
0.002820872314835
0.002819904416326
0.002818355596246
0.002816286472042
0.002813785842369
0.002810967023142
0.002807962848044
0.002804919545543
0.002801989766255
0.002799325084348
0.002797068331948
0.002795346143988
0.002794262091358
0.002793890761900
0.002794273112308
0.002795413360483
0.002797277619538
0.002799794394466
0.002802856973867
0.002806327656434
0.002810043659287
0.002813824467411
0.002817480304798
0.002820821342441
0.002823667209830
0.002825856347730
0.002827254732976
0.002827763521670
0.002827325195504
0.002825927855823
0.002823607389153
0.002820447323167
0.002816576299173
0.002812163201451
0.002807410099889
0.002802543274615
0.002797802694380
0.002793430408776
0.002789658383393
0.002786696352606
0.002784720283910
0.002783862038669
0.002784200776325
0.002785756583219
0.002788486715512
0.002792284731543
0.002796982657118
0.002802356183317
0.002808132746786
0.002814002194269
0.002819629593268
0.002824669626395
0.002828781904636
0.002831646460194
0.002832978637538
0.002832542595093
0.002830162661505
0.002825731859771
0.002819217018159
0.002810660025378
0.002800174954014
0.002787940964291
0.002774191102044
0.002759197311813
0.002743252188835
0.002726648183074
0.002709655134931
0.002692497157417
0.002675329975655
0.002658219885545
0.002641125494707
0.002623883358085
0.002606198517470
0.002587640800694
0.002567647536663
0.002545533103013
0.002520505452500
0.002491689472222
0.002458156727863
0.002418960845498
0.002373177498851
0.002319947712693
0.002258522975155
0.002188310483893
0.002108916742231
0.002020187678643
0.001922243490715
0.001815506514935
0.001700720595239
0.001578960662263
0.001451631535013
0.001320455307711
0.001187447075199
0.001054879166805
0.000925234485849
0.000801149973997
0.000685351620191
0.000580582796928
0.000489528017364
0.000414734451741
0.000358533709845
0.000322966479136
0.000309712600359
0.000320029061824
0.000354698201347
0.000413988126063
0.000497627003057
0.000604792449355
0.000734116772392
0.000883708297803
0.001051188488380
0.001233744025083
0.001428192507456
0.001631059955433
0.001838667874912
0.002047227301558
0.002252936974293
0.002452082622234
0.002641134283498
0.002816838614397
0.002976303292639
0.003117070863736
0.003237179717693
0.003335210301733
0.003410315159563
0.003462231921587
0.003491278934473
0.003498333792664
0.003484795598259
0.003452532309189
0.003403815019807
0.003341241435870
0.003267651142760
0.003186035510077
0.003099445219367
0.003010898440220
0.002923292612812
0.002839322625577
0.002761407912065
0.002691630641871
0.002631686760222
0.002582851155597
0.002545957722389
0.002521394555359
0.002509113983845
0.002508656645697
0.002519188331844
0.002539547918748
0.002568304361886
0.002603820460228
0.002644320927458
0.002687962225125
0.002732901627040
0.002777363090395
0.002819697701420
0.002858436732614
0.002892335682933
0.002920408057555
0.002941948064285
0.002956541842516
0.002964067280728
0.002964682903168
0.002958806699679
0.002947086120443
0.002930360747666
0.002909619379231
0.002885953408494
0.002860508455921
0.002834436201775
0.002808848286918
0.002784773996697
0.002763123228684
0.002744655979260
0.002729959278663
0.002719432172542
0.002713279004249
0.002711510910303
0.002713955115096
0.002720271312844
0.002729974165958
0.002742460738706
0.002757041530231
0.002772973676120
0.002789494854799
0.002805856463303
0.002821354713263
0.002835358436948
0.002847332577159
0.002856856554879
0.002863636954274
0.002867514224941
0.002868463364859
0.002866588803095
0.002862113938554
0.002855366000552
0.002846757070732
0.002836762237810
0.002825895942476
0.002814687607436
0.002803657637069
0.002793294814490
0.002784036024872
0.002776249098482
0.002770219401842
0.002766140618986
0.002764109965673
0.002764127876583
0.002766102008039
0.002769855214943
0.002775136998037
0.002781637782681
0.002789005288097
0.002796862179866
0.002804824170195
0.002812517740007
0.002819596702784
0.002825756908964
0.002830748497135
0.002834385228595
0.002836550588503
0.002837200492877
0.002836362598799
0.002834132368267
0.002830666177520
0.002826171887365
0.002820897391092
0.002815117731036
0.002809121420391
0.002803196622059
0.002797617821625
0.002792633588374
0.002788455949473
0.002785251811918
0.002783136759346
0.002782171431653
0.002782360570404
0.002783654688021
0.002785954199470
0.002789115746845
0.002792960354564
0.002797282979551
0.002801862969692
0.002806474916607
0.002810899386066
0.002814933030522
0.002818397631677
0.002821147684074
0.002823076209955
0.002824118586974
0.002824254269246
0.002823506383809
0.002821939284235
0.002819654236090
0.002816783491320
0.002813483076641
0.002809924672081
0.002806286987895
0.002802747060218
0.002799471877975
0.002796610726666
0.002794288590347
0.002792600894086
0.002791609798367
0.002791342178133
0.002791789336147
0.002792908417170
0.002794625410043
0.002796839552655
0.002799428893292
0.002802256713525
0.002805178484613
0.002808049012558
0.002810729426795
0.002813093683687
0.002815034287356
0.002816466975010
0.002817334169497
0.002817607065341
0.002817286282863
0.002816401094812
0.002815007297829
0.002813183863936
0.002811028562180
0.002808652785168
0.002806175847579
0.002803719042645
0.002801399747403
0.002799325858370
0.002797590816869
0.002796269449011
0.002795414801084
0.002795056099232
0.002795197905453
0.002795820482904
0.002796881325135
0.002798317749030
0.002800050402338
