0.002855384146794
0.002855176468500
0.002854622488669
0.002853746943164
0.002852592901541
0.002851219603432
0.002849699369586
0.002848113747872
0.002846549098767
0.002845091858203
0.002843823736287
0.002842817116922
0.002842130915413
0.002841807128818
0.002841868278346
0.002842315896198
0.002843130153452
0.002844270663725
0.002845678432996
0.002847278862331
0.002848985651131
0.002850705397027
0.002852342647651
0.002853805131641
0.002855008882981
0.002855882975096
0.002856373599076
0.002856447253138
0.002856092856379
0.002855322656676
0.002854171867176
0.002852697034895
0.002850973214591
0.002849090087683
0.002847147225680
0.002845248747164
0.002843497653887
0.002841990152890
0.002840810276363
0.002840025098749
0.002839680821814
0.002839799954419
0.002840379756785
0.002841392051949
0.002842784433631
0.002844482823542
0.002846395256580
0.002848416703395
0.002850434680287
0.002852335349765
0.002854009783980
0.002855360049673
0.002856304778088
0.002856783906635
0.002856762319828
0.002856232173223
0.002855213752944
0.002853754801271
0.002851928321614
0.002849828959542
0.002847568135883
0.002845268178818
0.002843055760484
0.002841054986355
0.002839380510197
0.002838131051933
0.002837383679824
0.002837189182538
0.002837568802537
0.002838512532397
0.002839979093815
0.002841897629318
0.002844171043823
0.002846680842263
0.002849293225333
0.002851866132824
0.002854256867032
0.002856329890713
0.002857964377469
0.002859061098402
0.002859548257571
0.002859385938987
0.002858568897243
0.002857127509032
0.002855126799381
0.002852663559406
0.002849861676380
0.002846865896234
0.002843834327850
0.002840930072717
0.002838312418306
0.002836128065675
0.002834502869121
0.002833534547280
0.002833286781514
0.002833785050474
0.002835014462640
0.002836919745671
0.002839407437747
0.002842350207729
0.002845593114140
0.002848961503929
0.002852270156911
0.002855333205865
0.002857974310185
0.002860036535880
0.002861391398587
0.002861946559505
0.002861651725597
0.002860502392371
0.002858541175953
0.002855856605616
0.002852579382193
0.002848876244828
0.002844941721087
0.002840988156348
0.002837234520883
0.002833894571167
0.002831164991088
0.002829214155400
0.002828172140397
0.002828122555496
0.002829096686026
0.002831070325755
0.002833963542776
0.002837643470900
0.002841930058354
0.002846604544596
0.002851420283075
0.002856115391036
0.002860426594753
0.002864103556465
0.002866922922967
0.002868701328791
0.002869306620447
0.002868666641919
0.002866775032469
0.002863693631172
0.002859551251720
0.002854538777764
0.002848900723982
0.002842923601186
0.002836921604797
0.002831220304997
0.002826139144844
0.002821973641698
0.002818978231751
0.002817350693339
0.002817219030745
0.002818631597599
0.002821551091440
0.002825852864772
0.002831327781539
0.002837689611474
0.002844586710100
0.002851617491663
0.002858348978739
0.002864337517899
0.002869150597054
0.002872388596275
0.002873705257590
0.002872825675075
0.002869560686278
0.002863816688178
0.002855600100903
0.002845015952435
0.002832260347146
0.002817606897089
0.002801387522873
0.002783968354612
0.002765721766477
0.002746995844771
0.002728082804203
0.002709188017215
0.002690401396407
0.002671672863073
0.002652793542149
0.002633384145819
0.002612891749230
0.002590595830700
0.002565624057770
0.002536977865080
0.002503567408542
0.002464255012991
0.002417905778614
0.002363443596455
0.002299910465700
0.002226526723976
0.002142749612575
0.002048327513650
0.001943347224311
0.001828271776541
0.001703966570403
0.001571711954390
0.001433200849295
0.001290520554419
0.001146118476969
0.001002752163626
0.000863424661789
0.000731306869769
0.000609649123378
0.000501684784763
0.000410529024442
0.000339076298803
0.000289900206908
0.000265159451023
0.000266513519807
0.000295051461794
0.000351236726673
0.000434870535258
0.000545075614123
0.000680301420498
0.000838351213934
0.001016430533096
0.001211215840226
0.001418941333815
0.001635501232746
0.001856564230977
0.002077696335766
0.002294487954998
0.002502680905454
0.002698290982767
0.002877721867873
0.003037866439771
0.003176192009589
0.003290806569575
0.003380503840338
0.003444785673653
0.003483861196193
0.003498622929151
0.003490600956510
0.003461897007975
0.003415101040175
0.003353193514042
0.003279437053502
0.003197261512648
0.003110146662926
0.003021506732712
0.002934580889719
0.002852333459361
0.002777367233011
0.002711852658328
0.002657475043400
0.002615401175198
0.002586265980889
0.002570179079675
0.002566750314263
0.002575132645134
0.002594080164811
0.002622018467179
0.002657124207595
0.002697410426727
0.002740814092588
0.002785282342584
0.002828854076264
0.002869733849410
0.002906355435602
0.002937432932436
0.002961997872374
0.002979421426652
0.002989421437334
0.002992054649664
0.002987695118000
0.002977000299216
0.002960866806424
0.002940378156070
0.002916747090274
0.002891255186513
0.002865192476229
0.002839799686010
0.002816215497932
0.002795430912159
0.002778252401873
0.002765275097525
0.002756866746235
0.002753162685683
0.002754071572992
0.002759291139687
0.002768332823908
0.002780553777632
0.002795194473571
0.002811419953120
0.002828362668705
0.002845164881877
0.002861018679012
0.002875201851930
0.002887108149775
0.002896270726931
0.002902377972877
0.002905281295810
0.002904994823791
0.002901687366924
0.002895667334246
0.002887361604428
0.002877289597151
0.002866033972457
0.002854209492262
0.002842431608798
0.002831286300219
0.002821302558350
0.002812928755371
0.002806513885637
0.002802294408375
0.002800387120942
0.002800788185562
0.002803378130041
0.002807932359267
0.002814136462332
0.002821605391142
0.002829905428958
0.002838577767708
0.002847162473929
0.002855221645083
0.002862360637684
0.002868246380640
0.002872621963393
0.002875316898915
0.002876252695085
0.002875443612284
0.002872992727888
0.002869083657833
0.002863968490635
0.002857952660783
0.002851377618695
0.002844602238332
0.002837983938025
0.002831860475041
0.002826533311760
0.002822253345705
0.002819209653408
0.002817521727286
0.002817235494732
0.002818323209435
0.002820687106765
0.002824166527825
0.002828548049528
0.002833578018711
0.002838976783130
0.002844453845522
0.002849723141230
0.002854517655344
0.002858602650064
0.002861786863383
0.002863931160599
0.002864954263880
0.002864835344205
0.002863613426028
0.002861383719380
0.002858291148582
0.002854521483531
0.002850290592283
0.002845832417078
0.002841386326556
0.002837184512867
0.002833440083652
0.002830336447295
0.002828018508730
0.002826586087340
0.002826089843995
0.002826529867968
0.002827856933459
0.002829976297207
0.002832753780139
0.002836023763671
0.002839598640432
0.002843279194195
0.002846865347363
0.002850166707708
0.002853012369066
0.002855259471323
0.002856800100289
0.002857566203430
0.002857532307593
0.002856715943850
0.002855175806012
0.002853007786947
0.002850339144471
0.002847321141007
0.002844120573820
0.002840910662118
0.002837861781527
0.002835132534632
0.002832861619027
0.002831160903529
0.002830110051975
0.002829752946454
0.002830096062759
0.002831108845664
0.002832726025970
0.002834851720574
0.002837365066313
0.002840127062546
0.002842988240043
0.002845796737420
0.002848406352632
0.002850684146235
0.002852517204314
0.002853818220223
0.002854529622473
0.002854626057442
0.002854115125517
