0.002759715529349
0.002760777069704
0.002761679119892
0.002762380296455
0.002762847584568
0.002763057886364
0.002762999148072
0.002762671011521
0.002762084955970
0.002761263918344
0.002760241402854
0.002759060113616
0.002757770165303
0.002756426946098
0.002755088723367
0.002753814094846
0.002752659396122
0.002751676178377
0.002750908868589
0.002750392717657
0.002750152130469
0.002750199456223
0.002750534297983
0.002751143378311
0.002752000973765
0.002753069906206
0.002754303054192
0.002755645324397
0.002757036002040
0.002758411381568
0.002759707565305
0.002760863308901
0.002761822788801
0.002762538168740
0.002762971849417
0.002763098297905
0.002762905370329
0.002762395062433
0.002761583646801
0.002760501181807
0.002759190404690
0.002757705048263
0.002756107646583
0.002754466918175
0.002752854835179
0.002751343502090
0.002750001977901
0.002748893179914
0.002748071005993
0.002747577804563
0.002747442308436
0.002747678130144
0.002748282893453
0.002749238049236
0.002750509394800
0.002752048285515
0.002753793497275
0.002755673669404
0.002757610231265
0.002759520693304
0.002761322165479
0.002762934953964
0.002764286081174
0.002765312574936
0.002765964380071
0.002766206759590
0.002766022072544
0.002765410840681
0.002764392045309
0.002763002628068
0.002761296203298
0.002759341023857
0.002757217275265
0.002755013803349
0.002752824406892
0.002750743847891
0.002748863746966
0.002747268539424
0.002746031668064
0.002745212181838
0.002744851895102
0.002744973240936
0.002745577924616
0.002746646450882
0.002748138562446
0.002749994588679
0.002752137664281
0.002754476739498
0.002756910267903
0.002759330426368
0.002761627696041
0.002763695614210
0.002765435495634
0.002766760919126
0.002767601780933
0.002767907730834
0.002767650829443
0.002766827295035
0.002765458244368
0.002763589372898
0.002761289563949
0.002758648461917
0.002755773089662
0.002752783632850
0.002749808552371
0.002746979218350
0.002744424284172
0.002742264035177
0.002740604953311
0.002739534735657
0.002739117991207
0.002739392816906
0.002740368421603
0.002742023926288
0.002744308422281
0.002747142317839
0.002750419949794
0.002754013382712
0.002757777265801
0.002761554569655
0.002765182983049
0.002768501716240
0.002771358433243
0.002773616022540
0.002775158914494
0.002775898664720
0.002775778545662
0.002774776923018
0.002772909238284
0.002770228472009
0.002766824022378
0.002762818998142
0.002758365991186
0.002753641459489
0.002748838913081
0.002744161151290
0.002739811846573
0.002735986806329
0.002732865267571
0.002730601588771
0.002729317697831
0.002729096634727
0.002729977492318
0.002731952010042
0.002734963014361
0.002738904828927
0.002743625699104
0.002748932192622
0.002754595454042
0.002760359108641
0.002765948534793
0.002771081156152
0.002775477348963
0.002778871518373
0.002781022872819
0.002781725419085
0.002780816713315
0.002778184935451
0.002773773905593
0.002767585729440
0.002759680844154
0.002750175333115
0.002739235484611
0.002727069681988
0.002713917826824
0.002700038608060
0.002685695034267
0.002671138739093
0.002656593647310
0.002642239647348
0.002628196952572
0.002614511845685
0.002601144486992
0.002587959427269
0.002574719400071
0.002561082877750
0.002546605762644
0.002530747452896
0.002512881375285
0.002492309919863
0.002468283548373
0.002440023685964
0.002406748849292
0.002367703319574
0.002322187541949
0.002269589327766
0.002209414858619
0.002141318443774
0.002065129968869
0.001980878995045
0.001888814524635
0.001789419541429
0.001683419558607
0.001571784562537
0.001455723921780
0.001336674032585
0.001216278689001
0.001096362390894
0.000978897029473
0.000865962610255
0.000759702880307
0.000662276913243
0.000575807865137
0.000502330241638
0.000443737106055
0.000401728706466
0.000377764004357
0.000373016546767
0.000388336038757
0.000424216844818
0.000480774479758
0.000557730946047
0.000654409541191
0.000769739502084
0.000902270580944
0.001050197367501
0.001211392892952
0.001383450781430
0.001563734962649
0.001749435732878
0.001937630757660
0.002125349454946
0.002309639086574
0.002487630823155
0.002656604034594
0.002814047096486
0.002957713090712
0.003085668914212
0.003196336489448
0.003288524988076
0.003361453229548
0.003414761691191
0.003448513857584
0.003463186936031
0.003459652262595
0.003439146010587
0.003403231081940
0.003353751303549
0.003292779258198
0.003222559247059
0.003145447003045
0.003063847848146
0.002980155011336
0.002896689796347
0.002815645211878
0.002739034553270
0.002668646258698
0.002606006159812
0.002552348013228
0.002508592942751
0.002475338150778
0.002452854979613
0.002441096127881
0.002439711562399
0.002448072419734
0.002465301971479
0.002490312539565
0.002521847097786
0.002558524187351
0.002598884710199
0.002641439145283
0.002684713759754
0.002727294457218
0.002767867016001
0.002805252617201
0.002838437739989
0.002866597703693
0.002889113355844
0.002905580635061
0.002915812969932
0.002919836702298
0.002917879938475
0.002910355428162
0.002897838242315
0.002881039163088
0.002860774807094
0.002837935575204
0.002813452556252
0.002788264508299
0.002763286000633
0.002739377724664
0.002717319875817
0.002697789375698
0.002681341549404
0.002668396702647
0.002659231863395
0.002653977769522
0.002652621003554
0.002655011004247
0.002660871527851
0.002669815994537
0.002681366041695
0.002694972518892
0.002710038101471
0.002725940672173
0.002742056622945
0.002757783261247
0.002772559564708
0.002785884612154
0.002797333124013
0.002806567666799
0.002813347209885
0.002817531863118
0.002819083765870
0.002818064236676
0.002814627422977
0.002809010808202
0.002801523034620
0.002792529581977
0.002782436901532
0.002771675641152
0.002760683609100
0.002749889112156
0.002739695269070
0.002730465844727
0.002722513076658
0.002716087876673
0.002711372690226
0.002708477188570
0.002707436857990
0.002708214440612
0.002710704076451
0.002714737900218
0.002720094762338
0.002726510674327
0.002733690526359
0.002741320591004
0.002749081312488
0.002756659885390
0.002763762149852
0.002770123370671
0.002775517523132
0.002779764776646
0.002782736945204
0.002784360758242
0.002784618893215
0.002783548798758
0.002781239421286
0.002777826025287
0.002773483365504
0.002768417525422
0.002762856779073
0.002757041860887
0.002751216040465
0.002745615395634
0.002740459658561
0.002735943977050
0.002732231888139
0.002729449745685
0.002727682780297
0.002726972901312
0.002727318279281
0.002728674676619
0.002730958426191
0.002734050895445
0.002737804219420
0.002742048041511
0.002746596967806
0.002751258420103
0.002755840564920
0.002760160000929
0.002764048904750
0.002767361364018
0.002769978665613
0.002771813354223
0.002772811929857
0.002772956110416
0.002772262644426
0.002770781717354
0.002768594050116
0.002765806838418
0.002762548724521
0.002758964027376
0.002755206481578
0.002751432749588
0.002747795974709
0.002744439634571
0.002741491936885
0.002739060971911
0.002737230800712
0.002736058616463
0.002735573069631
0.002735773798686
0.002736632158237
0.002738093088052
0.002740078021283
0.002742488690155
0.002745211653831
0.002748123347456
0.002751095434332
0.002754000235325
0.002756716011108
0.002759131883463
0.002761152200941
0.002762700180899
0.002763720692895
0.002764182086373
0.002764077006653
0.002763422185944
0.002762257238444
0.002760642529041
