0.002773572293686
0.002774303161054
0.002775107583017
0.002775946199984
0.002776777547433
0.002777559974898
0.002778253601478
0.002778822217810
0.002779235045551
0.002779468270712
0.002779506276349
0.002779342512862
0.002778979959936
0.002778431152283
0.002777717761009
0.002776869742811
0.002775924089293
0.002774923227623
0.002773913140660
0.002772941288648
0.002772054425086
0.002771296405737
0.002770706091702
0.002770315444830
0.002770147906561
0.002770217139775
0.002770526197943
0.002771067167337
0.002771821307154
0.002772759689990
0.002773844322237
0.002775029701627
0.002776264748370
0.002777495028153
0.002778665170462
0.002779721375047
0.002780613893463
0.002781299371703
0.002781742944309
0.002781919979712
0.002781817390685
0.002781434442120
0.002780783010034
0.002779887269933
0.002778782818296
0.002777515256866
0.002776138294479
0.002774711444162
0.002773297413126
0.002771959299088
0.002770757717293
0.002769747988084
0.002768977514576
0.002768483473746
0.002768290932325
0.002768411481655
0.002768842463839
0.002769566835954
0.002770553690967
0.002771759424429
0.002773129506387
0.002774600789601
0.002776104259335
0.002777568107979
0.002778921000604
0.002780095386121
0.002781030703647
0.002781676335319
0.002781994165251
0.002781960619261
0.002781568080988
0.002780825606110
0.002779758886643
0.002778409450315
0.002776833114468
0.002775097748237
0.002773280429359
0.002771464111418
0.002769733942143
0.002768173392429
0.002766860367985
0.002765863480290
0.002765238650394
0.002765026208117
0.002765248630568
0.002765909038390
0.002766990536670
0.002768456451345
0.002770251472651
0.002772303676458
0.002774527353971
0.002776826542015
0.002779099111850
0.002781241245696
0.002783152108357
0.002784738507675
0.002785919332776
0.002786629563684
0.002786823659858
0.002786478158159
0.002785593341896
0.002784193880769
0.002782328385112
0.002780067865141
0.002777503134860
0.002774741248711
0.002771901104893
0.002769108390292
0.002766490076319
0.002764168700874
0.002762256687776
0.002760850960375
0.002760028100119
0.002759840283580
0.002760312203274
0.002761439139508
0.002763186303871
0.002765489521613
0.002768257262347
0.002771373968486
0.002774704571360
0.002778100028616
0.002781403665808
0.002784458062556
0.002787112191308
0.002789228496322
0.002790689593299
0.002791404276799
0.002791312543309
0.002790389372110
0.002788647052868
0.002786135906393
0.002782943311179
0.002779191020493
0.002775030829876
0.002770638729966
0.002766207750968
0.002761939769954
0.002758036607180
0.002754690780159
0.002752076312043
0.002750340002134
0.002749593560190
0.002749906982042
0.002751303502549
0.002753756404074
0.002757187886551
0.002761470121301
0.002766428518365
0.002771847139818
0.002777476093456
0.002783040646454
0.002788251711446
0.002792817281906
0.002796454333469
0.002798900666097
0.002799926141361
0.002799342771203
0.002797013140407
0.002792856694354
0.002786853495567
0.002779045144886
0.002769532672913
0.002758471330877
0.002746062342594
0.002732541815858
0.002718167146760
0.002703201378532
0.002687896092077
0.002672473502891
0.002657108514059
0.002641911523161
0.002626912799190
0.002612049231845
0.002597154208792
0.002581951297156
0.002566052295096
0.002548960080730
0.002530076523102
0.002508715538334
0.002484121179815
0.002455490451006
0.002422000330547
0.002382838309321
0.002337235565581
0.002284501754160
0.002224060265965
0.002155482729785
0.002078521484775
0.001993138751801
0.001899531277055
0.001798149312097
0.001689708929204
0.001575196846613
0.001455867150092
0.001333229539244
0.001209028991573
0.001085217016151
0.000963914952663
0.000847370050829
0.000737905330153
0.000637864461012
0.000549553116320
0.000475178410406
0.000416788161491
0.000376211780824
0.000355004601640
0.000354397412645
0.000375252854120
0.000418030171889
0.000482759609673
0.000569027459487
0.000675972490592
0.000802294148948
0.000946272571527
0.001105800104094
0.001278423658794
0.001461396910436
0.001651741019065
0.001846312291644
0.002041874966838
0.002235177131880
0.002423027665631
0.002602372051450
0.002770364919583
0.002924437261513
0.003062356405810
0.003182277052228
0.003282781921712
0.003362910886442
0.003422177786379
0.003460574506087
0.003478562266094
0.003477050464546
0.003457363775111
0.003421198554222
0.003370569923524
0.003307751162083
0.003235207258875
0.003155524632698
0.003071339119192
0.002985264350592
0.002899822612754
0.002817380157878
0.002740088784107
0.002669835270957
0.002608199990044
0.002556425703167
0.002515397224992
0.002485632276594
0.002467283500703
0.002460151261358
0.002463706521172
0.002477122789022
0.002499315869226
0.002528989928116
0.002564688231602
0.002604846802407
0.002647849200374
0.002692080644083
0.002735979765148
0.002778086414411
0.002817084116219
0.002851835986174
0.002881413180596
0.002905115223320
0.002922481847086
0.002933296282619
0.002937580218067
0.002935580925186
0.002927751297321
0.002914723760008
0.002897279191275
0.002876312120252
0.002852793556349
0.002827732835174
0.002802139851884
0.002776988989659
0.002753185944003
0.002731538497742
0.002712732123071
0.002697311083269
0.002685665485654
0.002678024507472
0.002674455786275
0.002674870744159
0.002679035408906
0.002686586111526
0.002697049284968
0.002709864467569
0.002724409530629
0.002740027104144
0.002756051168805
0.002771832814764
0.002786764236027
0.002800300129956
0.002811975799531
0.002821421406060
0.002828371985568
0.002832673016592
0.002834281503512
0.002833262711333
0.002829782848497
0.002824098138222
0.002816540841054
0.002807502887787
0.002797417849883
0.002786742012196
0.002775935319805
0.002765442947689
0.002755678190796
0.002747007295500
0.002739736755404
0.002734103479312
0.002730268112047
0.002728311654908
0.002728235397419
0.002729964040929
0.002733351772557
0.002738190939528
0.002744222882856
0.002751150418692
0.002758651407657
0.002766392828239
0.002774044770133
0.002781293786484
0.002787855088724
0.002793483131658
0.002797980216424
0.002801202831372
0.002803065551600
0.002803542422574
0.002802665857697
0.002800523179581
0.002797251026311
0.002793027923688
0.002788065389453
0.002782597983623
0.002776872748850
0.002771138495529
0.002765635378269
0.002760585184280
0.002756182711697
0.002752588559197
0.002749923580064
0.002748265177340
0.002747645535176
0.002748051798492
0.002749428131999
0.002751679513775
0.002754677050995
0.002758264548495
0.002762266016805
0.002766493776448
0.002770756800613
0.002774868938860
0.002778656679975
0.002781966141298
0.002784669013301
0.002786667239803
0.002787896273530
0.002788326811159
0.002787964978592
0.002786851003294
0.002785056473170
0.002782680338351
0.002779843860923
0.002776684756466
0.002773350798772
0.002769993174434
0.002766759876870
0.002763789419898
0.002761205129967
0.002759110244704
0.002757584005243
0.002756678882605
0.002756419026572
0.002756799971172
0.002757789576494
0.002759330134436
0.002761341518180
0.002763725213741
0.002766369038327
0.002769152325858
0.002771951345453
0.002774644714591
0.002777118574732
0.002779271313059
0.002781017638758
0.002782291854527
0.002783050202419
0.002783272205717
0.002782960973537
0.002782142480188
0.002780863875121
0.002779190919640
0.002777204681876
0.002774997650381
0.002772669447996
0.002770322340681
0.002768056740315
