0.002958933401652
0.002959533907046
0.002960120236631
0.002960692265656
0.002961250744296
0.002961797267333
0.002962334188189
0.002962864482686
0.002963391571358
0.002963919112011
0.002964450776299
0.002964990025245
0.002965539898759
0.002966102833319
0.002966680520076
0.002967273812935
0.002967882692725
0.002968506289747
0.002969142962921
0.002969790429869
0.002970445938677
0.002971106469189
0.002971768949577
0.002972430472855
0.002973088497981
0.002973741021255
0.002974386705835
0.002975024960131
0.002975655959533
0.002976280609977
0.002976900456076
0.002977517540627
0.002978134225875
0.002978752989819
0.002979376212806
0.002980005970491
0.002980643848972
0.002981290796417
0.002981947022983
0.002982611957357
0.002983284264165
0.002983961921989
0.002984642357159
0.002985322624246
0.002985999620465
0.002986670318400
0.002987331999776
0.002987982472519
0.002988620254274
0.002989244707661
0.002989856115888
0.002990455691631
0.002991045516935
0.002991628417186
0.002992207777238
0.002992787312499
0.002993370811544
0.002993961869452
0.002994563632325
0.002995178573114
0.002995808316936
0.002996453530733
0.002997113887345
0.002997788108457
0.002998474084590
0.002999169063980
0.002999869896241
0.003000573311637
0.003001276213144
0.003001975956457
0.003002670593187
0.003003359054533
0.003004041256921
0.003004718117045
0.003005391471138
0.003006063901586
0.003006738482529
0.003007418464112
0.003008106921910
0.003008806402933
0.003009518602082
0.003010244102474
0.003010982209457
0.003011730901591
0.003012486912557
0.003013245946580
0.003014003017331
0.003014752887505
0.003015490574423
0.003016211877464
0.003016913876795
0.003017595350896
0.003018257063233
0.003018901876463
0.003019534665523
0.003020162018084
0.003020791731037
0.003021432133221
0.003022091285486
0.003022776127379
0.003023491652973
0.003024240204783
0.003025020972781
0.003025829774441
0.003026659171441
0.003027498950073
0.003028336957386
0.003029160246485
0.003029956445696
0.003030715231599
0.003031429759371
0.003032097889476
0.003032723050557
0.003033314596621
0.003033887552618
0.003034461694938
0.003035059978906
0.003035706398681
0.003036423439223
0.003037229347151
0.003038135498868
0.003039144172403
0.003040247027292
0.003041424560453
0.003042646734251
0.003043874868840
0.003045064761224
0.003046170849370
0.003047151095351
0.003047972133461
0.003048614134665
0.003049074793550
0.003049371860785
0.003049543730239
0.003049647745621
0.003049756108944
0.003049949535787
0.003050309085974
0.003050906872313
0.003051796580408
0.003053004885269
0.003054524895731
0.003056312674221
0.003058287658454
0.003060337459642
0.003062327052596
0.003064111846845
0.003065553589357
0.003066537562855
0.003066989176394
0.003066887859409
0.003066276215827
0.003065262698495
0.003064016625194
0.003062755142416
0.003061722685407
0.003061164486602
0.003061296631581
0.003062275924046
0.003064173275808
0.003066954381958
0.003070471010028
0.003074465310366
0.003078588188325
0.003082431075204
0.003085568560230
0.003087607511916
0.003088236761094
0.003087270376412
0.003084677243037
0.003080590203925
0.003075289501976
0.003069157627726
0.003062605774859
0.003055975669899
0.003049424217113
0.003042801769710
0.003035537470597
0.003026546598532
0.003014174888301
0.002996193174847
0.002969852413583
0.002932004310093
0.002879286795843
0.002808366921973
0.002716227044838
0.002600474144080
0.002459647439674
0.002293496768316
0.002103203895037
0.001891521308455
0.001662808054062
0.001422949501863
0.001179157064852
0.000939654009454
0.000713263707776
0.000508925996462
0.000335174792846
0.000199614981878
0.000108438262659
0.000066015862521
0.000074600852886
0.000134164632557
0.000242381679422
0.000394764844537
0.000584941350193
0.000805048367949
0.001046217628839
0.001299111809462
0.001554472030841
0.001803635964381
0.002038989676907
0.002254323048234
0.002445067659248
0.002608406568516
0.002743256352893
0.002850132159791
0.002930915380994
0.002988550172434
0.003026698926251
0.003049387755906
0.003060671181769
0.003064340872169
0.003063697087878
0.003061394124840
0.003059363339268
0.003058810036086
0.003060274270789
0.003063740960077
0.003068781922081
0.003074711661044
0.003080739755990
0.003086105313387
0.003090182675029
0.003092551935332
0.003093032303000
0.003091680467905
0.003088759518744
0.003084686334132
0.003079966607808
0.003075126771947
0.003070651176051
0.003066931181539
0.003064230623216
0.003062669670336
0.003062226781629
0.003062756437089
0.003064018825971
0.003065716779223
0.003067534979325
0.003069176811651
0.003070395030608
0.003071013552450
0.003070938987767
0.003070161825667
0.003068748334263
0.003066825138193
0.003064559005488
0.003062134599722
0.003059732847138
0.003057512184789
0.003055594371289
0.003054055845619
0.003052924901852
0.003052184289578
0.003051778315516
0.003051623153541
0.003051618886957
0.003051661804457
0.003051655626866
0.003051520618443
0.003051199888955
0.003050662573621
0.003049903943172
0.003048942809218
0.003047816824747
0.003046576421554
0.003045278173249
0.003043978331828
0.003042727173552
0.003041564627053
0.003040517466785
0.003039598160972
0.003038805285541
0.003038125269860
0.003037535136838
0.003037005843845
0.003036505821132
0.003036004335894
0.003035474374054
0.003034894817792
0.003034251793292
0.003033539159460
0.003032758195103
0.003031916612166
0.003031027071486
0.003030105403393
0.003029168738710
0.003028233739073
0.003027315083031
0.003026424321238
0.003025569165560
0.003024753228293
0.003023976183491
0.003023234286099
0.003022521158581
0.003021828740162
0.003021148290570
0.003020471347240
0.003019790550486
0.003019100272672
0.003018397012440
0.003017679540813
0.003016948810185
0.003016207657833
0.003015460351218
0.003014712032173
0.003013968120774
0.003013233737712
0.003012513196947
0.003011809609545
0.003011124626140
0.003010458330868
0.003009809285187
0.003009174707006
0.003008550759880
0.003007932919431
0.003007316379973
0.003006696463553
0.003006068996174
0.003005430621135
0.003004779026844
0.003004113075095
0.003003432825037
0.003002739457012
0.003002035108462
0.003001322640567
0.003000605358883
0.002999886713595
0.002999170005265
0.002998458120022
0.002997753314528
0.002997057065938
0.002996369996085
0.002995691872713
0.002995021684245
0.002994357778851
0.002993698053825
0.002993040177819
0.002992381826540
0.002991720912102
0.002991055787429
0.002990385409589
0.002989709449661
0.002989028341215
0.002988343264461
0.002987656068152
0.002986969136073
0.002986285209047
0.002985607176587
0.002984937854370
0.002984279764546
0.002983634935443
0.002983004735550
0.002982389753990
0.002981789736096
0.002981203578619
0.002980629384712
0.002980064574500
0.002979506043145
0.002978950354941
0.002978393959583
0.002977833415313
0.002977265603320
0.002976687918576
0.002976098424129
0.002975495958577
0.002974880189879
0.002974251612488
0.002973611488816
0.002972961739918
0.002972304793790
0.002971643402510
0.002970980441540
0.002970318705519
0.002969660715019
0.002969008547705
0.002968363705530
0.002967727026864
0.002967098649202
0.002966478024482
0.002965863985260
0.002965254856449
0.002964648604106
0.002964043010232
0.002963435860742
0.002962825132937
0.002962209168893
0.002961586822234
0.002960957567678
0.002960321565368
