0.002892343162358
0.002893892524693
0.002895713149858
0.002897691296487
0.002899701914698
0.002901616331918
0.002903310252281
0.002904671574846
0.002905607542084
0.002906050766648
0.002905963749409
0.002905341591337
0.002904212710729
0.002902637498956
0.002900704974903
0.002898527622886
0.002896234713191
0.002893964501481
0.002891855776915
0.002890039274144
0.002888629478391
0.002887717334364
0.002887364319600
0.002887598263831
0.002888411192590
0.002889759351730
0.002891565437015
0.002893722917565
0.002896102211919
0.002898558358898
0.002900939729516
0.002903097257138
0.002904893625218
0.002906211848169
0.002906962711533
0.002907090601396
0.002906577346145
0.002905443811006
0.002903749120268
0.002901587525819
0.002899083084740
0.002896382444639
0.002893646154622
0.002891039014874
0.002888720042789
0.002886832664001
0.002885495730418
0.002884795924293
0.002884782029818
0.002885461445824
0.002886799181336
0.002888719427490
0.002891109643635
0.002893826941565
0.002896706409211
0.002899570892452
0.002902241658769
0.002904549305245
0.002906344250147
0.002907506163806
0.002907951750248
0.002907640383246
0.002906577223864
0.002904813594297
0.002902444546049
0.002899603729812
0.002896455839377
0.002893187052837
0.002889994021623
0.002887072053778
0.002884603196018
0.002882744935530
0.002881620215570
0.002881309389810
0.002881844632524
0.002883207181102
0.002885327622061
0.002888089251177
0.002891334353315
0.002894873068999
0.002898494353554
0.002901978400719
0.002905109804436
0.002907690676422
0.002909552927250
0.002910568956151
0.002910660078244
0.002909802142978
0.002908027957474
0.002905426314140
0.002902137622686
0.002898346350734
0.002894270672452
0.002890149899202
0.002886230409366
0.002882750897122
0.002879927815334
0.002877941891587
0.002876926547863
0.002876958955175
0.002878054309876
0.002880163736073
0.002883176008761
0.002886923067077
0.002891189059450
0.002895722446015
0.002900250491457
0.002904495325389
0.002908190637410
0.002911098017483
0.002913021953656
0.002913822559453
0.002913425219978
0.002911826513233
0.002909095972250
0.002905373492965
0.002900862448634
0.002895818829300
0.002890536968980
0.002885332639285
0.002880524462626
0.002876414719791
0.002873270687227
0.002871307633869
0.002870674534660
0.002871443420914
0.002873603092875
0.002877057677476
0.002881630237632
0.002887071343809
0.002893072221167
0.002899281803690
0.002905326777405
0.002910833493436
0.002915450491372
0.002918870303891
0.002920849220767
0.002921223775689
0.002919922879907
0.002916974754973
0.002912508101306
0.002906747264686
0.002900001511255
0.002892648873232
0.002885115361994
0.002877850642268
0.002871301502525
0.002865884626482
0.002861960256911
0.002859808338142
0.002859608625185
0.002861426058162
0.002865202428893
0.002870755025061
0.002877782544191
0.002885878145606
0.002894549077298
0.002903241901034
0.002911371967477
0.002918355486833
0.002923642319505
0.002926747491477
0.002927279431446
0.002924963035903
0.002919655892910
0.002911356327048
0.002900202352669
0.002886461119809
0.002870508982239
0.002852802881343
0.002833844292282
0.002814137488872
0.002794144320595
0.002774238031875
0.002754658867051
0.002735474277224
0.002716546466839
0.002697509785842
0.002677760092804
0.002656457698974
0.002632544873873
0.002604778177568
0.002571775116667
0.002532073837704
0.002484203812670
0.002426764776862
0.002358510587088
0.002278434212861
0.002185849783305
0.002080467509313
0.001962457396883
0.001832497966887
0.001691806691984
0.001542149536656
0.001385827815404
0.001225641532944
0.001064829397611
0.000906986759239
0.000755963766342
0.000615747015193
0.000490328827376
0.000383568999208
0.000299054378712
0.000239961914650
0.000208930868381
0.000207949674771
0.000238262486396
0.000300299750791
0.000393636279459
0.000516979205844
0.000668187041929
0.000844319780598
0.001041718708539
0.001256113349159
0.001482751802634
0.001716549742998
0.001952252516405
0.002184604198243
0.002408517137395
0.002619235460087
0.002812486227353
0.002984612430742
0.003132682749712
0.003254573949277
0.003349022925884
0.003415646663674
0.003454929686541
0.003468179925650
0.003457455208194
0.003425463755072
0.003375443101109
0.003311022677585
0.003236075888270
0.003154567843018
0.003070404975479
0.002987292563888
0.002908605709201
0.002837278627176
0.002775716215221
0.002725730804075
0.002688505848581
0.002664587104708
0.002653900637161
0.002655795857482
0.002669110757420
0.002692255621117
0.002723310809121
0.002760133734690
0.002800469914635
0.002842062978428
0.002882758754192
0.002920599001659
0.002953901003305
0.002981320020607
0.003001892531028
0.003015059136943
0.003020667032213
0.003018952877763
0.003010507829190
0.002996227236711
0.002977248166877
0.002954878350736
0.002930520427908
0.002905595423611
0.002881469268976
0.002859385866563
0.002840409733837
0.002825380655884
0.002814882078972
0.002809224216673
0.002808442060027
0.002812307722382
0.002820355845628
0.002831920181119
0.002846178963647
0.002862206341543
0.002879026923731
0.002895670460559
0.002911223786526
0.002924877408566
0.002935964505550
0.002943990589008
0.002948652633422
0.002949847085106
0.002947666769207
0.002942387302234
0.002934444152842
0.002924401949808
0.002912917991821
0.002900702153247
0.002888475494449
0.002876929872504
0.002866690712832
0.002858284855540
0.002852115048778
0.002848442246295
0.002847376402351
0.002848875970532
0.002852755830755
0.002858702916865
0.002866298419064
0.002875045111176
0.002884398117668
0.002893797299748
0.002902699408153
0.002910608221160
0.002917101053154
0.002921850269799
0.002924638764476
0.002925368717702
0.002924063355188
0.002920861818681
0.002916007644512
0.002909831687439
0.002902730613858
0.002895142304527
0.002887519642353
0.002880304210219
0.002873901386743
0.002868658208526
0.002864845174655
0.002862642915576
0.002862134349649
0.002863302624563
0.002866034806247
0.002870130953957
0.002875317924662
0.002881266998756
0.002887614225331
0.002893982258499
0.002900002401984
0.002905335598790
0.002909691193454
0.002912842449373
0.002914638012771
0.002915008765034
0.002913969781210
0.002911617398385
0.002908121676836
0.002903714793713
0.002898676129423
0.002893314979093
0.002887951936743
0.002882900052744
0.002878446854061
0.002874838243624
0.002872265165457
0.002870853744356
0.002870659394233
0.002871665150581
0.002873784234124
0.002876866608919
0.002880709072839
0.002885068224134
0.002889675495011
0.002894253340026
0.002898531618402
0.002902263216992
0.002905238023017
0.002907294468275
0.002908328021892
0.002908296197084
0.002907219847458
0.002905180747498
0.002902315667376
0.002898807351624
0.002894872983390
0.002890750851407
0.002886686028318
0.002882915912039
0.002879656474782
0.002877090008418
0.002875355054153
0.002874539065497
0.002874674185052
0.002875736327851
0.002877647568112
0.002880281633871
0.002883472135991
0.002887023004810
0.002890720487555
0.002894345979090
0.002897688921785
0.002900559018503
0.002902797055030
0.002904283720707
0.002904945942793
0.002904760403165
0.002903754076040
0.002902001802352
0.002899621089760
0.002896764486944
0.002893610017773
0.002890350267335
0.002887180782058
0.002884288476502
0.002881840728733
0.002879975795692
0.002878795093127
0.002878357767118
0.002878677843245
