0.002607350389644
0.002607856478576
0.002609179806407
0.002611280996858
0.002614092041674
0.002617518514432
0.002621442764157
0.002625727980887
0.002630222992779
0.002634767626655
0.002639198442082
0.002643354633970
0.002647083890867
0.002650247996003
0.002652727965672
0.002654428534645
0.002655281820342
0.002655250025889
0.002654327075775
0.002652539115646
0.002649943848271
0.002646628719654
0.002642708010969
0.002638318932106
0.002633616849519
0.002628769813563
0.002623952577248
0.002619340318403
0.002615102289819
0.002611395626508
0.002608359535545
0.002606110082146
0.002604735765985
0.002604294054936
0.002604809010368
0.002606270099897
0.002608632251539
0.002611817158857
0.002615715801684
0.002620192102798
0.002625087599236
0.002630226969222
0.002635424223334
0.002640489342832
0.002645235129851
0.002649484024366
0.002653074641615
0.002655867791430
0.002657751757227
0.002658646636907
0.002658507579750
0.002657326791432
0.002655134222357
0.002651996900982
0.002648016922097
0.002643328148503
0.002638091731264
0.002632490597258
0.002626723091316
0.002620995992486
0.002615517148709
0.002610487990409
0.002606096190544
0.002602508736269
0.002599865665373
0.002598274699583
0.002597806977173
0.002598494050158
0.002600326267912
0.002603252620789
0.002607182065929
0.002611986304738
0.002617503929313
0.002623545805302
0.002629901513077
0.002636346629338
0.002642650598830
0.002648584921982
0.002653931369901
0.002658489933838
0.002662086222362
0.002664578035766
0.002665860873374
0.002665872164488
0.002664594056601
0.002662054643814
0.002658327572370
0.002653530017052
0.002647819079975
0.002641386719785
0.002634453372779
0.002627260475700
0.002620062141502
0.002613116272433
0.002606675418264
0.002600977700345
0.002596238123897
0.002592640591321
0.002590330908568
0.002589411045281
0.002589934868646
0.002591905521721
0.002595274561404
0.002599942910697
0.002605763616871
0.002612546343483
0.002620063462332
0.002628057553421
0.002636250069000
0.002644350873564
0.002652068337050
0.002659119634610
0.002665240894274
0.002670196834106
0.002673789543240
0.002675866086133
0.002676324645885
0.002675118969262
0.002672260931829
0.002667821104312
0.002661927269118
0.002654760906367
0.002646551739547
0.002637570499533
0.002628120129816
0.002618525713064
0.002609123447606
0.002600249040234
0.002592225907432
0.002585353589796
0.002579896783252
0.002576075375700
0.002574055849202
0.002573944366471
0.002575781807633
0.002579540960492
0.002585125996906
0.002592374291684
0.002601060561061
0.002610903218064
0.002621572764514
0.002632701966769
0.002643897497021
0.002654752666452
0.002664860832655
0.002673829033275
0.002681291381843
0.002686921761196
0.002690445364763
0.002691648666237
0.002690387442859
0.002686592535517
0.002680273098350
0.002671517169461
0.002660489480188
0.002647426510503
0.002632628889608
0.002616451330647
0.002599290373869
0.002581570290574
0.002563727568196
0.002546194452649
0.002529382065519
0.002513663639402
0.002499358423561
0.002486716803660
0.002475907153624
0.002467004895282
0.002459984183473
0.002454712562404
0.002450948855233
0.002448344455683
0.002446448090622
0.002444714019080
0.002442513529200
0.002439149493277
0.002433873645511
0.002425906160242
0.002414457033011
0.002398748705066
0.002378039325962
0.002351646020006
0.002318967511578
0.002279505472071
0.002232883977289
0.002178866507872
0.002117369985391
0.002048475411577
0.001972434765349
0.001889673909611
0.001800791364121
0.001706552909251
0.001607882095015
0.001505846837085
0.001401642383773
0.001296571032141
0.001192019054915
0.001089431370551
0.000990284544643
0.000896058750564
0.000808209339882
0.000728138678213
0.000657168890000
0.000596516126794
0.000547266929084
0.000510357193136
0.000486554183546
0.000476441951599
0.000480410431371
0.000498648392697
0.000531140335025
0.000577667311847
0.000637811584074
0.000710964915114
0.000796340242505
0.000892986392722
0.000999805448686
0.001115572334696
0.001238956151687
0.001368542777221
0.001502858239208
0.001640392379663
0.001779622343824
0.001919035459503
0.002057151110233
0.002192541251757
0.002323849273040
0.002449806958234
0.002569249363053
0.002681127475977
0.002784518589851
0.002878634361241
0.002962826582091
0.003036590729628
0.003099567395440
0.003151541722641
0.003192441000898
0.003222330583021
0.003241408294073
0.003249997505323
0.003248539041612
0.003237582082821
0.003217774209302
0.003189850728402
0.003154623405859
0.003112968712864
0.003065815688008
0.003014133504004
0.002958918822655
0.002901183018399
0.002841939351205
0.002782190173514
0.002722914263044
0.002665054383138
0.002609505184196
0.002557101572752
0.002508607687916
0.002464706637089
0.002425991153080
0.002392955341727
0.002365987692042
0.002345365518692
0.002331250998698
0.002323688950030
0.002322606478997
0.002327814596101
0.002339011866480
0.002355790121929
0.002377642217493
0.002403971767955
0.002434104749476
0.002467302800680
0.002502778007330
0.002539708907003
0.002577257406669
0.002614586268469
0.002650876788783
0.002685346274346
0.002717264907824
0.002745971594781
0.002770888394936
0.002791533163198
0.002807530059987
0.002818617635318
0.002824654245985
0.002825620628773
0.002821619523222
0.002812872313251
0.002799712735735
0.002782577783709
0.002761996009780
0.002738573509239
0.002712977929986
0.002685920915380
0.002658139434751
0.002630376492662
0.002603361730921
0.002577792445726
0.002554315535791
0.002533510875705
0.002515876572555
0.002501816513885
0.002491630552698
0.002485507602051
0.002483521830097
0.002485632058389
0.002491684374588
0.002501417878117
0.002514473386544
0.002530404844398
0.002548693097271
0.002568761624997
0.002589993770509
0.002611750957455
0.002633391361297
0.002654288486248
0.002673849104470
0.002691530034509
0.002706853272187
0.002719419038222
0.002728916371032
0.002735130968569
0.002737950067335
0.002737364237277
0.002733466065305
0.002726445794794
0.002716584080591
0.002704242106065
0.002689849387677
0.002673889661210
0.002656885299831
0.002639380756029
0.002621925545782
0.002605057303367
0.002589285428722
0.002575075826537
0.002562837197961
0.002552909293420
0.002545553470090
0.002540945822288
0.002539173069859
0.002540231301217
0.002544027576861
0.002550384308915
0.002559046245332
0.002569689806659
0.002581934451189
0.002595355683229
0.002609499270900
0.002623896205900
0.002638077918921
0.002651591261446
0.002664012777434
0.002674961816402
0.002684112081565
0.002691201261607
0.002696038460345
0.002698509212894
0.002698577957351
0.002696287914947
0.002691758416196
0.002685179793077
0.002676806035092
0.002666945477553
0.002655949851530
0.002644202074513
0.002632103197595
0.002620058947693
0.002608466311435
0.002597700600646
0.002588103418359
0.002579971909620
0.002573549634448
0.002569019342773
0.002566497865010
0.002566033259400
0.002567604280881
0.002571122158503
0.002576434592010
0.002583331805563
0.002591554430149
0.002600802928118
0.002610748225359
0.002621043180400
0.002631334496250
0.002641274670758
0.002650533584856
0.002658809345025
0.002665838025921
0.002671402000289
0.002675336594474
0.002677534867285
0.002677950375500
0.002676597858773
0.002673551847577
0.002668943267863
0.002662954182832
0.002655810873499
0.002647775513460
0.002639136737849
0.002630199440294
