0.002887812971672
0.002889635379378
0.002891578576447
0.002893521380651
0.002895341321722
0.002896922152430
0.002898161059852
0.002898975132267
0.002899306678046
0.002899127058972
0.002898438787588
0.002897275741582
0.002895701461522
0.002893805614770
0.002891698821058
0.002889506137066
0.002887359582170
0.002885390149999
0.002883719786504
0.002882453822513
0.002881674326470
0.002881434792259
0.002881756500592
0.002882626794614
0.002883999397001
0.002885796773485
0.002887914423825
0.002890226863145
0.002892594951556
0.002894874144470
0.002896923175420
0.002898612651402
0.002899833039992
0.002900501558136
0.002900567533043
0.002900015892745
0.002898868552597
0.002897183588050
0.002895052216101
0.002892593740074
0.002889948736824
0.002887270874660
0.002884717837311
0.002882441888849
0.002880580642618
0.002879248591903
0.002878529921204
0.002878473046558
0.002879087235178
0.002880341534267
0.002882166103308
0.002884455901113
0.002887076537189
0.002889871964753
0.002892673578231
0.002895310188229
0.002897618287514
0.002899451996368
0.002900692086733
0.002901253531647
0.002901091107193
0.002900202684262
0.002898629980528
0.002896456691690
0.002893804076506
0.002890824223248
0.002887691366918
0.002884591748157
0.002881712598867
0.002879230900132
0.002877302581019
0.002876052810352
0.002875567978108
0.002875889871270
0.002877012425872
0.002878881289343
0.002881396263542
0.002884416528517
0.002887768380056
0.002891255060384
0.002894668130312
0.002897799730726
0.002900455018016
0.002902464036157
0.002903692309601
0.002904049505301
0.002903495616003
0.002902044254839
0.002899762815666
0.002896769435243
0.002893226881795
0.002889333678745
0.002885312941500
0.002881399548950
0.002877826380848
0.002874810420483
0.002872539544362
0.002871160794743
0.002870770857695
0.002871409352203
0.002873055380877
0.002875627608523
0.002878987931432
0.002882948589328
0.002887282365863
0.002891735334301
0.002896041444296
0.002899938123100
0.002903181988336
0.002905563744730
0.002906921366570
0.002907150750347
0.002906213154301
0.002904138916706
0.002901027153251
0.002897041364356
0.002892401122624
0.002887370245134
0.002882242071074
0.002877322649329
0.002872912781671
0.002869289955956
0.002866691233900
0.002865298126603
0.002865224398328
0.002866507589286
0.002869104848677
0.002872893430369
0.002877675938539
0.002883190133901
0.002889122838788
0.002895127227157
0.002900842568710
0.002905915328227
0.002910020412818
0.002912881318914
0.002914287961590
0.002914111071136
0.002912312211821
0.002908948707306
0.002904173034546
0.002898226558555
0.002891427806970
0.002884155807659
0.002876829315717
0.002869883020153
0.002863742028935
0.002858796070131
0.002855374906788
0.002853726437745
0.002853998844960
0.002856227953566
0.002860330702456
0.002866105293691
0.002873238215252
0.002881317933686
0.002889854652794
0.002898305154706
0.002906101402744
0.002912681312249
0.002917519904011
0.002920158958961
0.002920233301673
0.002917491957452
0.002911812651233
0.002903208437932
0.002891825659302
0.002877932892770
0.002861901069675
0.002844175467398
0.002825240793549
0.002805581051904
0.002785636281658
0.002765758568534
0.002746169917774
0.002726924639126
0.002707878813716
0.002688669189626
0.002668703492537
0.002647163652364
0.002623022855999
0.002595076665872
0.002561987724918
0.002522342835173
0.002474720486314
0.002417766258778
0.002350272968945
0.002271261993026
0.002180061928518
0.002076380647358
0.001960366875583
0.001832657703811
0.001694408885889
0.001547305404741
0.001393550551835
0.001235832648547
0.001077269496776
0.000921331640173
0.000771746501198
0.000632386386983
0.000507144184183
0.000399801248634
0.000313892504270
0.000252574069382
0.000218498807702
0.000213705047639
0.000239523326649
0.000296505411005
0.000384379036564
0.000502030845035
0.000647518892721
0.000818114930824
0.001010375448770
0.001220239287210
0.001443148517644
0.001674188300526
0.001908240617578
0.002140146164343
0.002364868313910
0.002577652940557
0.002774178029494
0.002950687391502
0.003104103432881
0.003232114775071
0.003333235538307
0.003406834255550
0.003453131616695
0.003473167504972
0.003468739022864
0.003442312360090
0.003396912381811
0.003335994667246
0.003263305371904
0.003182734694414
0.003098169886029
0.003013353643422
0.002931753380559
0.002856446301850
0.002790024424716
0.002734522762550
0.002691372822571
0.002661382446270
0.002644741874130
0.002641054802486
0.002649392167752
0.002668365486310
0.002696215835060
0.002730914007799
0.002770267046523
0.002812026234574
0.002853991749854
0.002894109500390
0.002930556180980
0.002961809269717
0.002986699490998
0.003004444166408
0.003014660812457
0.003017361279837
0.003012927618741
0.003002071658580
0.002985780972835
0.002965254432167
0.002941830910697
0.002916914889613
0.002891902696208
0.002868112931144
0.002846724287082
0.002828723469820
0.002814865327463
0.002805646606956
0.002801294026977
0.002801766618828
0.002806771579263
0.002815792235169
0.002828126169420
0.002842931124470
0.002859276002956
0.002876194133177
0.002892735964539
0.002908018499098
0.002921269038316
0.002931861210783
0.002939341723517
0.002943446819284
0.002944107995319
0.002941447114528
0.002935761588846
0.002927500808586
0.002917235407419
0.002905621271116
0.002893360405856
0.002881160871516
0.002869697955890
0.002859578622706
0.002851311020496
0.002845280507175
0.002841733246649
0.002840767992114
0.002842336210584
0.002846250249616
0.002852198824047
0.002859768729555
0.002868471389084
0.002877772621825
0.002887123901458
0.002895993344680
0.002903894741271
0.002910413096395
0.002915225393528
0.002918115587157
0.002918983180231
0.002917845112209
0.002914831058766
0.002910172603063
0.002904187062118
0.002897257023420
0.002889806853075
0.002882277568090
0.002875101516501
0.002868678279394
0.002863353102091
0.002859398985747
0.002857003336815
0.002856259794537
0.002857165552236
0.002859624174144
0.002863453603385
0.002868398775250
0.002874148007997
0.002880352153571
0.002886645362067
0.002892666252165
0.002898078287006
0.002902588228970
0.002905961681987
0.002908034917337
0.002908722406850
0.002908019742246
0.002906001886391
0.002902816966127
0.002898676062588
0.002893839669919
0.002888601665962
0.002883271759788
0.002878157445415
0.002873546496067
0.002869690980103
0.002866793672208
0.002864997579012
0.002864379106491
0.002864945178891
0.002866634388337
0.002869322023932
0.002872828612063
0.002876931407735
0.002881378120482
0.002885902045814
0.002890237709798
0.002894136122922
0.002897378779462
0.002899789626919
0.002901244360893
0.002901676565677
0.002901080410025
0.002899509809698
0.002897074171869
0.002893931029655
0.002890276047117
0.002886331016702
0.002882330574608
0.002878508419934
0.002875083837769
0.002872249294797
0.002870159800982
0.002868924617518
0.002868601746586
0.002869195471364
0.002870657035066
0.002872888366022
0.002875748582464
0.002879062855365
0.002882633079213
0.002886249705681
0.002889704038897
0.002892800275882
0.002895366602003
0.002897264716867
0.002898397266457
0.002898712786370
0.002898207910745
0.002896926763019
0.002894957608612
0.002892427006411
0.002889491836702
0.002886329700117
0.002883128268717
0.002880074222136
0.002877342416176
0.002875085908078
0.002873427403852
0.002872452602297
