0.002816032564869
0.002814934349686
0.002813894506415
0.002812964219486
0.002812189700932
0.002811609758934
0.002811253714496
0.002811139778413
0.002811273978520
0.002811649700094
0.002812247871593
0.002813037795076
0.002813978587458
0.002815021166790
0.002816110688763
0.002817189314085
0.002818199168647
0.002819085346470
0.002819798801081
0.002820298974446
0.002820556023931
0.002820552526404
0.002820284563720
0.002819762124300
0.002819008789694
0.002818060711429
0.002816964920020
0.002815777043060
0.002814558540912
0.002813373595044
0.002812285804051
0.002811354854739
0.002810633339625
0.002810163887428
0.002809976759719
0.002810088045471
0.002810498556666
0.002811193493845
0.002812142912063
0.002813302977168
0.002814617961582
0.002816022889941
0.002817446710133
0.002818815836137
0.002820057887418
0.002821105436439
0.002821899572200
0.002822393093699
0.002822553162884
0.002822363271281
0.002821824406960
0.002820955347361
0.002819792046846
0.002818386133495
0.002816802575464
0.002815116620707
0.002813410152883
0.002811767638687
0.002810271865948
0.002808999686242
0.002808017979504
0.002807380050951
0.002807122652504
0.002807263792794
0.002807801462719
0.002808713359361
0.002809957641796
0.002811474700423
0.002813189869464
0.002815016962896
0.002816862469775
0.002818630208066
0.002820226208784
0.002821563585865
0.002822567143004
0.002823177476964
0.002823354357531
0.002823079196528
0.002822356460696
0.002821213933913
0.002819701790690
0.002817890502499
0.002815867658268
0.002813733837297
0.002811597724013
0.002809570696640
0.002807761153755
0.002806268861865
0.002805179612510
0.002804560468201
0.002804455853072
0.002804884707190
0.002805838874626
0.002807282836892
0.002809154837801
0.002811369376457
0.002813820975244
0.002816389062915
0.002818943752561
0.002821352243559
0.002823485538364
0.002825225141362
0.002826469399546
0.002827139154243
0.002827182399451
0.002826577684627
0.002825336056325
0.002823501401354
0.002821149131102
0.002818383228633
0.002815331763197
0.002812141056754
0.002808968759978
0.002805976157055
0.002803320066223
0.002801144733440
0.002799574128091
0.002798705040925
0.002798601355563
0.002799289816619
0.002800757551757
0.002802951524528
0.002805780003253
0.002809116032718
0.002812802794725
0.002816660645565
0.002820495528067
0.002824108377872
0.002827305082049
0.002829906506766
0.002831758091991
0.002832738516842
0.002832766969542
0.002831808610387
0.002829877892649
0.002827039501844
0.002823406784244
0.002819137655899
0.002814428108167
0.002809503548837
0.002804608333310
0.002799993942015
0.002795906342860
0.002792573136380
0.002790191112603
0.002788914850116
0.002788846958153
0.002790030502173
0.002792444064212
0.002795999774501
0.002800544515147
0.002805864345969
0.002811692043436
0.002817717483735
0.002823600447766
0.002828985287205
0.002833516773880
0.002836856366098
0.002838698070725
0.002838783062770
0.002836912247387
0.002832956013228
0.002826860529694
0.002818650080654
0.002808425098673
0.002796355760024
0.002782671213730
0.002767644738318
0.002751575338069
0.002734766496027
0.002717502983832
0.002700026779111
0.002682513251307
0.002665048839433
0.002647611455294
0.002630054800138
0.002612097680913
0.002593319256094
0.002573160934613
0.002550935401588
0.002525842959867
0.002496995067756
0.002463444632740
0.002424222301606
0.002378377682881
0.002325024161323
0.002263385729234
0.002192844077227
0.002112984067640
0.002023635664680
0.001924910421536
0.001817230728354
0.001701350204953
0.001578363874427
0.001449707071080
0.001317142408365
0.001182734547010
0.001048812945637
0.000917923229519
0.000792768260561
0.000676140415515
0.000570846962784
0.000479630755023
0.000405088710711
0.000349590731348
0.000315201782804
0.000303609854100
0.000316062392530
0.000353313602266
0.000415584690027
0.000502538755095
0.000613271564551
0.000746318943383
0.000899680960847
0.001070862528699
0.001256929463959
0.001454578529484
0.001660219469830
0.001870066626317
0.002080237360594
0.002286854254005
0.002486147891331
0.002674556988744
0.002848822689749
0.003006074028112
0.003143901837664
0.003260418765842
0.003354303507721
0.003424827903837
0.003471866119337
0.003495885723429
0.003497921094934
0.003479530170095
0.003442736101441
0.003389955891512
0.003323918485024
0.003247575132712
0.003164005068264
0.003076319658827
0.002987568196083
0.002900648389524
0.002818224411282
0.002742655031443
0.002675933986730
0.002619644259189
0.002574927423144
0.002542468667891
0.002522497541095
0.002514803904618
0.002518768070700
0.002533403611106
0.002557410921588
0.002589239293060
0.002627154999929
0.002669312772289
0.002713827975621
0.002758846878630
0.002802612542561
0.002843524105906
0.002880187555517
0.002911456455075
0.002936461528388
0.002954628450842
0.002965683669018
0.002969648527940
0.002966822419957
0.002957756062763
0.002943216352285
0.002924144507564
0.002901609420421
0.002876758237312
0.002850766232001
0.002824787976853
0.002799911692080
0.002777118453622
0.002757247681578
0.002740970024444
0.002728768413676
0.002720927703077
0.002717532943403
0.002718475989273
0.002723469807072
0.002732069561575
0.002743699316323
0.002757682996683
0.002773278140917
0.002789710906522
0.002806210806855
0.002822043724150
0.002836541874384
0.002849129579792
0.002859343926808
0.002866849640177
0.002871447776221
0.002873078117524
0.002871815425614
0.002867859966004
0.002861522950755
0.002853207738589
0.002843387784281
0.002832582432604
0.002821331704471
0.002810171223705
0.002799608383593
0.002790100756963
0.002782037617519
0.002775725270929
0.002771376700152
0.002769105819987
0.002768926420586
0.002770755668343
0.002774421834280
0.002779675743270
0.002786205289134
0.002793652246646
0.002801630535622
0.002809745056772
0.002817610224158
0.002824867363389
0.002831200224840
0.002836347972581
0.002840115146227
0.002842378247744
0.002843088770760
0.002842272658346
0.002840026338860
0.002836509640964
0.002831936021905
0.002826560652053
0.002820666979320
0.002814552446621
0.002808514052643
0.002802834431082
0.002797769077795
0.002793535282071
0.002790303221555
0.002788189565435
0.002787253803168
0.002787497382459
0.002788865606776
0.002791252115602
0.002794505655477
0.002798438751780
0.002802837814114
0.002807474155134
0.002812115375414
0.002816536566146
0.002820530806237
0.002823918479022
0.002826555003280
0.002828336659785
0.002829204293716
0.002829144779847
0.002828190246453
0.002826415160004
0.002823931471156
0.002820882108794
0.002817433179271
0.002813765279559
0.002810064363860
0.002806512612474
0.002803279739343
0.002800515142056
0.002798341247044
0.002796848336279
0.002796091063457
0.002796086781420
0.002796815712826
0.002798222906995
0.002800221841871
0.002802699454826
0.002805522323075
0.002808543666440
0.002811610813979
0.002814572762775
0.002817287462001
0.002819628477747
0.002821490732403
0.002822795064490
0.002823491417843
0.002823560539843
0.002823014143128
0.002821893560566
0.002820266995241
0.002818225532725
0.002815878138765
0.002813345909347
0.002810755870041
0.002808234636429
0.002805902246959
0.002803866463996
0.002802217809382
0.002801025559094
0.002800334869903
0.002800165152064
0.002800509738904
0.002801336839978
0.002802591702283
0.002804199846843
0.002806071198511
0.002808104887247
