0.002951015482141
0.002949105006643
0.002947058977164
0.002945020959359
0.002943136203793
0.002941541027529
0.002940352698669
0.002939660569981
0.002939519125443
0.002939943471924
0.002940907636448
0.002942345829664
0.002944156622536
0.002946209771193
0.002948355229751
0.002950433727033
0.002952288162548
0.002953775009022
0.002954774898579
0.002955201618628
0.002955008848715
0.002954194123959
0.002952799703684
0.002950910241981
0.002948647384822
0.002946161639813
0.002943622063851
0.002941204476370
0.002939079019611
0.002937397943892
0.002936284490495
0.002935823677421
0.002936055667908
0.002936972226730
0.002938516556559
0.002940586571014
0.002943041418546
0.002945710839368
0.002948406732441
0.002950936145984
0.002953114794912
0.002954780160389
0.002955803244326
0.002956098134580
0.002955628679769
0.002954411766553
0.002952516923977
0.002950062233151
0.002947206778814
0.002944140124030
0.002941069503355
0.002938205597958
0.002935747866149
0.002933870446304
0.002932709622534
0.002932353747564
0.002932836358169
0.002934133006396
0.002936162078729
0.002938789602318
0.002941837761018
0.002945096583230
0.002948338036719
0.002951331588695
0.002953860175232
0.002955735481336
0.002956811465280
0.002956995167119
0.002956254014980
0.002954619072891
0.002952183945381
0.002949099348753
0.002945563656989
0.002941810011235
0.002938090826337
0.002934660718732
0.002931759003416
0.002929592954321
0.002928322988157
0.002928050817648
0.002928811433021
0.002930569522152
0.002933220646085
0.002936597167021
0.002940478601683
0.002944605766163
0.002948697810006
0.002952471026174
0.002955658184741
0.002958027082271
0.002959397030740
0.002959652128821
0.002958750357550
0.002956727809730
0.002953697680726
0.002949843997047
0.002945410415136
0.002940684762265
0.002935980291225
0.002931614859745
0.002927889407262
0.002925067173536
0.002923355079475
0.002922888570253
0.002923721010992
0.002925818438313
0.002929060125003
0.002933245031908
0.002938103826119
0.002943315763641
0.002948529393856
0.002953385765769
0.002957542621785
0.002960697968365
0.002962611422402
0.002963121849053
0.002962160025254
0.002959755370691
0.002956036165768
0.002951223100488
0.002945616441662
0.002939577539550
0.002933505789757
0.002927812495037
0.002922893311276
0.002919101094688
0.002916720981890
0.002915949427687
0.002916878701338
0.002919488013137
0.002923642028656
0.002929097053479
0.002935514666653
0.002942482079003
0.002949538026146
0.002956202607075
0.002962009175520
0.002966536205220
0.002969436997038
0.002970465182213
0.002969494199983
0.002966529278017
0.002961710901005
0.002955309289058
0.002947709990252
0.002939391283790
0.002930894653186
0.002922790084947
0.002915638342979
0.002909952633573
0.002906162189129
0.002904580248736
0.002905378698594
0.002908571263794
0.002914006634443
0.002921372292098
0.002930209113504
0.002939936110057
0.002949883958818
0.002959335340467
0.002967569564959
0.002973908575420
0.002977761205598
0.002978662546676
0.002976305464571
0.002970561695364
0.002961490518125
0.002949333732501
0.002934496513835
0.002917514633139
0.002899009458723
0.002879633043430
0.002860006389290
0.002840654616896
0.002821943203879
0.002804019659785
0.002786764950213
0.002769758662591
0.002752261326279
0.002733216483178
0.002711274088945
0.002684835659733
0.002652120325986
0.002611249681896
0.002560348098744
0.002497654074530
0.002421637288538
0.002331115376820
0.002225364090109
0.002104214471422
0.001968131011152
0.001818265398987
0.001656481471583
0.001485348211460
0.001308099128717
0.001128557981645
0.000951032484021
0.000780179318506
0.000620845338919
0.000477891214022
0.000356004865249
0.000259512816012
0.000192197952839
0.000157132169400
0.000156531915462
0.000191643817561
0.000262666311750
0.000368711686115
0.000507811143893
0.000676963552914
0.000872226538698
0.001088846606476
0.001321423140365
0.001564099518766
0.001810773285668
0.002055316394698
0.002291796044428
0.002514686576192
0.002719063313198
0.002900770062689
0.003056553239773
0.003184157140716
0.003282376716712
0.003351066185202
0.003391103865791
0.003404315639736
0.003393361306627
0.003361589757470
0.003312870220692
0.003251407803688
0.003181552104143
0.003107607780836
0.003033655653896
0.002963392172767
0.002899993990467
0.002846012977458
0.002803305374582
0.002772997009696
0.002755484680054
0.002750472026276
0.002757036583588
0.002773723272765
0.002798658454697
0.002829677869955
0.002864461350738
0.002900667139382
0.002936058967025
0.002968619710293
0.002996646407559
0.003018822619172
0.003034265486612
0.003042546305142
0.003043684892114
0.003038119429183
0.003026654708158
0.003010392753915
0.002990650583651
0.002968870355717
0.002946527345920
0.002925041065317
0.002905694418551
0.002889565129223
0.002877472775234
0.002869943739729
0.002867195256099
0.002869138575662
0.002875400180235
0.002885358960669
0.002898196440130
0.002912956480412
0.002928610500833
0.002944124077818
0.002958520879985
0.002970940214727
0.002980684991113
0.002987257602190
0.002990382050632
0.002990011532489
0.002986321599414
0.002979689885908
0.002970664164559
0.002959921135455
0.002948218831864
0.002936345809618
0.002925070371463
0.002915092961145
0.002907004558720
0.002901253442486
0.002898122087547
0.002897715286400
0.002899959847504
0.002904615499508
0.002911295946123
0.002919498420037
0.002928639607897
0.002938095488076
0.002947242454769
0.002955497101803
0.002962352202633
0.002967406734682
0.002970388233119
0.002971166290752
0.002969756611364
0.002966315635248
0.002961126349126
0.002954576431662
0.002947130337952
0.002939297265808
0.002931597154799
0.002924526936273
0.002918529178075
0.002913965059802
0.002911093289309
0.002910056152306
0.002910873402848
0.002913444185420
0.002917556662649
0.002922904539108
0.002929109251026
0.002935746259276
0.002942373657819
0.002948561203761
0.002953917892425
0.002958116337506
0.002960912461220
0.002962159334386
0.002961814408281
0.002959939821896
0.002956695920675
0.002952328556980
0.002947151130753
0.002941522647444
0.002935823300038
0.002930429210107
0.002925687982966
0.002921896645106
0.002919283345743
0.002917993932515
0.002918084173223
0.002919518014056
0.002922171865455
0.002925844515709
0.002930271914637
0.002935145767883
0.002940134654801
0.002944906243196
0.002949149129603
0.002952592885703
0.002955025034690
0.002956303905126
0.002956366598012
0.002955231635814
0.002952996217325
0.002949828356297
0.002945954511540
0.002941643600581
0.002937188510329
0.002932886362924
0.002929018854978
0.002925833961171
0.002923530181726
0.002922244326436
0.002922043578936
0.002922922291166
0.002924803639369
0.002927545950802
0.002930953205827
0.002934788952862
0.002938792660875
0.002942697388846
0.002946247582430
0.002949215818404
0.002951417405523
0.002952721909139
0.002953060885000
0.002952431369617
0.002950894962696
0.002948572631894
0.002945635651939
0.002942293340590
0.002938778456802
0.002935331268929
0.002932183374448
0.002929542353264
0.002927578265420
0.002926412866434
0.002926112219701
0.002926683149025
0.002928073711656
0.002930177601102
0.002932842127583
0.002935879189676
0.002939078458684
0.002942221859918
0.002945098360805
0.002947518068786
0.002949324701892
0.002950405616894
0.002950698755015
0.002950196081019
0.002948943333025
