0.002939886551982
0.002937781112378
0.002935801519305
0.002934085745810
0.002932754999459
0.002931904884956
0.002931598268976
0.002931860373805
0.002932676474358
0.002933992393109
0.002935717791813
0.002937732061433
0.002939892426119
0.002942043716766
0.002944029146023
0.002945701338654
0.002946932844832
0.002947625391484
0.002947717206922
0.002947187881402
0.002946060392637
0.002944400119321
0.002942310874098
0.002939928195853
0.002937410335053
0.002934927531637
0.002932650310741
0.002930737598330
0.002929325480679
0.002928517396662
0.002928376461732
0.002928920483091
0.002930120045890
0.002931899842460
0.002934143194598
0.002936699497877
0.002939394112198
0.002942040048484
0.002944450669886
0.002946452546567
0.002947897582115
0.002948673568820
0.002948712426532
0.002947995529432
0.002946555717186
0.002944475808867
0.002941883674983
0.002938944158856
0.002935848357398
0.002932800957947
0.002930006469162
0.002927655269991
0.002925910424841
0.002924896173100
0.002924688898965
0.002925311229374
0.002926729703869
0.002928856223553
0.002931553232791
0.002934642333656
0.002937915796720
0.002941150228548
0.002944121500510
0.002946619946167
0.002948464802942
0.002949516910813
0.002949688784902
0.002948951343718
0.002947336790285
0.002944937395515
0.002941900205537
0.002938417969268
0.002934716840940
0.002931041637014
0.002927639602513
0.002924743755771
0.002922556924633
0.002921237557251
0.002920888287824
0.002921548067879
0.002923188447224
0.002925714320013
0.002928969157603
0.002932744450349
0.002936792795013
0.002940843812206
0.002944621876501
0.002947864504744
0.002950340185612
0.002951864450931
0.002952313086732
0.002951631554203
0.002949839927325
0.002947032940420
0.002943375056913
0.002939090799727
0.002934450902384
0.002929755126837
0.002925312829818
0.002921422527746
0.002918351798696
0.002916318861519
0.002915477085325
0.002915903511384
0.002917592224002
0.002920453101797
0.002924316135212
0.002928941131906
0.002934032272607
0.002939256649530
0.002944265640021
0.002948717758691
0.002952301507111
0.002954756710864
0.002955892903027
0.002955603478392
0.002953874594974
0.002950788123769
0.002946518324534
0.002941322331097
0.002935524938323
0.002929498567912
0.002923639625988
0.002918342729137
0.002913974448422
0.002910848289756
0.002909202587204
0.002909182833529
0.002910829717091
0.002914073790393
0.002918737283345
0.002924543118975
0.002931130719330
0.002938077734807
0.002944926420939
0.002951213050309
0.002956498507314
0.002960398087795
0.002962608525112
0.002962930392208
0.002961284280612
0.002957719519135
0.002952414646789
0.002945669369447
0.002937888276519
0.002929557138085
0.002921213109342
0.002913410604367
0.002906684934859
0.002901516017438
0.002898294518021
0.002897292715312
0.002898642128364
0.002902319575937
0.002908142837630
0.002915776496363
0.002924747893405
0.002934472460124
0.002944287046866
0.002953489290688
0.002961380589195
0.002967309911459
0.002970715505509
0.002971161572389
0.002968367175944
0.002962225040360
0.002952808437870
0.002940365059486
0.002925297555509
0.002908131285100
0.002889470675669
0.002869946410824
0.002850156388348
0.002830603969048
0.002811637431866
0.002793394728211
0.002775757568489
0.002758318568830
0.002740364642588
0.002720879060090
0.002698563655395
0.002671881576588
0.002639119811977
0.002598469541075
0.002548121222244
0.002486370304324
0.002411728599311
0.002323035731731
0.002219564731571
0.002101115791814
0.001968092483429
0.001821555308187
0.001663248353474
0.001495595957621
0.001321667648128
0.001145111114815
0.000970054552020
0.000800981269280
0.000642580947285
0.000499583226782
0.000376580390549
0.000277846671382
0.000207162145068
0.000167649216438
0.000161629367194
0.000190507114744
0.000254687059464
0.000353528520116
0.000485340636128
0.000647419027175
0.000836123230357
0.001046992274113
0.001274893987030
0.001514202066279
0.001758993623015
0.002003258946801
0.002241114637508
0.002467011072266
0.002675925417227
0.002863532048536
0.003026343282681
0.003161814683026
0.003268410839929
0.003345629336684
0.003393982523495
0.003414938633798
0.003410825598193
0.003384702553523
0.003340205429603
0.003281374059196
0.003212468949724
0.003137786148996
0.003061478523072
0.002987391254239
0.002918918492618
0.002858886905739
0.002809470431291
0.002772138925564
0.002747641697756
0.002736025215298
0.002736682643103
0.002748431419859
0.002769613846685
0.002798214724021
0.002831989461690
0.002868595826869
0.002905722588941
0.002941208753855
0.002973147821506
0.002999972500164
0.003020516512269
0.003034051457028
0.003040298083294
0.003039412696223
0.003031950701236
0.003018810413948
0.003001161179812
0.002980360510553
0.002957865328551
0.002935142504169
0.002913583679228
0.002894428912940
0.002878702998554
0.002867167425769
0.002860289960145
0.002858232736471
0.002860858680527
0.002867755043598
0.002878271912392
0.002891572791617
0.002906693785316
0.002922607551554
0.002938288085763
0.002952772499636
0.002965216290685
0.002974939116229
0.002981458758247
0.002984511748308
0.002984059965477
0.002980283373891
0.002973559880312
0.002964434019439
0.002953576776123
0.002941739297881
0.002929703516986
0.002918232779057
0.002908025465826
0.002899674315926
0.002893633711481
0.002890196640546
0.002889482403105
0.002891435442217
0.002895834994512
0.002902314606685
0.002910389994763
0.002919493262694
0.002929011170753
0.002938324968305
0.002946849285881
0.002954067715168
0.002959562979947
0.002963039995710
0.002964340603304
0.002963449310268
0.002960489947498
0.002955713712633
0.002949479591034
0.002942228589631
0.002934453562961
0.002926666635907
0.002919366323032
0.002913006407508
0.002907968478863
0.002904539751527
0.002902897415167
0.002903100328387
0.002905088388314
0.002908689420511
0.002913632967068
0.002919569934066
0.002926096717621
0.002932782180007
0.002939195707136
0.002944934552396
0.002949648758476
0.002953062140570
0.002954988096946
0.002955339366576
0.002954131254873
0.002951478271184
0.002947584538851
0.002942728724096
0.002937244560324
0.002931498299961
0.002925864592106
0.002920702352418
0.002916332159488
0.002913016583351
0.002910944636931
0.002910221255148
0.002910862368770
0.002912795772979
0.002915867618058
0.002919853995037
0.002924476774922
0.002929422605211
0.002934363787098
0.002938979660959
0.002942977121143
0.002946108962463
0.002948188923432
0.002949102523466
0.002948813076860
0.002947362586412
0.002944867552925
0.002941510062133
0.002937524807090
0.002933182953428
0.002928773941786
0.002924586435421
0.002920889655235
0.002917916298443
0.002915848115031
0.002914805027044
0.002914838432817
0.002915929057948
0.002917989415700
0.002920870641111
0.002924373184598
0.002928260609820
0.002932275552089
0.002936156768855
0.002939656160053
0.002942554655602
0.002944675957920
0.002945897281923
0.002946156442874
0.002945454889219
0.002943856546875
0.002941482615416
0.002938502717506
0.002935123033974
0.002931572243609
0.002928086217503
0.002924892484909
0.002922195487597
0.002920163573514
0.002918918553328
0.002918528464324
0.002919003967453
0.002920298559808
0.002922312532811
0.002924900362235
0.002927880995951
0.002931050322879
0.002934194973530
0.002937106526914
0.002939595184495
0.002941502019683
0.002942709016916
0.002943146270280
