0.002632788181387
0.002631067222850
0.002630049437819
0.002629778437423
0.002630270093217
0.002631511714101
0.002633462287395
0.002636053783621
0.002639193484784
0.002642767257326
0.002646643654995
0.002650678704918
0.002654721203450
0.002658618327923
0.002662221357029
0.002665391286819
0.002668004131446
0.002669955707806
0.002671165720824
0.002671580990699
0.002671177694130
0.002669962527198
0.002667972737079
0.002665275011440
0.002661963256897
0.002658155339570
0.002653988900092
0.002649616390898
0.002645199513859
0.002640903260242
0.002636889771573
0.002633312248582
0.002630309135643
0.002627998799948
0.002626474908217
0.002625802679636
0.002626016162826
0.002627116647899
0.002629072283541
0.002631818924940
0.002635262192934
0.002639280679580
0.002643730192216
0.002648448888530
0.002653263120689
0.002657993778554
0.002662462901501
0.002666500316155
0.002669950054050
0.002672676308956
0.002674568708300
0.002675546696270
0.002675562857032
0.002674605043997
0.002672697223856
0.002669898990690
0.002666303754170
0.002662035654830
0.002657245306993
0.002652104514205
0.002646800141451
0.002641527361460
0.002636482517731
0.002631855863628
0.002627824444144
0.002624545384578
0.002622149838131
0.002620737822947
0.002620374148840
0.002621085596059
0.002622859464181
0.002625643560157
0.002629347642427
0.002633846284744
0.002638983070805
0.002644575980993
0.002650423787216
0.002656313232791
0.002662026743036
0.002667350389841
0.002672081821029
0.002676037863252
0.002679061515720
0.002681028071026
0.002681850128133
0.002681481300284
0.002679918465904
0.002677202461938
0.002673417174670
0.002668687040981
0.002663173031086
0.002657067240002
0.002650586267223
0.002643963610413
0.002637441337621
0.002631261332083
0.002625656422923
0.002620841723211
0.002617006493429
0.002614306833428
0.002612859479890
0.002612736949836
0.002613964225170
0.002616517120059
0.002620322413965
0.002625259770443
0.002631165397607
0.002637837342671
0.002645042252563
0.002652523377462
0.002660009546215
0.002667224803812
0.002673898372962
0.002679774585299
0.002684622423840
0.002688244327054
0.002690483926331
0.002691232422041
0.002690433347759
0.002688085526150
0.002684244081670
0.002679019442549
0.002672574335185
0.002665118845604
0.002656903692526
0.002648211922370
0.002639349295743
0.002630633685560
0.002622383846906
0.002614907946603
0.002608492255023
0.002603390403286
0.002599813595388
0.002597922137355
0.002597818604856
0.002599542918243
0.002603069531191
0.002608306868202
0.002615099069459
0.002623230021443
0.002632429571204
0.002642381743821
0.002652734709282
0.002663112179275
0.002673125858605
0.002682388532212
0.002690527338763
0.002697196766651
0.002702090908879
0.002704954529754
0.002705592528400
0.002703877430898
0.002699754603001
0.002693244947108
0.002684444928183
0.002673523861089
0.002660718483464
0.002646324930891
0.002630688321552
0.002614190242876
0.002597234509935
0.002580231631905
0.002563582476423
0.002547661660221
0.002532801216538
0.002519275094557
0.002507285033065
0.002496948319943
0.002488287901574
0.002481225243270
0.002475576264996
0.002471050588403
0.002467254233985
0.002463695804108
0.002459796081751
0.002454900869347
0.002448296790418
0.002439229681804
0.002426925119249
0.002410610546559
0.002389538420741
0.002363009744364
0.002330397333145
0.002291168162266
0.002244904149360
0.002191320765175
0.002130282913585
0.002061817589622
0.001986122905343
0.001903573166572
0.001814719785896
0.001720287925965
0.001621168878926
0.001518408299579
0.001413190518301
0.001306819262049
0.001200695204826
0.001096290850503
0.000995123318517
0.000898725655148
0.000808617328405
0.000726274582414
0.000653101327269
0.000590401222963
0.000539351581975
0.000500979665628
0.000476141886180
0.000465506351641
0.000469539105992
0.000488494326175
0.000522408641694
0.000571099645436
0.000634168568196
0.000711006996676
0.000800807427971
0.000902577374570
0.001015156664675
0.001137237524406
0.001267386982300
0.001404071103114
0.001545680537418
0.001690556865780
0.001837019220950
0.001983390687489
0.002128024004698
0.002269326134139
0.002405781295941
0.002535972126880
0.002658598666284
0.002772494931302
0.002876642899658
0.002970183773926
0.003052426455506
0.003122853207541
0.003181122533234
0.003227069338516
0.003260702485544
0.003282199875636
0.003291901227127
0.003290298735325
0.003278025818692
0.003255844167961
0.003224629323759
0.003185355014003
0.003139076485506
0.003086913065478
0.003030030188431
0.002969621122852
0.002906888630214
0.002843026786614
0.002779203194631
0.002716541809775
0.002656106601946
0.002598886267253
0.002545780199034
0.002497585918331
0.002454988153067
0.002418549741087
0.002388704514706
0.002365752303067
0.002349856163152
0.002341041920668
0.002339200068302
0.002344090031246
0.002355346768949
0.002372489638396
0.002394933398711
0.002422001190585
0.002452939278143
0.002486933296611
0.002523125708032
0.002560634130553
0.002598570175969
0.002636058406450
0.002672255005910
0.002706365755273
0.002737662904622
0.002765500549466
0.002789328143176
0.002808701812960
0.002823293191992
0.002832895534732
0.002837426944813
0.002836930613763
0.002831572042496
0.002821633293991
0.002807504402800
0.002789672142798
0.002768706426562
0.002745244675878
0.002719974560942
0.002693615553951
0.002666899779349
0.002640552666641
0.002615273921430
0.002591719325616
0.002570483858366
0.002552086595821
0.002536957800369
0.002525428550762
0.002517723194107
0.002513954821667
0.002514123884807
0.002518119977772
0.002525726722932
0.002536629604465
0.002550426510844
0.002566640667630
0.002584735572380
0.002604131485154
0.002624222982996
0.002644397056383
0.002664051210910
0.002682611038983
0.002699546744089
0.002714388133682
0.002726737645014
0.002736281029781
0.002742795396436
0.002746154391083
0.002746330386588
0.002743393641990
0.002737508487701
0.002728926683342
0.002717978181479
0.002705059609331
0.002690620849215
0.002675150154857
0.002659158283101
0.002643162147507
0.002627668511196
0.002613158230662
0.002600071540415
0.002588794831001
0.002579649321467
0.002572881963315
0.002568658838673
0.002567061233164
0.002568084476505
0.002571639554096
0.002577557403649
0.002585595725230
0.002595448053602
0.002606754771148
0.002619115680063
0.002632103705860
0.002645279271985
0.002658204868414
0.002670459335948
0.002681651402525
0.002691432037500
0.002699505233593
0.002705636882291
0.002709661475211
0.002711486438727
0.002711093989744
0.002708540483881
0.002703953310942
0.002697525473437
0.002689508059476
0.002680200889099
0.002669941670832
0.002659094051098
0.002648034971646
0.002637141768466
0.002626779449133
0.002617288574325
0.002608974143778
0.002602095848278
0.002596859998777
0.002593413383271
0.002591839233766
0.002592155411902
0.002594314845196
0.002598208168977
0.002603668454552
0.002610477834543
0.002618375773904
0.002627068681983
0.002636240518838
0.002645564019222
0.002654712141021
0.002663369342039
0.002671242299707
0.002678069712099
0.002683630854667
0.002687752613873
0.002690314774807
0.002691253402813
0.002690562226959
0.002688292003349
0.002684547906513
0.002679485064827
0.002673302418887
0.002666235137842
0.002658545875987
0.002650515188848
0.002642431453491
0.002634580650917
0.002627236369013
0.002620650372571
