0.002038640573513
0.002038668563576
0.002038680668809
0.002038663309482
0.002038596854334
0.002038453801364
0.002038196632371
0.002037775344121
0.002037124680511
0.002036161116679
0.002034779677124
0.002032850704549
0.002030216732588
0.002026689651605
0.002022048389617
0.002016037356880
0.002008365919406
0.001998709170326
0.001986710255567
0.001971984479399
0.001954125364732
0.001932712772478
0.001907323095326
0.001877541436832
0.001842975571513
0.001803271361602
0.001758129188409
0.001707320848643
0.001650706276424
0.001588249387441
0.001520032309020
0.001446267263250
0.001367305412207
0.001283642054577
0.001195917679040
0.001104914526557
0.001011548484088
0.000916856317491
0.000821978441769
0.000728137612463
0.000636614093458
0.000548718005301
0.000465759677729
0.000389018915629
0.000319714136416
0.000258972348325
0.000207800914496
0.000167061989816
0.000137450430095
0.000119475860789
0.000113449459992
0.000119475862544
0.000137450433585
0.000167061995006
0.000207800921333
0.000258972356745
0.000319714146350
0.000389018927004
0.000465759690476
0.000548718019360
0.000636614108780
0.000728137629014
0.000821978459534
0.000916856336474
0.001011548504311
0.001104914548060
0.001195917701877
0.001283642078814
0.001367305437915
0.001446267290503
0.001520032337887
0.001588249417984
0.001650706308689
0.001707320882662
0.001758129224193
0.001803271399144
0.001842975610785
0.001877541477790
0.001907323137909
0.001932712816617
0.001954125410352
0.001971984526425
0.001986710303929
0.001998709219965
0.002008365970277
0.002016037408954
0.002022048442887
0.002026689706084
0.002030216788309
0.002032850761561
0.002034779735492
0.002036161176479
0.002037124741821
0.002037775407019
0.002038196696930
0.002038453867643
0.002038596922376
0.002038663379311
0.002038680740426
0.002038668636962
0.002038640648628
