0.000000002226323
0.000000002232217
0.000000002238126
0.000000002244050
0.000000002249990
0.000000002255945
0.000000002261916
0.000000002267901
0.000000002273903
0.000000002279919
0.000000002285952
0.000000002292000
0.000000002298063
0.000000002304142
0.000000002310237
0.000000002316347
0.000000002322473
0.000000002328615
0.000000002334773
0.000000002340947
0.000000002347137
0.000000002353342
0.000000002359564
0.000000002365801
0.000000002372055
0.000000002378325
0.000000002384610
0.000000002390913
0.000000002397231
0.000000002403565
0.000000002409916
0.000000002416284
0.000000002422667
0.000000002429067
0.000000002435484
0.000000002441917
0.000000002448366
0.000000002454833
0.000000002461315
0.000000002467815
0.000000002474331
0.000000002480864
0.000000002487414
0.000000002493980
0.000000002500564
0.000000002507164
0.000000002513782
0.000000002520416
0.000000002527067
0.000000002533736
0.000000002540422
0.000000002547124
0.000000002553844
0.000000002560582
0.000000002567336
0.000000002574108
0.000000002580898
0.000000002587704
0.000000002594529
0.000000002601370
0.000000002608230
0.000000002615107
0.000000002622001
0.000000002628914
0.000000002635844
0.000000002642791
0.000000002649757
0.000000002656740
0.000000002663742
0.000000002670761
0.000000002677798
0.000000002684854
0.000000002691927
0.000000002699019
0.000000002706129
0.000000002713257
0.000000002720403
0.000000002727567
0.000000002734750
0.000000002741952
0.000000002749171
0.000000002756410
0.000000002763667
0.000000002770942
0.000000002778236
0.000000002785549
0.000000002792880
0.000000002800230
0.000000002807599
0.000000002814987
0.000000002822394
0.000000002829819
0.000000002837264
0.000000002844728
0.000000002852211
0.000000002859713
0.000000002867234
0.000000002874774
0.000000002882334
0.000000002889913
0.000000002897511
0.000000002905129
0.000000002912766
0.000000002920423
0.000000002928099
0.000000002935795
0.000000002943511
0.000000002951246
0.000000002959001
0.000000002966776
0.000000002974570
0.000000002982385
0.000000002990220
0.000000002998074
0.000000003005949
0.000000003013843
0.000000003021758
0.000000003029693
0.000000003037648
0.000000003045624
0.000000003053620
0.000000003061636
0.000000003069673
0.000000003077730
0.000000003085808
0.000000003093906
0.000000003102025
0.000000003110165
0.000000003118325
0.000000003126507
0.000000003134709
0.000000003142932
0.000000003151175
0.000000003159440
0.000000003167726
0.000000003176033
0.000000003184362
0.000000003192711
0.000000003201082
0.000000003209474
0.000000003217887
0.000000003226322
0.000000003234778
0.000000003243255
0.000000003251755
0.000000003260276
0.000000003268818
0.000000003277382
0.000000003285968
0.000000003294576
0.000000003303206
0.000000003311858
0.000000003320531
0.000000003329227
0.000000003337945
0.000000003346685
0.000000003355447
0.000000003364232
0.000000003373038
0.000000003381867
0.000000003390719
0.000000003399593
0.000000003408489
0.000000003417408
0.000000003426350
0.000000003435315
0.000000003444302
0.000000003453312
0.000000003462345
0.000000003471400
0.000000003480479
0.000000003489581
0.000000003498706
0.000000003507853
0.000000003517025
0.000000003526219
0.000000003535437
0.000000003544678
0.000000003553942
0.000000003563230
0.000000003572542
0.000000003581877
0.000000003591235
0.000000003600618
0.000000003610024
0.000000003619454
0.000000003628908
0.000000003638385
0.000000003647887
0.000000003657413
0.000000003666963
0.000000003676537
0.000000003686135
0.000000003695758
0.000000003705404
0.000000003715076
0.000000003724771
0.000000003734492
0.000000003744236
0.000000003754006
0.000000003763800
0.000000003773619
0.000000003783463
0.000000003793331
0.000000003803225
0.000000003813143
0.000000003823087
0.000000003833055
0.000000003843049
0.000000003853068
0.000000003863112
0.000000003873182
0.000000003883277
0.000000003893398
0.000000003903544
0.000000003913715
0.000000003923913
0.000000003934136
0.000000003944385
0.000000003954659
0.000000003964960
0.000000003975286
0.000000003985639
0.000000003996017
0.000000004006422
0.000000004016853
0.000000004027311
0.000000004037794
0.000000004048304
0.000000004058841
0.000000004069404
0.000000004079993
0.000000004090610
0.000000004101253
0.000000004111923
0.000000004122619
0.000000004133343
0.000000004144093
0.000000004154871
0.000000004165676
0.000000004176507
0.000000004187366
0.000000004198253
0.000000004209167
0.000000004220108
0.000000004231076
0.000000004242073
0.000000004253097
0.000000004264148
0.000000004275227
0.000000004286335
0.000000004297470
0.000000004308633
0.000000004319824
0.000000004331043
0.000000004342290
0.000000004353566
0.000000004364869
0.000000004376202
0.000000004387562
0.000000004398951
0.000000004410369
0.000000004421815
0.000000004433290
0.000000004444794
0.000000004456326
0.000000004467888
0.000000004479478
0.000000004491098
0.000000004502747
0.000000004514424
0.000000004526131
0.000000004537868
0.000000004549634
0.000000004561429
0.000000004573253
0.000000004585108
0.000000004596992
0.000000004608906
0.000000004620849
0.000000004632823
0.000000004644826
0.000000004656859
0.000000004668923
0.000000004681017
0.000000004693140
0.000000004705295
0.000000004717479
0.000000004729694
0.000000004741940
0.000000004754216
0.000000004766523
0.000000004778860
0.000000004791229
0.000000004803628
0.000000004816058
0.000000004828519
0.000000004841012
0.000000004853535
0.000000004866090
0.000000004878676
0.000000004891294
0.000000004903943
0.000000004916623
0.000000004929335
0.000000004942079
0.000000004954855
0.000000004967662
0.000000004980501
0.000000004993373
0.000000005006276
0.000000005019212
0.000000005032180
0.000000005045180
0.000000005058212
0.000000005071277
0.000000005084374
0.000000005097504
0.000000005110667
0.000000005123863
0.000000005137091
0.000000005150352
0.000000005163646
0.000000005176974
0.000000005190334
0.000000005203728
0.000000005217155
0.000000005230615
0.000000005244109
0.000000005257636
0.000000005271197
0.000000005284791
0.000000005298420
0.000000005312082
0.000000005325778
0.000000005339508
0.000000005353272
0.000000005367071
0.000000005380903
0.000000005394770
0.000000005408672
0.000000005422608
0.000000005436578
0.000000005450583
0.000000005464623
0.000000005478697
0.000000005492807
0.000000005506951
0.000000005521131
0.000000005535345
0.000000005549595
0.000000005563880
0.000000005578201
0.000000005592557
0.000000005606948
0.000000005621376
0.000000005635839
0.000000005650337
0.000000005664872
0.000000005679442
0.000000005694049
0.000000005708692
0.000000005723370
0.000000005738086
0.000000005752837
0.000000005767625
0.000000005782450
0.000000005797311
0.000000005812209
0.000000005827144
0.000000005842116
0.000000005857124
0.000000005872170
0.000000005887253
0.000000005902373
0.000000005917530
0.000000005932725
0.000000005947958
0.000000005963228
0.000000005978535
0.000000005993880
0.000000006009264
0.000000006024685
0.000000006040144
0.000000006055641
0.000000006071177
0.000000006086750
0.000000006102362
0.000000006118013
0.000000006133702
0.000000006149430
0.000000006165196
0.000000006181002
0.000000006196846
0.000000006212729
0.000000006228651
0.000000006244613
0.000000006260613
0.000000006276654
0.000000006292733
0.000000006308852
