0.000000481181934
0.000000520560782
0.000000559935646
0.000000596551465
0.000000627782129
0.000000651320449
0.000000665350505
0.000000668689333
0.000000660886776
0.000000642275067
0.000000613963148
0.000000577774676
0.000000536132771
0.000000491898603
0.000000448174482
0.000000408085033
0.000000374551993
0.000000350079007
0.000000336562459
0.000000335142795
0.000000346108125
0.000000368858259
0.000000401933014
0.000000443103944
0.000000489523895
0.000000537924415
0.000000584847264
0.000000626893524
0.000000660972193
0.000000684529886
0.000000695744379
0.000000693667146
0.000000678303620
0.000000650624383
0.000000612505533
0.000000566601740
0.000000516160557
0.000000464791040
0.000000416203288
0.000000373937892
0.000000341105205
0.000000320153874
0.000000312686033
0.000000319333290
0.000000339703214
0.000000372400850
0.000000415124251
0.000000464827479
0.000000517939453
0.000000570622776
0.000000619053602
0.000000659701913
0.000000689591449
0.000000706519930
0.000000709223098
0.000000697470208
0.000000672083681
0.000000634881236
0.000000588544598
0.000000536424358
0.000000482295324
0.000000430080423
0.000000383563547
0.000000346112601
0.000000320433238
0.000000308371466
0.000000310779700
0.000000327456061
0.000000357161278
0.000000397711788
0.000000446141948
0.000000498923172
0.000000552223619
0.000000602189120
0.000000645224510
0.000000678254624
0.000000698945827
0.000000705871953
0.000000698612783
0.000000677778232
0.000000644956977
0.000000602593866
0.000000553805666
0.000000502149206
0.000000451359357
0.000000405076366
0.000000366582657
0.000000338568315
0.000000322942136
0.000000320701608
0.000000331870655
0.000000355508914
0.000000389790969
0.000000432148877
0.000000479466719
0.000000528312275
0.000000575188397
0.000000616785467
0.000000650216561
0.000000673218456
0.000000684304466
0.000000682858771
0.000000669166453
0.000000644378175
0.000000610413274
0.000000569809445
0.000000525530901
0.000000480749693
0.000000438616490
0.000000402037555
0.000000373473800
0.000000354775855
0.000000347066148
0.000000350675337
0.000000365136301
0.000000389234728
0.000000421111230
0.000000458406393
0.000000498437336
0.000000538392393
0.000000575529669
0.000000607365346
0.000000631838799
0.000000647443628
0.000000653316473
0.000000649278761
0.000000635829973
0.000000614094517
0.000000585727431
0.000000552786858
0.000000517583218
0.000000482516250
0.000000449911497
0.000000421867361
0.000000400122667
0.000000385952876
0.000000380100732
0.000000382744609
0.000000393505062
0.000000411487578
0.000000435357156
0.000000463438493
0.000000493834153
0.000000524552362
0.000000553635819
0.000000579283367
0.000000599957227
0.000000614469812
0.000000622045732
0.000000622356395
0.000000615526387
0.000000602112552
0.000000583058272
0.000000559626712
0.000000533317772
0.000000505774170
0.000000478682319
0.000000453673670
0.000000432231855
0.000000415610386
0.000000404764920
0.000000400303201
0.000000402454797
0.000000411061755
0.000000425590263
0.000000445162465
0.000000468606637
0.000000494523137
0.000000521362817
0.000000547514010
0.000000571393741
0.000000591538538
0.000000606690117
0.000000615871290
0.000000618447773
0.000000614172090
0.000000603206520
0.000000586123008
0.000000563879113
0.000000537770360
0.000000509360739
0.000000480394488
0.000000452693594
0.000000428046624
0.000000408095313
0.000000394225950
0.000000387472653
0.000000388439322
0.000000397246238
0.000000413505975
0.000000436331620
0.000000464378306
0.000000495916811
0.000000528935779
0.000000561266904
0.000000590725587
0.000000615258074
0.000000633085214
0.000000642832724
0.000000643638310
0.000000635227218
