0.000023591565287
0.000023799147892
0.000023923609490
0.000023963045174
0.000023916854676
0.000023785751179
0.000023571750056
0.000023278137760
0.000022909421389
0.000022471259685
0.000021970376499
0.000021414457994
0.000020812035097
0.000020172352915
0.000019505229081
0.000018820903149
0.000018129879345
0.000017442765122
0.000016770108024
0.000016122233466
0.000015509085955
0.000014940076287
0.000014423937096
0.000013968588977
0.000013581019248
0.000013267175142
0.000013031873010
0.000012878724853
0.000012810083234
0.000012827005364
0.000012929236880
0.000013115215567
0.000013382095013
0.000013725787881
0.000014141028204
0.000014621451845
0.000015159693915
0.000015747501723
0.000016375861500
0.000017035136958
0.000017715217479
0.000018405673603
0.000019095917364
0.000019775364922
0.000020433598990
0.000021060528512
0.000021646543187
0.000022182660509
0.000022660663119
0.000023073224457
0.000023414020846
0.000023677828334
0.000023860602851
0.000023959542417
0.000023973130436
0.000023901159331
0.000023744734096
0.000023506255634
0.000023189384084
0.000022798982669
0.000022341042918
0.000021822592460
0.000021251586832
0.000020636787069
0.000019987624993
0.000019314058356
0.000018626418088
0.000017935250002
0.000017251153371
0.000016584618787
0.000015945867736
0.000015344696259
0.000014790325034
0.000014291258131
0.000013855152573
0.000013488700728
0.000013197527364
0.000012986103016
0.000012857675065
0.000012814217658
0.000012856401287
0.000012983582530
0.000013193814104
0.000013483875048
0.000013849320505
0.000014284550278
0.000014782895037
0.000015336718771
0.000015937535917
0.000016576141314
0.000017242751061
0.000017927152130
0.000018618858536
0.000019307271735
0.000019981842851
0.000020632234298
0.000021248478333
0.000021821130088
0.000022341412701
0.000022801352246
0.000023193900325
0.000023513042374
0.000023753889964
0.000023912755673
0.000023987209367
0.000023976115091
0.000023879648046
0.000023699291473
0.000023437813575
0.000023099224878
0.000022688716725
0.000022212581852
0.000021678118236
0.000021093517625
0.000020467740405
0.000019810378625
0.000019131509238
0.000018441539739
0.000017751048580
0.000017070622797
0.000016410695407
0.000015781385124
0.000015192340923
0.000014652593908
0.000014170418801
0.000013753207195
0.000013407354510
0.000013138162338
0.000012949757617
0.000012845029793
0.000012825586867
0.000012891730940
0.000013042453598
0.000013275451216
0.000013587159962
0.000013972810034
0.000014426498364
0.000014941278749
0.000015509268084
0.000016121767121
0.000016769393889
0.000017442227733
0.000018129961696
0.000018822060847
0.000019507924051
0.000020177046639
0.000020819181437
0.000021424495666
0.000021983721334
0.000022488296838
0.000022930497702
0.000023303554496
0.000023601756221
0.000023820537618
0.000023956549106
0.000024007708260
0.000023973232016
0.000023853649053
0.000023650792079
0.000023367770080
0.000023008920884
0.000022579744740
0.000022086819921
0.000021537701665
0.000020940806063
0.000020305280732
0.000019640864343
0.000018957737205
0.000018266365246
0.000017577339802
0.000016901215639
0.000016248349651
0.000015628742639
0.000015051886521
0.000014526619235
0.000014060989527
0.000013662133639
0.000013336165832
0.000013088084419
0.000012921694838
0.000012839551000
0.000012842915886
0.000012931742052
0.000013104672372
0.000013359061014
0.000013691014282
0.000014095450663
0.000014566179068
0.000015095994003
0.000015676786147
0.000016299666604
0.000016955102906
0.000017633064717
0.000018323177047
0.000019014878701
0.000019697583608
0.000020360842641
0.000020994503481
0.000021588866110
0.000022134831546
0.000022624041489
