0.000005340187675
0.000005660510407
0.000006001481312
0.000006352887190
0.000006704203984
0.000007044909157
0.000007364794171
0.000007654268182
0.000007904644254
0.000008108399756
0.000008259403189
0.000008353100499
0.000008386654982
0.000008359036102
0.000008271054059
0.000008125338539
0.000007926261831
0.000007679808336
0.000007393394264
0.000007075643012
0.000006736123256
0.000006385058038
0.000006033014106
0.000005690581367
0.000005368052538
0.000005075112976
0.000004820550144
0.000004611991422
0.000004455677880
0.000004356280428
0.000004316763344
0.000004338298752
0.000004420234109
0.000004560113299
0.000004753750482
0.000004995354464
0.000005277700036
0.000005592341495
0.000005929862420
0.000006280154745
0.000006632719258
0.000006976978925
0.000007302595908
0.000007599782814
0.000007859598709
0.000008074220702
0.000008237182472
0.000008343572070
0.000008390182526
0.000008375610285
0.000008300298225
0.000008166521833
0.000007978319045
0.000007741366118
0.000007462803693
0.000007151018776
0.000006815389717
0.000006466002303
0.000006113345848
0.000005767998546
0.000005440311520
0.000005140100811
0.000004876356162
0.000004656974858
0.000004488528049
0.000004376066124
0.000004322968556
0.000004330842554
0.000004399473525
0.000004526829022
0.000004709116427
0.000004940893104
0.000005215226244
0.000005523898112
0.000005857650954
0.000006206464442
0.000006559857409
0.000006907204675
0.000007238059122
0.000007542468905
0.000007811279749
0.000008036412742
0.000008211108837
0.000008330132448
0.000008389927904
0.000008388724171
0.000008326584975
0.000008205403260
0.000008028840668
0.000007802214379
0.000007532335195
0.000007227302050
0.000006896259279
0.000006549123894
0.000006196290804
0.000005848324428
0.000005515645458
0.000005208221617
0.000004935271219
0.000004704988028
0.000004524295474
0.000004398637586
0.000004331813103
0.000004325858102
0.000004380981145
0.000004495553437
0.000004666154788
0.000004887674407
0.000005153463789
0.000005455537125
0.000005784813128
0.000006131390667
0.000006484849492
0.000006834566508
0.000007170037575
0.000007481194755
0.000007758709165
0.000007994270275
0.000008180833327
0.000008312827748
0.000008386320738
0.000008399131617
0.000008350894047
0.000008243064723
0.000008078878589
0.000007863252103
0.000007602637393
0.000007304831451
0.000006978745688
0.000006634142266
0.000006281344592
0.000005930930166
0.000005593414642
0.000005278936370
0.000004996950880
0.000004755944685
0.000004563177322
0.000004424459887
0.000004343977211
0.000004324159532
0.000004365607898
0.000004467075803
0.000004625507638
0.000004836132660
0.000005092611330
0.000005387229171
0.000005711131788
0.000006054593495
0.000006407311047
0.000006758713378
0.000007098277956
0.000007415844359
0.000007701915972
0.000007947941177
0.000008146566130
0.000008291852076
0.000008379451151
0.000008406735722
0.000008372877552
0.000008278874357
0.000008127522714
0.000007923337743
0.000007672421443
0.000007382283118
0.000007061616779
0.000006720041829
0.000006367814606
0.000006015519440
0.000005673748679
0.000005352781644
0.000005062272634
0.000004810957870
0.000004606390663
0.000004454713157
0.000004360471740
0.000004326481711
0.000004353745096
0.000004441423779
0.000004586868268
0.000004785700717
0.000005031949201
0.000005318228780
0.000005635963640
0.000005975643549
0.000006327107038
0.000006679843105
0.000007023302828
0.000007347212062
0.000007641876352
0.000007898469401
0.000008109296740
0.000008268026851
0.000008369882769
0.000008411788133
0.000008392462950
0.000008312465656
0.000008174179708
0.000007981744623
0.000007740933170
0.000007458978211
0.000007144354395
