0.000052028940568
0.000052643028282
0.000053248286114
0.000053843507514
0.000054427506012
0.000054999117589
0.000055557203001
0.000056100650054
0.000056628375831
0.000057139328848
0.000057632491157
0.000058106880368
0.000058561551608
0.000058995599396
0.000059408159445
0.000059798410379
0.000060165575364
0.000060508923661
0.000060827772072
0.000061121486305
0.000061389482229
0.000061631227036
0.000061846240288
0.000062034094866
0.000062194417806
0.000062326891031
0.000062431251973
0.000062507294087
0.000062554867260
0.000062573878108
0.000062564290166
0.000062526123961
0.000062459456979
0.000062364423507
0.000062241214369
0.000062090076542
0.000061911312653
0.000061705280376
0.000061472391704
0.000061213112126
0.000060927959686
0.000060617503951
0.000060282364866
0.000059923211520
0.000059540760799
0.000059135775957
0.000058709065083
0.000058261479482
0.000057793911967
0.000057307295072
0.000056802599181
0.000056280830596
0.000055743029526
0.000055190268020
0.000054623647831
0.000054044298233
0.000053453373776
0.000052852051994
0.000052241531059
0.000051623027400
0.000050997773280
0.000050367014331
0.000049732007079
0.000049094016429
0.000048454313150
0.000047814171335
0.000047174865867
0.000046537669880
0.000045903852222
0.000045274674929
0.000044651390712
0.000044035240458
0.000043427450761
0.000042829231477
0.000042241773310
0.000041666245451
0.000041103793244
0.000040555535918
0.000040022564367
0.000039505938986
0.000039006687572
0.000038525803291
0.000038064242705
0.000037622923879
0.000037202724559
0.000036804480423
0.000036428983427
0.000036076980219
0.000035749170664
0.000035446206446
0.000035168689777
0.000034917172203
0.000034692153512
0.000034494080743
0.000034323347306
0.000034180292205
0.000034065199365
0.000033978297073
0.000033919757529
0.000033889696504
0.000033888173119
0.000033915189729
0.000033970691927
0.000034054568665
0.000034166652479
0.000034306719838
0.000034474491595
0.000034669633553
0.000034891757134
0.000035140420157
0.000035415127716
0.000035715333167
0.000036040439214
0.000036389799096
0.000036762717874
0.000037158453817
0.000037576219881
0.000038015185280
0.000038474477148
0.000038953182277
0.000039450348942
0.000039964988794
0.000040496078833
0.000041042563436
0.000041603356465
0.000042177343416
0.000042763383647
0.000043360312640
0.000043966944326
0.000044582073445
0.000045204477944
0.000045832921413
0.000046466155544
0.000047102922606
0.000047741957942
0.000048381992478
0.000049021755234
0.000049659975843
0.000050295387074
0.000050926727340
0.000051552743210
0.000052172191901
0.000052783843749
0.000053386484658
0.000053978918519
0.000054559969579
0.000055128484786
0.000055683336070
0.000056223422580
0.000056747672865
0.000057255047001
0.000057744538645
0.000058215177039
0.000058666028928
0.000059096200416
0.000059504838739
0.000059891133950
0.000060254320520
0.000060593678849
0.000060908536683
0.000061198270432
0.000061462306400
0.000061700121909
0.000061911246335
0.000062095262035
0.000062251805176
0.000062380566465
0.000062481291759
0.000062553782578
0.000062597896499
0.000062613547434
0.000062600705800
0.000062559398568
0.000062489709204
0.000062391777493
0.000062265799257
0.000062112025956
0.000061930764186
0.000061722375065
0.000061487273511
0.000061225927411
0.000060938856685
0.000060626632245
0.000060289874846
0.000059929253849
0.000059545485873
0.000059139333376
0.000058711603126
0.000058263144607
0.000057794848333
0.000057307644085
0.000056802499075
0.000056280416032
0.000055742431219
0.000055189612376
0.000054623056605
0.000054043888190
0.000053453256360
0.000052852333010
0.000052242310366
0.000051624398619
