0.002862010847086
0.002865542868675
0.002868603173162
0.002871006779293
0.002872600953321
0.002873274492795
0.002872964931088
0.002871663215954
0.002869415543566
0.002866322178121
0.002862533248367
0.002858241678072
0.002853673568406
0.002849076497765
0.002844706330215
0.002840813220352
0.002837627563808
0.002835346664828
0.002834122873093
0.002834053881283
0.002835175774972
0.002837459291831
0.002840809584048
0.002845069594560
0.002850026963410
0.002855424185531
0.002860971556042
0.002866362273909
0.002871288939077
0.002875460580021
0.002878619294395
0.002880555579266
0.002881121470962
0.002880240706966
0.002877915259940
0.002874227770862
0.002869339616073
0.002863484571496
0.002856958274871
0.002850103921063
0.002843294843753
0.002836914826897
0.002831337140290
0.002826903395932
0.002823903368815
0.002822556912662
0.002822999026963
0.002825268998003
0.002829304348681
0.002834940097654
0.002841913558589
0.002849874617928
0.002858401129209
0.002867018769144
0.002875224430973
0.002882511999191
0.002888399170093
0.002892453866237
0.002894318748361
0.002893732360884
0.002890545558246
0.002884732046648
0.002876392132810
0.002865749087984
0.002853137898125
0.002838986563386
0.002823790513528
0.002808081100523
0.002792389495586
0.002777207635439
0.002762948114054
0.002749905085992
0.002738218323759
0.002727842546529
0.002718524007690
0.002709786095573
0.002700925372045
0.002691019058676
0.002678944495958
0.002663410567142
0.002643000517640
0.002616225038323
0.002581583942501
0.002537634277440
0.002483062296410
0.002416756398187
0.002337877935855
0.002245926719314
0.002140798094352
0.002022828678071
0.001892828162118
0.001752095051949
0.001602414776590
0.001446039258289
0.001285647749602
0.001124289498209
0.000965309555830
0.000812259775063
0.000668797705238
0.000538576675527
0.000425130814205
0.000331759074660
0.000261412505018
0.000216588998346
0.000199239590889
0.000210690040067
0.000251580922513
0.000321828862706
0.000420610757870
0.000546372033527
0.000696859078742
0.000869175105945
0.001059857793655
0.001264976237436
0.001480243989171
0.001701144338040
0.001923063504600
0.002141427102311
0.002351835082507
0.002550190425281
0.002732817068902
0.002896562975232
0.003038884792060
0.003157911272759
0.003252483420810
0.003322170209027
0.003367259644977
0.003388725877995
0.003388173932206
0.003367764468607
0.003330121695125
0.003278228128798
0.003215310346497
0.003144720124189
0.003069815451008
0.002993845812215
0.002919845870693
0.002850541253401
0.002788269586892
0.002734919250038
0.002691887552131
0.002660059233420
0.002639805357260
0.002631001852935
0.002633066209130
0.002645010140235
0.002665505477764
0.002692960098283
0.002725600402851
0.002761556719910
0.002798948015976
0.002835962461761
0.002870930704530
0.002902389123793
0.002929130875217
0.002950243131197
0.002965129577841
0.002973517897380
0.002975452622746
0.002971274368837
0.002961586997067
0.002947214733848
0.002929151622123
0.002908505925297
0.002886442218105
0.002864123888008
0.002842658638184
0.002823049339078
0.002806152234479
0.002792644088848
0.002782999386800
0.002777478186906
0.002776124714579
0.002778776276991
0.002785081619156
0.002794527434827
0.002806471415396
0.002820179977548
0.002834868664186
0.002849743166829
0.002864038970044
0.002877057763638
0.002888198996449
0.002896985242841
0.002903080403136
0.002906300143599
0.002906614380758
0.002904142009156
0.002899138442256
0.002891976866101
0.002883124379822
0.002873114404796
0.002862516877099
0.002851907792073
0.002841839645000
0.002832814211994
0.002825258947449
0.002819508049183
0.002815788972738
0.002814214876694
0.002814783167269
