0.002747343260537
0.002744151797141
0.002741237050635
0.002738734444597
0.002736765532989
0.002735432408583
0.002734812789727
0.002734956010528
0.002735880107319
0.002737570153228
0.002739977944287
0.002743023086643
0.002746595477140
0.002750559111101
0.002754757093976
0.002759017679972
0.002763161113186
0.002767007007177
0.002770381969217
0.002773127157104
0.002775105450428
0.002776207925157
0.002776359340399
0.002775522378689
0.002773700425220
0.002770938725543
0.002767323823494
0.002762981249163
0.002758071497977
0.002752784413624
0.002747332156740
0.002741941005055
0.002736842286404
0.002732262791116
0.002728415042638
0.002725487823217
0.002723637353816
0.002722979513660
0.002723583454928
0.002725466922803
0.002728593531719
0.002732872177137
0.002738158680897
0.002744259680216
0.002750938678837
0.002757924087311
0.002764918991456
0.002771612307364
0.002777690911230
0.002782852276031
0.002786817107234
0.002789341448509
0.002790227727354
0.002789334230309
0.002786582538168
0.002781962512409
0.002775534503396
0.002767428546477
0.002757840420792
0.002747024563902
0.002735283959019
0.002722957236376
0.002710403351297
0.002697984314338
0.002686046548821
0.002674901534039
0.002664806454653
0.002655945615211
0.002648413391014
0.002642199471209
0.002637177106513
0.002633095002883
0.002629573405061
0.002626104792917
0.002622059471992
0.002616696182062
0.002609177678560
0.002598591066950
0.002583972495326
0.002564335641711
0.002538703275670
0.002506141034743
0.002465792440115
0.002416914087679
0.002358909893931
0.002291363254124
0.002214065984513
0.002127042972066
0.002030571543297
0.001925194686942
0.001811727420302
0.001691255772015
0.001565128059755
0.001434938363891
0.001302502330900
0.001169825676058
0.001039065986373
0.000912488644361
0.000792417893923
0.000681184244598
0.000581069553641
0.000494251231763
0.000422747083642
0.000368362315893
0.000332640221284
0.000316817978728
0.000321788895117
0.000348072260178
0.000395791793342
0.000464663437223
0.000553993002326
0.000662683898962
0.000789254913206
0.000931867702209
0.001088363408791
0.001256307534377
0.001433041970892
0.001615742883589
0.001801482964451
0.001987296445096
0.002170245173308
0.002347484021003
0.002516323905143
0.002674290766309
0.002819178960838
0.002949097678205
0.003062509191128
0.003158257975935
0.003235589998011
0.003294161734070
0.003334038791220
0.003355684273547
0.003359937331799
0.003347982601926
0.003321311485944
0.003281676446484
0.003231039668080
0.003171517578741
0.003105322820557
0.003034705305779
0.002961893993816
0.002889040975664
0.002818169357265
0.002751126295719
0.002689542366851
0.002634798235140
0.002587999364280
0.002549959256072
0.002521191444940
0.002501910213175
0.002492039736165
0.002491231125146
0.002498886614558
0.002514189948363
0.002536141860170
0.002563599419972
0.002595317938811
0.002629994083489
0.002666308856845
0.002702969144154
0.002738746610449
0.002772512853641
0.002803269869404
0.002830175060545
0.002852560219642
0.002869944122428
0.002882038583680
0.002888748040246
0.002890162930412
0.002886547328719
0.002878321464716
0.002866039898093
0.002850366237002
0.002832045368286
0.002811874215931
0.002790672056661
0.002769251399789
0.002748390383873
0.002728807558126
0.002711139805559
0.002695924032014
0.002683583095546
0.002674416289712
0.002668594527913
0.002666160209830
0.002667031590891
0.002671011326885
0.002677798733114
0.002687005184861
0.002698171996911
0.002710790056623
0.002724320449191
0.002738215305605
0.002751938123021
0.002764982852127
0.002776891114541
0.002787267001985
0.002795789014382
0.002802218811819
0.002806406580935
0.002808292945168
