0.002822861055287
0.002822389448540
0.002821245633639
0.002819466055172
0.002817120433021
0.002814309254450
0.002811159651613
0.002807819822613
0.002804452230970
0.002801225885620
0.002798308057926
0.002795855830509
0.002794007892742
0.002792876997954
0.002792543477244
0.002793050164579
0.002794399029141
0.002796549735765
0.002799420266180
0.002802889636394
0.002806802643469
0.002810976472945
0.002815208901250
0.002819287740406
0.002823001099793
0.002826147985629
0.002828548726274
0.002830054702878
0.002830556881301
0.002829992682749
0.002828350795908
0.002825673620236
0.002822057134929
0.002817648106468
0.002812638674370
0.002807258483948
0.002801764660404
0.002796430034302
0.002791530128482
0.002787329495463
0.002784068047724
0.002781948047614
0.002781122416678
0.002781684985150
0.002783663231899
0.002787013965426
0.002791622271163
0.002797303904368
0.002803811147387
0.002810841982003
0.002818052259695
0.002825070392700
0.002831513944775
0.002837007379791
0.002841200135451
0.002843784133987
0.002844509825706
0.002843199887235
0.002839759764823
0.002834184362834
0.002826560325380
0.002817063539880
0.002805951698385
0.002793551977616
0.002780244132507
0.002766439530449
0.002752556874058
0.002738995558654
0.002726107777059
0.002714170609919
0.002703359417224
0.002693723870358
0.002685167930499
0.002677434987225
0.002670099222112
0.002662564059669
0.002654068318330
0.002643700385838
0.002630420426486
0.002613090294357
0.002590510489933
0.002561463170943
0.002524759925867
0.002479292753372
0.002424086475449
0.002358350656659
0.002281529015445
0.002193344301861
0.002093836682793
0.001983393820893
0.001862771054435
0.001733100376006
0.001595887259690
0.001452994787662
0.001306614964057
0.001159227561242
0.001013547304245
0.000872460645994
0.000738953801752
0.000616034079377
0.000506646847687
0.000413590715249
0.000339433635996
0.000286432708685
0.000256460390539
0.000250939700844
0.000270790751225
0.000316390612622
0.000387548124802
0.000483494786114
0.000602892344748
0.000743857166205
0.000904000894101
0.001080486372860
0.001270097281089
0.001469319452477
0.001674431454231
0.001881601666605
0.002086988873200
0.002286843239449
0.002477604531284
0.002655994508885
0.002819100619020
0.002964448397306
0.003090060368721
0.003194499687453
0.003276897269409
0.003336961724304
0.003374971969039
0.003391752979836
0.003388635696437
0.003367402608118
0.003330221009965
0.003279566302827
0.003218138008588
0.003148771373746
0.003074347532806
0.002997705196067
0.002921556715694
0.002848411174769
0.002780506845329
0.002719754985284
0.002667696505490
0.002625472554140
0.002593809554355
0.002573018711780
0.002563009501081
0.002563316162150
0.002573135805364
0.002591376355578
0.002616712268810
0.002647645743316
0.002682571023806
0.002719839366457
0.002757822292062
0.002794970900583
0.002829869244877
0.002861280053842
0.002888181442815
0.002909793636965
0.002925595145722
0.002935328246490
0.002938994047563
0.002936837787671
0.002929325378616
0.002917112495592
0.002901007756906
0.002881931703521
0.002860873384630
0.002838846376818
0.002816846012788
0.002795809475533
0.002776580232131
0.002759878047387
0.002746275542362
0.002736181958876
0.002729834471574
0.002727297067601
0.002728466703409
0.002733086161121
0.002740762774086
0.002750991982064
0.002763184517954
0.002776695925059
0.002790857058841
0.002805004239922
0.002818507793264
0.002830797827150
0.002841386268263
0.002849884367300
0.002856015113769
0.002859620238330
0.002860661725806
0.002859218000938
0.002855475172374
0.002849713919046
0.002842292769395
0.002833628651845
0.002824175680195
0.002814403178004
0.002804773941388
