0.002908770001322
0.002909912045975
0.002912306582604
0.002915821066159
0.002920246822960
0.002925311099445
0.002930693540243
0.002936046114878
0.002941015269028
0.002945264907238
0.002948498731424
0.002950480470568
0.002951050642748
0.002950138686182
0.002947769570586
0.002944064337750
0.002939234400590
0.002933569829376
0.002927422247318
0.002921183319782
0.002915260128261
0.002910048951048
0.002905909110836
0.002903138584354
0.002901952996091
0.002902469439282
0.002904696291697
0.002908529836699
0.002913758082269
0.002920071717533
0.002927081685675
0.002934342413140
0.002941379346215
0.002947719133320
0.002952920576557
0.002956604375277
0.002958479707154
0.002958365840180
0.002956207236182
0.002952080979221
0.002946195819815
0.002938882641842
0.002930576702173
0.002921792530136
0.002913092870591
0.002905053478344
0.002898225893734
0.002893100526260
0.002890072428581
0.002889412049315
0.002891243010643
0.002895528576283
0.002902067975991
0.002910503161613
0.002920335920542
0.002930954603681
0.002941669077544
0.002951751924999
0.002960483434934
0.002967197571631
0.002971325926682
0.002972436647758
0.002970265517322
0.002964736717045
0.002955971345960
0.002944282437000
0.002930156002975
0.002914218496545
0.002897191941384
0.002879838832315
0.002862899659539
0.002847026537980
0.002832716874575
0.002820251250108
0.002809639704395
0.002800580383283
0.002792434035355
0.002784217151532
0.002774615651202
0.002762019975521
0.002744581303485
0.002720287418369
0.002687055584660
0.002642838713294
0.002585740158231
0.002514131756448
0.002426769243669
0.002322898984835
0.002202350072628
0.002065606274560
0.001913853038322
0.001748995768724
0.001573646825188
0.001391080100444
0.001205153562073
0.001020201694992
0.000840901296877
0.000672115472590
0.000518721874699
0.000385432180239
0.000276610425904
0.000196098106431
0.000147053852527
0.000131815042290
0.000151787879139
0.000207371323818
0.000297918848483
0.000421740352287
0.000576144816230
0.000757522464085
0.000961463422569
0.001182908223567
0.001416324044255
0.001655899408221
0.001895749229749
0.002130121615731
0.002353597768389
0.002561276660919
0.002748936871230
0.002913169021420
0.003051473630423
0.003162320778037
0.003245169722680
0.003300448428116
0.003329494748432
0.003334462709810
0.003318198832026
0.003284094681872
0.003235922788104
0.003177663632133
0.003113331637897
0.003046807914221
0.002981686968691
0.002921143746569
0.002867826200652
0.002823777230435
0.002790388313713
0.002768385569121
0.002757847414127
0.002758251497833
0.002768547263248
0.002787249391685
0.002812546551776
0.002842419351638
0.002874761192536
0.002907495846683
0.002938686014273
0.002966627823931
0.002989927181051
0.003007554984038
0.003018879455597
0.003023675107062
0.003022109100408
0.003014706930047
0.003002300356670
0.002985961339672
0.002966926296311
0.002946515341826
0.002926051226482
0.002906782489055
0.002889814911336
0.002876054716923
0.002866166152461
0.002860545170441
0.002859309954595
0.002862308048027
0.002869138915082
0.002879189940737
0.002891683188569
0.002905729733598
0.002920388081619
0.002934723092435
0.002947861938687
0.002959043941075
0.002967661600467
0.002973290764232
0.002975708578305
0.002974898643316
0.002971043566793
0.002964505838729
0.002955798613388
0.002945548520423
0.002934453025450
0.002923235095443
0.002912597989010
0.002903182887358
0.002895531819847
0.002890057938822
0.002887024689664
0.002886534837101
0.002888529684769
0.002892798200111
0.002898995168068
0.002906666978785
0.002915283235710
0.002924272073067
0.002933056910365
0.002941092352082
0.002947897060245
0.002953081675380
0.002956370218724
