0.002727369341499
0.002724390534827
0.002721960580805
0.002720194099272
0.002719180670136
0.002718980530891
0.002719621384541
0.002721096473503
0.002723364026941
0.002726348135548
0.002729941051053
0.002734006849890
0.002738386343820
0.002742903067129
0.002747370122567
0.002751597628385
0.002755400478510
0.002758606108382
0.002761061951385
0.002762642275556
0.002763254107565
0.002762841980347
0.002761391281338
0.002758930028714
0.002755528961517
0.002751299894057
0.002746392352988
0.002740988584469
0.002735297086097
0.002729544881177
0.002723968808824
0.002718806149977
0.002714284944578
0.002710614377416
0.002707975617975
0.002706513492751
0.002706329346411
0.002707475411653
0.002709950957459
0.002713700423319
0.002718613674958
0.002724528437630
0.002731234878931
0.002738482227524
0.002745987230251
0.002753444171191
0.002760536105362
0.002766946899910
0.002772373629450
0.002776538841693
0.002779202196455
0.002780170986485
0.002779309072695
0.002776543809060
0.002771870592629
0.002765354750202
0.002757130562897
0.002747397330300
0.002736412483862
0.002724481870975
0.002711947442848
0.002699172686925
0.002686526244079
0.002674364238494
0.002663011920356
0.002652745275272
0.002643773287148
0.002636221551247
0.002630117920199
0.002625380827486
0.002621810870954
0.002619086154403
0.002616761780517
0.002614273766100
0.002610947514326
0.002606010832602
0.002598611333217
0.002587837901968
0.002572745772498
0.002552384605997
0.002525828852074
0.002492209561340
0.002450746737596
0.002400781260732
0.002341805383084
0.002273490803801
0.002195713358515
0.002108573425123
0.002012411239586
0.001907816436322
0.001795631272884
0.001676947164417
0.001553094335295
0.001425624588179
0.001296287388942
0.001166999663641
0.001039809894949
0.000916857284441
0.000800326908165
0.000692401930980
0.000595214055565
0.000510793461188
0.000441019532234
0.000387573685317
0.000351895575714
0.000335143899012
0.000338162903689
0.000361455597195
0.000405164465384
0.000469060337184
0.000552539818275
0.000654631495012
0.000774010879105
0.000909023831139
0.001057717973496
0.001217881387141
0.001387087688300
0.001562746405908
0.001742157434181
0.001922568220742
0.002101232273072
0.002275467526747
0.002442713119387
0.002600583154358
0.002746916117178
0.002879818722895
0.002997703121366
0.003099316565014
0.003183762845388
0.003250515024848
0.003299419221803
0.003330689445531
0.003344893712959
0.003342931908332
0.003326006060917
0.003295583909922
0.003253356794259
0.003201193043061
0.003141088147365
0.003075113061304
0.003005362011048
0.002933901181013
0.002862719600206
0.002793683468716
0.002728495048117
0.002668657093550
0.002615443634164
0.002569877717584
0.002532716528930
0.002504444081738
0.002485271463267
0.002475144406239
0.002473757759282
0.002480576244667
0.002494860729634
0.002515699100931
0.002542040724826
0.002572733399298
0.002606561663219
0.002642285319445
0.002678677054718
0.002714558097475
0.002748830942811
0.002780508288700
0.002808737465057
0.002832819792828
0.002852224478805
0.002866596828010
0.002875760733600
0.002879715578986
0.002878627852814
0.002872817929764
0.002862742604432
0.002848974078026
0.002832176185350
0.002813078710302
0.002792450670676
0.002771073457082
0.002749714686774
0.002729103582624
0.002709908612552
0.002692718028537
0.002678023830289
0.002666209551074
0.002657542126336
0.002652167964358
0.002650113196969
0.002651287951807
0.002655494360184
0.002662437900221
0.002671741576948
0.002682962362420
0.002695609261591
0.002709162335219
0.002723091999889
0.002736877937222
0.002750026978481
0.002762089385339
0.002772673020309
0.002781454988182
0.002788190429569
