0.002981187658609
0.002976423302119
0.002972043366275
0.002968390305531
0.002965758806711
0.002964372026040
0.002964362784004
0.002965761263543
0.002968490292810
0.002972368738074
0.002977122925719
0.002982405399654
0.002987819748037
0.002992949744945
0.002997390687166
0.003000780593397
0.003002828892093
0.003003340361412
0.003002232393574
0.002999544116741
0.002995436488933
0.002990183139355
0.002984152425120
0.002977781844539
0.002971546551148
0.002965924198871
0.002961358679298
0.002958225458798
0.002956801170905
0.002957239867422
0.002959557894002
0.002963628760569
0.002969188664421
0.002975852543855
0.002983139749134
0.002990507673523
0.002997391046406
0.003003244103061
0.003007582551583
0.003010022183490
0.003010311132268
0.003008353168080
0.003004220005367
0.002998151355518
0.002990542328574
0.002981918715578
0.002972901600252
0.002964163587824
0.002956379636135
0.002950175974255
0.002946080853791
0.002944480871095
0.002945586316126
0.002949408456901
0.002955750887719
0.002964216102829
0.002974227368048
0.002985064825093
0.002995913657079
0.003005921149595
0.003014258675523
0.003020184078729
0.003023099681615
0.003022601224998
0.003018513474136
0.003010908977086
0.003000107502617
0.002986654955093
0.002971281985268
0.002954843997711
0.002938245698684
0.002922354632410
0.002907909223859
0.002895427599283
0.002885123826305
0.002876838160775
0.002869987391305
0.002863540446365
0.002856023113170
0.002845554079504
0.002829912639449
0.002806636410443
0.002773145412796
0.002726886989157
0.002665494412384
0.002586950757249
0.002489748787219
0.002373037300571
0.002236744629212
0.002081670794780
0.001909541172004
0.001723016327748
0.001525654904280
0.001321828880297
0.001116593137210
0.000915513834410
0.000724462505978
0.000549384889732
0.000396055159275
0.000269827346004
0.000175396235148
0.000116579857009
0.000096134868216
0.000115614662645
0.000175278039267
0.000274053788718
0.000409563773353
0.000578204118089
0.000775281163547
0.000995196022806
0.001231669084420
0.001477993756262
0.001727307261307
0.001972865459704
0.002208308527289
0.002427904875375
0.002626761917220
0.002800994102460
0.002947840948020
0.003065730461516
0.003154286230460
0.003214279376539
0.003247529386640
0.003256760377126
0.003245421488291
0.003217481729910
0.003177210625513
0.003128956387013
0.003076933084664
0.003025027389739
0.002976634023459
0.002934527141233
0.002900772636212
0.002876683897835
0.002862821055248
0.002859031317917
0.002864525833210
0.002877986633370
0.002897695838509
0.002921678385758
0.002947849203074
0.002974155941246
0.002998709088713
0.003019892459835
0.003036448581799
0.003047535302218
0.003052751880038
0.003052134782767
0.003046125272659
0.003035512512523
0.003021357264529
0.003004902221121
0.002987475550168
0.002970394339209
0.002954874296836
0.002941951350413
0.002932419729581
0.002926789824544
0.002925267650287
0.002927756233086
0.002933877764297
0.002943014032854
0.002954361534116
0.002966996823635
0.002979947184105
0.002992261523160
0.003003076615956
0.003011674323994
0.003017526214187
0.003020323006865
0.003019987423145
0.003016670199100
0.003010730203470
0.003002700659018
0.002993244356030
0.002983101405424
0.002973033470586
0.002963768523565
0.002955949994136
0.002950093740831
0.002946555609753
0.002945511512532
0.002946951012220
0.002950684423820
0.002956362483930
0.002963506787151
0.002971548482310
0.002979872214183
0.002987862016100
0.002994945818913
0.003000635438445
0.003004559316452
0.003006485884410
0.003006336148329
0.003004184901323
0.003000250799526
0.002994876326987
0.002988499371328
0.002981618687148
0.002974755902476
0.002968416902393
