0.002818129240246
0.002817325228094
0.002815887683662
0.002813868842793
0.002811351810969
0.002808447357093
0.002805289238438
0.002802028243767
0.002798825209914
0.002795843324981
0.002793240075539
0.002791159223353
0.002789723207305
0.002789026357430
0.002789129280106
0.002790054727281
0.002791785199881
0.002794262458714
0.002797389028638
0.002801031687259
0.002805026832486
0.002809187528340
0.002813311940167
0.002817192793379
0.002820627427912
0.002823427977392
0.002825431180044
0.002826507329505
0.002826567898527
0.002825571416721
0.002823527253368
0.002820497045438
0.002816593615491
0.002811977339819
0.002806850048755
0.002801446662973
0.002796024886089
0.002790853379129
0.002786198931163
0.002782313207757
0.002779419700906
0.002777701517914
0.002777290630582
0.002778259159651
0.002780613193876
0.002784289540734
0.002789155680454
0.002795013051760
0.002801603642412
0.002808619697220
0.002815716197831
0.002822525619788
0.002828674340468
0.002833799963262
0.002837568744788
0.002839692267996
0.002839942498056
0.002838164392038
0.002834285307618
0.002828320568868
0.002820374695180
0.002810637977411
0.002799378286755
0.002786928218757
0.002773667898199
0.002760003990822
0.002746345675008
0.002733078511037
0.002720537298184
0.002708979122612
0.002698557865104
0.002689301452106
0.002681093093391
0.002673657654078
0.002666554159316
0.002659175230526
0.002650754008719
0.002640378841368
0.002627015704414
0.002609538011799
0.002586763143730
0.002557494714745
0.002520569316518
0.002474906220759
0.002419558325865
0.002353762487291
0.002276987293715
0.002188976344651
0.002089785153277
0.001979809940778
0.001859806802947
0.001730900010168
0.001594578539999
0.001452680326272
0.001307364127027
0.001161069350839
0.001016464621479
0.000876386287861
0.000743768483686
0.000621566693423
0.000512677074120
0.000419854003627
0.000345628465257
0.000292229929661
0.000261514352873
0.000254900774583
0.000273318775659
0.000317168745177
0.000386296524188
0.000479983548712
0.000596953122890
0.000735392931639
0.000892993368867
0.001067000731025
0.001254283825377
0.001451412085897
0.001654742893770
0.001860515478672
0.002064948543239
0.002264338615314
0.002455156096048
0.002634136038575
0.002798360859708
0.002945332450404
0.003073031500379
0.003179962275987
0.003265181573414
0.003328311094166
0.003369533038161
0.003389569262170
0.003389644888124
0.003371437748313
0.003337015504967
0.003288762664713
0.003229300010861
0.003161399188408
0.003087895291432
0.003011600317219
0.002935220266583
0.002861278489809
0.002792047610146
0.002729492012656
0.002675222479018
0.002630464094309
0.002596038066890
0.002572357605601
0.002559437507495
0.002556916642248
0.002564092092565
0.002579963338176
0.002603284566807
0.002632622968493
0.002666420726365
0.002703058360955
0.002740917116073
0.002778438189128
0.002814176801037
0.002846849361302
0.002875372301012
0.002898891506822
0.002916801677730
0.002928755328057
0.002934661558915
0.002934675101401
0.002929176483739
0.002918744479181
0.002904122241223
0.002886178719586
0.002865867069200
0.002844181812518
0.002822116493253
0.002800623470207
0.002780577348830
0.002762743343515
0.002747751615281
0.002736078348606
0.002728034030157
0.002723759083634
0.002723226711621
0.002726252509183
0.002732510156047
0.002741552273994
0.002752835361303
0.002765747592305
0.002779638200647
0.002793847150819
0.002807733842435
0.002820703682301
0.002832231494953
0.002841880915858
0.002849319114466
0.002854326417131
0.002856800632722
0.002856756116307
0.002854317828864
0.002849710854501
0.002843246013174
0.002835302349786
0.002826307384955
0.002816716075382
0.002806989451529
