0.002038208353408
0.002038210268338
0.002038212173372
0.002038214068501
0.002038215953724
0.002038217829046
0.002038219694483
0.002038221550057
0.002038223395798
0.002038225231746
0.002038227057943
0.002038228874436
0.002038230681266
0.002038232478473
0.002038234266082
0.002038236044108
0.002038237812550
0.002038239571392
0.002038241320609
0.002038243060166
0.002038244790022
0.002038246510141
0.002038248220484
0.002038249921024
0.002038251611735
0.002038253292605
0.002038254963624
0.002038256624794
0.002038258276124
0.002038259917629
0.002038261549336
0.002038263171278
0.002038264783494
0.002038266386030
0.002038267978929
0.002038269562234
0.002038271135979
0.002038272700187
0.002038274254867
0.002038275800011
0.002038277335603
0.002038278861610
0.002038280377997
0.002038281884723
0.002038283381750
0.002038284869043
0.002038286346574
0.002038287814323
0.002038289272276
0.002038290720428
0.002038292158782
0.002038293587349
0.002038295006148
0.002038296415207
0.002038297814562
0.002038299204254
0.002038300584327
0.002038301954827
0.002038303315792
0.002038304667253
0.002038306009229
0.002038307341722
0.002038308664723
0.002038309978207
0.002038311282142
0.002038312576488
0.002038313861206
0.002038315136258
0.002038316401611
0.002038317657238
0.002038318903121
0.002038320139250
0.002038321365620
0.002038322582238
0.002038323789116
0.002038324986277
0.002038326173751
0.002038327351574
0.002038328519790
0.002038329678444
0.002038330827579
0.002038331967231
0.002038333097427
0.002038334218180
0.002038335329490
0.002038336431339
0.002038337523702
0.002038338606541
0.002038339679818
0.002038340743492
0.002038341797526
0.002038342841889
0.002038343876557
0.002038344901513
0.002038345916749
0.002038346922264
0.002038347918066
0.002038348904169
0.002038349880599
0.002038350847387
0.002038351804574
0.002038352752201
0.002038353690314
0.002038354618953
0.002038355538150
0.002038356447926
0.002038357348286
0.002038358239220
0.002038359120701
0.002038359992687
0.002038360855126
0.002038361707952
0.002038362551089
0.002038363384444
0.002038364207901
0.002038365021309
0.002038365824458
0.002038366617046
0.002038367398638
0.002038368168592
0.002038368925962
0.002038369669356
0.002038370396728
0.002038371105084
0.002038371790061
0.002038372445329
0.002038373061756
0.002038373626240
0.002038374120078
0.002038374516718
0.002038374778662
0.002038374853218
0.002038374666726
0.002038374116724
0.002038373061401
0.002038371305471
0.002038368581369
0.002038364524365
0.002038358639845
0.002038350260554
0.002038338491083
0.002038322136264
0.002038299609431
0.002038268815678
0.002038227004366
0.002038170584098
0.002038094892363
0.002037993910937
0.002037859917083
0.002037683059598
0.002037450847977
0.002037147542461
0.002036753432661
0.002036243993028
0.002035588904747
0.002034750936006
0.002033684676181
0.002032335124518
0.002030636140627
0.002028508772673
0.002025859489718
0.002022578357228
0.002018537209260
0.002013587887042
0.002007560631177
0.002000262732828
0.001991477567254
0.001980964149754
0.001968457368193
0.001953669056219
0.001936290075416
0.001915993571103
0.001892439553536
0.001865280932350
0.001834171095669
0.001798773075822
0.001758770280515
0.001713878692527
0.001663860353828
0.001608537854345
0.001547809445004
0.001481664294292
0.001410197313067
0.001333622890613
0.001252286822985
0.001166675679795
0.001077422854468
0.000985310581319
0.000891267284682
0.000796359752637
0.000701779799788
0.000608825296296
0.000518875686761
0.000433362392438
0.000353734770424
0.000281422578441
0.000217796146657
0.000164125671338
0.000121541202215
0.000090994981899
0.000073227800150
0.000068740941581
0.000077775131104
0.000100297621560
0.000135998233108
0.000184294760267
0.000244347731081
0.000315084058285
0.000395228691234
0.000483342986179
0.000577868186133
0.000677172160766
0.000779597417098
0.000883508361949
0.000987335878374
0.001089617464579
0.001189031461515
0.001284424245198
0.001374829657801
0.001459480371146
0.001537811290330
0.001609455488187
0.001674233491060
0.001732136995505
0.001783308273018
0.001828016610697
0.001866633141664
0.001899605347555
0.001927432378598
0.001950642150508
0.001969770959147
0.001985346121512
0.001997871921963
0.002007818930117
0.002015616573033
0.002021648696693
0.002026251744610
0.002029715114813
0.002032283228133
0.002034158845524
0.002035507203619
0.002036460588637
0.002037123031617
0.002037574876124
0.002037877037204
0.002038074832937
0.002038201324383
0.002038280144192
0.002038327828091
0.002038355687214
0.002038371273841
0.002038379500120
0.002038383470323
0.002038385083968
0.002038385461152
0.002038385233988
0.002038384740254
0.002038384147786
0.002038383531424
0.002038382918572
0.002038382314780
0.002038381717169
0.002038381120827
0.002038380521411
0.002038379915860
0.002038379302318
0.002038378679802
0.002038378047859
0.002038377406323
0.002038376755154
0.002038376094350
0.002038375423914
0.002038374743842
0.002038374054123
0.002038373354741
0.002038372645686
0.002038371926950
0.002038371198534
0.002038370460447
0.002038369712707
0.002038368955340
0.002038368188381
0.002038367411870
0.002038366625851
0.002038365830363
0.002038365025442
0.002038364211112
0.002038363387384
0.002038362554256
0.002038361711708
0.002038360859712
0.002038359998229
0.002038359127218
0.002038358246634
0.002038357356439
0.002038356456598
0.002038355547083
0.002038354627875
0.002038353698960
0.002038352760335
0.002038351812003
0.002038350853976
0.002038349886275
0.002038348908930
0.002038347921978
0.002038346925458
0.002038345919415
0.002038344903886
0.002038343878903
0.002038342844487
0.002038341800643
0.002038340747363
0.002038339684624
0.002038338612394
0.002038337530632
0.002038336439295
0.002038335338341
0.002038334227730
0.002038333107431
0.002038331977419
0.002038330837674
0.002038329688188
0.002038328528957
0.002038327359988
0.002038326181295
0.002038324992903
0.002038323794842
0.002038322587151
0.002038321369872
0.002038320143045
0.002038318906708
0.002038317660888
0.002038316405601
0.002038315140848
0.002038313866615
0.002038312582875
0.002038311289593
0.002038309986727
0.002038308674233
0.002038307352069
0.002038306020199
0.002038304678591
0.002038303327223
0.002038301966079
0.002038300595151
0.002038299214439
0.002038297823951
0.002038296423705
0.002038295013726
0.002038293594049
0.002038292164713
0.002038290725759
0.002038289277227
0.002038287819152
0.002038286351556
0.002038284874452
0.002038283387833
0.002038281891683
0.002038280385971
0.002038278870658
0.002038277345701
0.002038275811056
0.002038274266683
0.002038272712547
0.002038271148619
0.002038269574878
0.002038267991310
0.002038266397910
0.002038264794680
0.002038263181631
0.002038261558782
0.002038259926164
0.002038258283809
0.002038256631760
0.002038254970057
0.002038253298738
0.002038251617835
0.002038249927366
0.002038248227337
0.002038246517738
0.002038244798548
0.002038243069731
0.002038241331249
0.002038239583055
0.002038237825108
0.002038236057368
0.002038234279802
0.002038232492383
0.002038230695092
0.002038228887918
0.002038227070858
0.002038225243916
0.002038223407106
0.002038221560450
0.002038219703979
0.002038217837730
0.002038215961743
0.002038214076059
0.002038212180714
0.002038210275734
0.002038208361136
