0.002038214721885
0.002038216636715
0.002038218541800
0.002038220437125
0.002038222322675
0.002038224198436
0.002038226064392
0.002038227920533
0.002038229766853
0.002038231603348
0.002038233430023
0.002038235246886
0.002038237053950
0.002038238851233
0.002038240638756
0.002038242416539
0.002038244184603
0.002038245942968
0.002038247691648
0.002038249430656
0.002038251159997
0.002038252879676
0.002038254589690
0.002038256290033
0.002038257980694
0.002038259661663
0.002038261332923
0.002038262994459
0.002038264646257
0.002038266288304
0.002038267920589
0.002038269543106
0.002038271155856
0.002038272758843
0.002038274352076
0.002038275935571
0.002038277509345
0.002038279073420
0.002038280627816
0.002038282172553
0.002038283707648
0.002038285233116
0.002038286748964
0.002038288255200
0.002038289751823
0.002038291238829
0.002038292716212
0.002038294183959
0.002038295642058
0.002038297090493
0.002038298529250
0.002038299958314
0.002038301377672
0.002038302787316
0.002038304187240
0.002038305577447
0.002038306957942
0.002038308328736
0.002038309689845
0.002038311041289
0.002038312383086
0.002038313715259
0.002038315037824
0.002038316350799
0.002038317654194
0.002038318948018
0.002038320232274
0.002038321506959
0.002038322772070
0.002038324027597
0.002038325273527
0.002038326509848
0.002038327736543
0.002038328953598
0.002038330160998
0.002038331358732
0.002038332546793
0.002038333725177
0.002038334893886
0.002038336052928
0.002038337202316
0.002038338342066
0.002038339472197
0.002038340592730
0.002038341703683
0.002038342805075
0.002038343896918
0.002038344979223
0.002038346051996
0.002038347115237
0.002038348168943
0.002038349213107
0.002038350247717
0.002038351272761
0.002038352288222
0.002038353294083
0.002038354290327
0.002038355276936
0.002038356253893
0.002038357221182
0.002038358178790
0.002038359126701
0.002038360064897
0.002038360993353
0.002038361912029
0.002038362820866
0.002038363719768
0.002038364608593
0.002038365487127
0.002038366355060
0.002038367211947
0.002038368057158
0.002038368889806
0.002038369708656
0.002038370511993
0.002038371297448
0.002038372061766
0.002038372800481
0.002038373507496
0.002038374174511
0.002038374790263
0.002038375339527
0.002038375801781
0.002038376149469
0.002038376345703
0.002038376341287
0.002038376070831
0.002038375447737
0.002038374357727
0.002038372650547
0.002038370129363
0.002038366537274
0.002038361540235
0.002038354705520
0.002038345474694
0.002038333129855
0.002038316751650
0.002038295167336
0.002038266886829
0.002038230024364
0.002038182203026
0.002038120439039
0.002038041002261
0.002037939248981
0.002037809422659
0.002037644417917
0.002037435502765
0.002037171993809
0.002036840879104
0.002036426383370
0.002035909470598
0.002035267279639
0.002034472489320
0.002033492610942
0.002032289207901
0.002030817044530
0.002029023169324
0.002026845941374
0.002024214013320
0.002021045289247
0.002017245881862
0.002012709099853
0.002007314503411
0.002000927073478
0.001993396547928
0.001984556985563
0.001974226625875
0.001962208118780
0.001948289203334
0.001932243917231
0.001913834419120
0.001892813502730
0.001868927874881
0.001841922258075
0.001811544361973
0.001777550746307
0.001739713570429
0.001697828191804
0.001651721537596
0.001601261130798
0.001546364606012
0.001487009501532
0.001423243065579
0.001355191767532
0.001283070162435
0.001207188721614
0.001127960216929
0.001045904234014
0.000961649393529
0.000875932881645
0.000789596933501
0.000703581977598
0.000618916235183
0.000536701675996
0.000458096358074
0.000384293321442
0.000316496358594
0.000255893142952
0.000203626352685
0.000160763573698
0.000128266893794
0.000106963201507
0.000097516269955
0.000100401731176
0.000115886024177
0.000144010326856
0.000184580356863
0.000237162750973
0.000301088511250
0.000375463746800
0.000459187652486
0.000550977363488
0.000649399021594
0.000752904101321
0.000859869787264
0.000968641983692
0.001077579386559
0.001185096967621
0.001289707217157
0.001390057568968
0.001484962586988
0.001573429720763
0.001654677726239
0.001728147183905
0.001793502910499
0.001850628433035
0.001899613054203
0.001940732365877
0.001974423344336
0.002001255371606
0.002021898661172
0.002037091617077
0.002047608622413
0.002054229641043
0.002057712834539
0.002058771158599
0.002058053626450
0.002056131629832
0.002053490410290
0.002050525493296
0.002047543651318
0.002044767762616
0.002042344789252
0.002040356015261
0.002038828664264
0.002037748050865
0.002037069504145
0.002036729423884
0.002036654978347
0.002036772113456
0.002037011704217
0.002037313828879
0.002037630275210
0.002037925489751
0.002038176251120
0.002038370386576
0.002038504858799
0.002038583531205
0.002038614880658
0.002038609872746
0.002038580153541
0.002038536649497
0.002038488609329
0.002038443072662
0.002038404712757
0.002038375976004
0.002038357428974
0.002038348223348
0.002038346597792
0.002038350351103
0.002038357239789
0.002038365273042
0.002038372896355
0.002038379070221
0.002038383261338
0.002038385370148
0.002038385620582
0.002038384436318
0.002038382323543
0.002038379774418
0.002038377199098
0.002038374888342
0.002038373003938
0.002038371591006
0.002038370604533
0.002038369942418
0.002038369478233
0.002038369088749
0.002038368673277
0.002038368163955
0.002038367527735
0.002038366761981
0.002038365886126
0.002038364931859
0.002038363933925
0.002038362922966
0.002038361921106
0.002038360940331
0.002038359983186
0.002038359045040
0.002038358117062
0.002038357189163
0.002038356252340
0.002038355300152
0.002038354329267
0.002038353339228
0.002038352331708
0.002038351309542
0.002038350275786
0.002038349233011
0.002038348182891
0.002038347126108
0.002038346062493
0.002038344991319
0.002038343911627
0.002038342822508
0.002038341723300
0.002038340613662
0.002038339493558
0.002038338363172
0.002038337222796
0.002038336072724
0.002038334913179
0.002038333744275
0.002038332566020
0.002038331378342
0.002038330181133
0.002038328974285
0.002038327757718
0.002038326531395
0.002038325295321
0.002038324049533
0.002038322794079
0.002038321529010
0.002038320254364
0.002038318970163
0.002038317676411
0.002038316373101
0.002038315060217
0.002038313737740
0.002038312405656
0.002038311063949
0.002038309712609
0.002038308351626
0.002038306980991
0.002038305600691
0.002038304210715
0.002038302811050
0.002038301401686
0.002038299982613
0.002038298553830
0.002038297115337
0.002038295667141
0.002038294209254
0.002038292741689
0.002038291264460
0.002038289777581
0.002038288281064
0.002038286774914
0.002038285259136
0.002038283733729
0.002038282198689
0.002038280654010
0.002038279099680
0.002038277535689
0.002038275962024
0.002038274378670
0.002038272785612
0.002038271182836
0.002038269570327
0.002038267948075
0.002038266316070
0.002038264674307
0.002038263022786
0.002038261361510
0.002038259690487
0.002038258009728
0.002038256319247
0.002038254619056
0.002038252909168
0.002038251189590
0.002038249460329
0.002038247721387
0.002038245972761
0.002038244214447
0.002038242446437
0.002038240668719
0.002038238881282
0.002038237084111
0.002038235277193
0.002038233460512
0.002038231634053
0.002038229797805
0.002038227951755
0.002038226095896
0.002038224230225
0.002038222354741
0.002038220469450
0.002038218574359
0.002038216669481
0.002038214754828
