0.002038209032721
0.002038210946643
0.002038212850747
0.002038214745091
0.002038216629735
0.002038218504737
0.002038220370146
0.002038222225995
0.002038224072301
0.002038225909061
0.002038227736253
0.002038229553840
0.002038231361774
0.002038233160000
0.002038234948463
0.002038236727112
0.002038238495905
0.002038240254808
0.002038242003799
0.002038243742868
0.002038245472016
0.002038247191258
0.002038248900618
0.002038250600133
0.002038252289851
0.002038253969828
0.002038255640122
0.002038257300795
0.002038258951901
0.002038260593483
0.002038262225570
0.002038263848170
0.002038265461275
0.002038267064855
0.002038268658869
0.002038270243265
0.002038271817987
0.002038273382980
0.002038274938197
0.002038276483596
0.002038278019149
0.002038279544836
0.002038281060651
0.002038282566601
0.002038284062703
0.002038285548986
0.002038287025490
0.002038288492267
0.002038289949373
0.002038291396869
0.002038292834814
0.002038294263258
0.002038295682240
0.002038297091781
0.002038298491884
0.002038299882531
0.002038301263689
0.002038302635311
0.002038303997344
0.002038305349729
0.002038306692415
0.002038308025354
0.002038309348510
0.002038310661857
0.002038311965379
0.002038313259076
0.002038314542956
0.002038315817042
0.002038317081366
0.002038318335973
0.002038319580915
0.002038320816251
0.002038322042042
0.002038323258344
0.002038324465204
0.002038325662653
0.002038326850708
0.002038328029362
0.002038329198593
0.002038330358361
0.002038331508615
0.002038332649299
0.002038333780358
0.002038334901739
0.002038336013399
0.002038337115303
0.002038338207430
0.002038339289769
0.002038340362322
0.002038341425103
0.002038342478138
0.002038343521462
0.002038344555125
0.002038345579180
0.002038346593687
0.002038347598705
0.002038348594288
0.002038349580478
0.002038350557301
0.002038351524763
0.002038352482853
0.002038353431539
0.002038354370775
0.002038355300507
0.002038356220673
0.002038357131213
0.002038358032069
0.002038358923189
0.002038359804524
0.002038360676031
0.002038361537662
0.002038362389363
0.002038363231062
0.002038364062656
0.002038364883990
0.002038365694824
0.002038366494791
0.002038367283334
0.002038368059609
0.002038368822363
0.002038369569751
0.002038370299090
0.002038371006514
0.002038371686493
0.002038372331175
0.002038372929466
0.002038373465771
0.002038373918267
0.002038374256545
0.002038374438406
0.002038374405542
0.002038374077730
0.002038373345076
0.002038372057717
0.002038370012200
0.002038366933593
0.002038362452095
0.002038356072639
0.002038347135613
0.002038334766398
0.002038317810934
0.002038294753942
0.002038263615795
0.002038221823296
0.002038166048833
0.002038092011549
0.002037994233275
0.002037865741132
0.002037697707891
0.002037479020494
0.002037195766675
0.002036830629428
0.002036362179333
0.002035764055576
0.002035004028024
0.002034042935175
0.002032833496303
0.002031319000864
0.002029431884393
0.002027092207815
0.002024206066367
0.002020663965250
0.002016339211580
0.002011086385937
0.002004739971555
0.001997113234372
0.001987997462086
0.001977161684188
0.001964353006540
0.001949297702254
0.001931703204023
0.001911261140185
0.001887651546279
0.001860548364248
0.001829626311736
0.001794569163153
0.001755079432211
0.001710889382578
0.001661773220351
0.001607560240994
0.001548148617080
0.001483519425339
0.001413750426707
0.001339029036716
0.001259663861444
0.001176094132580
0.001088896359828
0.000998787535408
0.000906624278095
0.000813397395981
0.000720221478795
0.000628319300658
0.000539001018445
0.000453638382491
0.000373634425678
0.000300389351738
0.000235263590117
0.000179539207609
0.000134381050881
0.000100799124136
0.000079613769799
0.000071425207425
0.000076588891169
0.000095197968190
0.000127073863511
0.000171765690999
0.000228558810074
0.000296492433163
0.000374385762549
0.000460871722076
0.000554436974365
0.000653466601403
0.000756291596083
0.000861237179837
0.000966669936366
0.001071041835815
0.001172929412402
0.001271066639530
0.001364370401142
0.001451957863479
0.001533155480940
0.001607499796025
0.001674730589801
0.001734777282432
0.001787739754187
0.001833864942923
0.001873520668079
0.001907168134208
0.001935334485860
0.001958586632678
0.001977507355320
0.001992674458368
0.002004643475633
0.002013934175190
0.002021020873055
0.002026326358970
0.002030219074761
0.002033013070202
0.002034970194001
0.002036303955529
0.002037184510280
0.002037744270715
0.002038083715103
0.002038277050918
0.002038377477712
0.002038421879834
0.002038434856364
0.002038432060178
0.002038422868448
0.002038412442492
0.002038403256807
0.002038396187168
0.002038391248233
0.002038388064819
0.002038386150329
0.002038385053011
0.002038384417477
0.002038383996530
0.002038383637640
0.002038383259757
0.002038382829543
0.002038382341547
0.002038381803796
0.002038381228597
0.002038380627514
0.002038380009252
0.002038379379316
0.002038378740551
0.002038378093973
0.002038377439559
0.002038376776839
0.002038376105270
0.002038375424425
0.002038374734046
0.002038374034029
0.002038373324382
0.002038372605173
0.002038371876485
0.002038371138394
0.002038370390954
0.002038369634187
0.002038368868088
0.002038368092627
0.002038367307757
0.002038366513421
0.002038365709556
0.002038364896101
0.002038364073002
0.002038363240213
0.002038362397701
0.002038361545443
0.002038360683428
0.002038359811659
0.002038358930148
0.002038358038923
0.002038357138018
0.002038356227480
0.002038355307362
0.002038354377722
0.002038353438613
0.002038352490086
0.002038351532178
0.002038350564909
0.002038349588282
0.002038348602277
0.002038347606860
0.002038346601980
0.002038345587581
0.002038344563601
0.002038343529982
0.002038342486672
0.002038341433628
0.002038340370821
0.002038339298232
0.002038338215854
0.002038337123694
0.002038336021768
0.002038334910107
0.002038333788749
0.002038332657743
0.002038331517143
0.002038330367007
0.002038329207388
0.002038328038330
0.002038326859866
0.002038325672008
0.002038324474753
0.002038323268074
0.002038322051930
0.002038320826269
0.002038319591029
0.002038318346151
0.002038317091578
0.002038315827260
0.002038314553159
0.002038313269249
0.002038311975515
0.002038310671955
0.002038309358579
0.002038308035408
0.002038306702474
0.002038305359821
0.002038304007499
0.002038302645563
0.002038301274069
0.002038299893067
0.002038298502599
0.002038297102689
0.002038295693345
0.002038294274553
0.002038292846283
0.002038291408487
0.002038289961110
0.002038288504089
0.002038287037366
0.002038285560885
0.002038284074601
0.002038282578478
0.002038281072495
0.002038279556642
0.002038278030919
0.002038276495341
0.002038274949933
0.002038273394731
0.002038271829780
0.002038270255132
0.002038268670842
0.002038267076967
0.002038265473551
0.002038263860631
0.002038262238226
0.002038260606334
0.002038258964937
0.002038257313997
0.002038255653463
0.002038253983277
0.002038252303375
0.002038250613700
0.002038248914200
0.002038247204831
0.002038245485564
0.002038243756381
0.002038242017274
0.002038240268250
0.002038238509327
0.002038236740533
0.002038234961906
0.002038233173496
0.002038231375354
0.002038229567537
0.002038227750097
0.002038225923076
0.002038224086505
0.002038222240394
0.002038220384738
0.002038218519508
0.002038216644662
0.002038214760147
0.002038212865900
0.002038210961860
0.002038209047970
