0.002038208923226
0.002038210836549
0.002038212740099
0.002038214633979
0.002038216518285
0.002038218393100
0.002038220258488
0.002038222114481
0.002038223961084
0.002038225798270
0.002038227625983
0.002038229444146
0.002038231252669
0.002038233051452
0.002038234840400
0.002038236619427
0.002038238388461
0.002038240147451
0.002038241896368
0.002038243635204
0.002038245363977
0.002038247082729
0.002038248791521
0.002038250490434
0.002038252179562
0.002038253859009
0.002038255528874
0.002038257189253
0.002038258840222
0.002038260481834
0.002038262114113
0.002038263737053
0.002038265350615
0.002038266954736
0.002038268549334
0.002038270134312
0.002038271709572
0.002038273275021
0.002038274830576
0.002038276376172
0.002038277911762
0.002038279437326
0.002038280952863
0.002038282458400
0.002038283953985
0.002038285439685
0.002038286915587
0.002038288381788
0.002038289838392
0.002038291285498
0.002038292723194
0.002038294151552
0.002038295570614
0.002038296980394
0.002038298380875
0.002038299772009
0.002038301153724
0.002038302525933
0.002038303888538
0.002038305241440
0.002038306584548
0.002038307917784
0.002038309241089
0.002038310554424
0.002038311857775
0.002038313151150
0.002038314434583
0.002038315708127
0.002038316971858
0.002038318225866
0.002038319470252
0.002038320705117
0.002038321930559
0.002038323146661
0.002038324353485
0.002038325551064
0.002038326739402
0.002038327918470
0.002038329088212
0.002038330248550
0.002038331399390
0.002038332540633
0.002038333672182
0.002038334793949
0.002038335905862
0.002038337007868
0.002038338099934
0.002038339182055
0.002038340254246
0.002038341316547
0.002038342369021
0.002038343411746
0.002038344444819
0.002038345468339
0.002038346482410
0.002038347487123
0.002038348482557
0.002038349468762
0.002038350445763
0.002038351413551
0.002038352372087
0.002038353321307
0.002038354261123
0.002038355191438
0.002038356112149
0.002038357023156
0.002038357924369
0.002038358815710
0.002038359697118
0.002038360568544
0.002038361429954
0.002038362281319
0.002038363122605
0.002038363953763
0.002038364774700
0.002038365585253
0.002038366385142
0.002038367173904
0.002038367950809
0.002038368714733
0.002038369463995
0.002038370196123
0.002038370907529
0.002038371593067
0.002038372245408
0.002038372854178
0.002038373404771
0.002038373876708
0.002038374241392
0.002038374459057
0.002038374474627
0.002038374212148
0.002038373567318
0.002038372397549
0.002038370508792
0.002038367638181
0.002038363431290
0.002038357412511
0.002038348946688
0.002038337189716
0.002038321025325
0.002038298984690
0.002038269144831
0.002038229001056
0.002038175307885
0.002038103882013
0.002038009360012
0.002037884902534
0.002037721835983
0.002037509221859
0.002037233343506
0.002036877099731
0.002036419295022
0.002035833816840
0.002035088692010
0.002034145016662
0.002032955757664
0.002031464428337
0.002029603647425
0.002027293598122
0.002024440413413
0.002020934525107
0.002016649026643
0.002011438113822
0.002005135682698
0.001997554179419
0.001988483812138
0.001977692249297
0.001964924940521
0.001949906204779
0.001932341233963
0.001911919157122
0.001888317299747
0.001861206752420
0.001830259332560
0.001795155981176
0.001755596583149
0.001711311134897
0.001662072108499
0.001607707778404
0.001548116188628
0.001483279348802
0.001413277161235
0.001338300503920
0.001258662832082
0.001174809619822
0.001087324949665
0.000996934576895
0.000904504851802
0.000811036979203
0.000717656231365
0.000625595906185
0.000536176032457
0.000450777061042
0.000370809034635
0.000297676987044
0.000232743571041
0.000177290136421
0.000132477661223
0.000099309064266
0.000078594483715
0.000070921084602
0.000076628853016
0.000095793645444
0.000128218493885
0.000173433831244
0.000230706913154
0.000299060291984
0.000377298769876
0.000464043845529
0.000557774299471
0.000656871258115
0.000759665857992
0.000864487512785
0.000969710775552
0.001073798887737
0.001175342309181
0.001273090815797
0.001365978114779
0.001453138336997
0.001533914196053
0.001607857025718
0.001674719296174
0.001734440541686
0.001787127890221
0.001833032557215
0.001872523746069
0.001906061388678
0.001934169068166
0.001957408306147
0.001976355185131
0.001991580032203
0.002003630632506
0.002013019188767
0.002020213012342
0.002025628734453
0.002029629672157
0.002032525876191
0.002034576327459
0.002035992732083
0.002036944385472
0.002037563625848
0.002037951467997
0.002038183090028
0.002038312931200
0.002038379240808
0.002038407991286
0.002038416129857
0.002038414190407
0.002038408320653
0.002038401800103
0.002038396133613
0.002038391805829
0.002038388775918
0.002038386782102
0.002038385513612
0.002038384695396
0.002038384119456
0.002038383646686
0.002038383195005
0.002038382723354
0.002038382216712
0.002038381674362
0.002038381101851
0.002038380506173
0.002038379893367
0.002038379267686
0.002038378631633
0.002038377986378
0.002038377332251
0.002038376669163
0.002038375996883
0.002038375315208
0.002038374624021
0.002038373923299
0.002038373213091
0.002038372493482
0.002038371764564
0.002038371026414
0.002038370279076
0.002038369522560
0.002038368756841
0.002038367981860
0.002038367197536
0.002038366403770
0.002038365600460
0.002038364787505
0.002038363964813
0.002038363132309
0.002038362289936
0.002038361437659
0.002038360575469
0.002038359703378
0.002038358821423
0.002038357929664
0.002038357028177
0.002038356117055
0.002038355196396
0.002038354266300
0.002038353326858
0.002038352378145
0.002038351420210
0.002038350453075
0.002038349476729
0.002038348491132
0.002038347496215
0.002038346491892
0.002038345478062
0.002038344454624
0.002038343421480
0.002038342378541
0.002038341325739
0.002038340263024
0.002038339190368
0.002038338107769
0.002038337015248
0.002038335912848
0.002038334800635
0.002038333678691
0.002038332547111
0.002038331405994
0.002038330255437
0.002038329095528
0.002038327926332
0.002038326747891
0.002038325560213
0.002038324363279
0.002038323157038
0.002038321941414
0.002038320716315
0.002038319481640
0.002038318237285
0.002038316983157
0.002038315719173
0.002038314445269
0.002038313161403
0.002038311867555
0.002038310563730
0.002038309249956
0.002038307926285
0.002038306592786
0.002038305249547
0.002038303896665
0.002038302534239
0.002038301162363
0.002038299781117
0.002038298390559
0.002038296990720
0.002038295581600
0.002038294163167
0.002038292735361
0.002038291298100
0.002038289851288
0.002038288394822
0.002038286928601
0.002038285452533
0.002038283966543
0.002038282470571
0.002038280964585
0.002038279448571
0.002038277922541
0.002038276386532
0.002038274840602
0.002038273284825
0.002038271719293
0.002038270144103
0.002038268559355
0.002038266965137
0.002038265361524
0.002038263748563
0.002038262126276
0.002038260494651
0.002038258853647
0.002038257203194
0.002038255543207
0.002038253873584
0.002038252194223
0.002038250505025
0.002038248805904
0.002038247096787
0.002038245377625
0.002038243648390
0.002038241909077
0.002038240159707
0.002038238400323
0.002038236630987
0.002038234851782
0.002038233062800
0.002038231264139
0.002038229455897
0.002038227638157
0.002038225810986
0.002038223974422
0.002038222128476
0.002038220273125
0.002038218408318
0.002038216533980
0.002038214650018
0.002038212756331
0.002038210852814
0.002038208939374
