0.002038219788051
0.002038221702752
0.002038223607633
0.002038225502690
0.002038227387927
0.002038229263351
0.002038231128974
0.002038232984815
0.002038234830894
0.002038236667232
0.002038238493845
0.002038240310749
0.002038242117950
0.002038243915452
0.002038245703255
0.002038247481353
0.002038249249743
0.002038251008418
0.002038252757375
0.002038254496609
0.002038256226116
0.002038257945888
0.002038259655920
0.002038261356201
0.002038263046725
0.002038264727483
0.002038266398475
0.002038268059700
0.002038269711170
0.002038271352897
0.002038272984901
0.002038274607203
0.002038276219821
0.002038277822774
0.002038279416074
0.002038280999726
0.002038282573734
0.002038284138095
0.002038285692804
0.002038287237858
0.002038288773251
0.002038290298979
0.002038291815037
0.002038293321421
0.002038294818123
0.002038296305134
0.002038297782445
0.002038299250047
0.002038300707932
0.002038302156098
0.002038303594549
0.002038305023293
0.002038306442347
0.002038307851729
0.002038309251462
0.002038310641564
0.002038312022052
0.002038313392936
0.002038314754221
0.002038316105909
0.002038317447996
0.002038318780478
0.002038320103351
0.002038321416609
0.002038322720250
0.002038324014268
0.002038325298657
0.002038326573408
0.002038327838513
0.002038329093960
0.002038330339738
0.002038331575841
0.002038332802267
0.002038334019019
0.002038335226110
0.002038336423555
0.002038337611376
0.002038338789592
0.002038339958223
0.002038341117284
0.002038342266784
0.002038343406726
0.002038344537111
0.002038345657936
0.002038346769195
0.002038347870885
0.002038348963001
0.002038350045540
0.002038351118497
0.002038352181865
0.002038353235634
0.002038354279793
0.002038355314330
0.002038356339235
0.002038357354500
0.002038358360123
0.002038359356108
0.002038360342464
0.002038361319206
0.002038362286344
0.002038363243886
0.002038364191829
0.002038365130153
0.002038366058818
0.002038366977751
0.002038367886843
0.002038368785929
0.002038369674775
0.002038370553039
0.002038371420241
0.002038372275694
0.002038373118431
0.002038373947093
0.002038374759782
0.002038375553863
0.002038376325699
0.002038377070293
0.002038377780813
0.002038378447956
0.002038379059106
0.002038379597229
0.002038380039410
0.002038380354958
0.002038380502928
0.002038380428925
0.002038380060984
0.002038379304278
0.002038378034364
0.002038376088592
0.002038373255216
0.002038369259670
0.002038363747334
0.002038356261999
0.002038346219074
0.002038332872423
0.002038315273483
0.002038292221144
0.002038262200569
0.002038223308922
0.002038173165615
0.002038108804469
0.002038026544779
0.002037921838059
0.002037789086876
0.002037621431976
0.002037410503656
0.002037146133248
0.002036816020508
0.002036405352865
0.002035896372749
0.002035267889758
0.002034494735191
0.002033547157618
0.002032390159600
0.002030982777607
0.002029277309515
0.002027218496942
0.002024742673069
0.002021776890507
0.002018238048209
0.002014032041373
0.002009052963589
0.002003182396136
0.001996288825129
0.001988227232934
0.001978838915754
0.001967951584093
0.001955379806782
0.001940925861796
0.001924381057990
0.001905527590522
0.001884140988777
0.001859993208591
0.001832856410087
0.001802507448195
0.001768733084734
0.001731335908624
0.001690140924624
0.001645002741081
0.001595813254216
0.001542509691146
0.001485082837291
0.001423585237259
0.001358139123447
0.001288943795115
0.001216282144604
0.001140526008735
0.001062140014270
0.000981683588689
0.000899810823033
0.000817267903803
0.000734887876563
0.000653582565522
0.000574331550343
0.000498168192682
0.000426162808359
0.000359403193535
0.000298972831144
0.000245927222317
0.000201268901515
0.000165921797829
0.000140705692559
0.000126311589022
0.000123278849273
0.000131974959573
0.000152578758538
0.000185067897124
0.000229211197616
0.000284566441143
0.000350483943659
0.000426116084130
0.000510432733308
0.000602242305676
0.000700217931023
0.000802928026219
0.000908870353042
0.001016508484593
0.001124309480173
0.001230781494054
0.001334510022636
0.001434191529786
0.001528663281484
0.001616928365153
0.001698175060061
0.001771789954373
0.001837364460779
0.001894694653773
0.001943774624142
0.001984783806613
0.002018068972068
0.002044121774910
0.002063552899736
0.002077063952786
0.002085418288976
0.002089411954069
0.002089845856267
0.002087500167449
0.002083111799297
0.002077355613302
0.002070829816956
0.002064045782885
0.002057422314565
0.002051284182071
0.002045864573505
0.002041310959567
0.002037693755908
0.002035017093478
0.002033230972229
0.002032244077114
0.002031936574361
0.002032172275900
0.002032809654739
0.002033711307169
0.002034751581852
0.002035822223530
0.002036836003415
0.002037728422618
0.002038457673773
0.002039003124819
0.002039362644686
0.002039549121739
0.002039586532258
0.002039505899417
0.002039341445937
0.002039127189947
0.002038894168459
0.002038668401716
0.002038469640116
0.002038310868817
0.002038198488058
0.002038133043401
0.002038110351763
0.002038122857189
0.002038161054226
0.002038214834538
0.002038274641105
0.002038332350067
0.002038381838947
0.002038419237559
0.002038442890687
0.002038453086965
0.002038451624486
0.002038441290001
0.002038425325592
0.002038406946061
0.002038388953979
0.002038373480185
0.002038361857966
0.002038354621631
0.002038351606565
0.002038352119144
0.002038355141566
0.002038359538293
0.002038364236495
0.002038368361240
0.002038371315733
0.002038372806143
0.002038372818331
0.002038371559152
0.002038369377759
0.002038366682293
0.002038363865167
0.002038361246402
0.002038359039952
0.002038357343559
0.002038356148966
0.002038355366738
0.002038354858809
0.002038354471940
0.002038354066494
0.002038353536763
0.002038352821243
0.002038351903207
0.002038350803512
0.002038349568481
0.002038348255987
0.002038346922550
0.002038345613495
0.002038344357283
0.002038343164140
0.002038342028331
0.002038340932868
0.002038339855283
0.002038338773142
0.002038337668332
0.002038336529564
0.002038335353006
0.002038334141314
0.002038332901615
0.002038331643049
0.002038330374468
0.002038329102704
0.002038327831640
0.002038326562096
0.002038325292367
0.002038324019172
0.002038322738705
0.002038321447572
0.002038320143417
0.002038318825185
0.002038317493047
0.002038316148066
0.002038314791758
0.002038313425638
0.002038312050886
0.002038310668153
0.002038309277542
0.002038307878713
0.002038306471068
0.002038305053954
0.002038303626830
0.002038302189370
0.002038300741493
0.002038299283324
0.002038297815121
0.002038296337176
0.002038294849740
0.002038293352973
0.002038291846920
0.002038290331528
0.002038288806681
0.002038287272238
0.002038285728069
0.002038284174085
0.002038282610241
0.002038281036537
0.002038279453004
0.002038277859684
0.002038276256620
0.002038274643843
0.002038273021369
0.002038271389204
0.002038269747343
0.002038268095779
0.002038266434509
0.002038264763534
0.002038263082861
0.002038261392500
0.002038259692463
0.002038257982758
0.002038256263391
0.002038254534361
0.002038252795661
0.002038251047277
0.002038249289190
0.002038247521376
0.002038245743811
0.002038243956468
0.002038242159324
0.002038240352362
0.002038238535571
0.002038236708950
0.002038234872505
0.002038233026249
0.002038231170200
0.002038229304378
0.002038227428799
0.002038225543479
0.002038223648427
0.002038221743649
0.002038219829145
