0.002038207986914
0.002038209901781
0.002038211807173
0.002038213703045
0.002038215589334
0.002038217465963
0.002038219332847
0.002038221189903
0.002038223037055
0.002038224874239
0.002038226701408
0.002038228518534
0.002038230325609
0.002038232122645
0.002038233909675
0.002038235686751
0.002038237453941
0.002038239211325
0.002038240958993
0.002038242697033
0.002038244425528
0.002038246144548
0.002038247854141
0.002038249554335
0.002038251245126
0.002038252926487
0.002038254598366
0.002038256260694
0.002038257913390
0.002038259556368
0.002038261189546
0.002038262812853
0.002038264426228
0.002038266029631
0.002038267623039
0.002038269206452
0.002038270779887
0.002038272343385
0.002038273897003
0.002038275440814
0.002038276974902
0.002038278499355
0.002038280014262
0.002038281519701
0.002038283015736
0.002038284502409
0.002038285979735
0.002038287447703
0.002038288906277
0.002038290355398
0.002038291794991
0.002038293224973
0.002038294645257
0.002038296055766
0.002038297456428
0.002038298847192
0.002038300228020
0.002038301598898
0.002038302959831
0.002038304310846
0.002038305651986
0.002038306983316
0.002038308304912
0.002038309616860
0.002038310919250
0.002038312212167
0.002038313495685
0.002038314769861
0.002038316034728
0.002038317290292
0.002038318536533
0.002038319773406
0.002038321000846
0.002038322218773
0.002038323427103
0.002038324625750
0.002038325814638
0.002038326993701
0.002038328162892
0.002038329322181
0.002038330471560
0.002038331611040
0.002038332740655
0.002038333860455
0.002038334970508
0.002038336070895
0.002038337161703
0.002038338243021
0.002038339314932
0.002038340377504
0.002038341430785
0.002038342474801
0.002038343509548
0.002038344534997
0.002038345551094
0.002038346557769
0.002038347554939
0.002038348542518
0.002038349520423
0.002038350488580
0.002038351446929
0.002038352395427
0.002038353334052
0.002038354262800
0.002038355181691
0.002038356090763
0.002038356990071
0.002038357879687
0.002038358759691
0.002038359630166
0.002038360491195
0.002038361342843
0.002038362185156
0.002038363018148
0.002038363841792
0.002038364656012
0.002038365460668
0.002038366255549
0.002038367040344
0.002038367814613
0.002038368577732
0.002038369328812
0.002038370066569
0.002038370789144
0.002038371493820
0.002038372176628
0.002038372831768
0.002038373450790
0.002038374021417
0.002038374525903
0.002038374938710
0.002038375223280
0.002038375327557
0.002038375177815
0.002038374670207
0.002038373659278
0.002038371942412
0.002038369238960
0.002038365162366
0.002038359183210
0.002038350580545
0.002038338378235
0.002038321262286
0.002038297474258
0.002038264674853
0.002038219770673
0.002038158695919
0.002038076139535
0.002037965207020
0.002037817004873
0.002037620134587
0.002037360082301
0.002037018489846
0.002036572293230
0.002035992715705
0.002035244104830
0.002034282606531
0.002033054674452
0.002031495420062
0.002029526818320
0.002027055795352
0.002023972238614
0.002020146986337
0.002015429871433
0.002009647915020
0.002002603785523
0.001994074660010
0.001983811643664
0.001971539919531
0.001956959812053
0.001939748952483
0.001919565729806
0.001896054195422
0.001868850561471
0.001837591390107
0.001801923513115
0.001761515648241
0.001716071591198
0.001665344762844
0.001609153782877
0.001547398629262
0.001480076832663
0.001407299054262
0.001329303311582
0.001246467058231
0.001159316297977
0.001068530928197
0.000974945568223
0.000879545237717
0.000783455409624
0.000687926168741
0.000594310454337
0.000504036643667
0.000418576029496
0.000339406042889
0.000267970354550
0.000205637235072
0.000153657748258
0.000113125475613
0.000084939510981
0.000069772413318
0.000068044659746
0.000079906903175
0.000105231018665
0.000143610535706
0.000194370620834
0.000256587321277
0.000329115332915
0.000410623142351
0.000499634039215
0.000594571223176
0.000693805057415
0.000795700456574
0.000898662445157
0.001001178076928
0.001101853154837
0.001199442515993
0.001292873024191
0.001381258817562
0.001463908764764
0.001540326464281
0.001610203456033
0.001673406585074
0.001729960651964
0.001780027597831
0.001823883504713
0.001861894649532
0.001894493743601
0.001922157332967
0.001945385143914
0.001964681949066
0.001980542318216
0.001993438417980
0.002003810846528
0.002012062341817
0.002018554088328
0.002023604269787
0.002027488472102
0.002030441528436
0.002032660411629
0.002034307812287
0.002035516087503
0.002036391319513
0.002037017280395
0.002037459154041
0.002037766916786
0.002037978321342
0.002038121463864
0.002038216940975
0.002038279622655
0.002038320079140
0.002038345706346
0.002038361596205
0.002038371196827
0.002038376803761
0.002038379918635
0.002038381506037
0.002038382173973
0.002038382298194
0.002038382106158
0.002038381732576
0.002038381255404
0.002038380718653
0.002038380146525
0.002038379551955
0.002038378941655
0.002038378319005
0.002038377685659
0.002038377042411
0.002038376389642
0.002038375727533
0.002038375056175
0.002038374375605
0.002038373685822
0.002038372986802
0.002038372278493
0.002038371560824
0.002038370833713
0.002038370097071
0.002038369350810
0.002038368594851
0.002038367829126
0.002038367053585
0.002038366268197
0.002038365472950
0.002038364667855
0.002038363852942
0.002038363028261
0.002038362193878
0.002038361349871
0.002038360496325
0.002038359633325
0.002038358760952
0.002038357879271
0.002038356988327
0.002038356088140
0.002038355178704
0.002038354259984
0.002038353331926
0.002038352394453
0.002038351447481
0.002038350490920
0.002038349524685
0.002038348548698
0.002038347562899
0.002038346567242
0.002038345561703
0.002038344546278
0.002038343520983
0.002038342485855
0.002038341440950
0.002038340386337
0.002038339322097
0.002038338248316
0.002038337165078
0.002038336072459
0.002038334970517
0.002038333859288
0.002038332738785
0.002038331608990
0.002038330469862
0.002038329321338
0.002038328163337
0.002038326995772
0.002038325818555
0.002038324631601
0.002038323434838
0.002038322228210
0.002038321011679
0.002038319785226
0.002038318548853
0.002038317302585
0.002038316046464
0.002038314780551
0.002038313504918
0.002038312219650
0.002038310924831
0.002038309620543
0.002038308306857
0.002038306983824
0.002038305651471
0.002038304309801
0.002038302958787
0.002038301598381
0.002038300228511
0.002038298849095
0.002038297460044
0.002038296061269
0.002038294652690
0.002038293234240
0.002038291805867
0.002038290367540
0.002038288919247
0.002038287460998
0.002038285992822
0.002038284514769
0.002038283026902
0.002038281529299
0.002038280022044
0.002038278505223
0.002038276978911
0.002038275443175
0.002038273898058
0.002038272343578
0.002038270779728
0.002038269206473
0.002038267623756
0.002038266031501
0.002038264429622
0.002038262818029
0.002038261196637
0.002038259565367
0.002038257924159
0.002038256272966
0.002038254611764
0.002038252940547
0.002038251259333
0.002038249568156
0.002038247867071
0.002038246156147
0.002038244435464
0.002038242705106
0.002038240965156
0.002038239215688
0.002038237456759
0.002038235688405
0.002038233910636
0.002038232123434
0.002038230326755
0.002038228520537
0.002038226704698
0.002038224879150
0.002038223043804
0.002038221198576
0.002038219343393
0.002038217478199
0.002038215602954
0.002038213717640
0.002038211822260
0.002038209916835
0.002038208001407
