0.002724687577847
0.002723378257580
0.002722447003446
0.002721938975849
0.002721882142524
0.002722285882627
0.002723140355502
0.002724416669359
0.002726067851954
0.002728030591835
0.002730227686072
0.002732571100148
0.002734965519013
0.002737312246426
0.002739513293527
0.002741475487888
0.002743114431486
0.002744358140413
0.002745150210436
0.002745452370528
0.002745246310363
0.002744534696684
0.002743341326225
0.002741710398205
0.002739704925829
0.002737404342285
0.002734901390888
0.002732298419884
0.002729703228605
0.002727224632156
0.002724967925542
0.002723030434609
0.002721497339937
0.002720437950868
0.002719902590474
0.002719920229056
0.002720496974538
0.002721615494117
0.002723235403950
0.002725294624160
0.002727711656489
0.002730388703235
0.002733215510286
0.002736073785515
0.002738842018051
0.002741400504913
0.002743636380249
0.002745448439355
0.002746751555098
0.002747480498203
0.002747592994576
0.002747071881719
0.002745926261199
0.002744191583789
0.002741928646671
0.002739221526364
0.002736174514970
0.002732908169178
0.002729554619430
0.002726252319274
0.002723140440602
0.002720353138277
0.002718013916603
0.002716230329755
0.002715089238525
0.002714652826837
0.002714955554036
0.002716002183896
0.002717766990097
0.002720194191870
0.002723199624656
0.002726673600738
0.002730484865863
0.002734485511942
0.002738516664821
0.002742414731568
0.002746017965276
0.002749173088127
0.002751741706349
0.002753606254085
0.002754675217149
0.002754887411826
0.002754215127447
0.002752665983273
0.002750283398750
0.002747145629644
0.002743363378887
0.002739076047997
0.002734446750435
0.002729656260018
0.002724896113418
0.002720361123891
0.002716241592148
0.002712715518269
0.002709941125001
0.002708049997098
0.002707141123623
0.002707276100725
0.002708475712339
0.002710718056812
0.002713938330409
0.002718030316046
0.002722849559792
0.002728218151075
0.002733930957786
0.002739763107035
0.002745478448694
0.002750838694129
0.002755612888776
0.002759586855767
0.002762572239934
0.002764414787657
0.002765001518379
0.002764266477589
0.002762194807817
0.002758824932090
0.002754248711521
0.002748609512815
0.002742098199947
0.002734947144159
0.002727422424791
0.002719814467375
0.002712427431912
0.002705567720794
0.002699532019919
0.002694595316385
0.002690999350175
0.002688941954583
0.002688567720471
0.002689960383055
0.002693137277702
0.002698046144699
0.002704564484187
0.002712501573892
0.002721603167071
0.002731558789246
0.002742011453502
0.002752569518780
0.002762820327296
0.002772345179233
0.002780735138318
0.002787607113390
0.002792619630823
0.002795487702178
0.002795996201736
0.002794011199767
0.002789488749054
0.002782480693121
0.002773137152907
0.002761705451735
0.002748525353298
0.002734020610388
0.002718686949397
0.002703076742934
0.002687780746088
0.002673407386633
0.002660560201751
0.002649814100006
0.002641691193922
0.002636636993016
0.002634997767360
0.002636999886368
0.002642731906104
0.002652130121169
0.002664968215314
0.002680851540394
0.002699216428654
0.002719334802189
0.002740324189625
0.002761163098192
0.002780711524102
0.002797736220656
0.002810940186724
0.002818995693190
0.002820580036290
0.002814413098768
0.002799295716114
0.002774147788936
0.002738045055956
0.002690253446616
0.002630259968402
0.002557799151181
0.002472874167851
0.002375771875020
0.002267071166237
0.002147644199510
0.002018650245989
0.001881522102622
0.001737945212907
0.001589829840844
0.001439276838102
0.001288537727654
0.001139969993288
0.000995988608646
0.000859014957298
0.000731424383422
0.000615493667877
0.000513349745183
0.000426920962104
0.000357892128307
0.000307664525060
0.000277321921213
0.000267603499749
0.000278884426953
0.000311164604158
0.000364065934480
0.000436838219380
0.000528373578475
0.000637229066621
0.000761656951145
0.000899641914818
0.001048944272404
0.001207148135014
0.001371713331524
0.001540029803112
0.001709473128303
0.001877459813111
0.002041500994581
0.002199253255723
0.002348565334025
0.002487519621865
0.002614467502008
0.002728057730655
0.002827257269520
0.002911364171714
0.002980012338125
0.003033168175554
0.003071119399154
0.003094456423857
0.003104046976969
0.003101004731895
0.003086652906514
0.003062483885430
0.003030116010148
0.002991248733290
0.002947617351162
0.002900948513312
0.002852917659096
0.002805109451516
0.002758982170570
0.002715836895430
0.002676792151316
0.002642764527556
0.002614455593308
0.002592345252035
0.002576691490629
0.002567536299418
0.002564717370320
0.002567885026822
0.002576523705579
0.002589977198690
0.002607476780970
0.002628171289828
0.002651158197658
0.002675514718303
0.002700328019350
0.002724723669305
0.002747891530689
0.002769108413711
0.002787756926866
0.002803340096237
0.002815491470133
0.002823980575166
0.002828713739197
0.002829730441184
0.002827195483337
0.002821387403160
0.002812683648355
0.002801543123246
0.002788486779191
0.002774076961703
0.002758896243238
0.002743526462659
0.002728528661295
0.002714424552762
0.002701680091616
0.002690691617299
0.002681774948036
0.002675157688062
0.002670974894679
0.002669268133286
0.002669987832547
0.002672998742214
0.002678088196259
0.002684976797059
0.002693331064983
0.002702777544000
0.002712917819131
0.002723343886525
0.002733653321651
0.002743463714911
0.002752425885601
0.002760235442756
0.002766642332544
0.002771458093798
0.002774560632795
0.002775896422263
0.002775480124367
0.002773391729721
0.002769771391149
0.002764812208960
0.002758751291375
0.002751859467319
0.002744430067429
0.002736767211839
0.002729174049526
0.002721941384053
0.002715337094914
0.002709596723900
0.002704915543476
0.002701442361494
0.002699275245956
0.002698459277922
0.002698986362765
0.002700797052808
0.002703784260673
0.002707798675165
0.002712655632452
0.002718143146815
0.002724030768799
0.002730078915381
0.002736048307333
0.002741709153369
0.002746849738558
0.002751284104776
0.002754858552444
0.002757456743554
0.002759003244012
0.002759465406254
0.002758853558468
0.002757219532091
0.002754653622010
0.002751280131848
0.002747251707642
0.002742742705399
0.002737941869994
0.002733044623537
0.002728245270272
0.002723729421919
0.002719666932717
0.002716205607824
0.002713465913525
0.002711536874262
0.002710473291807
0.002710294367821
0.002710983754855
0.002712491004703
0.002714734329088
0.002717604538043
0.002720969977818
0.002724682254362
0.002728582501633
0.002732507937037
0.002736298439761
0.002739802891655
0.002742885034382
0.002745428620018
0.002747341664126
0.002748559649143
0.002749047570069
0.002748800762152
0.002747844499544
0.002746232402804
0.002744043739800
0.002741379747059
0.002738359135471
0.002735112973992
0.002731779166602
0.002728496750471
0.002725400246755
0.002722614289628
0.002720248744456
0.002718394503129
0.002717120114524
0.002716469372170
0.002716459940913
0.002717083061496
0.002718304328040
0.002720065490453
0.002722287193248
0.002724872525948
0.002727711229382
0.002730684378063
0.002733669342259
0.002736544824901
0.002739195768439
0.002741517934872
0.002743421978221
0.002744836851766
0.002745712421477
0.002746021191025
0.002745759081027
0.002744945244337
0.002743620938517
0.002741847514618
0.002739703616472
0.002737281715541
0.002734684131669
0.002732018709061
0.002729394328553
0.002726916441563
