0.002718291341898
0.002717307114881
0.002716765903895
0.002716698104589
0.002717114777900
0.002718006935764
0.002719345655330
0.002721083026297
0.002723153901332
0.002725478385850
0.002727964971937
0.002730514193445
0.002733022656261
0.002735387280578
0.002737509581392
0.002739299809928
0.002740680782494
0.002741591234268
0.002741988553359
0.002741850774533
0.002741177741234
0.002739991377919
0.002738335050847
0.002736272032867
0.002733883125006
0.002731263523033
0.002728519049458
0.002725761898968
0.002723106067192
0.002720662647745
0.002718535190170
0.002716815311214
0.002715578743821
0.002714881992422
0.002714759740280
0.002715223125506
0.002716258968137
0.002717829992566
0.002719876049367
0.002722316299495
0.002725052283900
0.002727971764259
0.002730953187389
0.002733870598374
0.002736598806738
0.002739018596940
0.002741021769843
0.002742515805757
0.002743427952210
0.002743708560365
0.002743333522151
0.002742305694781
0.002740655238985
0.002738438840451
0.002735737829059
0.002732655255494
0.002729312028159
0.002725842253031
0.002722387953628
0.002719093376129
0.002716099104670
0.002713536223024
0.002711520760728
0.002710148653939
0.002709491434202
0.002709592832329
0.002710466450696
0.002712094616677
0.002714428484244
0.002717389401584
0.002720871512015
0.002724745505340
0.002728863389202
0.002733064106857
0.002737179790861
0.002741042413036
0.002744490571058
0.002747376141921
0.002749570533071
0.002750970273219
0.002751501706480
0.002751124584880
0.002749834394326
0.002747663296421
0.002744679621218
0.002740985902313
0.002736715503218
0.002732027940672
0.002727103064119
0.002722134298847
0.002717321201323
0.002712861607294
0.002708943674865
0.002705738134998
0.002703391060091
0.002702017447355
0.002701695887895
0.002702464555598
0.002704318703230
0.002707209798279
0.002711046369962
0.002715696573673
0.002720992412460
0.002726735489365
0.002732704102186
0.002738661435956
0.002744364560279
0.002749573900841
0.002754062828326
0.002757626995068
0.002760093050654
0.002761326382646
0.002761237557449
0.002759787178090
0.002756988929240
0.002752910643226
0.002747673292051
0.002741447886889
0.002734450345586
0.002726934467350
0.002719183229127
0.002711498687409
0.002704190829442
0.002697565766867
0.002691913700376
0.002687497104653
0.002684539587339
0.002683215863674
0.002683643259735
0.002685875112522
0.002689896375769
0.002695621668046
0.002702895916794
0.002711497661066
0.002721144980098
0.002731503917518
0.002742199175689
0.002752826764551
0.002762968207914
0.002772205840389
0.002780138672899
0.002786398266198
0.002790664031907
0.002792677380351
0.002792254154568
0.002789294829981
0.002783792018697
0.002775834894525
0.002765610247593
0.002753399983093
0.002739574993963
0.002724585458710
0.002708947739075
0.002693228173943
0.002678024181599
0.002663943188275
0.002651579993149
0.002641493255205
0.002634181842734
0.002630061819548
0.002629444851403
0.002632518800952
0.002639331239489
0.002649776539523
0.002663587125261
0.002680329350474
0.002699404347894
0.002720054054656
0.002741372468314
0.002762322031996
0.002781754889938
0.002798438600633
0.002811085748971
0.002818386765486
0.002819045144440
0.002811814156860
0.002795534082867
0.002769168942514
0.002731841687527
0.002682866828973
0.002621779518063
0.002548360168400
0.002462653806425
0.002364983460233
0.002255957042230
0.002136467344478
0.002007684942660
0.001871043990620
0.001728221077224
0.001581107505665
0.001431775536904
0.001282439308629
0.001135411294039
0.000993055296491
0.000857737082727
0.000731773835792
0.000617383656503
0.000516636357778
0.000431406778633
0.000363331794361
0.000313772117567
0.000283779873184
0.000274072792374
0.000285015708737
0.000316609859924
0.000368490303212
0.000439931550191
0.000529861318736
0.000636882095588
0.000759300005541
0.000895160298840
0.001042288601803
0.001198336931461
0.001360833356924
0.001527234101482
0.001694976822364
0.001861533781155
0.002024463627642
0.002181460562920
0.002330399722724
0.002469377726931
0.002596747473118
0.002711146407162
0.002811517677909
0.002897123771032
0.002967552414218
0.003022714746292
0.003062835941442
0.003088438670912
0.003100319963220
0.003099522185506
0.003087299008634
0.003065077333678
0.003034416244443
0.002996964107767
0.002954414969146
0.002908465385547
0.002860772800625
0.002812916501360
0.002766362101731
0.002722430381315
0.002682271168441
0.002646842802860
0.002616897546478
0.002592973137439
0.002575390507768
0.002564257512952
0.002559478358055
0.002560768253900
0.002567672702491
0.002579590696941
0.002595801030517
0.002615490844264
0.002637785504479
0.002661778890586
0.002686563190527
0.002711257343623
0.002735033338048
0.002757139659196
0.002776921293094
0.002793835811974
0.002807465203126
0.002817523242896
0.002823858360675
0.002826452078572
0.002825413246771
0.002820968418496
0.002813448818197
0.002803274449134
0.002790935959344
0.002776974936176
0.002761963328134
0.002746482698187
0.002731103995448
0.002716368493184
0.002702770482321
0.002690742233281
0.002680641648002
0.002672742921713
0.002667230423994
0.002664195894711
0.002663638936377
0.002665470674154
0.002669520351643
0.002675544538100
0.002683238543566
0.002692249575043
0.002702191120968
0.002712658024025
0.002723241694333
0.002733544925980
0.002743195809060
0.002751860275304
0.002759252876167
0.002765145465426
0.002769373541081
0.002771840090642
0.002772516876407
0.002771443189788
0.002768722192982
0.002764515049077
0.002759033115440
0.002752528537431
0.002745283628149
0.002737599453745
0.002729784061761
0.002722140791799
0.002714957093825
0.002708494250349
0.002702978356038
0.002698592853767
0.002695472861894
0.002693701456284
0.002693307994847
0.002694268495163
0.002696507999768
0.002699904791784
0.002704296258239
0.002709486141988
0.002715252877409
0.002721358671610
0.002727558972645
0.002733611959727
0.002739287697662
0.002744376618101
0.002748697022806
0.002752101347457
0.002754480976766
0.002755769460755
0.002755944045608
0.002755025498073
0.002753076267502
0.002750197091771
0.002746522210323
0.002742213397259
0.002737453068105
0.002732436744177
0.002727365177385
0.002722436445367
0.002717838321918
0.002713741211213
0.002710291907087
0.002707608401908
0.002705775924871
0.002704844338720
0.002704826969027
0.002705700883362
0.002707408581231
0.002709861001666
0.002712941705907
0.002716512049488
0.002720417122892
0.002724492213913
0.002728569528847
0.002732484904169
0.002736084245347
0.002739229444692
0.002741803554770
0.002743715026930
0.002744900864356
0.002745328584297
0.002744996932655
0.002743935344232
0.002742202191452
0.002739881911509
0.002737081144721
0.002733924053853
0.002730547023892
0.002727092963158
0.002723705439001
0.002720522884297
0.002717673104532
0.002715268299819
0.002713400792501
0.002712139620040
0.002711528116104
0.002711582561512
0.002712291942891
0.002713618812100
0.002715501195642
0.002717855462016
0.002720580017986
0.002723559673376
0.002726670489480
0.002729784909364
0.002732776959824
0.002735527314791
0.002737928018373
0.002739886682167
0.002741329995078
0.002742206413720
0.002742487936192
0.002742170900222
0.002741275786769
0.002739846050488
0.002737946037480
0.002735658086746
0.002733078943544
0.002730315638964
0.002727481009657
0.002724689044024
