0.002883801518988
0.002882380349874
0.002880595632532
0.002878547781321
0.002876353915920
0.002874141186767
0.002872039430303
0.002870173575585
0.002868656243447
0.002867580973437
0.002867016482422
0.002867002303430
0.002867546077069
0.002868622674824
0.002870175228918
0.002872118033209
0.002874341170088
0.002876716615924
0.002879105488307
0.002881366027516
0.002883361856605
0.002884970042338
0.002886088484522
0.002886642194093
0.002886588079069
0.002885917939115
0.002884659469516
0.002882875188264
0.002880659319400
0.002878132784829
0.002875436568677
0.002872723816358
0.002870151108931
0.002867869407353
0.002866015187331
0.002864702281877
0.002864014915061
0.002864002348446
0.002864675474475
0.002866005583268
0.002867925406890
0.002870332414992
0.002873094205174
0.002876055708016
0.002879047817687
0.002881896970796
0.002884435134186
0.002886509630474
0.002887992230783
0.002888786977527
0.002888836265055
0.002888124799032
0.002886681171784
0.002884576924117
0.002881923106918
0.002878864500174
0.002875571784530
0.002872232083307
0.002869038393591
0.002866178497602
0.002863823985299
0.002862120023440
0.002861176474095
0.002861060898309
0.002861793881403
0.002863346990466
0.002865643528721
0.002868562093549
0.002871942784014
0.002875595748676
0.002879311624503
0.002882873300859
0.002886068356053
0.002888701463201
0.002890606050740
0.002891654532177
0.002891766488639
0.002890914293332
0.002889125803714
0.002886483907921
0.002883122887988
0.002879221743967
0.002874994799965
0.002870680075222
0.002866526041139
0.002862777490295
0.002859661309463
0.002857372970717
0.002856064531003
0.002855834861269
0.002856722714468
0.002858703092987
0.002861687197812
0.002865526043675
0.002870017617184
0.002874917250150
0.002879950689557
0.002884829180015
0.002889265743990
0.002892991757771
0.002895772882907
0.002897423427031
0.002897818274934
0.002896901647950
0.002894692111708
0.002891283451035
0.002886841255944
0.002881595302178
0.002875828050607
0.002869859818359
0.002864031377769
0.002858684905054
0.002854144318787
0.002850696110895
0.002848571775179
0.002847932878445
0.002848859699078
0.002851344182316
0.002855287738938
0.002860504155780
0.002866727605742
0.002873625456902
0.002880815300765
0.002887885364347
0.002894417254683
0.002900009820470
0.002904302814666
0.002906999011292
0.002907883473295
0.002906838785937
0.002903855257485
0.002899035337884
0.002892591804696
0.002884839599088
0.002876181545731
0.002867088540525
0.002858075119670
0.002849671614217
0.002842394328519
0.002836715344245
0.002833033632609
0.002831649148762
0.002832741481340
0.002836354439130
0.002842387682753
0.002850596164026
0.002860597735186
0.002871888853919
0.002883867860203
0.002895864860869
0.002907176851296
0.002917106353836
0.002925001579985
0.002930295945534
0.002932544698069
0.002931456462128
0.002926917671465
0.002919008136347
0.002908006376892
0.002894383825720
0.002878787543886
0.002862011678535
0.002844958490889
0.002828590369411
0.002813874785091
0.002801724614890
0.002792936628973
0.002788131185224
0.002787696283421
0.002791739090481
0.002800047853479
0.002812066771971
0.002826885916498
0.002843247673778
0.002859570495452
0.002873989956097
0.002884416321510
0.002888607026597
0.002884251701151
0.002869066698205
0.002840895507620
0.002797811007319
0.002738215240156
0.002660932323237
0.002565290207802
0.002451187312104
0.002319140539140
0.002170311848616
0.002006511353520
0.001830175824237
0.001644322469757
0.001452478884505
0.001258591056835
0.001066912287018
0.000881876716090
0.000707961883397
0.000549545276660
0.000410760187485
0.000295356319453
0.000206570506428
0.000147012586289
0.000118570950763
0.000122341575250
0.000158583452232
0.000226702343945
0.000325263676165
0.000452034261057
0.000604051410595
0.000777716930703
0.000968912515230
0.001173132229134
0.001385627116740
0.001601556520887
0.001816140470622
0.002024807497666
0.002223332473782
0.002407959511489
0.002575505618514
0.002723441613175
0.002849947757356
0.002953942604358
0.003035084645709
0.003093747427154
0.003130969843676
0.003148384272845
0.003148126026174
0.003132728256610
0.003105006931650
0.003067940749091
0.003024550928882
0.002977785661760
0.002930413644695
0.002884930604335
0.002843482029859
0.002807804539333
0.002779187426801
0.002758455021447
0.002745969576798
0.002741653537428
0.002745029240426
0.002755273431916
0.002771283442095
0.002791751485460
0.002815243348096
0.002840277694955
0.002865402372639
0.002889264385048
0.002910670661292
0.002928637292366
0.002942425555397
0.002951563739104
0.002955854496999
0.002955368151798
0.002950423023105
0.002941554421724
0.002929474423469
0.002915024884382
0.002899126375262
0.002882725790958
0.002866745330046
0.002852035351306
0.002839333308708
0.002829230565492
0.002822148413693
0.002818324104008
0.002817807149947
0.002820465637208
0.002826001770562
0.002833975449952
0.002843834305086
0.002854948349041
0.002866647246631
0.002878258137246
0.002889142003621
0.002898726731260
0.002906535246631
0.002912207440312
0.002915514955103
0.002916368327596
0.002914816392541
0.002911038270438
0.002905328638945
0.002898077319332
0.002889744474485
0.002880832903225
0.002871859019436
0.002863324120933
0.002855687483937
0.002849342670754
0.002844598220954
0.002841663623625
0.002840641156147
0.002841523841169
0.002844199436390
0.002848460049354
0.002854016678535
0.002860517737127
0.002867570428908
0.002874763724748
0.002881691638375
0.002887975521634
0.002893284189613
0.002897350837886
0.002899985918012
0.002901085380900
0.002900633966567
0.002898703497990
0.002895446410827
0.002891085005082
0.002885897125966
0.002880199158230
0.002874327342447
0.002868618487805
0.002863391161618
0.002858928382292
0.002855462734008
0.002853164665401
0.002852134540334
0.002852398788325
0.002853910267616
0.002856552718743
0.002860148963380
0.002864472304374
0.002869260418478
0.002874230911620
0.002879097633437
0.002883586826073
0.002887452212163
0.002890488205512
0.002892540550171
0.002893513851428
0.002893375646523
0.002892156862744
0.002889948714697
0.002886896289610
0.002883189248703
0.002879050224486
0.002874721610357
0.002870451514377
0.002866479680227
0.002863024164102
0.002860269498557
0.002858356976861
0.002857377560620
0.002857367757045
0.002858308639513
0.002860128005885
0.002862705493477
0.002865880307386
0.002869461078811
0.002873237259510
0.002876991383238
0.002880511488508
0.002883603000632
0.002886099413944
0.002887871194118
0.002888832430782
0.002888944905271
0.002888219389560
0.002886714151392
0.002884530798291
0.002881807740770
0.002878711684483
0.002875427665292
0.002872148214908
0.002869062284142
0.002866344554251
0.002864145734799
0.002862584381106
0.002861740670052
0.002861652455405
0.002862313789929
0.002863675959136
0.002865650928769
0.002868116973015
0.002870926130577
0.002873913037555
0.002876904614892
0.002879730047528
0.002882230484202
0.002884267911123
0.002885732707574
0.002886549473466
0.002886680822858
0.002886128957333
0.002884934961884
0.002883175896129
0.002880959877988
0.002878419468272
0.002875703756993
0.002872969620491
0.002870372659196
0.002868058337046
0.002866153824986
0.002864761004079
0.002863951011510
0.002863760619704
0.002864190630334
0.002865206347683
0.002866740076249
0.002868695472695
