0.002693158349918
0.002694199495275
0.002695777791954
0.002697832409913
0.002700282397132
0.002703029773100
0.002705963344613
0.002708963096837
0.002711904987899
0.002714665957373
0.002717128948480
0.002719187741324
0.002720751400033
0.002721748150250
0.002722128524483
0.002721867640580
0.002720966512126
0.002719452327353
0.002717377673987
0.002714818729516
0.002711872478119
0.002708653055182
0.002705287356423
0.002701910079573
0.002698658391152
0.002695666427985
0.002693059852018
0.002690950677311
0.002689432579623
0.002688576882094
0.002688429385704
0.002689008181403
0.002690302543181
0.002692272959428
0.002694852315207
0.002697948192395
0.002701446209763
0.002705214282794
0.002709107645053
0.002712974440785
0.002716661673493
0.002720021278516
0.002722916079942
0.002725225393876
0.002726850051192
0.002727716633131
0.002727780741705
0.002727029162856
0.002725480822305
0.002723186480490
0.002720227162087
0.002716711365472
0.002712771146203
0.002708557214116
0.002704233224344
0.002699969476550
0.002695936262789
0.002692297121343
0.002689202260951
0.002686782416687
0.002685143385272
0.002684361464305
0.002684479987490
0.002685507107673
0.002687414932701
0.002690140067725
0.002693585563302
0.002697624213793
0.002702103097044
0.002706849196417
0.002711675901786
0.002716390148937
0.002720799928499
0.002724721877207
0.002727988656856
0.002730455830130
0.002732007957642
0.002732563666459
0.002732079476404
0.002730552215106
0.002728019904652
0.002724561059829
0.002720292398170
0.002715365023193
0.002709959201889
0.002704277913484
0.002698539396518
0.002692968963417
0.002687790384220
0.002683217162637
0.002679444037183
0.002676639037170
0.002674936407876
0.002674430691532
0.002675172211892
0.002677164161170
0.002680361431002
0.002684671265574
0.002689955747632
0.002696036059147
0.002702698390466
0.002709701307477
0.002716784328013
0.002723677408723
0.002730111003952
0.002735826330327
0.002740585456096
0.002744180833424
0.002746443905153
0.002747252444675
0.002746536327755
0.002744281487167
0.002740531863089
0.002735389232302
0.002729010874859
0.002721605115478
0.002713424855537
0.002704759287507
0.002695924054042
0.002687250176209
0.002679072127112
0.002671715466319
0.002665484475586
0.002660650246118
0.002657439661445
0.002656025697938
0.002656519427422
0.002658964054448
0.002663331256011
0.002669520016022
0.002677358062951
0.002686605929673
0.002696963562568
0.002708079315493
0.002719561076568
0.002730989194802
0.002741930802337
0.002751955069120
0.002760648882305
0.002767632414423
0.002772574033566
0.002775204016176
0.002775326548611
0.002772829546905
0.002767691884035
0.002759987688706
0.002749887467210
0.002737655897499
0.002723646249316
0.002708291492895
0.002692092267787
0.002675601989509
0.002659409471417
0.002644119529290
0.002630332113607
0.002618620576731
0.002609509727107
0.002603454348430
0.002600818867437
0.002601858839160
0.002606704883137
0.002615349649154
0.002627638317776
0.002643263051294
0.002661761707102
0.002682521010780
0.002704784263587
0.002727663531966
0.002750156138767
0.002771165150801
0.002789523438560
0.002804020775052
0.002813433344655
0.002816554952707
0.002812229164372
0.002799381559178
0.002777051266804
0.002744420950794
0.002700844430276
0.002645871174737
0.002579266972553
0.002501030158636
0.002411402888068
0.002310877058464
0.002200194610959
0.002080342075083
0.001952539362725
0.001818222957468
0.001679023784170
0.001536740176200
0.001393306480985
0.001250757955224
0.001111192696634
0.000976731436954
0.000849476079189
0.000731467899361
0.000624646348346
0.000530809382389
0.000451576221754
0.000388353386414
0.000342304786927
0.000314326559382
0.000305027227739
0.000314713657476
0.000343383134120
0.000390721762043
0.000456109236114
0.000538629894825
0.000637089821695
0.000750039625428
0.000875802401693
0.001012506263383
0.001158120724586
0.001310496138490
0.001467405323121
0.001626586462575
0.001785786346329
0.001942803005880
0.002095526826299
0.002241979249922
0.002380348249247
0.002509019824850
0.002626604879720
0.002731960931679
0.002824208247801
0.002902740116067
0.002967227106749
0.003017615315911
0.003054118722659
0.003077205926947
0.003087581662673
0.003086163598444
0.003074055042801
0.003052514259563
0.003022921169984
0.002986742270053
0.002945494622251
0.002900709790699
0.002853898576840
0.002806517379804
0.002759936952548
0.002715414252949
0.002674068000396
0.002636858445237
0.002604571743567
0.002577809206227
0.002556981561842
0.002542308242626
0.002533821572062
0.002531375608672
0.002534659283487
0.002543213363241
0.002556450679831
0.002573678991294
0.002594125782600
0.002616964277158
0.002641339913123
0.002666396542507
0.002691301635537
0.002715269816738
0.002737584121457
0.002757614439976
0.002774832708675
0.002788824511025
0.002799296862436
0.002806082068930
0.002809137666624
0.002808542563908
0.002804489617383
0.002797274973062
0.002787284593121
0.002774978463030
0.002760873032265
0.002745522482252
0.002729499436941
0.002713375733835
0.002697703856719
0.002682999596436
0.002669726454266
0.002658282235458
0.002648988200775
0.002642081054039
0.002637707946657
0.002635924579219
0.002636696378604
0.002639902630057
0.002645343350395
0.002652748603908
0.002661789889206
0.002672093165440
0.002683253041797
0.002694847626123
0.002706453517672
0.002717660435405
0.002728084996536
0.002737383199016
0.002745261214993
0.002751484167792
0.002755882640396
0.002758356745974
0.002758877677873
0.002757486744588
0.002754291981577
0.002749462513426
0.002743220914128
0.002735833877590
0.002727601562972
0.002718846018283
0.002709899109907
0.002701090394496
0.002692735363177
0.002685124466415
0.002678513292445
0.002673114224119
0.002669089840350
0.002666548261227
0.002665540562882
0.002666060311847
0.002668045191940
0.002671380622114
0.002675905194084
0.002681417696156
0.002687685436713
0.002694453539043
0.002701454849935
0.002708420088598
0.002715087860383
0.002721214171355
0.002726581104371
0.002731004353918
0.002734339363966
0.002736485868790
0.002737390698782
0.002737048779461
0.002735502319730
0.002732838252312
0.002729184052865
0.002724702122232
0.002719582966512
0.002714037450454
0.002708288429653
0.002702562085255
0.002697079290761
0.002692047334104
0.002687652299759
0.002684052386187
0.002681372394536
0.002679699576923
0.002679080978661
0.002679522350525
0.002680988646868
0.002683406065413
0.002686665526958
0.002690627440405
0.002695127552172
0.002699983640940
0.002705002790160
0.002709988952721
0.002714750515192
0.002719107573292
0.002722898645349
0.002725986575777
0.002728263415012
0.002729654104376
0.002730118842388
0.002729654061164
0.002728291995697
0.002726098882934
0.002723171879573
0.002719634835440
0.002715633101378
0.002711327585271
0.002706888295872
0.002702487630598
0.002698293669954
0.002694463737454
0.002691138470333
0.002688436623334
0.002686450796691
0.002685244241167
0.002684848849363
0.002685264395166
0.002686459034010
0.002688371027583
0.002690911609494
0.002693968865167
0.002697412461360
0.002701099029705
0.002704877985596
0.002708597549517
0.002712110732811
0.002715281054216
0.002717987766802
0.002720130396746
0.002721632424665
0.002722443975772
0.002722543425549
0.002721937871173
0.002720662464033
0.002718778643367
0.002716371353770
