0.002779357499671
0.002778940793848
0.002778294393444
0.002777443544791
0.002776423621143
0.002775278686166
0.002774059631133
0.002772821963167
0.002771623339112
0.002770520952923
0.002769568893056
0.002768815589853
0.002768301470981
0.002768056935777
0.002768100746855
0.002768438920269
0.002769064174406
0.002769955973567
0.002771081175925
0.002772395268292
0.002773844143251
0.002775366348725
0.002776895717350
0.002778364263990
0.002779705225421
0.002780856107325
0.002781761600711
0.002782376233068
0.002782666628875
0.002782613269210
0.002782211660643
0.002781472848447
0.002780423237452
0.002779103714391
0.002777568096955
0.002775880965712
0.002774114964004
0.002772347676738
0.002770658220252
0.002769123691272
0.002767815632414
0.002766796674295
0.002766117509760
0.002765814344104
0.002765906946810
0.002766397405964
0.002767269657055
0.002768489824574
0.002770007379066
0.002771757075655
0.002773661604099
0.002775634846854
0.002777585611901
0.002779421682689
0.002781054009662
0.002782400857370
0.002783391718854
0.002783970814987
0.002784100010799
0.002783761002989
0.002782956662048
0.002781711447545
0.002780070854740
0.002778099893117
0.002775880640871
0.002773508961901
0.002771090511585
0.002768736192657
0.002766557251277
0.002764660224332
0.002763141961183
0.002762084945501
0.002761553135394
0.002761588522618
0.002762208584897
0.002763404770183
0.002765142109408
0.002767360006571
0.002769974203874
0.002772879867255
0.002775955686227
0.002779068833905
0.002782080590478
0.002784852398394
0.002787252091726
0.002789160027111
0.002790474840166
0.002791118559895
0.002791040834235
0.002790222052042
0.002788675189276
0.002786446258502
0.002783613298905
0.002780283906652
0.002776591369840
0.002772689535824
0.002768746598539
0.002764938046839
0.002761439059313
0.002758416664367
0.002756022004751
0.002754383051881
0.002753598106612
0.002753730399456
0.002754804065149
0.002756801715218
0.002759663769572
0.002763289636469
0.002767540752348
0.002772245412113
0.002777205239884
0.002782203073526
0.002787011966788
0.002791404953888
0.002795165175788
0.002798095937471
0.002800030253233
0.002800839443325
0.002800440370623
0.002798800949911
0.002795943623633
0.002791946574525
0.002786942534677
0.002781115149005
0.002774692954846
0.002767941144399
0.002761151378457
0.002754630014048
0.002748685190837
0.002743613287732
0.002739685308508
0.002737133780913
0.002736140755669
0.002736827469047
0.002739246185449
0.002743374665491
0.002749113612697
0.002756287340961
0.002764647779317
0.002773881794904
0.002783621674433
0.002793458464601
0.002802957738424
0.002811677233071
0.002819185700915
0.002825082233998
0.002829015267197
0.002830700440238
0.002829936505661
0.002826618509758
0.002820747546283
0.002812436486642
0.002801911222651
0.002789507114554
0.002775660512884
0.002760895411637
0.002745805485527
0.002731031958325
0.002717237935098
0.002705080001043
0.002695178036468
0.002688084314862
0.002684253033338
0.002684011467584
0.002687533943672
0.002694819775121
0.002705676225357
0.002719707424807
0.002736310001623
0.002754675980051
0.002773803267211
0.002792513794729
0.002809479114836
0.002823252980351
0.002832310173787
0.002835090602471
0.002830047453072
0.002815698009179
0.002790675587054
0.002753780944026
0.002704031465864
0.002640706447318
0.002563386844870
0.002471988002120
0.002366784023403
0.002248422695557
0.002117930124933
0.001976704558707
0.001826499186871
0.001669394063658
0.001507757633292
0.001344198683475
0.001181509869478
0.001022604241070
0.000870446453792
0.000727980546262
0.000598056308907
0.000483356351256
0.000386325991048
0.000309108037553
0.000253484424540
0.000220826468234
0.000212055287686
0.000227613636309
0.000267450062958
0.000331015959102
0.000417275667000
0.000524729434419
0.000651448617006
0.000795122162212
0.000953113070732
0.001122523233510
0.001300264794321
0.001483135997532
0.001667899354184
0.001851359900754
0.002030441335727
0.002202257898728
0.002364180002601
0.002513891835372
0.002649439409517
0.002769267841484
0.002872246984796
0.002957684904009
0.003025329052180
0.003075355389172
0.003108346039823
0.003125256428175
0.003127373126031
0.003116263911554
0.003093721738939
0.003061704467275
0.003022272281869
0.002977524762719
0.002929539513025
0.002880314158144
0.002831713366863
0.002785422338653
0.002742907950718
0.002705388476306
0.002673812481247
0.002648847189566
0.002630876292362
0.002620006867552
0.002616084791732
0.002618717768413
0.002627304877400
0.002641071374366
0.002659107342758
0.002680408724894
0.002703919236693
0.002728571700115
0.002753327406516
0.002777212248472
0.002799348521518
0.002818981493619
0.002835500061159
0.002848451047146
0.002857546941290
0.002862667123645
0.002863852845047
0.002861296450574
0.002855325519763
0.002846382753221
0.002835002555143
0.002821785341799
0.002807370645767
0.002792410084423
0.002777541220525
0.002763363265353
0.002750415465119
0.002739158874307
0.002729962061425
0.002723091119961
0.002718704177198
0.002716850412994
0.002717473426538
0.002720418627872
0.002725444188284
0.002732234964413
0.002740418718705
0.002749583896458
0.002759298188392
0.002769127107562
0.002778651839582
0.002787485683079
0.002795288480092
0.002801778539424
0.002806741675196
0.002810037112623
0.002811600148006
0.002811441584477
0.002809644093908
0.002806355773630
0.002801781269860
0.002796170924421
0.002789808464617
0.002782997796299
0.002776049476196
0.002769267431862
0.002762936466981
0.002757311038433
0.002752605722075
0.002748987700165
0.002746571508490
0.002745416179883
0.002745524817215
0.002746846527394
0.002749280552561
0.002752682349157
0.002756871293143
0.002761639632844
0.002766762271620
0.002772006941824
0.002777144329641
0.002781957726878
0.002786251819368
0.002789860270436
0.002792651819400
0.002794534686376
0.002795459152478
0.002795418265419
0.002794446701072
0.002792617888375
0.002790039574920
0.002786848071058
0.002783201458902
0.002779272087785
0.002775238698163
0.002771278521474
0.002767559693996
0.002764234299385
0.002761432318413
0.002759256717600
0.002757779853042
0.002757041304451
0.002757047189954
0.002757770947406
0.002759155505577
0.002761116711179
0.002763547827621
0.002766324880528
0.002769312594966
0.002772370650919
0.002775359977428
0.002778148811789
0.002780618267774
0.002782667184980
0.002784216068555
0.002785209972970
0.002785620233059
0.002785444997995
0.002784708576862
0.002783459655782
0.002781768493949
0.002779723247450
0.002777425603876
0.002774985935978
0.002772518198350
0.002770134796636
0.002767941654288
0.002766033687721
0.002764490877740
0.002763375094531
0.002762727796837
0.002762568684870
0.002762895342978
0.002763683863973
0.002764890404361
0.002766453580161
0.002768297578401
0.002770335830936
0.002772475076183
0.002774619621410
0.002776675613703
0.002778555131747
0.002780179922668
0.002781484627734
0.002782419366633
0.002782951581135
0.002783067073688
0.002782770213277
0.002782083318112
0.002781045260687
0.002779709373975
0.002778140766581
0.002776413178324
0.002774605525189
0.002772798293021
0.002771069942630
0.002769493484999
0.002768133374393
0.002767042850037
0.002766261834436
0.002765815469564
0.002765713342213
0.002765949418271
0.002766502673856
0.002767338380645
0.002768409974587
0.002769661412759
