0.002903862122324
0.002904527531905
0.002904627319733
0.002904145187634
0.002903100500248
0.002901547574731
0.002899572816230
0.002897289848118
0.002894832910418
0.002892348908942
0.002889988584683
0.002887897332380
0.002886206224939
0.002885023794604
0.002884429082284
0.002884466395379
0.002885142115775
0.002886423778931
0.002888241509511
0.002890491756603
0.002893043130959
0.002895744016398
0.002898431515506
0.002900941203122
0.002903117105335
0.002904821300561
0.002905942554463
0.002906403451496
0.002906165570055
0.002905232360938
0.002903649523536
0.002901502823104
0.002898913446653
0.002896031145382
0.002893025548818
0.002890076151667
0.002887361561442
0.002885048647625
0.002883282247854
0.002882176061982
0.002881805301824
0.002882201566267
0.002883350283652
0.002885190913148
0.002887619933092
0.002890496476480
0.002893650312141
0.002896891724261
0.002900022721974
0.002902848922188
0.002905191398477
0.002906897780391
0.002907851921832
0.002907981532982
0.002907263283522
0.002905725029473
0.002903444983536
0.002900547829805
0.002897197967404
0.002893590243035
0.002889938689079
0.002886463911977
0.002883379867174
0.002880880805788
0.002879129180870
0.002878245256699
0.002878299074934
0.002879305301269
0.002881221312569
0.002883948696587
0.002887338134962
0.002891197437213
0.002895302300776
0.002899409201513
0.002903269681082
0.002906645200810
0.002909321682758
0.002911122861277
0.002911921623172
0.002911648619420
0.002910297580762
0.002907926955466
0.002904657699622
0.002900667276565
0.002896180149069
0.002891455262571
0.002886771206770
0.002882409894921
0.002878639705243
0.002875699080016
0.002873781571038
0.002873023254420
0.002873493315993
0.002875188436867
0.002878031396131
0.002881874065974
0.002886504717334
0.002891659296364
0.002897036088768
0.002902312974962
0.002907166307383
0.002911290323051
0.002914415947822
0.002916327858336
0.002916878744391
0.002915999855299
0.002913707111985
0.002910102311728
0.002905369231337
0.002899764731565
0.002893605263743
0.002887249461555
0.002881077749600
0.002875470100692
0.002870783212632
0.002867328443042
0.002865351831832
0.002865017453685
0.002866395180644
0.002869453704905
0.002874059386010
0.002879981159820
0.002886901396876
0.002894432244792
0.002902136653431
0.002909552982847
0.002916221850695
0.002921713703552
0.002925655507528
0.002927754955082
0.002927820679752
0.002925777155847
0.002921673228039
0.002915683553358
0.002908102628084
0.002899331493620
0.002889857645489
0.002880229083768
0.002871023817275
0.002862816445045
0.002856143667199
0.002851470707414
0.002849160650121
0.002849448602284
0.002852422383495
0.002858011136767
0.002865982849629
0.002875951300276
0.002887392420657
0.002899669524900
0.002912066317120
0.002923826097396
0.002934195157659
0.002942468026648
0.002948032007056
0.002950408364932
0.002949287591296
0.002944556361096
0.002936314159902
0.002924878021108
0.002910774395490
0.002894717834271
0.002877576874209
0.002860328233247
0.002844001120213
0.002829614094463
0.002818107445447
0.002810274466200
0.002806695242418
0.002807676651069
0.002813202148617
0.002822894627290
0.002835995136375
0.002851359621388
0.002867475053299
0.002882495436451
0.002894297237334
0.002900552811317
0.002898819467427
0.002886640948928
0.002861657364200
0.002821719018123
0.002764999201998
0.002690100824975
0.002596151826936
0.002482884606196
0.002350695218264
0.002200678836229
0.002034638880705
0.001855068289748
0.001665102561437
0.001468445412698
0.001269269103126
0.001072092616877
0.000881641925849
0.000702697424491
0.000539934288593
0.000397761933945
0.000280168913215
0.000190579479662
0.000131727665731
0.000105554086924
0.000113129812225
0.000154610578174
0.000229223410004
0.000335286402753
0.000470261065214
0.000630835299514
0.000813033837519
0.001012351837559
0.001223906410328
0.001442600132232
0.001663290148779
0.001880956289002
0.002090861711204
0.002288699974483
0.002470723061273
0.002633845733529
0.002775722649429
0.002894795850387
0.002990311495942
0.003062306019517
0.003111563143277
0.003139544369616
0.003148296609156
0.003140341466291
0.003118551348210
0.003086017967212
0.003045918955713
0.003001388207459
0.002955395207457
0.002910638038770
0.002869453988021
0.002833750753137
0.002804960232373
0.002784015793115
0.002771352833592
0.002766931410948
0.002770278762107
0.002780548730869
0.002796594469873
0.002817050334375
0.002840418641556
0.002865156939014
0.002889761603676
0.002912843962066
0.002933195660469
0.002949840687235
0.002962072221801
0.002969473314994
0.002971921249878
0.002969576249920
0.002962855952034
0.002952397711190
0.002939011322156
0.002923625111180
0.002907228553118
0.002890814603430
0.002875324803954
0.002861599939207
0.002850338605922
0.002842065538940
0.002837110941737
0.002835601433655
0.002837462582530
0.002842432374980
0.002850084418212
0.002859859194261
0.002871101321865
0.002883100538412
0.002895134003075
0.002906507543800
0.002916593619558
0.002924864032903
0.002930915788419
0.002934488927437
0.002935475652629
0.002933920559955
0.002930012292075
0.002924067389980
0.002916507524132
0.002907831612714
0.002898584567160
0.002889324534312
0.002880590526214
0.002872872245048
0.002866583729484
0.002862042182999
0.002859453011360
0.002858901716146
0.002860352886146
0.002863656121963
0.002868558343824
0.002874721589225
0.002881745123647
0.002889190478286
0.002896607903217
0.002903562687486
0.002909659848835
0.002914565830128
0.002918026047131
0.002919877399649
0.002920055168577
0.002918594056477
0.002915623469467
0.002911357464076
0.002906080076277
0.002900126995332
0.002893864729606
0.002887668526235
0.002881900346480
0.002876888163410
0.002872907741851
0.002870167890168
0.002868799950427
0.002868852031870
0.002870288208068
0.002872992607461
0.002876778046869
0.002881398603888
0.002886565310626
0.002891963989494
0.002897274149838
0.002902187826616
0.002906427270049
0.002909760485027
0.002912013764883
0.002913080556120
0.002912926217127
0.002911588480873
0.002909173684538
0.002905849073310
0.002901831707179
0.002897374686219
0.002892751551374
0.002888239806952
0.002884104543577
0.002880583115532
0.002877871746739
0.002876114810574
0.002875397358856
0.002875741275111
0.002877105208846
0.002879388224012
0.002882436879193
0.002886055261727
0.002890017333902
0.002894080825618
0.002898001830968
0.002901549239778
0.002904518159859
0.002906741559420
0.002908099476524
0.002908525296158
0.002908008775844
0.002906595696789
0.002904384217633
0.002901518200198
0.002898177950081
0.002894568959645
0.002890909348968
0.002887416765741
0.002884295524910
0.002881724742441
0.002879848147307
0.002878766146340
0.002878530575006
0.002879142402268
0.002880552479396
0.002882665241768
0.002885345099747
0.002888425099985
0.002891717310603
0.002895024289929
0.002898150943776
0.002900916063417
0.002903162865505
0.002904767924004
0.002905647988094
0.002905764312369
0.002905124278353
0.002903780249926
0.002901825770159
0.002899389363200
0.002896626343411
0.002893709146746
0.002890816780138
0.002888124029034
0.002885791068997
0.002883954094649
0.002882717510587
0.002882148128727
0.002882271691271
0.002883071895789
0.002884491947490
0.002886438512797
0.002888787806697
0.002891393422430
0.002894095413007
0.002896730065449
0.002899139774219
