0.002858607673423
0.002856593166708
0.002854667086732
0.002852936454831
0.002851498789673
0.002850436518380
0.002849812160973
0.002849664568248
0.002850006437722
0.002850823263571
0.002852073798117
0.002853692018808
0.002855590510208
0.002857665090168
0.002859800437410
0.002861876418583
0.002863774769659
0.002865385762182
0.002866614480741
0.002867386354816
0.002867651624953
0.002867388478518
0.002866604660971
0.002865337451185
0.002863651979164
0.002861637956874
0.002859404982517
0.002857076660547
0.002854783849315
0.002852657401416
0.002850820795439
0.002849383069665
0.002848432457470
0.002848031090959
0.002848211085213
0.002848972243281
0.002850281535275
0.002852074408434
0.002854257883800
0.002856715294994
0.002859312430804
0.002861904761435
0.002864345362833
0.002866493108528
0.002868220676628
0.002869421922551
0.002870018196059
0.002869963232895
0.002869246324463
0.002867893559711
0.002865967037027
0.002863562054931
0.002860802402722
0.002857833979752
0.002854817068652
0.002851917668148
0.002849298350334
0.002847109141762
0.002845478935249
0.002844507918905
0.002844261461236
0.002844765818474
0.002846005936031
0.002847925505020
0.002850429312953
0.002853387801508
0.002856643620523
0.002860019853022
0.002863329487472
0.002866385636446
0.002869011949936
0.002871052650114
0.002872381624010
0.002872910051507
0.002872592116554
0.002871428446239
0.002869467040630
0.002866801589911
0.002863567217407
0.002859933829846
0.002856097392011
0.002852269564047
0.002848666239285
0.002845495592613
0.002842946289601
0.002841176511989
0.002840304424632
0.002840400643634
0.002841483167800
0.002843515110549
0.002846405423109
0.002850012639745
0.002854151510420
0.002858602224412
0.002863121779076
0.002867456919404
0.002871357973918
0.002874592846697
0.002876960398503
0.002878302464280
0.002878513810074
0.002877549427567
0.002875428694703
0.002872236090213
0.002868118330172
0.002863277986896
0.002857963844379
0.002852458429607
0.002847063325299
0.002842083007360
0.002837808051501
0.002834498611572
0.002832369082970
0.002831574826088
0.002832201737968
0.002834259328423
0.002837677785680
0.002842309314326
0.002847933804779
0.002854268660228
0.002860982376074
0.002867711250871
0.002874078418537
0.002879714240163
0.002884276989194
0.002887472713242
0.002889073163464
0.002888930749893
0.002886989606443
0.002883292027797
0.002877979764274
0.002871289919500
0.002863545476968
0.002855140771002
0.002846522500416
0.002838167144042
0.002830555861913
0.002824148141096
0.002819355560130
0.002816517092598
0.002815877343647
0.002817569012065
0.002821600697394
0.002827850932827
0.002836069030279
0.002845882987130
0.002856814340553
0.002868299482604
0.002879716586317
0.002890416958640
0.002899759348532
0.002907145514233
0.002912055206563
0.002914078665641
0.002912944763070
0.002908543052626
0.002900938217085
0.002890375709785
0.002877277774947
0.002862229474804
0.002845954834802
0.002829283718652
0.002813110539107
0.002798346374056
0.002785866467124
0.002776455425789
0.002770752669042
0.002769200805680
0.002771999632953
0.002779068328335
0.002790018165066
0.002804137721260
0.002820392084825
0.002837436999539
0.002853648273521
0.002867166105764
0.002875953307990
0.002877865737756
0.002870732644705
0.002852444093943
0.002821042195102
0.002774812555188
0.002712372205392
0.002632750238345
0.002535457538109
0.002420542288794
0.002288628400516
0.002140934578155
0.001979272457532
0.001806023018375
0.001624091322708
0.001436840487005
0.001248006640983
0.001061597419675
0.000881777244332
0.000712743240735
0.000558596094039
0.000423210426399
0.000310109392957
0.000222348116263
0.000162410319589
0.000132122084158
0.000132586059982
0.000164138727419
0.000226332465325
0.000317943265095
0.000437003974661
0.000580862001023
0.000746259482870
0.000929433103268
0.001126229980519
0.001332235482511
0.001542908380139
0.001753718505528
0.001960282020530
0.002158489531748
0.002344622603993
0.002515454710655
0.002668333295912
0.002801240383177
0.002912830014558
0.003002441712104
0.003070090075756
0.003116431537415
0.003142710138931
0.003150684960295
0.003142542463414
0.003120797512410
0.003088187165690
0.003047561497423
0.003001775693245
0.002953587481233
0.002905563615722
0.002859998646386
0.002818848601634
0.002783681521971
0.002755646026931
0.002735458321629
0.002723407279507
0.002719376508871
0.002722881652234
0.002733120605317
0.002749033898259
0.002769372170554
0.002792767502881
0.002817805346253
0.002843093907934
0.002867328104772
0.002889345562433
0.002908172603442
0.002923058704074
0.002933498483601
0.002939240891481
0.002940285851109
0.002936869176242
0.002929437074274
0.002918611968436
0.002905151692681
0.002889904327058
0.002873761041769
0.002857609304415
0.002842288681768
0.002828551244558
0.002817028275265
0.002808204602284
0.002802401459419
0.002799768319170
0.002800283694160
0.002803764464987
0.002809882895101
0.002818190151671
0.002828144880272
0.002839145191281
0.002850562313367
0.002861774156398
0.002872197099991
0.002881314478089
0.002888700454153
0.002894038262329
0.002897132111497
0.002897912394268
0.002896434193741
0.002892869419654
0.002887493215973
0.002880665549358
0.002872809100406
0.002864384728213
0.002855865858162
0.002847713151219
0.002840350752107
0.002834145288890
0.002829388615942
0.002826285066896
0.002824943726784
0.002825375957228
0.002827498129766
0.002831139254615
0.002836052948549
0.002841932978124
0.002848431452523
0.002855178631022
0.002861803257527
0.002867952339871
0.002873309352749
0.002877609955619
0.002880654473246
0.002882316577734
0.002882547825840
0.002881377932463
0.002878910888218
0.002875317244248
0.002870823079967
0.002865696329796
0.002860231265696
0.002854732008082
0.002849495965712
0.002844798085138
0.002840876724487
0.002837921859371
0.002836066187111
0.002835379527562
0.002835866734090
0.002837469136711
0.002840069351398
0.002843499114857
0.002847549651523
0.002851983956795
0.002856550293206
0.002860996148362
0.002865081896455
0.002868593438686
0.002871353169093
0.002873228716699
0.002874139046104
0.002874057649302
0.002873012723026
0.002871084389576
0.002868399176181
0.002865122110123
0.002861446906974
0.002857584821411
0.002853752789771
0.002850161518335
0.002847004160656
0.002844446182309
0.002842616935374
0.002841603362389
0.002841446126501
0.002842138327975
0.002843626824782
0.002845816034319
0.002848573961961
0.002851740086988
0.002855134643319
0.002858568765991
0.002861854937599
0.002864817163296
0.002867300328253
0.002869178245759
0.002870359983936
0.002870794159693
0.002870471004118
0.002869422127702
0.002867718039608
0.002865463595897
0.002862791660826
0.002859855357202
0.002856819351839
0.002853850666782
0.002851109524370
0.002848740723690
0.002846866008767
0.002845577827203
0.002844934795776
0.002844959091439
0.002845635877851
0.002846914764974
0.002848713188633
0.002850921494188
0.002853409419044
0.002856033597331
0.002858645660274
0.002861100479927
0.002863264103139
0.002865020946516
0.002866279870033
0.002866978813989
0.002867087767293
0.002866609929672
0.002865581031240
0.002864066874143
0.002862159257331
0.002859970531659
0.002857627103913
0.002855262261359
0.002853008720345
0.002850991311898
0.002849320203968
0.002848085024965
0.002847350198789
0.002847151730839
