0.002673593401365
0.002677596245786
0.002681650474153
0.002685601856907
0.002689298424492
0.002692596354376
0.002695365603762
0.002697495068180
0.002698897062308
0.002699510943544
0.002699305730145
0.002698281603003
0.002696470222041
0.002693933833135
0.002690763187735
0.002687074343253
0.002683004455933
0.002678706717761
0.002674344623336
0.002670085780202
0.002666095495811
0.002662530385186
0.002659532245038
0.002657222432364
0.002655696968640
0.002655022565195
0.002655233732077
0.002656331092922
0.002658280983445
0.002661016362879
0.002664439017763
0.002668422987880
0.002672819096650
0.002677460424854
0.002682168528799
0.002686760173442
0.002691054328859
0.002694879165617
0.002698078781738
0.002700519401190
0.002702094801069
0.002702730751246
0.002702388285388
0.002701065664651
0.002698798943421
0.002695661098561
0.002691759737716
0.002687233456318
0.002682246965037
0.002676985157439
0.002671646329798
0.002666434799656
0.002661553195422
0.002657194705080
0.002653535577081
0.002650728160610
0.002648894755590
0.002648122515576
0.002648459610081
0.002649912807993
0.002652446592328
0.002655983860342
0.002660408204141
0.002665567707520
0.002671280137008
0.002677339351259
0.002683522704971
0.002689599183355
0.002695337972362
0.002700517149698
0.002704932172937
0.002708403844311
0.002710785446936
0.002711968773995
0.002711888809824
0.002710526868695
0.002707912051733
0.002704120942918
0.002699275529365
0.002693539396639
0.002687112314476
0.002680223389416
0.002673123016322
0.002666073908416
0.002659341523432
0.002653184230328
0.002647843575526
0.002643535009235
0.002640439420779
0.002638695807339
0.002638395363786
0.002639577233561
0.002642226103428
0.002646271760380
0.002651590659204
0.002658009476705
0.002665310555998
0.002673239074083
0.002681511700834
0.002689826459865
0.002697873453716
0.002705346079220
0.002711952335293
0.002717425815681
0.002721535983963
0.002724097347358
0.002724977179105
0.002724101485371
0.002721458970360
0.002717102820566
0.002711150203803
0.002703779458051
0.002695225026705
0.002685770277540
0.002675738419832
0.002665481804814
0.002655369956486
0.002645776730427
0.002637067035767
0.002629583578451
0.002623634091313
0.002619479507872
0.002617323512216
0.002617303857540
0.002619485791972
0.002623857863976
0.002630330302888
0.002638736085612
0.002648834710814
0.002660318610196
0.002672822035572
0.002685932173616
0.002699202160271
0.002712165596593
0.002724352109772
0.002735303459204
0.002744589659486
0.002751824581073
0.002756680495720
0.002758901057614
0.002758312251815
0.002754830897992
0.002748470367943
0.002739343257817
0.002727660847809
0.002713729280604
0.002697942491867
0.002680772028507
0.002662753990028
0.002644473421953
0.002626546575031
0.002609601517193
0.002594257644471
0.002581104680700
0.002570681782145
0.002563457371509
0.002559810315719
0.002560013033616
0.002564217074090
0.002572441643510
0.002584565485324
0.002600322426603
0.002619300808700
0.002640946914766
0.002664572398749
0.002689365611653
0.002714406614410
0.002738685565601
0.002761124079383
0.002780599066667
0.002795968503243
0.002806098513819
0.002809891122249
0.002806311996488
0.002794417512406
0.002773380473476
0.002742513852960
0.002701291970601
0.002649368575602
0.002586591380008
0.002513012669646
0.002428895711061
0.002334716770138
0.002231162658728
0.002119123827109
0.001999683120029
0.001874100410030
0.001743793411568
0.001610315061160
0.001475327920712
0.001340576121919
0.001207855418103
0.001078981945307
0.000955760316498
0.000839951681271
0.000733242378620
0.000637213792803
0.000553313992658
0.000482831694066
0.000426873034621
0.000386341590401
0.000361921998333
0.000354067475595
0.000362991451240
0.000388663446374
0.000430809259158
0.000488915431197
0.000562237893821
0.000649814617664
0.000750482018009
0.000862894802652
0.000985548889509
0.001116806968683
0.001254926239017
0.001398087812755
0.001544427254472
0.001692065702178
0.001839141009721
0.001983838350500
0.002124419733030
0.002259251898937
0.002386832103379
0.002505811316171
0.002615014428712
0.002713457106349
0.002800358987454
0.002875152998211
0.002937490624838
0.002987243061640
0.003024498232389
0.003049553762829
0.003062906061938
0.003065235747460
0.003057389725512
0.003040360303100
0.003015261774666
0.002983304977734
0.002945770356955
0.002903980109182
0.002859270003517
0.002812961478827
0.002766334616456
0.002720602567578
0.002676887982856
0.002636201947336
0.002599425866492
0.002567296681211
0.002540395711689
0.002519141344439
0.002503785684860
0.002494415202345
0.002490955298032
0.002493178629530
0.002500716934793
0.002513076011227
0.002529653428457
0.002549758486130
0.002572633873653
0.002597478448406
0.002623470524030
0.002649791051705
0.002675646085243
0.002700287945264
0.002723034538141
0.002743286340763
0.002760540630940
0.002774402623650
0.002784593262968
0.002790953515958
0.002793445115178
0.002792147797946
0.002787253190037
0.002779055576272
0.002767939887486
0.002754367310298
0.002738858990423
0.002721978350221
0.002704312575201
0.002686453841312
0.002668980854617
0.002652441257384
0.002637335420342
0.002624102091012
0.002613106304205
0.002604629885013
0.002598864789425
0.002595909435668
0.002595768083586
0.002598353222724
0.002603490835493
0.002610928312741
0.002620344718059
0.002631363026840
0.002643563908493
0.002656500577238
0.002669714209687
0.002682749416813
0.002695169264046
0.002706569355841
0.002716590539172
0.002724929832689
0.002731349252841
0.002735682282882
0.002737837812746
0.002737801464554
0.002735634306995
0.002731469049071
0.002725503886826
0.002717994252864
0.002709242785292
0.002699587888017
0.002689391296269
0.002679025088676
0.002668858599245
0.002659245679079
0.002650512738820
0.002642947969483
0.002636792092805
0.002632230934305
0.002629390044892
0.002628331522741
0.002629053108614
0.002631489547910
0.002635516134016
0.002640954272871
0.002647578840554
0.002655127046431
0.002663308465972
0.002671815871304
0.002680336465014
0.002688563114340
0.002696205188764
0.002702998623808
0.002708714866674
0.002713168403932
0.002716222626058
0.002717793846195
0.002717853358758
0.002716427494901
0.002713595703898
0.002709486759561
0.002704273256394
0.002698164619117
0.002691398899284
0.002684233672449
0.002676936377230
0.002669774452986
0.002663005635120
0.002656868756370
0.002651575379427
0.002647302551684
0.002644186928379
0.002642320457481
0.002641747760412
0.002642465279337
0.002644422196640
0.002647523067608
0.002651632045818
0.002656578524217
0.002662163965602
0.002668169655725
0.002674365082036
0.002680516622050
0.002686396218078
0.002691789719758
0.002696504592100
0.002700376713951
0.002703276028697
0.002705110854312
0.002705830711631
0.002705427586125
0.002703935597281
0.002701429108817
0.002698019370118
0.002693849832490
0.002689090331104
0.002683930363154
0.002678571723468
0.002673220779470
0.002668080677398
0.002663343770746
0.002659184550171
0.002655753332187
0.002653170932674
0.002651524511947
0.002650864732287
0.002651204318300
0.002652518057083
0.002654744221018
0.002657787343098
0.002661522224924
0.002665799012791
0.002670449139172
0.002675291896796
0.002680141391393
0.002684813607829
0.002689133323010
0.002692940607621
0.002696096676994
0.002698488878455
0.002700034637231
