0.002959961990710
0.002960561090197
0.002961145346648
0.002961715107027
0.002962271622832
0.002962816988159
0.002963354021555
0.002963886099156
0.002964416949977
0.002964950426889
0.002965490268594
0.002966039868593
0.002966602066803
0.002967178978022
0.002967771868959
0.002968381092319
0.002969006082486
0.002969645413145
0.002970296912847
0.002970957830464
0.002971625038951
0.002972295263051
0.002972965314811
0.002973632320125
0.002974293920020
0.002974948432135
0.002975594960528
0.002976233445635
0.002976864650443
0.002977490083564
0.002978111864529
0.002978732540969
0.002979354871041
0.002979981587255
0.002980615159534
0.002981257575736
0.002981910156920
0.002982573422396
0.002983247016178
0.002983929702082
0.002984619429678
0.002985313467916
0.002986008598001
0.002986701352223
0.002987388281498
0.002988066231545
0.002988732606262
0.002989385597032
0.002990024358600
0.002990649115540
0.002991261188197
0.002991862932869
0.002992457597605
0.002993049101804
0.002993641754308
0.002994239930321
0.002994847731871
0.002995468659069
0.002996105319960
0.002996759205028
0.002997430548418
0.002998118291899
0.002998820159759
0.002999532843841
0.003000252288334
0.003000974054589
0.003001693737849
0.003002407401257
0.003003111988459
0.003003805675175
0.003004488122603
0.003005160601577
0.003005825965753
0.003006488464306
0.003007153398855
0.003007826644456
0.003008514069319
0.003009220900970
0.003009951096471
0.003010706779861
0.003011487810013
0.003012291536153
0.003013112786055
0.003013944113904
0.003014776312061
0.003015599164954
0.003016402396368
0.003017176735881
0.003017915008962
0.003018613140877
0.003019270959549
0.003019892688579
0.003020487039750
0.003021066844305
0.003021648202658
0.003022249180322
0.003022888129628
0.003023581767478
0.003024343183125
0.003025179981327
0.003026092779653
0.003027074270393
0.003028109024841
0.003029174160865
0.003030240916227
0.003031277075648
0.003032250097415
0.003033130685744
0.003033896469843
0.003034535391649
0.003035048382056
0.003035450928191
0.003035773205867
0.003036058570487
0.003036360359497
0.003036737146961
0.003037246788071
0.003037939776372
0.003038852585693
0.003040001759500
0.003041379523797
0.003042951623517
0.003044657913666
0.003046415982807
0.003048127767111
0.003049688757640
0.003050999049813
0.003051975174881
0.003052561431626
0.003052739339971
0.003052533894093
0.003052015512882
0.003051296963546
0.003050525043253
0.003049867397969
0.003049495475312
0.003049565177589
0.003050197227820
0.003051459517839
0.003053353721266
0.003055808196779
0.003058678680190
0.003061757501581
0.003064791132804
0.003067504865096
0.003069632449401
0.003070947723146
0.003071294709984
0.003070612505140
0.003068951505865
0.003066478226570
0.003063467013138
0.003060278351540
0.003057325017734
0.003055028871231
0.003053772469574
0.003053850695028
0.003055428083411
0.003058507419597
0.003062914369174
0.003068301479207
0.003074172908236
0.003079928913337
0.003084926664571
0.003088551644217
0.003090291997897
0.003089806992185
0.003086980401009
0.003081950313572
0.003075108552586
0.003067065526227
0.003058579714411
0.003050454817336
0.003043411507442
0.003037944321754
0.003034177107529
0.003031732230547
0.003029629195395
0.003026227250324
0.003019223935916
0.003005717518115
0.002982336100530
0.002945430345106
0.002891320646267
0.002816583855526
0.002718359796109
0.002594654343176
0.002444614174866
0.002268748678206
0.002069077002185
0.001849182778941
0.001614165287264
0.001370483348476
0.001125696431885
0.000888115634163
0.000666384691492
0.000469017332743
0.000303921533149
0.000177943178658
0.000096461088229
0.000063062262666
0.000079320846262
0.000144697011528
0.000256563381736
0.000410357379762
0.000599848779404
0.000817503472397
0.001054917713589
0.001303292400910
0.001553914643393
0.001798614122146
0.002030164492383
0.002242605038017
0.002431464521453
0.002593877078341
0.002728588413803
0.002835858762236
0.002917276413854
0.002975501518690
0.003013963925414
0.003036540745350
0.003047239090255
0.003049907144686
0.003047992700589
0.003044362942059
0.003041193153763
0.003039925710752
0.003041294750833
0.003045406831195
0.003051864020727
0.003059913534502
0.003068607280199
0.003076955506702
0.003084060930739
0.003089222961473
0.003092005560075
0.003092266438890
0.003090149306180
0.003086044326860
0.003080524605504
0.003074268116330
0.003067975031387
0.003062289872495
0.003057736476638
0.003054671641191
0.003053260779822
0.003053476267815
0.003055116671141
0.003057842981258
0.003061226499045
0.003064802231661
0.003068121608353
0.003070798930192
0.003072547122872
0.003073199891391
0.003072719084680
0.003071187768084
0.003068790991685
0.003065787389055
0.003062475449837
0.003059158541722
0.003056112529302
0.003053559214053
0.003051647904023
0.003050446339236
0.003049941082205
0.003050046456914
0.003050620287644
0.003051484123743
0.003052445374644
0.003053318820867
0.003053945278005
0.003054205711811
0.003054029756127
0.003053398287308
0.003052340377687
0.003050925517027
0.003049252403707
0.003047435837596
0.003045593288252
0.003043832580738
0.003042241869634
0.003040882704421
0.003039786576421
0.003038954928524
0.003038362247534
0.003037961578623
0.003037691622731
0.003037484508238
0.003037273362395
0.003036998929918
0.003036614672434
0.003036090005591
0.003035411562576
0.003034582588096
0.003033620745040
0.003032554743240
0.003031420269089
0.003030255706602
0.003029098100957
0.003027979735336
0.003026925584552
0.003025951788908
0.003025065172837
0.003024263726877
0.003023537887331
0.003022872390966
0.003022248454302
0.003021646027220
0.003021045894948
0.003020431445429
0.003019789973885
0.003019113456344
0.003018398782508
0.003017647490399
0.003016865086611
0.003016060064422
0.003015242746477
0.003014424079845
0.003013614500556
0.003012822964742
0.003012056217245
0.003011318339066
0.003010610585389
0.003009931498663
0.003009277258487
0.003008642213218
0.003008019528040
0.003007401880820
0.003006782139916
0.003006153966261
0.003005512294273
0.003004853660941
0.003004176368317
0.003003480480239
0.003002767668050
0.003002040931527
0.003001304229415
0.003000562058560
0.002999819021633
0.002999079421051
0.002998346911498
0.002997624235990
0.002996913061640
0.002996213921783
0.002995526261939
0.002994848578726
0.002994178633953
0.002993513721196
0.002992850959289
0.002992187586555
0.002991521231033
0.002990850135289
0.002990173319124
0.002989490669303
0.002988802951686
0.002988111747517
0.002987419321411
0.002986728433650
0.002986042113186
0.002985363410176
0.002984695147781
0.002984039692400
0.002983398759487
0.002982773268989
0.002982163260302
0.002981567872067
0.002980985387158
0.002980413338534
0.002979848667278
0.002979287920626
0.002978727475196
0.002978163769174
0.002977593526958
0.002977013960632
0.002976422934674
0.002975819083146
0.002975201872213
0.002974571604829
0.002973929368554
0.002973276931417
0.002972616594314
0.002971951011264
0.002971282990906
0.002970615293652
0.002969950438945
0.002969290536091
0.002968637150228
0.002967991212311
0.002967352978739
0.002966722042644
0.002966097395175
0.002965477531579
0.002964860593780
0.002964244538621
0.002963627319276
0.002963007066437
0.002962382256071
0.002961751851502
0.002961115409507
0.002960473142641
