0.002663945921932
0.002666609756525
0.002668408122333
0.002669267200544
0.002669146820689
0.002668042267598
0.002665984808136
0.002663040906004
0.002659310140490
0.002654921892542
0.002650030907111
0.002644811882803
0.002639453276806
0.002634150543493
0.002629099047916
0.002624486909606
0.002620488037149
0.002617255609639
0.002614916247409
0.002613565091732
0.002613261982336
0.002614028883528
0.002615848665854
0.002618665301970
0.002622385484669
0.002626881623320
0.002631996124525
0.002637546815106
0.002643333322632
0.002649144191942
0.002654764487114
0.002659983608011
0.002664603039863
0.002668443753738
0.002671352985319
0.002673210138935
0.002673931592693
0.002673474217803
0.002671837469638
0.002669063958062
0.002665238458496
0.002660485381037
0.002654964770778
0.002648866966342
0.002642406093405
0.002635812614086
0.002629325189558
0.002623182141035
0.002617612812006
0.002612829141750
0.002609017756203
0.002606332867320
0.002604890246499
0.002604762502308
0.002605975848746
0.002608508499100
0.002612290763894
0.002617206871393
0.002623098467716
0.002629769693064
0.002636993672964
0.002644520210923
0.002652084423335
0.002659416020667
0.002666248912168
0.002672330795749
0.002677432390938
0.002681355981100
0.002683942951408
0.002685080040669
0.002684704067101
0.002682804939138
0.002679426820668
0.002674667383704
0.002668675148290
0.002661644977044
0.002653811857816
0.002645443170135
0.002636829687202
0.002628275613131
0.002620087993141
0.002612565861057
0.002605989502656
0.002600610214536
0.002596640926025
0.002594248026452
0.002593544702717
0.002594586043466
0.002597366108087
0.002601817092928
0.002607810655902
0.002615161386315
0.002623632331951
0.002632942422678
0.002642775561680
0.002652791094314
0.002662635312636
0.002671953612861
0.002680402894818
0.002687663778091
0.002693452209548
0.002697530051579
0.002699714269277
0.002699884377114
0.002697987860230
0.002694043350384
0.002688141410020
0.002680442857180
0.002671174646733
0.002660623406654
0.002649126809167
0.002637063032680
0.002624838638941
0.002612875248350
0.002601595442826
0.002591408358259
0.002582695446261
0.002575796886757
0.002570999118805
0.002568523927100
0.002568519476798
0.002571053630821
0.002576109813550
0.002583585604870
0.002593294161479
0.002604968471039
0.002618268351889
0.002632790019969
0.002648077957978
0.002663638742748
0.002678956417814
0.002693508941589
0.002706785199412
0.002718302041353
0.002727620798240
0.002734362736187
0.002738222934905
0.002738982116720
0.002736516010116
0.002730801902306
0.002721922117524
0.002710064249011
0.002695518070260
0.002678669151910
0.002659989311718
0.002640024123108
0.002619377799903
0.002598695858089
0.002578646027303
0.002559897942956
0.002543102192618
0.002528869316314
0.002517749368744
0.002510212642021
0.002506632120502
0.002507268195527
0.002512256108694
0.002521596519466
0.002535149508614
0.002552632235754
0.002573620369827
0.002597553308711
0.002623743101221
0.002651386884581
0.002679582555837
0.002707347309319
0.002733638596509
0.002757377001595
0.002777470477164
0.002792839351111
0.002802441498637
0.002805297072333
0.002800512198567
0.002787301078974
0.002765005980564
0.002733114655345
0.002691274798421
0.002639305230203
0.002577203571296
0.002505150265328
0.002423508893054
0.002332822808007
0.002233808207508
0.002127343830854
0.002014457547082
0.001896310156345
0.001774176780276
0.001649426256996
0.001523498985017
0.001397883677129
0.001274093490627
0.001153641994412
0.001038019417591
0.000928669599032
0.000826968024526
0.000734201298841
0.000651548355889
0.000580063662781
0.000520662624323
0.000474109345021
0.000441006857121
0.000421789876828
0.000416720107601
0.000425884070003
0.000449193402514
0.000486387547317
0.000537038709342
0.000600558955686
0.000676209305595
0.000763110648036
0.000860256313889
0.000966526122389
0.001080701715883
0.001201482992695
0.001327505444222
0.001457358198948
0.001589602572321
0.001722790917386
0.001855485566383
0.001986277648580
0.002113805564421
0.002236772891251
0.002353965491880
0.002464267594694
0.002566676613770
0.002660316480045
0.002744449261004
0.002818484857047
0.002881988578440
0.002934686427857
0.002976467940341
0.003007386465057
0.003027656811370
0.003037650225057
0.003037886708342
0.003029024748887
0.003011848576853
0.002987253124345
0.002956226916472
0.002919833176290
0.002879189475472
0.002835446306907
0.002789764993013
0.002743295372867
0.002697153730946
0.002652401439210
0.002610024781756
0.002570916416561
0.002535858902077
0.002505510677534
0.002480394835618
0.002460890965484
0.002447230274300
0.002439494118303
0.002437615991654
0.002441386935373
0.002450464241720
0.002464383243948
0.002482571899996
0.002504367803725
0.002529037191097
0.002555795453393
0.002583828626851
0.002612315299590
0.002640448363339
0.002667456040021
0.002692621631702
0.002715301476657
0.002734940643299
0.002751085956414
0.002763396024652
0.002771648022612
0.002775741072573
0.002775696167421
0.002771652674646
0.002763861558643
0.002752675551870
0.002738536592047
0.002721960919746
0.002703522296166
0.002683833852546
0.002663529118993
0.002643242800356
0.002623591869501
0.002605157533986
0.002588468600960
0.002573986718280
0.002562093908702
0.002553082740481
0.002547149394233
0.002544389794898
0.002544798882125
0.002548272995308
0.002554615253813
0.002563543721772
0.002574702062919
0.002587672316914
0.002601989366806
0.002617156619505
0.002632662388832
0.002647996454890
0.002662666274381
0.002676212334135
0.002688222173656
0.002698342650868
0.002706290086716
0.002711857996763
0.002714922199106
0.002715443174924
0.002713465648125
0.002709115440743
0.002702593748167
0.002694169060010
0.002684167025956
0.002672958628853
0.002660947077695
0.002648553869489
0.002636204490186
0.002624314230362
0.002613274581189
0.002603440650787
0.002595120001449
0.002588563255831
0.002583956756878
0.002581417494282
0.002580990432045
0.002582648289973
0.002586293749400
0.002591763972885
0.002598837251736
0.002607241526454
0.002616664465824
0.002626764742265
0.002637184105692
0.002647559836628
0.002657537152132
0.002666781145472
0.002674987861830
0.002681894146954
0.002687285952129
0.002691004835450
0.002692952464220
0.002693092993843
0.002691453272653
0.002688120896898
0.002683240213226
0.002677006434872
0.002669658100108
0.002661468155331
0.002652733988578
0.002643766771051
0.002634880483328
0.002626381008857
0.002618555670052
0.002611663562137
0.002605927007805
0.002601524412817
0.002598584750660
0.002597183845070
0.002597342554750
0.002599026897408
0.002602150082383
0.002606576355311
0.002612126496455
0.002618584758826
0.002625706984756
0.002633229601809
0.002640879171952
0.002648382152700
0.002655474525727
0.002661910957356
0.002667473175849
0.002671977281702
0.002675279747999
0.002677281916801
0.002677932852652
0.002677230473667
0.002675220942183
0.002671996358340
0.002667690859194
0.002662475280916
0.002656550590370
0.002650140333371
0.002643482378708
0.002636820258650
0.002630394417397
0.002624433678636
0.002619147231999
0.002614717416463
0.002611293547328
0.002608986993649
0.002607867666338
0.002607962025319
0.002609252659006
0.002611679432956
0.002615142148838
0.002619504601842
0.002624599876152
0.002630236675798
0.002636206453595
0.002642291074980
