0.000059116534478
0.000058665173296
0.000058204602568
0.000057735379261
0.000057258070751
0.000056773254139
0.000056281515547
0.000055783449408
0.000055279657742
0.000054770749433
0.000054257339484
0.000053740048274
0.000053219500812
0.000052696325977
0.000052171155757
0.000051644624483
0.000051117368064
0.000050590023214
0.000050063226686
0.000049537614497
0.000049013821170
0.000048492478962
0.000047974217112
0.000047459661085
0.000046949431819
0.000046444144986
0.000045944410245
0.000045450830515
0.000044964001243
0.000044484509687
0.000044012934204
0.000043549843550
0.000043095796193
0.000042651339638
0.000042217009766
0.000041793330191
0.000041380811626
0.000040979951273
0.000040591232222
0.000040215122870
0.000039852076359
0.000039502530029
0.000039166904891
0.000038845605122
0.000038539017584
0.000038247511356
0.000037971437298
0.000037711127634
0.000037466895557
0.000037239034857
0.000037027819570
0.000036833503651
0.000036656320671
0.000036496483532
0.000036354184211
0.000036229593529
0.000036122860944
0.000036034114373
0.000035963460039
0.000035910982348
0.000035876743791
0.000035860784873
0.000035863124067
0.000035883757800
0.000035922660453
0.000035979784401
0.000036055060064
0.000036148396001
0.000036259679019
0.000036388774312
0.000036535525632
0.000036699755477
0.000036881265317
0.000037079835830
0.000037295227176
0.000037527179285
0.000037775412174
0.000038039626278
0.000038319502816
0.000038614704174
0.000038924874310
0.000039249639183
0.000039588607212
0.000039941369748
0.000040307501570
0.000040686561404
0.000041078092457
0.000041481622972
0.000041896666793
0.000042322723955
0.000042759281285
0.000043205813019
0.000043661781436
0.000044126637507
0.000044599821556
0.000045080763940
0.000045568885734
0.000046063599431
0.000046564309652
0.000047070413861
0.000047581303090
0.000048096362670
0.000048614972968
0.000049136510131
0.000049660346838
0.000050185853049
0.000050712396773
0.000051239344823
0.000051766063587
0.000052291919788
0.000052816281253
0.000053338517669
0.000053858001344
0.000054374107959
0.000054886217318
0.000055393714089
0.000055895988545
0.000056392437293
0.000056882464000
0.000057365480108
0.000057840905547
0.000058308169424
0.000058766710717
0.000059215978938
0.000059655434800
0.000060084550855
0.000060502812127
0.000060909716727
0.000061304776450
0.000061687517364
0.000062057480377
0.000062414221789
0.000062757313829
0.000063086345165
0.000063400921405
0.000063700665567
0.000063985218529
0.000064254239461
0.000064507406230
0.000064744415781
0.000064964984497
0.000065168848539
0.000065355764158
0.000065525507986
0.000065677877301
0.000065812690270
0.000065929786160
0.000066029025532
0.000066110290400
0.000066173484368
0.000066218532740
0.000066245382603
0.000066254002889
0.000066244384407
0.000066216539855
0.000066170503803
0.000066106332651
0.000066024104567
0.000065923919391
0.000065805898515
0.000065670184737
0.000065516942087
0.000065346355625
0.000065158631217
0.000064953995283
0.000064732694518
0.000064494995597
0.000064241184847
0.000063971567904
0.000063686469341
0.000063386232273
0.000063071217948
0.000062741805301
0.000062398390498
0.000062041386455
0.000061671222340
0.000061288343052
0.000060893208688
0.000060486293988
0.000060068087773
0.000059639092355
0.000059199822942
0.000058750807021
0.000058292583728
0.000057825703201
0.000057350725921
0.000056868222034
0.000056378770669
0.000055882959237
0.000055381382722
0.000054874642968
0.000054363347952
0.000053848111057
0.000053329550329
0.000052808287741
0.000052284948440
0.000051760160002
0.000051234551670
0.000050708753603
0.000050183396117
0.000049659108930
