0.000000505469317
0.000000543856308
0.000000579152761
0.000000609034189
0.000000631602712
0.000000645504516
0.000000650006370
0.000000645027316
0.000000631124942
0.000000609438793
0.000000581596371
0.000000549589509
0.000000515630625
0.000000481999326
0.000000450890032
0.000000424270761
0.000000403761954
0.000000390542535
0.000000385288159
0.000000388144307
0.000000398734415
0.000000416200949
0.000000439275327
0.000000466370935
0.000000495692360
0.000000525353284
0.000000553495413
0.000000578401138
0.000000598593455
0.000000612917794
0.000000620601779
0.000000621290470
0.000000615056151
0.000000602383232
0.000000584130163
0.000000561471365
0.000000535823122
0.000000508757952
0.000000481912387
0.000000456893149
0.000000435186618
0.000000418076149
0.000000406571274
0.000000401352206
0.000000402732282
0.000000410640172
0.000000424622742
0.000000443868571
0.000000467251124
0.000000493389688
0.000000520725270
0.000000547607820
0.000000572390476
0.000000593525947
0.000000609659823
0.000000619715485
0.000000622965467
0.000000619084568
0.000000608180802
0.000000590801332
0.000000567911837
0.000000540849319
0.000000511249966
0.000000480955368
0.000000451901978
0.000000426000063
0.000000405009466
0.000000390420135
0.000000383345520
0.000000384436526
0.000000393822761
0.000000411086289
0.000000435271175
0.000000464929778
0.000000498204239
0.000000532939084
0.000000566818455
0.000000597519457
0.000000622871536
0.000000641010964
0.000000650519327
0.000000650535623
0.000000640833010
0.000000621853438
0.000000594696176
0.000000561059434
0.000000523137630
0.000000483480219
0.000000444820959
0.000000409889010
0.000000381214946
0.000000360945561
0.000000350681201
0.000000351348055
0.000000363115724
0.000000385367311
0.000000416725635
0.000000455135133
0.000000497994886
0.000000542334315
0.000000585019704
0.000000622977141
0.000000653415898
0.000000674035839
0.000000683203271
0.000000680081638
0.000000664706499
0.000000637998154
0.000000601709783
0.000000558313705
0.000000510833002
0.000000462629984
0.000000417166369
0.000000377752404
0.000000347303319
0.000000328121200
0.000000321718823
0.000000328699059
0.000000348699589
0.000000380407871
0.000000421646191
0.000000469521368
0.000000520628813
0.000000571296453
0.000000617850895
0.000000656886348
0.000000685516401
0.000000701589837
0.000000703854157
0.000000692054231
0.000000666958228
0.000000630308333
0.000000584699339
0.000000533393620
0.000000480085776
0.000000428634089
0.000000382778513
0.000000345866022
0.000000320603711
0.000000308858061
0.000000311515430
0.000000328414319
0.000000358354644
0.000000399183544
0.000000447951523
0.000000501127507
0.000000554856956
0.000000605243982
0.000000648636586
0.000000681893929
0.000000702615843
0.000000709317655
0.000000701537450
0.000000679867946
0.000000645910776
0.000000602156756
0.000000551801173
0.000000498507960
0.000000446140357
0.000000398478062
0.000000358941821
0.000000330345706
0.000000314695226
0.000000313045856
0.000000325432039
0.000000350871426
0.000000387443486
0.000000432436159
0.000000482549213
0.000000534138878
0.000000583485422
0.000000627063806
0.000000661797518
0.000000685277149
0.000000695928063
0.000000693115441
0.000000677179742
0.000000649400829
0.000000611894279
0.000000567448338
0.000000519314239
0.000000470965821
0.000000425846439
0.000000387121780
0.000000357456490
0.000000338830475
0.000000332407562
0.000000338465172
0.000000356389009
0.000000384731997
0.000000421331972
0.000000463478514
0.000000508115887
0.000000552066713
0.000000592259845
0.000000625945947
0.000000650885569
0.000000665496843
0.000000668953161
0.000000661225052
0.000000643064622
