0.000005921586927
0.000005601289865
0.000005280957336
0.000004970761122
0.000004680541129
0.000004419495543
0.000004195892385
0.000004016811083
0.000003887921671
0.000003813308030
0.000003795340314
0.000003834600292
0.000003929861896
0.000004078127716
0.000004274720641
0.000004513428232
0.000004786695842
0.000005085862956
0.000005401435761
0.000005723387662
0.000006041478355
0.000006345581261
0.000006626008617
0.000006873823440
0.000007081127854
0.000007241318003
0.000007349296883
0.000007401637893
0.000007396693673
0.000007334646755
0.000007217500647
0.000007049012048
0.000006834566926
0.000006581005029
0.000006296399005
0.000005989795673
0.000005670927976
0.000005349906874
0.000005036902838
0.000004741826690
0.000004474019411
0.000004241960144
0.000004053001012
0.000003913136619
0.000003826815145
0.000003796796819
0.000003824064311
0.000003907788157
0.000004045348768
0.000004232414926
0.000004463076915
0.000004730030654
0.000005024807476
0.000005338042524
0.000005659773328
0.000005979758882
0.000006287808718
0.000006574110974
0.000006829548426
0.000007045991826
0.000007216560710
0.000007335843035
0.000007400066526
0.000007407216385
0.000007357095925
0.000007251328692
0.000007093302602
0.000006888058470
0.000006642127032
0.000006363320041
0.000006060482280
0.000005743212354
0.000005421560895
0.000005105715316
0.000004805680582
0.000004530965518
0.000004290284041
0.000004091280347
0.000003940286514
0.000003842120152
0.000003799928713
0.000003815085776
0.000003887143139
0.000004013840846
0.000004191175415
0.000004413524631
0.000004673825254
0.000004963798143
0.000005274213522
0.000005595187664
0.000005916501044
0.000006227927276
0.000006519561757
0.000006782139022
0.000007007328332
0.000007187997892
0.000007318439341
0.000007394545640
0.000007413937166
0.000007376032599
0.000007282062986
0.000007135029146
0.000006939604260
0.000006701985033
0.000006429696224
0.000006131354588
0.000005816399344
0.000005494797168
0.000005176730452
0.000004872278087
0.000004591098359
0.000004342123636
0.000004133276371
0.000003971215499
0.000003861121586
0.000003806528016
0.000003809204195
0.000003869095100
0.000003984319682
0.000004151228628
0.000004364519895
0.000004617408378
0.000004901844119
0.000005208771711
0.000005528422131
0.000005850627088
0.000006165145340
0.000006461990106
0.000006731746867
0.000006965871373
0.000007156958514
0.000007298973863
0.000007387441059
0.000007419579659
0.000007394389707
0.000007312680842
0.000007177045418
0.000006991776641
0.000006762734272
0.000006497161876
0.000006203460962
0.000005890928606
0.000005569466276
0.000005249268541
0.000004940501123
0.000004652978273
0.000004395849697
0.000004177307193
0.000004004320716
0.000003882412813
0.000003815479192
0.000003805661715
0.000003853278326
0.000003956812452
0.000004112962285
0.000004316748241
0.000004561674822
0.000004839941216
0.000005142693329
0.000005460308631
0.000005782704233
0.000006099658026
0.000006401132523
0.000006677591186
0.000006920297492
0.000007121587733
0.000007275109484
0.000007376018831
0.000007421130693
0.000007409017924
0.000007340056335
0.000007216414226
0.000007041986584
0.000006822275603
0.000006564220774
0.000006275983282
0.000005966690942
0.000005646151229
0.000005324541166
0.000005012083765
0.000004718721394
0.000004453796765
0.000004225752152
0.000004041857007
0.000003907973225
0.000003828366086
0.000003805567270
0.000003840294522
0.000003931430494
0.000004076061186
0.000004269572344
0.000004505800182
0.000004777231029
0.000005075242993
0.000005390381511
0.000005712659751
0.000006031874306
0.000006337926294
0.000006621138091
0.000006872556145
0.000007084230878
