0.000003159933627
0.000003415437655
0.000003667468897
0.000003906181847
0.000004122273147
0.000004307344668
0.000004454228301
0.000004557260090
0.000004612493652
0.000004617845472
0.000004573167463
0.000004480245045
0.000004342721777
0.000004165954208
0.000003956803019
0.000003723368597
0.000003474681022
0.000003220355817
0.000002970227967
0.000002733977371
0.000002520759248
0.000002338852979
0.000002195342358
0.000002095839391
0.000002044262422
0.000002042677663
0.000002091211028
0.000002188034673
0.000002329429868
0.000002509924765
0.000002722502620
0.000002958872961
0.000003209795406
0.000003465443416
0.000003715793318
0.000003951022664
0.000004161901404
0.000004340159566
0.000004478816079
0.000004572455100
0.000004617438529
0.000004612046222
0.000004556538656
0.000004453140125
0.000004305943981
0.000004120744620
0.000003904803841
0.000003666561681
0.000003415303763
0.000003160798627
0.000002912919262
0.000002681263344
0.000002474786342
0.000002301460913
0.000002167974811
0.000002079478006
0.000002039387900
0.000002049259506
0.000002108725207
0.000002215506441
0.000002365497154
0.000002552916477
0.000002770525584
0.000003009901343
0.000003261757172
0.000003516299500
0.000003763606646
0.000003994015679
0.000004198502149
0.000004369037490
0.000004498909433
0.000004582991976
0.000004617953337
0.000004602392720
0.000004536899715
0.000004424033366
0.000004268221489
0.000004075584262
0.000003853689449
0.000003611249587
0.000003357773932
0.000003103189808
0.000002857449128
0.000002630136279
0.000002430093173
0.000002265076300
0.000002141458917
0.000002063989457
0.000002035614701
0.000002057373604
0.000002128364795
0.000002245788049
0.000002405057286
0.000002599980238
0.000002822997635
0.000003065472875
0.000003318021491
0.000003570868476
0.000003814220590
0.000004038640217
0.000004235407186
0.000004396855196
0.000004516670162
0.000004590138901
0.000004614338134
0.000004588255771
0.000004512838807
0.000004390964920
0.000004227337786
0.000004028309263
0.000003801634679
0.000003556170409
0.000003301525538
0.000003047681614
0.000002804596007
0.000002581805313
0.000002388045333
0.000002230903485
0.000002116518089
0.000002049336897
0.000002031944531
0.000002064965480
0.000002147045959
0.000002274914555
0.000002443518311
0.000002646227860
0.000002875102586
0.000003121204636
0.000003374948960
0.000003626475543
0.000003866029495
0.000004084334709
0.000004272947360
0.000004424576486
0.000004533360224
0.000004595087941
0.000004607360400
0.000004569682215
0.000004483483118
0.000004352066965
0.000004180489858
0.000003975371271
0.000003744644490
0.000003497255025
0.000003242817795
0.000002991245676
0.000002752363499
0.000002535522463
0.000002349230338
0.000002200812538
0.000002096118181
0.000002039283674
0.000002032564087
0.000002076239828
0.000002168602958
0.000002306024007
0.000002483096696
0.000002692854485
0.000002927049816
0.000003176484173
0.000003431375040
0.000003681744384
0.000003917812633
0.000004130382143
0.000004311194945
0.000004453250896
0.000004551074328
0.000004600919567
0.000004600908306
0.000004551094566
0.000004453455751
0.000004311810987
0.000004131670522
0.000003920022257
0.000003685063557
0.000003435888276
0.000003182140341
0.000002933646410
0.000002700040805
0.000002490396350
0.000002312874692
0.000002174409226
0.000002080432847
0.000002034661379
0.000002038941747
0.000002093171656
0.000002195294982
0.000002341374127
0.000002525737499
0.000002741197137
0.000002979328436
0.000003230801126
0.000003485748307
0.000003734158468
0.000003966274313
0.000004172981760
0.000004346172890
0.000004479067724
0.000004566481596
0.000004605027302
0.000004593244161
