0.000000437651969
0.000000465134063
0.000000493478683
0.000000520683752
0.000000544775615
0.000000563952639
0.000000576720614
0.000000582009720
0.000000579263872
0.000000568494989
0.000000550297132
0.000000525818262
0.000000496690502
0.000000464922873
0.000000432763429
0.000000402540179
0.000000376492062
0.000000356602275
0.000000344446434
0.000000341067242
0.000000346885685
0.000000361656257
0.000000384470630
0.000000413810626
0.000000447647676
0.000000483582385
0.000000519014664
0.000000551332350
0.000000578104604
0.000000597265694
0.000000607275194
0.000000607242117
0.000000597002948
0.000000577146829
0.000000548985000
0.000000514465727
0.000000476040119
0.000000436488009
0.000000398716277
0.000000365544300
0.000000339492414
0.000000322589364
0.000000316213522
0.000000320980352
0.000000336685333
0.000000362307470
0.000000396074066
0.000000435582775
0.000000477972581
0.000000520131538
0.000000558926123
0.000000591435245
0.000000615171325
0.000000628271644
0.000000629645155
0.000000619063128
0.000000597186139
0.000000565524566
0.000000526334832
0.000000482458443
0.000000437115334
0.000000393666599
0.000000355364153
0.000000325106076
0.000000305216136
0.000000297264352
0.000000301942534
0.000000319004692
0.000000347277411
0.000000384740035
0.000000428669226
0.000000475837538
0.000000522751474
0.000000565911405
0.000000602073895
0.000000628496700
0.000000643147797
0.000000644862462
0.000000633436165
0.000000609645866
0.000000575197629
0.000000532604063
0.000000485000394
0.000000435912696
0.000000388995483
0.000000347758282
0.000000315301764
0.000000294083355
0.000000285730157
0.000000290913479
0.000000309294730
0.000000339547012
0.000000379451109
0.000000426058896
0.000000475912085
0.000000525300006
0.000000570537111
0.000000608239347
0.000000635578562
0.000000650495719
0.000000651856769
0.000000639539302
0.000000614443342
0.000000578425323
0.000000534160129
0.000000484941484
0.000000434435672
0.000000386407081
0.000000344436235
0.000000311651535
0.000000290494901
0.000000282538983
0.000000288369666
0.000000307542715
0.000000338617766
0.000000379267062
0.000000426450668
0.000000476644925
0.000000526106875
0.000000571154709
0.000000608443133
0.000000635212940
0.000000649496084
0.000000650260939
0.000000637486975
0.000000612163434
0.000000576212323
0.000000532341747
0.000000483840833
0.000000434331867
0.000000387498395
0.000000346809832
0.000000315263248
0.000000295161649
0.000000287945229
0.000000294088011
0.000000313067294
0.000000343407832
0.000000382797032
0.000000428262121
0.000000476395650
0.000000523612138
0.000000566416417
0.000000601663507
0.000000626790594
0.000000640003940
0.000000640407031
0.000000628060809
0.000000603971994
0.000000570010910
0.000000528765550
0.000000483343294
0.000000437135577
0.000000393563401
0.000000355822893
0.000000326649931
0.000000308121225
0.000000301506383
0.000000307181490
0.000000324610042
0.000000352391956
0.000000388376287
0.000000429828561
0.000000473639630
0.000000516560029
0.000000555442073
0.000000587471567
0.000000610372004
0.000000622566398
0.000000623285230
0.000000612613183
0.000000591471991
0.000000561541530
0.000000525125862
0.000000484974937
0.000000444075840
0.000000405429481
0.000000371829537
0.000000345659971
0.000000328725866
0.000000322129564
0.000000326200551
0.000000340483417
0.000000363783795
0.000000394267909
0.000000429607471
0.000000467158398
0.000000504159602
0.000000537936796
0.000000566096234
0.000000586694293
0.000000598370902
0.000000600437699
0.000000592915367
0.000000576518427
0.000000552589698
0.000000522990294
0.000000489954168
0.000000455918616
0.000000423343685
0.000000394533903
