0.000021147744364
0.000021897017857
0.000022644932839
0.000023381776103
0.000024097978185
0.000024784237594
0.000025431641626
0.000026031782219
0.000026576865313
0.000027059812290
0.000027474352117
0.000027815102970
0.000028077642220
0.000028258563863
0.000028355522623
0.000028367264174
0.000028293641123
0.000028135614585
0.000027895241382
0.000027575647092
0.000027180985325
0.000026716383789
0.000026187877822
0.000025602332261
0.000024967352587
0.000024291186476
0.000023582616964
0.000022850848574
0.000022105387860
0.000021355919899
0.000020612182368
0.000019883838849
0.000019180353077
0.000018510865796
0.000017884075862
0.000017308127185
0.000016790502967
0.000016337928615
0.000015956284556
0.000015650530055
0.000015424638980
0.000015281548311
0.000015223120039
0.000015250116953
0.000015362192621
0.000015557895741
0.000015834688836
0.000016188981091
0.000016616174944
0.000017110725840
0.000017666214379
0.000018275429908
0.000018930464426
0.000019622815543
0.000020343497110
0.000021083156033
0.000021832193727
0.000022580890629
0.000023319532157
0.000024038534529
0.000024728568832
0.000025380681811
0.000025986411842
0.000026537898634
0.000027027985250
0.000027450311121
0.000027799394825
0.000028070705516
0.000028260722025
0.000028366978815
0.000028388098156
0.000028323808076
0.000028174945846
0.000027943446982
0.000027632319923
0.000027245606765
0.000026788330601
0.000026266430189
0.000025686682808
0.000025056616326
0.000024384411583
0.000023678796345
0.000022948932160
0.000022204295542
0.000021454555004
0.000020709445510
0.000019978641989
0.000019271633560
0.000018597600147
0.000017965293135
0.000017382921638
0.000016858045917
0.000016397479337
0.000016007200132
0.000015692274107
0.000015456789242
0.000015303802984
0.000015235302870
0.000015252180938
0.000015354222231
0.000015540107530
0.000015807430297
0.000016152727638
0.000016571524929
0.000017058393589
0.000017607021281
0.000018210293689
0.000018860386808
0.000019548868553
0.000020266808359
0.000021004893280
0.000021753549070
0.000022503064606
0.000023243718017
0.000023965902855
0.000024660252683
0.000025317762468
0.000025929905256
0.000026488742632
0.000026987027593
0.000027418298510
0.000027776962984
0.000028058370495
0.000028258872889
0.000028375871870
0.000028407852847
0.000028354404660
0.000028216224885
0.000027995110664
0.000027693935168
0.000027316610026
0.000026868034272
0.000026354030500
0.000025781269113
0.000025157181695
0.000024489864636
0.000023787974272
0.000023060614864
0.000022317220839
0.000021567434762
0.000020820982569
0.000020087547633
0.000019376645269
0.000018697499293
0.000018058922244
0.000017469200873
0.000016935988400
0.000016466205012
0.000016065947920
0.000015740412178
0.000015493823309
0.000015329382598
0.000015249225733
0.000015254395310
0.000015344827499
0.000015519353010
0.000015775712331
0.000016110585015
0.000016519632648
0.000016997554979
0.000017538158501
0.000018134436643
0.000018778660579
0.000019462479470
0.000020177028878
0.000020913045909
0.000021660989565
0.000022411164711
0.000023153847986
0.000023879413996
0.000024578460118
0.000025241928288
0.000025861222207
0.000026428318474
0.000026935870260
0.000027377302223
0.000027746895495
0.000028039861668
0.000028252404855
0.000028381771002
0.000028426283813
0.000028385366754
0.000028259550825
0.000028050467939
0.000027760829946
0.000027394393555
0.000026955911601
0.000026451071303
0.000025886420336
0.000025269281732
0.000024607658746
0.000023910130965
0.000023185743028
0.000022443887401
0.000021694182732
0.000020946349309
0.000020210083221
0.000019494930801
0.000018810164951
0.000018164664932
0.000017566801172
