0.000023389493771
0.000022764712644
0.000022101519703
0.000021409298407
0.000020697843328
0.000019977221516
0.000019257629910
0.000018549250831
0.000017862107656
0.000017205922772
0.000016589979881
0.000016022992632
0.000015512981474
0.000015067160453
0.000014691835520
0.000014392315755
0.000014172838667
0.000014036510596
0.000013985262986
0.000014019825120
0.000014139713708
0.000014343239479
0.000014627530747
0.000014988573662
0.000015421268650
0.000015919502290
0.000016476233658
0.000017083593934
0.000017732997830
0.000018415265261
0.000019120751455
0.000019839483626
0.000020561302206
0.000021276004614
0.000021973489502
0.000022643899451
0.000023277760116
0.000023866113928
0.000024400646478
0.000024873803885
0.000025278899502
0.000025610208484
0.000025863048859
0.000026033847946
0.000026120193123
0.000026120866165
0.000026035860631
0.000025866382000
0.000025614830541
0.000025284767162
0.000024880862753
0.000024408831787
0.000023875351186
0.000023287965652
0.000022654980853
0.000021985346007
0.000021288527530
0.000020574375498
0.000019852984781
0.000019134552742
0.000018429235447
0.000017747004365
0.000017097505548
0.000016489923251
0.000015932849954
0.000015434164635
0.000015000921092
0.000014639247933
0.000014354261711
0.000014149994489
0.000014029336849
0.000013993997177
0.000014044477750
0.000014180067924
0.000014398854463
0.000014697748807
0.000015072530855
0.000015517908617
0.000016027592893
0.000016594385963
0.000017210283052
0.000017866585218
0.000018554022101
0.000019262882845
0.000019983153365
0.000020704658023
0.000021417203673
0.000022110723997
0.000022775422042
0.000023401908879
0.000023981336381
0.000024505522205
0.000024967065237
0.000025359449851
0.000025677137601
0.000025915645071
0.000026071606874
0.000026142822953
0.000026128289567
0.000026028213518
0.000025844009433
0.000025578280079
0.000025234779943
0.000024818362533
0.000024334912076
0.000023791260538
0.000023195091120
0.000022554829585
0.000021879524994
0.000021178721567
0.000020462323553
0.000019740455066
0.000019023316911
0.000018321042453
0.000017643554567
0.000017000425664
0.000016400742725
0.000015852979213
0.000015364875590
0.000014943330112
0.000014594301402
0.000014322724176
0.000014132439344
0.000014026139505
0.000014005330660
0.000014070310749
0.000014220165350
0.000014452780629
0.000014764873371
0.000015152037632
0.000015608807324
0.000016128733770
0.000016704477096
0.000017327910098
0.000017990233078
0.000018682098029
0.000019393740417
0.000020115116735
0.000020836045959
0.000021546352958
0.000022236011892
0.000022895287633
0.000023514873228
0.000024086021447
0.000024600668559
0.000025051548508
0.000025432295843
0.000025737535869
0.000025962960714
0.000026105390200
0.000026162816653
0.000026134433051
0.000026020644142
0.000025823060435
0.000025544475211
0.000025188824907
0.000024761133487
0.000024267441570
0.000023714721314
0.000023110778206
0.000022464141107
0.000021783942039
0.000021079787370
0.000020361622189
0.000019639589779
0.000018923888177
0.000018224625918
0.000017551679013
0.000016914551278
0.000016322240009
0.000015783108952
0.000015304770362
0.000014893977810
0.000014556531201
0.000014297195301
0.000014119632849
0.000014026353135
0.000014018676739
0.000014096716888
0.000014259377710
0.000014504369430
0.000014828240356
0.000015226425252
0.000015693309476
0.000016222308047
0.000016805958532
0.000017436026456
0.000018103621737
0.000018799324443
0.000019513318054
0.000020235528282
0.000020955765446
0.000021663868353
0.000022349847651
0.000023004026640
0.000023617177594
0.000024180651719
0.000024686500967
0.000025127590041
0.000025497697031
0.000025791601284
