0.000002097454297
0.000002072999919
0.000002023207662
0.000001950664751
0.000001859048028
0.000001752932999
0.000001637563461
0.000001518593499
0.000001401814445
0.000001292879538
0.000001197038657
0.000001118894636
0.000001062191448
0.000001029642961
0.000001022809197
0.000001042025046
0.000001086384316
0.000001153779824
0.000001240998071
0.000001343864882
0.000001457436254
0.000001576226725
0.000001694465749
0.000001806371069
0.000001906426908
0.000001989654118
0.000002051859248
0.000002089849941
0.000002101605152
0.000002086390475
0.000002044811174
0.000001978798512
0.000001891528261
0.000001787273875
0.000001671200472
0.000001549109181
0.000001427144501
0.000001311479728
0.000001207997129
0.000001121980232
0.000001057835240
0.000001018857200
0.000001007054200
0.000001023039671
0.000001065999027
0.000001133732619
0.000001222772595
0.000001328567026
0.000001445720837
0.000001568279932
0.000001690042613
0.000001804881066
0.000001907055455
0.000001991503908
0.000002054093420
0.000002091819229
0.000002102943376
0.000002087066692
0.000002045132192
0.000001979361480
0.000001893129164
0.000001790783167
0.000001677421230
0.000001558635532
0.000001440238403
0.000001327982420
0.000001227287880
0.000001142989789
0.000001079115228
0.000001038700281
0.000001023653813
0.000001034673295
0.000001071215727
0.000001131524488
0.000001212710800
0.000001310886363
0.000001421341724
0.000001538763096
0.000001657478677
0.000001771724091
0.000001875915500
0.000001964918205
0.000002034298293
0.000002080545168
0.000002101253627
0.000002095255568
0.000002062693449
0.000002005030167
0.000001924993025
0.000001826452790
0.000001714242283
0.000001593922392
0.000001471506496
0.000001353156972
0.000001244869443
0.000001152161540
0.000001079783146
0.000001031464273
0.000001009714868
0.000001015688160
0.000001049115639
0.000001108317732
0.000001190289948
0.000001290859867
0.000001404906330
0.000001526628573
0.000001649850323
0.000001768341931
0.000001876142847
0.000001967866944
0.000002038974473
0.000002085996623
0.000002106701608
0.000002100194676
0.000002066948254
0.000002008762273
0.000001928658427
0.000001830715411
0.000001719854942
0.000001601590472
0.000001481751852
0.000001366199826
0.000001260544151
0.000001169878366
0.000001098542982
0.000001049927127
0.000001026316652
0.000001028794474
0.000001057196621
0.000001110125086
0.000001185016343
0.000001278262202
0.000001385377692
0.000001501208830
0.000001620171555
0.000001736511770
0.000001844575427
0.000001939076891
0.000002015353578
0.000002069595031
0.000002099035295
0.000002102098665
0.000002078490644
0.000002029228191
0.000001956606058
0.000001864099066
0.000001756203423
0.000001638223473
0.000001516013423
0.000001395686341
0.000001283304955
0.000001184570275
0.000001104524660
0.000001047285631
0.000001015825396
0.000001011808833
0.000001035499545
0.000001085739906
0.000001160006848
0.000001254540777
0.000001364540826
0.000001484415770
0.000001608076757
0.000001729255628
0.000001841831237
0.000001940145864
0.000002019294622
0.000002075372497
0.000002105666344
0.000002108782476
0.000002084704257
0.000002034778089
0.000001961630103
0.000001869019488
0.000001761637531
0.000001644863936
0.000001524493727
0.000001406448998
0.000001296489925
0.000001199938898
0.000001121430407
0.000001064697629
0.000001032404523
0.000001026029915
0.000001045807563
0.000001090723744
0.000001158571456
0.000001246058140
0.000001348961732
0.000001462328090
0.000001580701260
0.000001698376832
0.000001809667639
0.000001909170478
0.000001992022249
0.000002054134065
0.000002092392470
0.000002104817932
0.000002090672289
0.000002050508804
0.000001986160890
