0.000040340799129
0.000040072704080
0.000039735063704
0.000039330569400
0.000038862444929
0.000038334420743
0.000037750704273
0.000037115946390
0.000036435204319
0.000035713901286
0.000034957783256
0.000034172873090
0.000033365422521
0.000032541862334
0.000031708751167
0.000030872723321
0.000030040436019
0.000029218516501
0.000028413509370
0.000027631824593
0.000026879686552
0.000026163084542
0.000025487725106
0.000024858986583
0.000024281876248
0.000023760990393
0.000023300477677
0.000022904006056
0.000022574733568
0.000022315283197
0.000022127722027
0.000022013544834
0.000021973662247
0.000022008393546
0.000022117464161
0.000022300007878
0.000022554573731
0.000022879137541
0.000023271118011
0.000023727397261
0.000024244345655
0.000024817850717
0.000025443349920
0.000026115867076
0.000026830052023
0.000027580223289
0.000028360413371
0.000029164416261
0.000029985836826
0.000030818141665
0.000031654711018
0.000032488891348
0.000033314048184
0.000034123618818
0.000034911164457
0.000035670421420
0.000036395350979
0.000037080187443
0.000037719484086
0.000038308156556
0.000038841523387
0.000039315343290
0.000039725848918
0.000040069776830
0.000040344393421
0.000040547516622
0.000040677533207
0.000040733411574
0.000040714709922
0.000040621579742
0.000040454764618
0.000040215594314
0.000039905974206
0.000039528370122
0.000039085788705
0.000038581753445
0.000038020276583
0.000037405827104
0.000036743295093
0.000036037952750
0.000035295412390
0.000034521581767
0.000033722617096
0.000032904874136
0.000032074857719
0.000031239170117
0.000030404458633
0.000029577362835
0.000028764461810
0.000027972221881
0.000027206945177
0.000026474719483
0.000025781369772
0.000025132411828
0.000024533008324
0.000023987927740
0.000023501506431
0.000023077614161
0.000022719623372
0.000022430382413
0.000022212192942
0.000022066791664
0.000021995336549
0.000021998397626
0.000022075952444
0.000022227386229
0.000022451496761
0.000022746503931
0.000023110063915
0.000023539287857
0.000024030764912
0.000024580589451
0.000025184392212
0.000025837375116
0.000026534349479
0.000027269777285
0.000028037815199
0.000028832360974
0.000029647101874
0.000030475564765
0.000031311167474
0.000032147271029
0.000032977232382
0.000033794457196
0.000034592452274
0.000035364877220
0.000036105594892
0.000036808720251
0.000037468667186
0.000038080192946
0.000038638439814
0.000039138973700
0.000039577819336
0.000039951491826
0.000040257024288
0.000040491991401
0.000040654528652
0.000040743347155
0.000040757743893
0.000040697607326
0.000040563418280
0.000040356246111
0.000040077740177
0.000039730116662
0.000039316140886
0.000038839105223
0.000038302802842
0.000037711497477
0.000037069889490
0.000036383078500
0.000035656522883
0.000034895996460
0.000034107542710
0.000033297426848
0.000032472086149
0.000031638078881
0.000030802032251
0.000029970589771
0.000029150358460
0.000028347856312
0.000027569460457
0.000026821356449
0.000026109489074
0.000025439515113
0.000024816758396
0.000024246167546
0.000023732276703
0.000023279169556
0.000022890446945
0.000022569198285
0.000022317977039
0.000022138780421
0.000022033033520
0.000022001577956
0.000022044665183
0.000022161954507
0.000022352515821
0.000022614837062
0.000022946836307
0.000023345878409
0.000023808796027
0.000024331914866
0.000024911082909
0.000025541703414
0.000026218771395
0.000026936913311
0.000027690429657
0.000028473340130
0.000029279431041
0.000030102304584
0.000030935429610
0.000031772193486
0.000032605954635
0.000033430095325
0.000034238074279
0.000035023478668
0.000035780075079
0.000036501859021
0.000037183102595
0.000037818399945
0.000038402710133
