0.002091262701469
0.002087432021187
0.002082834579190
0.002077533925078
0.002071605413370
0.002065135154938
0.002058218789253
0.002050960094642
0.002043469456477
0.002035862215613
0.002028256921438
0.002020773515659
0.002013531474259
0.002006647935980
0.002000235846199
0.001994402145112
0.001989246028742
0.001984857310481
0.001981314909586
0.001978685491373
0.001977022281789
0.001976364076563
0.001976734462384
0.001978141264458
0.001980576231477
0.001984014965495
0.001988417100538
0.001993726729989
0.001999873078985
0.002006771414262
0.002014324180170
0.002022422346000
0.002030946946376
0.002039770793308
0.002048760335661
0.002057777639269
0.002066682458804
0.002075334370789
0.002083594935867
0.002091329857670
0.002098411105289
0.002104718966556
0.002110144000033
0.002114588854777
0.002117969928604
0.002120218837715
0.002121283673077
0.002121130021903
0.002119741735900
0.002117121431540
0.002113290711522
0.002108290100628
0.002102178693451
0.002095033515740
0.002086948605454
0.002078033823895
0.002068413411457
0.002058224306521
0.002047614249812
0.002036739699974
0.002025763589251
0.002014852950911
0.002004176452285
0.001993901869147
0.001984193538413
0.001975209826920
0.001967100654228
0.001960005107056
0.001954049182031
0.001949343691958
0.001945982368836
0.001944040194304
0.001943571985223
0.001944611258675
0.001947169396799
0.001951235127758
0.001956774334647
0.001963730199506
0.001972023684752
0.001981554349453
0.001992201492933
0.002003825613338
0.002016270164029
0.002029363586175
0.002042921591592
0.002056749665976
0.002070645759106
0.002084403125490
0.002097813276330
0.002110669001594
0.002122767419501
0.002133913009813
0.002143920587044
0.002152618170048
0.002159849705404
0.002165477603616
0.002169385049329
0.002171478049519
0.002171687186933
0.002169969049833
0.002166307313377
0.002160713452574
0.002153227071737
0.002143915840578
0.002132875032513
0.002120226666239
0.002106118257256
0.002090721191485
0.002074228738550
0.002056853727497
0.002038825912638
0.002020389061817
0.002001797803539
0.001983314273153
0.001965204601406
0.001947735291347
0.001931169531506
0.001915763494653
0.001901762672098
0.001889398293505
0.001878883881501
0.001870411988988
0.001864151165043
0.001860243192607
0.001858800637906
0.001859904747660
0.001863603725842
0.001869911416858
0.001878806416883
0.001890231629500
0.001904094276039
0.001920266365049
0.001938585619292
0.001958856852612
0.001980853783028
0.002004321262606
0.002028977899063
0.002054519038777
0.002080620076015
0.002106940048702
0.002133125477181
0.002158814399010
0.002183640550122
0.002207237640548
0.002229243671526
0.002249305240041
0.002267081776903
0.002282249665091
0.002294506186578
0.002303573247852
0.002309200837154
0.002311170169767
0.002309296481633
0.002303431436019
0.002293465112852
0.002279327555645
0.002260989856551
0.002238464765944
0.002211806818946
0.002181111977462
0.002146516792366
0.002108197096556
0.002066366245451
0.002021272927193
0.001973198570090
0.001922454379881
0.001869378043843
0.001814330142823
0.001757690315726
0.001699853223859
0.001641224364769
0.001582215786798
0.001523241756484
0.001464714431184
0.001407039588808
0.001350612465486
0.001295813750185
0.001243005782934
0.001192529000332
0.001144698668532
0.001099801939870
0.001058095264915
0.001019802186932
0.000985111540621
0.000954176071739
0.000927111488698
0.000903995951699
0.000884869999398
0.000869736907620
0.000858563469287
0.000851281179574
0.000847787805471
0.000847949314384
0.000851602132303
0.000858555698348
0.000868595279347
0.000881485005392
0.000896971085220
0.000914785158703
0.000934647742785
0.000956271726790
0.000979365873280
0.001003638281378
0.001028799770831
0.001054567146911
0.001080666308629
0.001106835165497
0.001132826331288
0.001158409566773
0.001183373947281
0.001207529734970
0.001230709939991
0.001252771559084
0.001273596484557
0.001293092081048
0.001311191431784
0.001327853260279
0.001343061537464
0.001356824788003
0.001369175113091
0.001380166950215
0.001389875593160
0.001398395498004
0.001405838402843
0.001412331290565
0.001418014225133
0.001423038092511
0.001427562277611
0.001431752308431
0.001435777497920
0.001439808613096
0.001444015599521
0.001448565387512
0.001453619804383
0.001459333614740
0.001465852708250
0.001473312451639
0.001481836218771
0.001491534109745
0.001502501866964
0.001514819993153
0.001528553073386
0.001543749300379
0.001560440199587
0.001578640548180
0.001598348479631
0.001619545763593
0.001642198248947
0.001666256456342
0.001691656305337
0.001718319960287
0.001746156778485
0.001775064343744
0.001804929568520
0.001835629847951
0.001867034249642
0.001899004723788
0.001931397319172
0.001964063391706
0.001996850793516
0.002029605031957
0.002062170389507
0.002094390997036
0.002126111854580
0.002157179795304
0.002187444389933
0.002216758790354
0.002244980512519
0.002271972159959
0.002297602090366
0.002321745028572
0.002344282630016
0.002365103999291
0.002384106168730
0.002401194542077
0.002416283308220
0.002429295829692
0.002440165010163
0.002448833644524
0.002455254754357
0.002459391910691
0.002461219544891
0.002460723247435
0.002457900053185
0.002452758710585
0.002445319931053
0.002435616613718
0.002423694039640
0.002409610028673
0.002393435051361
0.002375252287597
0.002355157623319
0.002333259576233
0.002309679141543
0.002284549548791
0.002258015921396
0.002230234831053
0.002201373740124
0.002171610326202
0.002141131684410
0.002110133404524
0.002078818521723
0.002047396341649
0.002016081142495
0.001985090758896
0.001954645054619
0.001924964293207
0.001896267417939
0.001868770254594
0.001842683652548
0.001818211581652
0.001795549204080
0.001774880941873
0.001756378562206
0.001740199303426
0.001726484065643
0.001715355690047
0.001706917351194
0.001701251086189
0.001698416484059
0.001698449557527
0.001701361818048
0.001707139573163
0.001715743463152
0.001727108251524
0.001741142881159
0.001757730804925
0.001776730596363
0.001797976842629
0.001821281318318
0.001846434435133
0.001873206958671
0.001901351979890
0.001930607125187
0.001960696985504
0.001991335741493
0.002022229958679
0.002053081523647
0.002083590689764
0.002113459198737
0.002142393442538
0.002170107628855
0.002196326912359
0.002220790453643
0.002243254367830
0.002263494525409
0.002281309169005
0.002296521311414
0.002308980882347
0.002318566593919
0.002325187497974
0.002328784211760
0.002329329792333
0.002326830244159
0.002321324648869
0.002312884910693
0.002301615115956
0.002287650509836
0.002271156098571
0.002252324890105
0.002231375790986
0.002208551181887
0.002184114198495
0.002158345748560
0.002131541299601
0.002104007475034
0.002076058499330
0.002048012535099
0.002020187956785
0.001992899606846
0.001966455080895
0.001941151088282
0.001917269933952
0.001895076166217
0.001874813433216
0.001856701588448
0.001840934082774
0.001827675676836
0.001817060503857
0.001809190508431
0.001804134282155
0.001801926311922
0.001802566651396
0.001806021020764
0.001812221334263
0.001821066649491
0.001832424526914
0.001846132782676
0.001862001612598
0.001879816060373
0.001899338798393
0.001920313185522
0.001942466562404
0.001965513741766
0.001989160648538
0.002013108062628
0.002037055415786
0.002060704593273
0.002083763690971
0.002105950679159
0.002126996925425
