0.002352909365166
0.002356000551785
0.002359033473638
0.002361930250055
0.002364615182490
0.002367016662353
0.002369069005493
0.002370714167352
0.002371903295006
0.002372598075743
0.002372771846213
0.002372410431525
0.002371512689850
0.002370090744896
0.002368169896036
0.002365788203538
0.002362995754267
0.002359853621100
0.002356432536918
0.002352811311346
0.002349075025052
0.002345313042368
0.002341616888012
0.002338078037672
0.002334785675065
0.002331824469658
0.002329272429584
0.002327198883238
0.002325662640766
0.002324710383017
0.002324375320773
0.002324676161136
0.002325616411078
0.002327184040427
0.002329351518212
0.002332076227414
0.002335301254124
0.002338956537931
0.002342960361416
0.002347221148081
0.002351639530060
0.002356110639835
0.002360526574001
0.002364778972159
0.002368761650272
0.002372373225561
0.002375519669144
0.002378116723378
0.002380092123047
0.002381387563290
0.002381960362332
0.002381784773550
0.002380852909140
0.002379175246332
0.002376780696715
0.002373716229387
0.002370046049252
0.002365850342517
0.002361223612044
0.002356272635485
0.002351114088766
0.002345871886259
0.002340674296701
0.002335650900336
0.002330929457732
0.002326632764089
0.002322875564531
0.002319761605764
0.002317380897585
0.002315807254017
0.002315096178460
0.002315283150150
0.002316382360733
0.002318385939864
0.002321263697811
0.002324963401226
0.002329411585804
0.002334514896865
0.002340161936097
0.002346225580271
0.002352565725814
0.002359032402151
0.002365469186814
0.002371716846887
0.002377617124475
0.002383016578879
0.002387770395088
0.002391746067188
0.002394826866464
0.002396915007226
0.002397934428807
0.002397833119608
0.002396584918332
0.002394190738618
0.002390679175704
0.002386106467493
0.002380555797008
0.002374135938399
0.002366979264158
0.002359239146553
0.002351086801153
0.002342707634429
0.002334297170307
0.002326056641997
0.002318188345069
0.002310890855380
0.002304354220837
0.002298755238937
0.002294252932461
0.002290984333532
0.002289060681505
0.002288564132862
0.002289545071577
0.002292020096490
0.002295970748246
0.002301343022685
0.002308047700442
0.002315961504390
0.002324929077741
0.002334765756571
0.002345261091687
0.002356183056504
0.002367282860417
0.002378300271409
0.002388969337746
0.002399024386883
0.002408206170548
0.002416268018468
0.002422981859757
0.002428143970567
0.002431580309420
0.002433151307540
0.002432755990603
0.002430335320329
0.002425874659103
0.002419405278104
0.002411004848824
0.002400796879035
0.002388949076811
0.002375670649582
0.002361208568949
0.002345842855637
0.002329880961862
0.002313651350201
0.002297496388130
0.002281764695313
0.002266803096123
0.002252948342242
0.002240518779297
0.002229806137041
0.002221067624383
0.002214518508567
0.002210325351821
0.002208600069121
0.002209394957211
0.002212698828179
0.002218434360763
0.002226456759713
0.002236553788282
0.002248447211769
0.002261795661621
0.002276198900362
0.002291203438231
0.002306309423550
0.002320978700950
0.002334643905463
0.002346718436556
0.002356607135066
0.002363717468124
0.002367471012986
0.002367315020573
0.002362733833684
0.002353259933513
0.002338484391387
0.002318066510432
0.002291742454244
0.002259332676207
0.002220747983745
0.002175994096009
0.002125174580947
0.002068492087764
0.002006247822935
0.001938839251526
0.001866756039912
0.001790574290431
0.001710949152312
0.001628605925671
0.001544329805877
0.001458954443430
0.001373349519093
0.001288407554893
0.001205030198272
0.001124114228671
0.001046537543096
0.000973145379297
0.000904737032223
0.000842053311334
0.000785764973242
0.000736462346382
0.000694646342154
0.000660721020809
0.000634987850650
0.000617641766593
0.000608769099315
0.000608347409917
0.000616247227882
0.000632235652941
0.000655981745008
0.000687063591311
0.000724976907041
0.000769144995885
0.000818929870271
0.000873644308763
0.000932564610038
0.000994943789823
0.001060024959276
0.001127054620695
0.001195295619256
0.001264039497678
0.001332618014004
0.001400413601005
0.001466868568470
0.001531492876548
0.001593870338681
0.001653663145941
0.001710614640080
0.001764550299494
0.001815376939946
0.001863080169396
0.001907720172899
0.001949425938524
0.001988388067808
0.002024850343755
0.002059100255204
0.002091458697927
0.002122269089659
0.002151886148067
0.002180664587097
0.002208947988183
0.002237058098289
0.002265284796926
0.002293876959192
0.002323034421991
0.002352901236148
0.002383560358867
0.002415029909243
0.002447261075219
0.002480137724061
0.002513477730938
0.002547036002326
0.002580509133504
0.002613541603190
0.002645733374105
0.002676648736803
0.002705826205919
0.002732789253993
0.002757057648378
0.002778159142224
0.002795641261161
0.002809082923522
0.002818105633714
0.002822383995705
0.002821655306373
0.002815728006429
0.002804488789412
0.002787908196365
0.002766044554732
0.002739046154073
0.002707151587683
0.002670688227418
0.002630068838057
0.002585786376685
0.002538407060944
0.002488561826796
0.002436936330947
0.002384259684436
0.002331292131604
0.002278811912004
0.002227601561326
0.002178433920773
0.002132058132102
0.002089185897694
0.002050478281420
0.002016533316754
0.001987874673850
0.001964941617262
0.001948080461243
0.001937537700455
0.001933454961137
0.001935865881954
0.001944694995625
0.001959758642770
0.001980767909061
0.002007333536500
0.002038972720362
0.002075117665740
0.002115125742605
0.002158291046453
0.002203857143640
0.002251030757023
0.002298996128901
0.002346929784970
0.002394015415240
0.002439458585835
0.002482500999281
0.002522434030249
0.002558611278507
0.002590459900769
0.002617490507809
0.002639305442022
0.002655605283140
0.002666193465166
0.002670978925232
0.002669976744146
0.002663306778048
0.002651190320182
0.002633944870295
0.002611977126019
0.002585774344924
0.002555894257075
0.002522953735333
0.002487616453701
0.002450579782295
0.002412561180772
0.002374284359867
0.002336465483102
0.002299799677664
0.002264948114963
0.002232525907769
0.002203091052335
0.002177134620995
0.002155072383848
0.002137238007905
0.002123877949143
0.002115148117888
0.002111112361717
0.002111742773212
0.002116921793309
0.002126446045306
0.002140031800666
0.002157321946070
0.002177894292604
0.002201271042830
0.002226929210424
0.002254311770431
0.002282839306193
0.002311921912002
0.002340971108467
0.002369411530521
0.002396692155845
0.002422296853923
0.002445754052804
0.002466645341420
0.002484612849550
0.002499365274761
0.002510682455137
0.002518418417905
0.002522502866280
0.002522941099494
0.002519812393268
0.002513266899229
0.002503521151460
0.002490852295737
0.002475591181667
0.002458114479289
0.002438835999396
0.002418197410595
0.002396658555566
0.002374687574169
0.002352751041742
0.002331304327295
0.002310782368440
0.002291591047992
0.002274099341607
0.002258632386895
0.002245465602672
0.002234819962825
0.002226858503279
0.002221684113305
0.002219338634451
0.002219803262442
0.002223000219932
0.002228795641627
0.002237003588672
0.002247391086621
0.002259684061398
0.002273574030729
0.002288725394896
0.002304783160562
0.002321380925078
0.002338148946094
0.002354722122480
0.002370747717539
0.002385892663896
0.002399850301256
0.002412346413002
0.002423144444975
0.002432049809490
0.002438913198983
0.002443632856411
0.002446155772962
