0.002976507258018
0.002977115808441
0.002977286552605
0.002976993876700
0.002976249033997
0.002975100179435
0.002973629375839
0.002971946754273
0.002970182248069
0.002968475526589
0.002966964913374
0.002965776170407
0.002965012056902
0.002964743524229
0.002965003291096
0.002965782363460
0.002967029835580
0.002968656049971
0.002970538925121
0.002972533002356
0.002974480537869
0.002976223791280
0.002977617552667
0.002978540915512
0.002978907347010
0.002978672227283
0.002977837216533
0.002976451050178
0.002974606637919
0.002972434632383
0.002970093913507
0.002967759684277
0.002965610071538
0.002963812256457
0.002962509211562
0.002961808090205
0.002961771201184
0.002962410313893
0.002963684791531
0.002965503760032
0.002967732210500
0.002970200626828
0.002972717451486
0.002975083473086
0.002977107057522
0.002978619063518
0.002979486290416
0.002979622401653
0.002978995445175
0.002977631339583
0.002975612993864
0.002973075057061
0.002970194627404
0.002967178563086
0.002964248304862
0.002961623323282
0.002959504424271
0.002958058176036
0.002957403654287
0.002957602545587
0.002958653410787
0.002960490608963
0.002962988038954
0.002965967495634
0.002969211088360
0.002972476855889
0.002975516459299
0.002978093661871
0.002980002226286
0.002981081882000
0.002981231138953
0.002980415939912
0.002978673438018
0.002976110537573
0.002972897219614
0.002969255061262
0.002965441720682
0.002961732470601
0.002958400098919
0.002955694636746
0.002953824410303
0.002952939839508
0.002953121226546
0.002954371503953
0.002956614562513
0.002959699379083
0.002963409741866
0.002967478956235
0.002971608538499
0.002975489595839
0.002978825371771
0.002981353325116
0.002982865116422
0.002983223000403
0.002982371359073
0.002980342442435
0.002977255789261
0.002973311251379
0.002968776009111
0.002963966409593
0.002959225851237
0.002954900247397
0.002951312806600
0.002948739948976
0.002947390130736
0.002947387171935
0.002948759387672
0.002951435428631
0.002955247269833
0.002959940279020
0.002965189783871
0.002970623076838
0.002975845382934
0.002980468000035
0.002984136627689
0.002986557845287
0.002987521790222
0.002986919317995
0.002984752285205
0.002981136060128
0.002976293903185
0.002970543434216
0.002964275975128
0.002957930084410
0.002951961045753
0.002946808403316
0.002942863824883
0.002940441605021
0.002939753987423
0.002940893194803
0.002943821622818
0.002948371108851
0.002954251562920
0.002961068588623
0.002968349072553
0.002975573126928
0.002982210275604
0.002987757415241
0.002991775890091
0.002993925008213
0.002993989504701
0.002991898816015
0.002987736548612
0.002981739172781
0.002974283707012
0.002965864930572
0.002957063419247
0.002948506387987
0.002940823894568
0.002934603366688
0.002930345627916
0.002928425594488
0.002929060588384
0.002932288770900
0.002937959568416
0.002945737175587
0.002955117329778
0.002965456612139
0.002976012608197
0.002985992418467
0.002994606308180
0.003001122778422
0.003004921071158
0.003005537115753
0.003002699196077
0.002996350158320
0.002986653765343
0.002973983791772
0.002958895587896
0.002942081050986
0.002924309153233
0.002906355306480
0.002888923817578
0.002872568433897
0.002857616437398
0.002844101874803
0.002831713287038
0.002819760721030
0.002807165890886
0.002792478145247
0.002773917454716
0.002749444036009
0.002716852568745
0.002673887334606
0.002618373116742
0.002548355434924
0.002462242744068
0.002358942659390
0.002237984139492
0.002099617883891
0.001944887982879
0.001775669067152
0.001594664788981
0.001405365348790
0.001211963864738
0.001019233557729
0.000832369871598
0.000656803647880
0.000497993211805
0.000361204598304
0.000251290069424
0.000172475486396
0.000128166966890
0.000120786576292
0.000151645597231
0.000220862249271
0.000327328672426
0.000468729648189
0.000641613030652
0.000841509329150
0.001063095456384
0.001300395461432
0.001547009223073
0.001796358684496
0.002041940341046
0.002277572395248
0.002497625284055
0.002697225146542
0.002872421189534
0.003020309748979
0.003139110037242
0.003228188993293
0.003288035184224
0.003320184208417
0.003327100391120
0.003312021620508
0.003278775841417
0.003231578922022
0.003174824279787
0.003112874770366
0.003049866911033
0.002989536562582
0.002935073792386
0.002889012872002
0.002853161329599
0.002828569797389
0.002815542189553
0.002813683638017
0.002821981714951
0.002838914880494
0.002862580891090
0.002890837142969
0.002921444635592
0.002952207422561
0.002981100047069
0.003006376484966
0.003026655469424
0.003040978658696
0.003048839833306
0.003050185067008
0.003045385503931
0.003035185896827
0.003020633335228
0.003002991551822
0.002983646795444
0.002964011477366
0.002945431635296
0.002929103740449
0.002916005541798
0.002906844559915
0.002902026585671
0.002901645189563
0.002905491891537
0.002913085362424
0.002923716902523
0.002936508534437
0.002950479404680
0.002964615842060
0.002977940381627
0.002989575322385
0.002998796918155
0.003005077060742
0.003008110246799
0.003007824659200
0.003004377270396
0.002998133918996
0.002989636255839
0.002979558244684
0.002968655489541
0.002957711014386
0.002947481226040
0.002938645648553
0.002931763644573
0.002927240767381
0.002925306660103
0.002926005588334
0.002929199816668
0.002934585177282
0.002941717386148
0.002950046989856
0.002958960314405
0.002967823465860
0.002976026317429
0.002983023510174
0.002988369783300
0.002991747410201
0.002992984112808
0.002992060515906
0.002989106936335
0.002984390029199
0.002978290485757
0.002971273551788
0.002963854574906
0.002956562068236
0.002949900881298
0.002944317994254
0.002940173208109
0.002937716611693
0.002937074196185
0.002938242397043
0.002941091713339
0.002945378929421
0.002950766885822
0.002956850253796
0.002963185392279
0.002969322130621
0.002974835237989
0.002979353413269
0.002982583849316
0.002984330774202
0.002984506823223
0.002983136615685
0.002980352462759
0.002976382678451
0.002971533467436
0.002966165787660
0.002960668904429
0.002955432546304
0.002950819630595
0.002947141446273
0.002944636972799
0.002943457691722
0.002943658838283
0.002945197572684
0.002947938058725
0.002951662955728
0.002956090391362
0.002960895117918
0.002965732286772
0.002970262122212
0.002974173745241
0.002977206490216
0.002979167263918
0.002979942801241
0.002979506051245
0.002977916354074
0.002975313512267
0.002971906288227
0.002967956242966
0.002963758143719
0.002959618388629
0.002955833011537
0.002952666832465
0.002950335211312
0.002948989652929
0.002948708217558
0.002949491333553
0.002951263215809
0.002953878691606
0.002957134854420
0.002960786632231
0.002964565093099
0.002968197134885
0.002971425129253
0.002974025116419
0.002975822273238
0.002976702592578
0.002976619999953
0.002975598472427
0.002973729089878
0.002971162313329
0.002968096123154
0.002964760937593
0.002961402449305
0.002958263650004
0.002955567352160
0.002953500460887
0.002952201103707
0.002951749502618
0.002952163188966
0.002953396838326
0.002955346663859
0.002957858977108
0.002960742228750
0.002963781599344
0.002966755038696
0.002969449563403
0.002971676621037
0.002973285415085
0.002974173249871
0.002974292186216
0.002973651578687
0.002972316372981
0.002970401354321
0.002968061831828
0.002965481498369
0.002962858402127
0.002960390091396
0.002958259039634
0.002956619421073
0.002955586192164
