0.002297985775740
0.002295959477005
0.002293641034108
0.002291077684277
0.002288322677814
0.002285434212101
0.002282474242657
0.002279507195006
0.002276598603555
0.002273813705676
0.002271216020522
0.002268865942926
0.002266819382837
0.002265126480250
0.002263830424418
0.002262966404355
0.002262560715237
0.002262630042359
0.002263180940843
0.002264209525387
0.002265701380091
0.002267631693843
0.002269965622010
0.002272658870377
0.002275658492457
0.002278903886589
0.002282327974776
0.002285858541043
0.002289419703323
0.002292933489629
0.002296321486532
0.002299506525948
0.002302414374807
0.002304975391569
0.002307126113619
0.002308810740474
0.002309982479321
0.002310604721793
0.002310652023936
0.002310110864999
0.002308980164986
0.002307271545657
0.002305009324841
0.002302230239399
0.002298982897853
0.002295326969413
0.002291332121842
0.002287076726141
0.002282646351261
0.002278132076908
0.002273628656853
0.002269232568898
0.002265039990675
0.002261144742741
0.002257636241873
0.002254597508038
0.002252103268159
0.002250218198580
0.002248995345978
0.002248474763448
0.002248682394678
0.002249629234495
0.002251310788841
0.002253706851366
0.002256781607519
0.002260484070368
0.002264748845531
0.002269497215635
0.002274638527889
0.002280071861692
0.002285687946897
0.002291371297574
0.002297002520911
0.002302460756473
0.002307626197428
0.002312382642703
0.002316620027362
0.002320236877920
0.002323142639796
0.002325259825689
0.002326525936363
0.002326895109068
0.002326339453518
0.002324850041043
0.002322437518974
0.002319132329489
0.002314984519895
0.002310063139473
0.002304455226436
0.002298264397068
0.002291609057537
0.002284620267084
0.002277439289039
0.002270214873305
0.002263100320380
0.002256250382540
0.002249818062309
0.002243951371774
0.002238790118438
0.002234462784208
0.002231083563660
0.002228749625934
0.002227538661443
0.002227506770180
0.002228686742693
0.002231086777969
0.002234689674621
0.002239452522970
0.002245306916143
0.002252159688184
0.002259894176776
0.002268371997495
0.002277435305944
0.002286909513758
0.002296606414564
0.002306327666731
0.002315868571384
0.002325022076774
0.002333582933973
0.002341351924055
0.002348140073616
0.002353772773705
0.002358093717140
0.002360968570703
0.002362288301936
0.002361972085125
0.002359969717476
0.002356263484449
0.002350869422471
0.002343837937796
0.002335253751780
0.002325235155241
0.002313932567525
0.002301526409275
0.002288224311355
0.002274257695733
0.002259877777067
0.002245351046049
0.002230954306969
0.002216969352244
0.002203677365581
0.002191353152867
0.002180259305532
0.002170640404985
0.002162717378597
0.002156682117544
0.002152692464612
0.002150867675770
0.002151284453043
0.002153973637918
0.002158917644524
0.002166048700017
0.002175247946458
0.002186345443929
0.002199121099205
0.002213306528023
0.002228587842292
0.002244609336758
0.002260978032895
0.002277269021540
0.002293031530312
0.002307795627376
0.002321079460048
0.002332396915172
0.002341265578577
0.002347214863217
0.002349794170192
0.002348580943702
0.002343188480335
0.002333273354818
0.002318542328683
0.002298758614922
0.002273747380776
0.002243400382035
0.002207679635507
0.002166620051414
0.002120330964178
0.002068996518041
0.002012874882941
0.001952296295717
0.001887659941696
0.001819429711644
0.001748128888631
0.001674333838174
0.001598666792768
0.001521787838248
0.001444386224037
0.001367171131995
0.001290862048971
0.001216178896146
0.001143832073630
0.001074512581432
0.001008882377822
0.000947565133162
0.000891137531594
0.000840121264603
0.000794975849495
0.000756092392535
0.000723788400953
0.000698303730667
0.000679797737535
0.000668347679689
0.000663948397284
0.000666513274257
0.000675876464740
0.000691796345099
0.000713960131456
0.000741989582466
0.000775447688335
0.000813846230051
0.000856654077693
0.000903306083930
0.000953212418547
0.001005768182284
0.001060363133567
0.001116391359952
0.001173260727341
0.001230401944224
0.001287277085314
0.001343387428854
0.001398280474349
0.001451556022434
0.001502871215592
0.001551944457327
0.001598558147763
0.001642560195121
0.001683864284781
0.001722448910207
0.001758355192503
0.001791683537446
0.001822589199930
0.001851276845724
0.001877994218635
0.001903025037527
0.001926681261638
0.001949294874186
0.001971209342998
0.001992770922790
0.002014319966567
0.002036182413404
0.002058661616570
0.002082030669639
0.002106525379028
0.002132338019402
0.002159611993900
0.002188437504361
0.002218848317956
0.002250819696291
0.002284267531355
0.002319048710241
0.002354962707544
0.002391754381374
0.002429117926299
0.002466701914705
0.002504115337444
0.002540934535614
0.002576710898191
0.002610979185389
0.002643266325296
0.002673100521752
0.002700020504802
0.002723584751517
0.002743380504509
0.002759032418233
0.002770210668994
0.002776638373432
0.002778098171989
0.002774437848207
0.002765574871515
0.002751499769981
0.002732278260188
0.002708052083368
0.002679038519996
0.002645528578599
0.002607883878346
0.002566532268417
0.002521962249987
0.002474716288322
0.002425383122653
0.002374589199844
0.002322989373945
0.002271257027388
0.002220073780428
0.002170118963421
0.002122059031361
0.002076537101820
0.002034162795898
0.001995502557109
0.001961070615333
0.001931320752200
0.001906639010762
0.001887337476228
0.001873649236259
0.001865724609092
0.001863628705978
0.001867340371484
0.001876752521481
0.001891673874614
0.001911832049054
0.001936877972897
0.001966391534036
0.001999888374131
0.002036827711764
0.002076621062440
0.002118641707889
0.002162234754674
0.002206727612319
0.002251440714513
0.002295698303246
0.002338839095296
0.002380226653103
0.002419259287827
0.002455379331110
0.002488081623573
0.002516921082213
0.002541519225320
0.002561569552015
0.002576841693722
0.002587184276363
0.002592526454588
0.002592878102317
0.002588328667057
0.002579044718302
0.002565266242547
0.002547301758578
0.002525522346406
0.002500354701146
0.002472273339009
0.002441792096115
0.002409455071758
0.002375827176010
0.002341484446876
0.002307004304675
0.002272955910715
0.002239890793939
0.002208333902865
0.002178775231159
0.002151662153639
0.002127392595696
0.002106309143265
0.002088694182874
0.002074766142358
0.002064676882756
0.002058510271220
0.002056281943739
0.002057940245518
0.002063368316391
0.002072387268885
0.002084760388087
0.002100198265315
0.002118364762338
0.002138883689562
0.002161346070553
0.002185317856595
0.002210347948891
0.002235976382470
0.002261742525072
0.002287193146006
0.002311890214388
0.002335418292957
0.002357391402811
0.002377459245672
0.002395312683411
0.002410688389346
0.002423372601951
0.002433203928725
0.002440075165863
0.002443934117561
0.002444783417064
0.002442679369541
0.002437729854196
0.002430091339478
0.002419965080414
0.002407592580870
0.002393250415519
0.002377244516442
0.002359904037328
0.002341574914099
0.002322613244417
0.002303378609804
0.002284227463161
0.002265506701228
0.002247547536180
0.002230659773164
0.002215126591338
0.002201199915097
0.002189096449842
0.002178994443136
0.002171031217695
0.002165301507592
0.002161856613673
0.002160704378735
0.002161809967801
0.002165097424149
0.002170451957814
0.002177722910432
0.002186727328647
0.002197254068132
0.002209068341730
0.002221916618437
0.002235531774989
