0.002136607657723
0.002142619069388
0.002148674946267
0.002154666700227
0.002160485748328
0.002166025445873
0.002171183004287
0.002175861359801
0.002179970959475
0.002183431432232
0.002186173114310
0.002188138400814
0.002189282897850
0.002189576352962
0.002189003345325
0.002187563721139
0.002185272764038
0.002182161094865
0.002178274299847
0.002173672290972
0.002168428407067
0.002162628268730
0.002156368404671
0.002149754671198
0.002142900490414
0.002135924936093
0.002128950699159
0.002122101967095
0.002115502253472
0.002109272214974
0.002103527493937
0.002098376624325
0.002093919038339
0.002090243209515
0.002087424966121
0.002085526006076
0.002084592641436
0.002084654796775
0.002085725281685
0.002087799353030
0.002090854577789
0.002094851002196
0.002099731627690
0.002105423188859
0.002111837223336
0.002118871418452
0.002126411214511
0.002134331639940
0.002142499349306
0.002150774831396
0.002159014751274
0.002167074387567
0.002174810124147
0.002182081954019
0.002188755952564
0.002194706677322
0.002199819452296
0.002203992496278
0.002207138856889
0.002209188114925
0.002210087827132
0.002209804679592
0.002208325328553
0.002205656910547
0.002201827209065
0.002196884470737
0.002190896869803
0.002183951625616
0.002176153783818
0.002167624677645
0.002158500091374
0.002148928153228
0.002139066989896
0.002129082179207
0.002119144041327
0.002109424811993
0.002100095743816
0.002091324183395
0.002083270672965
0.002076086125464
0.002069909121238
0.002064863373172
0.002061055404763
0.002058572482655
0.002057480841423
0.002057824234010
0.002059622836214
0.002062872528132
0.002067544569510
0.002073585679671
0.002080918526157
0.002089442619561
0.002099035605336
0.002109554936747
0.002120839906714
0.002132714010163
0.002144987602761
0.002157460816689
0.002169926689437
0.002182174457619
0.002193992964540
0.002205174127792
0.002215516411530
0.002224828247297
0.002232931347452
0.002239663856247
0.002244883285549
0.002248469184978
0.002250325499863
0.002250382574793
0.002248598765656
0.002244961628823
0.002239488662382
0.002232227581137
0.002223256114158
0.002212681321025
0.002200638430412
0.002187289212112
0.002172819901060
0.002157438699011
0.002141372886426
0.002124865583503
0.002108172205122
0.002091556659712
0.002075287346537
0.002059633009563
0.002044858508933
0.002031220572985
0.002018963594701
0.002008315536543
0.001999484006615
0.001992652567214
0.001987977333949
0.001985583919878
0.001985564774489
0.001987976961993
0.001992840417303
0.002000136711374
0.002009808350400
0.002021758625704
0.002035852023282
0.002051915193854
0.002069738476137
0.002089077957971
0.002109658052032
0.002131174555290
0.002153298154163
0.002175678330715
0.002197947619176
0.002219726156789
0.002240626468440
0.002260258420904
0.002278234279784
0.002294173800438
0.002307709283391
0.002318490524952
0.002326189594902
0.002330505375334
0.002331167797782
0.002327941719844
0.002320630387285
0.002309078433254
0.002293174372542
0.002272852555664
0.002248094554960
0.002218929962642
0.002185436588765
0.002147740055261
0.002106012790423
0.002060472436353
0.002011379689815
0.001959035604614
0.001903778390781
0.001845979752591
0.001786040813502
0.001724387681506
0.001661466713020
0.001597739537237
0.001533677905789
0.001469758434606
0.001406457305912
0.001344244998483
0.001283581113465
0.001224909361368
0.001168652773260
0.001115209195735
0.001064947125039
0.001018201930772
0.000975272514039
0.000936418438745
0.000901857568169
0.000871764231933
0.000846267941271
0.000825452663062
0.000809356655648
0.000797972862002
0.000791249848537
0.000789093270809
0.000791367840652
0.000797899763024
0.000808479605043
0.000822865554526
0.000840787020781
0.000861948526544
0.000886033836831
0.000912710268142
0.000941633119864
0.000972450168995
0.001004806169295
0.001038347296840
0.001072725485486
0.001107602598067
0.001142654382133
0.001177574162640
0.001212076228171
0.001245898871974
0.001278807054193
0.001310594657149
0.001341086311274
0.001370138775225
0.001397641859776
0.001423518891151
0.001447726715485
0.001470255252015
0.001491126608284
0.001510393776047
0.001528138931688
0.001544471369575
0.001559525101080
0.001573456155655
0.001586439623609
0.001598666482848
0.001610340253882
0.001621673528899
0.001632884421517
0.001644192984134
0.001655817639420
0.001667971671638
0.001680859822007
0.001694675030382
0.001709595363072
0.001725781163759
0.001743372461190
0.001762486663744
0.001783216567014
0.001805628696467
0.001829762002864
0.001855626923709
0.001883204819449
0.001912447788588
0.001943278861393
0.001975592567419
0.002009255867760
0.002044109438861
0.002079969290751
0.002116628698956
0.002153860425957
0.002191419205016
0.002229044456496
0.002266463204441
0.002303393159240
0.002339545930618
0.002374630334029
0.002408355752758
0.002440435517681
0.002470590266653
0.002498551245943
0.002524063516910
0.002546889032323
0.002566809548210
0.002583629339006
0.002597177685910
0.002607311110804
0.002613915330807
0.002616906911448
0.002616234599592
0.002611880320568
0.002603859827391
0.002592222993538
0.002577053744407
0.002558469626237
0.002536621015029
0.002511689971667
0.002483888753092
0.002453457992957
0.002420664568621
0.002385799174665
0.002349173626229
0.002311117918419
0.002271977070700
0.002232107787644
0.002191874969565
0.002151648108372
0.002111797605543
0.002072691050227
0.002034689496314
0.001998143777721
0.001963390901138
0.001930750555140
0.001900521773756
0.001872979791415
0.001848373124593
0.001826920913503
0.001808810554801
0.001794195653554
0.001783194319618
0.001775887830193
0.001772319676599
0.001772495009382
0.001776380491664
0.001783904566270
0.001794958137709
0.001809395665411
0.001827036660074
0.001847667570249
0.001871044041807
0.001896893528417
0.001924918226929
0.001954798307470
0.001986195404302
0.002018756330058
0.002052116972877
0.002085906333352
0.002119750656008
0.002153277608378
0.002186120459600
0.002217922209881
0.002248339622203
0.002277047108214
0.002303740421483
0.002328140113041
0.002349994706559
0.002369083553406
0.002385219331334
0.002398250154515
0.002408061267096
0.002414576297296
0.002417758054289
0.002417608855624
0.002414170378678
0.002407523035545
0.002397784876725
0.002385110034991
0.002369686726716
0.002351734833683
0.002331503093979
0.002309265935722
0.002285319992266
0.002259980341866
0.002233576518655
0.002206448345062
0.002178941638426
0.002151403846566
0.002124179668261
0.002097606715187
0.002072011271539
0.002047704206647
0.002024977094082
0.002004098588309
0.001985311106710
0.001968827860941
0.001954830277091
0.001943465839026
0.001934846383743
0.001929046871522
0.001926104647345
0.001926019203386
0.001928752445616
0.001934229460667
0.001942339772256
0.001952939069719
0.001965851384690
0.001980871685726
0.001997768854854
0.002016289004695
0.002036159090010
0.002057090763410
0.002078784421482
0.002100933384938
0.002123228154458
0.002145360682839
0.002167028603846
0.002187939358755
0.002207814163085
0.002226391758287
0.002243431896266
0.002258718508474
0.002272062515849
0.002283304241086
0.002292315390471
0.002299000578745
0.002303298377095
0.002305181871287
0.002304658724045
0.002301770743017
0.002296592962780
0.002289232256446
0.002279825499199
0.002268537312589
0.002255557424468
0.002241097684962
