0.002971213394499
0.002971786034632
0.002972413574997
0.002973123218093
0.002973935708508
0.002974862545546
0.002975903951951
0.002977047876809
0.002978270220646
0.002979536353381
0.002980803862099
0.002982026329119
0.002983157816103
0.002984157631531
0.002984994899015
0.002985652431810
0.002986129458668
0.002986442837088
0.002986626525212
0.002986729251554
0.002986810506348
0.002986935161022
0.002987167183707
0.002987563040553
0.002988165440059
0.002988998080560
0.002990061995842
0.002991333963818
0.002992767258473
0.002994294802270
0.002995834536017
0.002997296589564
0.002998591633956
0.002999639645697
0.003000378234363
0.003000769686858
0.003000805968658
0.003000511088995
0.002999940469976
0.002999177238256
0.002998325656376
0.002997502200278
0.002996825040946
0.002996402875319
0.002996324153960
0.002996647757262
0.002997396074475
0.002998551246453
0.003000055059284
0.003001812645659
0.003003699793977
0.003005573315119
0.003007283607376
0.003008688321866
0.003009665888787
0.003010127635330
0.003010027315033
0.003009367070817
0.003008199154073
0.003006623094478
0.003004778426912
0.003002833495630
0.003000971233316
0.002999373117922
0.002998202713303
0.002997590279282
0.002997619882661
0.002998320254488
0.002999660334527
0.003001550046223
0.003003846388527
0.003006364454685
0.003008892535157
0.003011210073442
0.003013106956095
0.003014402459538
0.003014962163334
0.003014711276681
0.003013643102880
0.003011821763804
0.003009378790179
0.003006503712969
0.003003429320543
0.003000412729238
0.002997713808148
0.002995572766349
0.002994188826561
0.002993701860430
0.002994178648211
0.002995605064939
0.002997885014385
0.003000846370511
0.003004253590281
0.003007826082284
0.003011260902320
0.003014257945235
0.003016545548033
0.003017904337168
0.003018187253079
0.003017333962494
0.003015378303543
0.003012447966746
0.003008756251678
0.003004586402567
0.003000269661091
0.002996158727476
0.002992598743831
0.002989898168781
0.002988301975281
0.002987969465170
0.002988958662073
0.002991218742351
0.002994591330230
0.002998820767625
0.003003572728903
0.003008459846445
0.003013072402856
0.003017011682108
0.003019923295825
0.003021527738686
0.003021645588224
0.003020215140638
0.003017300839606
0.003013091567499
0.003007888673334
0.003002084445910
0.002996132537021
0.002990512533144
0.002985691406277
0.002982084898905
0.002980021983562
0.002979715371554
0.002981240635405
0.002984525882596
0.002989353118922
0.002995371528139
0.003002121940330
0.003009070839904
0.003015651449316
0.003021308784459
0.003025545167473
0.003027962541413
0.003028298077305
0.003026449993993
0.003022491198928
0.003016669256640
0.003009392236289
0.003001201102425
0.002992730408208
0.002984660041174
0.002977661577030
0.002972343347583
0.002969198573406
0.002968560820521
0.002970570609002
0.002975156251573
0.002982030978957
0.002990707185311
0.003000527288981
0.003010709350030
0.003020404320725
0.003028760729269
0.003034991801153
0.003038439579360
0.003038630563378
0.003035317768458
0.003028504901051
0.003018449513011
0.003005643465898
0.002990770712505
0.002974644171291
0.002958125205015
0.002942030788965
0.002927034744379
0.002913570311726
0.002901741762752
0.002891252645725
0.002881357606414
0.002870843546730
0.002858044229786
0.002840890405639
0.002816995237065
0.002783772393059
0.002738581806362
0.002678895920789
0.002602477437524
0.002507558242051
0.002393008462950
0.002258484552591
0.002104545919111
0.001932730965418
0.001745585346405
0.001546637739417
0.001340321298476
0.001131842063518
0.000926998737465
0.000731961233950
0.000553018049592
0.000396304656187
0.000267526597188
0.000171691704088
0.000112865761063
0.000093965029120
0.000116597333070
0.000180961004192
0.000285807990349
0.000428474061993
0.000604975451413
0.000810167672539
0.001037958890004
0.001281567237938
0.001533809106189
0.001787403755018
0.002035278785880
0.002270861033569
0.002488338349270
0.002682879458524
0.002850801497993
0.002989677813763
0.003098381962588
0.003177067395810
0.003227085814282
0.003250850456475
0.003251653432558
0.003233448484260
0.003200612111057
0.003157696779719
0.003109189897518
0.003059291400403
0.003011721255040
0.002969566009581
0.002935170898864
0.002910081087525
0.002895032605012
0.002889990577438
0.002894229670613
0.002906449383326
0.002924915096610
0.002947614682219
0.002972420048321
0.002997243254701
0.003020177722269
0.003039616512045
0.003054341542987
0.003063579817609
0.003067025075367
0.003064825637949
0.003057541395230
0.003046074769065
0.003031581971723
0.003015371865192
0.002998800180894
0.002983166768084
0.002969622931676
0.002959094858809
0.002952227708680
0.002949353264316
0.002950482243272
0.002955320566205
0.002963307212337
0.002973669860388
0.002985493413112
0.002997795797674
0.003009605157295
0.003020032705040
0.003028336071031
0.003033968884595
0.003036613514909
0.003036195252788
0.003032877648156
0.003027040116454
0.003019240192593
0.003010163855788
0.003000568104214
0.002991220379460
0.002982839507575
0.002976042542932
0.002971301305010
0.002968911540659
0.002968976597124
0.002971406337406
0.002975930858507
0.002982127472145
0.002989458456660
0.002997316354500
0.003005073120455
0.003012129249201
0.003017959131500
0.003022149289261
0.003024426782379
0.003024675909924
0.003022942276829
0.003019424289949
0.003014453107606
0.003008462922645
0.003001954148055
0.002995452548290
0.002989467587793
0.002984453239700
0.002980774220712
0.002978680120161
0.002978289215866
0.002979582972637
0.002982411365526
0.002986508326207
0.002991515842096
0.002997014601726
0.003002558622570
0.003007711050433
0.003012078297109
0.003015339881977
0.003017271743226
0.003017761349846
0.003016813628724
0.003014547466164
0.003011183290302
0.003007022931629
0.003002423540062
0.002997767765411
0.002993432653001
0.002989759752226
0.002987028783145
0.002985436871225
0.002985084872906
0.002985971716674
0.002987997025342
0.002990971618859
0.002994634876413
0.002998677410378
0.003002767113045
0.003006576408707
0.003009808493766
0.003012220476638
0.003013641623626
0.003013985349808
0.003013254127849
0.003011537077597
0.003009000596613
0.003005872947988
0.003002424192602
0.002998943201793
0.002995713687061
0.002992991222443
0.002990983112243
0.002989832684966
0.002989609198546
0.002990304056888
0.002991833504893
0.002994047433079
0.002996743427828
0.002999684789288
0.003002620938691
0.003005308473042
0.003007531108971
0.003009116887471
0.003009951273974
0.003009985159298
0.003009237213565
0.003007790528476
0.003005783962319
0.003003399036584
0.003000843587524
0.002998333622056
0.002996074946332
0.002994246119553
0.002992984138946
0.002992373999214
0.002992442915762
0.002993159587316
0.002994438436692
0.002996148346094
0.002998125031273
0.003000185907979
0.003002146117838
0.003003834312920
0.003005106852329
0.003005859233091
0.003006033844356
0.003005623473538
0.003004670374355
0.003003261095902
0.003001517634776
0.002999585777770
0.002997621725265
0.002995778207492
0.002994191318757
0.002992969199779
0.002992183506260
0.002991864331837
0.002991998931251
0.002992534244799
0.002993382888908
0.002994431979912
0.002995553924300
0.002996618158369
0.002997502764707
0.002998104934987
0.002998349381960
0.002998194013951
0.002997632451730
0.002996693264627
