0.002359604315143
0.002362615993966
0.002365962744459
0.002369564647372
0.002373334339619
0.002377179136476
0.002381003315424
0.002384710505820
0.002388206125210
0.002391399801165
0.002394207717147
0.002396554822048
0.002398376845732
0.002399622067078
0.002400252786603
0.002400246462574
0.002399596477518
0.002398312510903
0.002396420503419
0.002393962208410
0.002390994336330
0.002387587308483
0.002383823646349
0.002379796032343
0.002375605086635
0.002371356912367
0.002367160468207
0.002363124832276
0.002359356425119
0.002355956261338
0.002353017299727
0.002350621960265
0.002348839873028
0.002347725919176
0.002347318617658
0.002347638903333
0.002348689332999
0.002350453745594
0.002352897391773
0.002355967536497
0.002359594526421
0.002363693302092
0.002368165323469
0.002372900866463
0.002377781638248
0.002382683650297
0.002387480280744
0.002392045451877
0.002396256844560
0.002399999069280
0.002403166713346
0.002405667185672
0.002407423284381
0.002408375418293
0.002408483420901
0.002407727904703
0.002406111114396
0.002403657249329
0.002400412238386
0.002396442963887
0.002391835944770
0.002386695503018
0.002381141450528
0.002375306346220
0.002369332384699
0.002363367987976
0.002357564180342
0.002352070833219
0.002347032871513
0.002342586535494
0.002338855792433
0.002335948990138
0.002333955840083
0.002332944811162
0.002332961006338
0.002334024583699
0.002336129771085
0.002339244509550
0.002343310746035
0.002348245379896
0.002353941851873
0.002360272347992
0.002367090575224
0.002374235050818
0.002381532833525
0.002388803612688
0.002395864060858
0.002402532347322
0.002408632704105
0.002413999932664
0.002418483738888
0.002421952786084
0.002424298360488
0.002425437551324
0.002425315857463
0.002423909145074
0.002421224895113
0.002417302695613
0.002412213951394
0.002406060802297
0.002398974260238
0.002391111594588
0.002382653014298
0.002373797713239
0.002364759362068
0.002355761145031
0.002347030453156
0.002338793355883
0.002331268981038
0.002324663937911
0.002319166919977
0.002314943622226
0.002312132103297
0.002310838714612
0.002311134707564
0.002313053615850
0.002316589493452
0.002321696069880
0.002328286863644
0.002336236272746
0.002345381638044
0.002355526251910
0.002366443261420
0.002377880392837
0.002389565402898
0.002401212143030
0.002412527105454
0.002423216305717
0.002432992344934
0.002441581487140
0.002448730583020
0.002454213671021
0.002457838090468
0.002459449948966
0.002458938797793
0.002456241384058
0.002451344366934
0.002444285906681
0.002435156059288
0.002424095935651
0.002411295611867
0.002396990805748
0.002381458363490
0.002365010628852
0.002347988794600
0.002330755361689
0.002313685855061
0.002297159965477
0.002281552303984
0.002267222968873
0.002254508134132
0.002243710872961
0.002235092429850
0.002228864149847
0.002225180264071
0.002224131716283
0.002225741196745
0.002229959526935
0.002236663512453
0.002245655352034
0.002256663658791
0.002269346116040
0.002283293755261
0.002298036808499
0.002313052052679
0.002327771529600
0.002341592493573
0.002353888409523
0.002364020798456
0.002371351705282
0.002375256546422
0.002375137082024
0.002370434250220
0.002360640598877
0.002345312054006
0.002324078773143
0.002296654846726
0.002262846630355
0.002222559515512
0.002175802975445
0.002122693755759
0.002063457115331
0.001998426061559
0.001928038564060
0.001852832771703
0.001773440298679
0.001690577685060
0.001605036175334
0.001517669993762
0.001429383327382
0.001341116255360
0.001253829886521
0.001168490984795
0.001086056374501
0.001007457423659
0.000933584903607
0.000865274517108
0.000803293374977
0.000748327683195
0.000700971878929
0.000661719425269
0.000630955441436
0.000608951308364
0.000595861349719
0.000591721646389
0.000596450999144
0.000609854010518
0.000631626213788
0.000661361135316
0.000698559137228
0.000742637851324
0.000792943983079
0.000848766237179
0.000909349093961
0.000973907149746
0.001041639723878
0.001111745431352
0.001183436422481
0.001255951999989
0.001328571339007
0.001400625056432
0.001471505402499
0.001540674878617
0.001607673120897
0.001672121927548
0.001733728349621
0.001792285807467
0.001847673238936
0.001899852328666
0.001948862909952
0.001994816670696
0.002037889331901
0.002078311500322
0.002116358425470
0.002152338914523
0.002186583676411
0.002219433377855
0.002251226699404
0.002282288678200
0.002312919616529
0.002343384821188
0.002373905418781
0.002404650466537
0.002435730547823
0.002467193006815
0.002499018938507
0.002531122009403
0.002563349141548
0.002595483049142
0.002627246573702
0.002658308721640
0.002688292268051
0.002716782753525
0.002743338667513
0.002767502583180
0.002788812985247
0.002806816514667
0.002821080342512
0.002831204380420
0.002836833036478
0.002837666233570
0.002833469421683
0.002824082336342
0.002809426281552
0.002789509747085
0.002764432205668
0.002734385975129
0.002699656072734
0.002660618033039
0.002617733705558
0.002571545093381
0.002522666337685
0.002471773994784
0.002419595791117
0.002366898076463
0.002314472225971
0.002263120266563
0.002213640022410
0.002166810086997
0.002123374935512
0.002084030490808
0.002049410448847
0.002020073655659
0.001996492807587
0.001979044720407
0.001968002381360
0.001963528961932
0.001965673928981
0.001974371348619
0.001989440431823
0.002010588324219
0.002037415095694
0.002069420839598
0.002106014747167
0.002146525981449
0.002190216137281
0.002236293040613
0.002283925612334
0.002332259499440
0.002380433160232
0.002427594080704
0.002472914796529
0.002515608399076
0.002554943214730
0.002590256364046
0.002620965930694
0.002646581499192
0.002666712854397
0.002681076674033
0.002689501087185
0.002691928015966
0.002688413263346
0.002679124356614
0.002664336201998
0.002644424650713
0.002619858119149
0.002591187445180
0.002559034197884
0.002524077688479
0.002487040955537
0.002448676016867
0.002409748693603
0.002371023318672
0.002333247641893
0.002297138237486
0.002263366706911
0.002232546951102
0.002205223761611
0.002181862950663
0.002162843206143
0.002148449819979
0.002138870397963
0.002134192616766
0.002134404050521
0.002139394045981
0.002148957582630
0.002162801013344
0.002180549542931
0.002201756267068
0.002225912563415
0.002252459600681
0.002280800710673
0.002310314353213
0.002340367394605
0.002370328417132
0.002399580779967
0.002427535160647
0.002453641320773
0.002477398859361
0.002498366741881
0.002516171421904
0.002530513404648
0.002541172137035
0.002548009146134
0.002550969386395
0.002550080794944
0.002545452092630
0.002537268905564
0.002525788316915
0.002511331990856
0.002494278039231
0.002475051826078
0.002454115925173
0.002431959460827
0.002409087072037
0.002386007744600
0.002363223754910
0.002341219962992
0.002320453681033
0.002301345327633
0.002284270057547
0.002269550532444
0.002257450970614
0.002248172583402
0.002241850474028
0.002238552041177
0.002238276895994
0.002240958267718
0.002246465840823
0.002254609935894
0.002265146918290
0.002277785693385
0.002292195125512
0.002308012199944
0.002324850733797
0.002342310432758
0.002359986086286
0.002377476694270
0.002394394323180
0.002410372499145
0.002425073958973
0.002438197597514
0.002449484470482
0.002458722735382
0.002465751439006
0.002470463087412
0.002472804962750
0.002472779180097
0.002470441505971
0.002465898987732
0.002459306469082
