0.002805030232864
0.002804406236937
0.002803969359131
0.002803742908161
0.002803739973949
0.002803962611138
0.002804401567697
0.002805036580826
0.002805837234030
0.002806764340755
0.002807771792874
0.002808808787813
0.002809822327668
0.002810759868243
0.002811571986431
0.002812214931389
0.002812652928657
0.002812860116795
0.002812822012728
0.002812536424107
0.002812013753621
0.002811276669952
0.002810359151676
0.002809304942100
0.002808165483438
0.002806997426096
0.002805859831883
0.002804811207399
0.002803906514723
0.002803194310149
0.002802714157854
0.002802494454039
0.002802550778718
0.002802884867814
0.002803484268523
0.002804322707658
0.002805361167221
0.002806549625786
0.002807829389962
0.002809135909139
0.002810401940454
0.002811560910826
0.002812550310203
0.002813314945469
0.002813809888331
0.002814002962697
0.002813876637336
0.002813429216888
0.002812675257518
0.002811645171007
0.002810384021107
0.002808949556620
0.002807409564777
0.002805838664273
0.002804314687749
0.002802914827057
0.002801711730039
0.002800769743736
0.002800141495577
0.002799864991077
0.002799961384359
0.002800433547378
0.002801265526375
0.002802422931571
0.002803854260409
0.002805493108017
0.002807261173261
0.002809071927067
0.002810834773792
0.002812459508177
0.002813860851391
0.002814962841064
0.002815702852556
0.002816035042227
0.002815933027688
0.002815391653908
0.002814427736294
0.002813079720328
0.002811406249997
0.002809483691399
0.002807402710982
0.002805264057260
0.002803173737878
0.002801237818520
0.002799557094234
0.002798221896032
0.002797307295148
0.002796868953856
0.002796939845599
0.002797528029446
0.002798615615990
0.002800159006058
0.002802090422425
0.002804320691041
0.002806743165210
0.002809238626741
0.002811680945444
0.002813943235076
0.002815904212481
0.002817454448921
0.002818502199756
0.002818978511156
0.002818841330260
0.002818078387115
0.002816708671181
0.002814782389777
0.002812379367777
0.002809605923688
0.002806590333465
0.002803477066217
0.002800420041802
0.002797575215680
0.002795092838341
0.002793109762806
0.002791742182245
0.002791079169892
0.002791177365080
0.002792057103148
0.002793700225086
0.002796049727437
0.002799011327579
0.002802456927882
0.002806229868567
0.002810151767988
0.002814030664860
0.002817670104116
0.002820878750287
0.002823480072981
0.002825321630517
0.002826283481720
0.002826285282703
0.002825291674661
0.002823315638610
0.002820419580847
0.002816714015204
0.002812353820248
0.002807532166632
0.002802472326113
0.002797417683974
0.002792620375005
0.002788329044829
0.002784776298677
0.002782166435074
0.002780664069716
0.002780384233776
0.002781384480890
0.002783659459463
0.002787138304410
0.002791685078867
0.002797102356923
0.002803137888960
0.002809494138473
0.002815840330346
0.002821826512674
0.002827099014239
0.002831316584153
0.002834166434293
0.002835379373530
0.002834743228143
0.002832113786661
0.002827422589386
0.002820681000758
0.002811980152940
0.002801486525888
0.002789433125992
0.002776106434087
0.002761829505275
0.002746941808238
0.002731776581036
0.002716636644549
0.002701769745331
0.002687344589243
0.002673428770071
0.002659969789234
0.002646780301633
0.002633528608809
0.002619735256321
0.002604776382188
0.002587894214211
0.002568214834683
0.002544773031713
0.002516543748676
0.002482479339550
0.002441551550750
0.002392796892028
0.002335363841778
0.002268560166246
0.002191898526510
0.002105138508316
0.002008323242334
0.001901808887508
0.001786285426857
0.001662787468940
0.001532694052544
0.001397716807170
0.001259876216002
0.001121466147324
0.000985007249844
0.000853190231087
0.000728810439757
0.000614695537050
0.000513628353521
0.000428267274176
0.000361066664028
0.000314199931113
0.000289487818581
0.000288334419920
0.000311673223106
0.000359925215159
0.000432970726484
0.000530136275594
0.000650197203141
0.000791396375742
0.000951478712483
0.001127740758784
0.001317094022527
0.001516140314325
0.001721256915001
0.001928689044215
0.002134646837931
0.002335403869292
0.002527394174414
0.002707304774915
0.002872160822304
0.003019400721458
0.003146938913539
0.003253214401720
0.003337223571920
0.003398536378871
0.003437295517044
0.003454198756638
0.003450465177299
0.003427786556826
0.003388265650471
0.003334343511745
0.003268718343561
0.003194258617643
0.003113913352137
0.003030622487830
0.002947230251322
0.002866404241990
0.002790562735049
0.002721812365383
0.002661897958929
0.002612165825500
0.002573541336178
0.002546521098019
0.002531179527679
0.002527189132121
0.002533853346498
0.002550150372599
0.002574786119799
0.002606254085429
0.002642899831044
0.002682987620093
0.002724766782246
0.002766535458268
0.002806699551232
0.002843824956901
0.002876681457014
0.002904277020804
0.002925881657524
0.002941040380017
0.002949575260206
0.002951576965712
0.002947386547376
0.002937568586591
0.002922877097094
0.002904215798915
0.002882594535605
0.002859083685937
0.002834768426918
0.002810704638359
0.002787878105118
0.002767168478839
0.002749319216160
0.002734914426060
0.002724363247961
0.002717892057471
0.002715544471718
0.002717188814099
0.002722532411028
0.002731141841707
0.002742468055075
0.002755875112755
0.002770671217749
0.002786140647873
0.002801575230338
0.002816304066697
0.002829720340856
0.002841304210104
0.002850640981865
0.002857434007401
0.002861511967729
0.002862830475792
0.002861468161864
0.002857617636354
0.002851571926472
0.002843707153028
0.002834462344795
0.002824317376144
0.002813770056754
0.002803313399721
0.002793414048042
0.002784492752602
0.002776907672566
0.002770941117861
0.002766790180703
0.002764561517090
0.002764270348201
0.002765843564357
0.002769126638380
0.002773893898345
0.002779861577859
0.002786702960292
0.002794064865066
0.002801584691341
0.002808907237311
0.002815700550733
0.002821670135387
0.002826570934950
0.002830216635021
0.002832485959835
0.002833325785940
0.002832751044082
0.002830841525887
0.002827735847436
0.002823622941617
0.002818731550381
0.002813318262960
0.002807654694019
0.002802014415324
0.002796660245795
0.002791832469005
0.002787738486683
0.002784544335127
0.002782368392861
0.002781277497383
0.002781285571848
0.002782354744414
0.002784398829243
0.002787288933815
0.002790860866695
0.002794923947073
0.002799270764894
0.002803687410239
0.002807963683384
0.002811902812444
0.002815330242330
0.002818101114568
0.002820106129396
0.002821275565507
0.002821581324901
0.002821036965825
0.002819695781438
0.002817647071101
0.002815010831257
0.002811931160108
0.002808568722068
0.002805092652229
0.002801672296692
0.002798469181362
0.002795629580352
0.002793278016900
0.002791511976948
0.002790398051059
0.002789969647498
0.002790226341597
0.002791134847900
0.002792631525474
0.002794626256978
0.002797007481408
0.002799648111766
0.002802412034022
0.002805160864067
0.002807760635379
0.002810088101702
0.002812036365158
0.002813519579457
0.002814476527861
0.002814872933892
0.002814702426382
0.002813986146221
0.002812771047022
0.002811127002664
0.002809142888741
0.002806921849725
0.002804575997389
0.002802220807315
0.002799969488433
0.002797927595378
0.002796188135638
0.002794827393996
0.002793901657447
0.002793444976572
0.002793468046715
0.002793958236956
0.002794880739277
0.002796180757427
0.002797786606952
0.002799613557130
