0.003008685578928
0.003009861559053
0.003010608357202
0.003010852883612
0.003010563961053
0.003009755977981
0.003008488675294
0.003006863002194
0.003005013314387
0.003003096508999
0.003001278967103
0.002999722382233
0.002998569672276
0.002997932190927
0.002997879369663
0.002998431737098
0.002999557993397
0.003001176484280
0.003003161049207
0.003005350842422
0.003007563375510
0.003009609736602
0.003011310730403
0.003012512574810
0.003013100795521
0.003013011081750
0.003012236096437
0.003010827555910
0.003008893281764
0.003006589350323
0.003004107887369
0.003001661442008
0.002999465189891
0.002997718433996
0.002996586969734
0.002996187848988
0.002996577914073
0.002997747187957
0.002999617822385
0.003002048850519
0.003004846502087
0.003007779357079
0.003010597179774
0.003013051926225
0.003014919187292
0.003016018238663
0.003016228930825
0.003015503864933
0.003013874651496
0.003011451512227
0.003008416025678
0.003005007391031
0.003001503144230
0.002998195758636
0.002995366954387
0.002993261789738
0.002992064687885
0.002991879451125
0.002992715032832
0.002994478393676
0.002996975193316
0.002999918406203
0.003002944253065
0.003005634166125
0.003007540914773
0.003008216563764
0.003007239663538
0.003004239014770
0.002998911523146
0.002991032063929
0.002980453888421
0.002967098887102
0.002950937922112
0.002931962387782
0.002910149077138
0.002885421247845
0.002857609419554
0.002826415832663
0.002791386607432
0.002751895433313
0.002707142084950
0.002656168221656
0.002597891823629
0.002531160315140
0.002454821005684
0.002367806040888
0.002269227699413
0.002158478703131
0.002035331321074
0.001900028523632
0.001753360341370
0.001596718935725
0.001432126699547
0.001262232945836
0.001090276354055
0.000920012238477
0.000755605772416
0.000601494420193
0.000462224860880
0.000342271500617
0.000245845139044
0.000176701373737
0.000137958813615
0.000131937078664
0.000160023875552
0.000222579180524
0.000318882793012
0.000447129339947
0.000604472334300
0.000787116265090
0.000990453075321
0.001209236926369
0.001437789001789
0.001670222402246
0.001900676032335
0.002123545851989
0.002333701995062
0.002526681039771
0.002698844104524
0.002847493355042
0.002970941829571
0.003068534078452
0.003140617816422
0.003188469439230
0.003214178702843
0.003220499960714
0.003210678982262
0.003188265444720
0.003156921647342
0.003120237827290
0.003081563684981
0.003043864415107
0.003009607782236
0.002980686696798
0.002958379476163
0.002943347662323
0.002935669057214
0.002934901663070
0.002940172593420
0.002950284839471
0.002963834094327
0.002979327677437
0.002995297952720
0.003010403451849
0.003023512126113
0.003033762659687
0.003040601471577
0.003043794792565
0.003043416907103
0.003039817186787
0.003033569816181
0.003025411049336
0.003016169388685
0.003006694227645
0.002997788253504
0.002990148304491
0.002984318473917
0.002980658133189
0.002979326294577
0.002980282449421
0.002983302791860
0.002988009657735
0.002993911144332
0.003000447281843
0.003007038832532
0.003013134806279
0.003018255086149
0.003022025118752
0.003024200387910
0.003024679290163
0.003023503993231
0.003020849808280
0.003017004472387
0.003012339456836
0.003007275941159
0.003002248390294
0.002997668729373
0.002993893932901
0.002991199455585
0.002989760369252
0.002989641384600
0.002990796185839
0.002993075751501
0.002996244634882
0.003000003585212
0.003004016448359
0.003007939022742
0.003011447476670
0.003014264055987
0.003016178109613
0.003017060905561
0.003016873261236
0.003015665622206
0.003013570842596
0.003010790498705
0.003007576060324
0.003004206615320
0.003000965066327
0.002998114780710
0.002995878576170
0.002994421677253
