0.002979234091272
0.002977543760764
0.002975658230070
0.002973713844717
0.002971853955904
0.002970218618096
0.002968934319127
0.002968104486844
0.002967801475121
0.002968060639467
0.002968876974112
0.002970204607322
0.002971959251693
0.002974023495062
0.002976254610386
0.002978494374458
0.002980580229436
0.002982357009872
0.002983688400000
0.002984467286883
0.002984624235818
0.002984133432083
0.002983015600558
0.002981337621105
0.002979208788951
0.002976773909703
0.002974203651095
0.002971682781302
0.002969397091176
0.002967519912245
0.002966199194159
0.002965546089328
0.002965625908203
0.002966452160250
0.002967984192193
0.002970128689573
0.002972745036553
0.002975654250794
0.002978650944825
0.002981517531814
0.002984039709538
0.002986022136179
0.002987303165498
0.002987767542579
0.002987356074262
0.002986071475116
0.002983979838969
0.002981207481842
0.002977933224892
0.002974376513469
0.002970782077486
0.002967402106237
0.002964477117362
0.002962216827871
0.002960782373436
0.002960271164694
0.002960705516897
0.002962025949482
0.002964089739034
0.002966674942444
0.002969489711082
0.002972186318862
0.002974378955712
0.002975664021017
0.002975641414335
0.002973935183751
0.002970211870264
0.002964194986812
0.002955674291968
0.002944508851571
0.002930623308966
0.002913997281090
0.002894648332416
0.002872609516418
0.002847902977632
0.002820511539442
0.002790350529532
0.002757242287298
0.002720895834065
0.002680894054909
0.002636690438259
0.002587616954761
0.002532904049995
0.002471713006195
0.002403180134833
0.002326471440135
0.002240845592799
0.002145722324422
0.002040752745488
0.001925887647662
0.001801439611141
0.001668134726254
0.001527149969407
0.001380132747101
0.001229199824270
0.001076913756602
0.000926236010101
0.000780457123064
0.000643105485747
0.000517837515858
0.000408313126722
0.000318061354557
0.000250341773054
0.000208007827746
0.000193378432767
0.000208124066486
0.000253173174912
0.000328643954741
0.000433805570552
0.000567071608021
0.000726027135902
0.000907489213468
0.001107599113963
0.001321943018249
0.001545696544971
0.001773787297477
0.002001068686974
0.002222497686612
0.002433308916824
0.002629177574662
0.002806364196556
0.002961835062942
0.003093353174820
0.003199536100618
0.003279878537916
0.003334739080242
0.003365292340966
0.003373449179960
0.003361749223949
0.003333231096068
0.003291286713870
0.003239506632838
0.003181523676802
0.003120861998813
0.003060798266504
0.003004240893575
0.002953632189362
0.002910877030946
0.002877300247068
0.002853633416883
0.002840030308426
0.002836108788572
0.002841015799158
0.002853510973669
0.002872063713355
0.002894958083113
0.002920399741420
0.002946619282958
0.002971966828515
0.002994993409807
0.003014515619560
0.003029661071799
0.003039893379408
0.003045016538356
0.003045159744353
0.003040744696490
0.003032438310242
0.003021094426593
0.003007688535377
0.002993249714205
0.002978793918973
0.002965262462040
0.002953469006520
0.002944057727971
0.002937474494517
0.002933952045263
0.002933509258855
0.002935963752674
0.002940956287215
0.002947984812009
0.002956445511772
0.002965677916312
0.002975011035252
0.002983807566985
0.002991503496988
0.002997640820028
0.003001891661741
0.003004072699023
0.003004149443623
0.003002230616232
0.002998553457921
0.002993461364981
0.002987375661388
0.002980763617816
0.002974104973880
0.002967859217680
0.002962435729684
0.002958168621578
0.002955297717490
0.002953956663747
0.002954168646447
0.002955849678186
0.002958818919947
0.002962815062800
0.002967517433254
0.002972570226407
0.002977608125757
0.002982281543087
0.002986279803691
0.002989350801187
0.002991315935669
