0.002994653954310
0.002993869212908
0.002992603063237
0.002990945184174
0.002989017396887
0.002986964885723
0.002984945436013
0.002983117479815
0.002981627848061
0.002980600168102
0.002980124814823
0.002980251222366
0.002980983198338
0.002982277664655
0.002984046994421
0.002986164841243
0.002988475086666
0.002990803283650
0.002992969768724
0.002994803469135
0.002996155356425
0.002996910501702
0.002996997771765
0.002996396364624
0.002995138607283
0.002993308712281
0.002991037492709
0.002988493345661
0.002985870108043
0.002983372643385
0.002981201213515
0.002979535808430
0.002978521640306
0.002978256948917
0.002978784117822
0.002980084872589
0.002982080039331
0.002984634004581
0.002987563660395
0.002990651268281
0.002993660358799
0.002996353525467
0.002998510793095
0.002999947157710
0.003000527916624
0.003000180534449
0.002998902017193
0.002996761077780
0.002993894751187
0.002990499529434
0.002986817505545
0.002983118409878
0.002979678760946
0.002976759608617
0.002974584498145
0.002973319313818
0.002973055564858
0.002973798456344
0.002975460756838
0.002977863053312
0.002980740501665
0.002983755672277
0.002986516592559
0.002988598640998
0.002989568586421
0.002989008823606
0.002986539756354
0.002981838336171
0.002974650982745
0.002964799483115
0.002952178970240
0.002936747687936
0.002918508918329
0.002897486133653
0.002873693086636
0.002847101122482
0.002817606433656
0.002785000246015
0.002748944990822
0.002708959363797
0.002664414795900
0.002614545272258
0.002558471662438
0.002495240807426
0.002423878599282
0.002343455249846
0.002253159942514
0.002152381164007
0.002040788286407
0.001918409470938
0.001785700739686
0.001643601140386
0.001493569325354
0.001337597572254
0.001178200265550
0.001018375088364
0.000861536583405
0.000711423253616
0.000571980903596
0.000447226382842
0.000341097193070
0.000257293482378
0.000199119698035
0.000169333552422
0.000170009938047
0.000202426994735
0.000266980695955
0.000363133116089
0.000489398022935
0.000643365685452
0.000821766886754
0.001020574187677
0.001235136602449
0.001460342128933
0.001690801117838
0.001921042351046
0.002145712993246
0.002359773325786
0.002558677384478
0.002738531295385
0.002896222200088
0.003029512126503
0.003137092914075
0.003218600248405
0.003274586894433
0.003306457229076
0.003316367055234
0.003307094328820
0.003281887762066
0.003244301211445
0.003198022271236
0.003146703552777
0.003093804739410
0.003042452697838
0.002995325750925
0.002954566747818
0.002921727892436
0.002897748509093
0.002882965136086
0.002877151644746
0.002879585574897
0.002889135637320
0.002904364421393
0.002923639803070
0.002945248393147
0.002967504594000
0.002988849417757
0.003007934113123
0.003023684788159
0.003035345525745
0.003042498883570
0.003045064064924
0.003043274357384
0.003037636588416
0.003028876277152
0.003017872823133
0.003005589436742
0.002993002572900
0.002981035389209
0.002970499239942
0.002962046481828
0.002956136962333
0.002953019550833
0.002952729026224
0.002955097619420
0.002959779589438
0.002966286442202
0.002974029824988
0.002982368775383
0.002990657885187
0.002998293054243
0.003004751839134
0.003009625915968
0.003012643833040
0.003013682978315
0.003012770474407
0.003010073485672
0.003005880126822
0.003000572755375
0.002994595875667
0.002988421155730
0.002982512148421
0.002977291215780
0.002973110894289
0.002970231532969
0.002968806519541
0.002968875822254
0.002970367959517
0.002973109910219
0.002976843935359
0.002981249832234
0.002985970813901
0.002990641017622
0.002994912604865
0.002998480519922
0.003001103211903
0.003002617974549
0.003002949991495
0.003002114657853
0.003000213246535
0.002997422463672
