0.002898594223684
0.002899841276564
0.002900821620685
0.002901477198878
0.002901765492389
0.002901662091780
0.002901162401334
0.002900282369835
0.002899058187375
0.002897544938733
0.002895814256387
0.002893951067819
0.002892049579770
0.002890208684120
0.002888527003796
0.002887097820677
0.002886004139503
0.002885314141376
0.002885077267317
0.002885321146865
0.002886049549784
0.002887241492213
0.002888851574082
0.002890811564789
0.002893033191952
0.002895412026370
0.002897832298367
0.002900172429286
0.002902311019908
0.002904133007125
0.002905535683338
0.002906434270787
0.002906766755960
0.002906497717157
0.002905620920188
0.002904160511493
0.002902170702202
0.002899733908184
0.002896957386370
0.002893968483242
0.002890908683518
0.002887926712109
0.002885170996999
0.002882781841797
0.002880883681841
0.002879577805261
0.002878935909242
0.002878994831981
0.002879752753153
0.002881167091966
0.002883154254538
0.002885591294764
0.002888319458869
0.002891149487922
0.002893868459212
0.002896247861306
0.002898052523222
0.002899049959587
0.002899019654398
0.002897761788712
0.002895104924182
0.002890912185381
0.002885085539063
0.002877567846308
0.002868342461204
0.002857430263733
0.002844884140110
0.002830781055811
0.002815211998867
0.002798270197735
0.002780038132926
0.002760573958714
0.002739898025298
0.002717980238244
0.002694729007213
0.002669982517687
0.002643503006644
0.002614974636288
0.002584005441236
0.002550133677213
0.002512838728361
0.002471556541635
0.002425699357653
0.002374679305524
0.002317935232934
0.002254961960562
0.002185340989873
0.002108771563185
0.002025100881331
0.001934352232805
0.001836749783018
0.001732738815594
0.001623000310102
0.001508458880685
0.001390283284674
0.001269878933994
0.001148872098323
0.001029085769035
0.000912507447372
0.000801249418622
0.000697502365246
0.000603483444987
0.000521380204144
0.000453291901542
0.000401169976453
0.000366759496495
0.000351543463993
0.000356691838029
0.000383017043292
0.000430937587261
0.000500451197610
0.000591118628127
0.000702058971618
0.000831956972213
0.000979082458402
0.001141321634468
0.001316219584853
0.001501032976671
0.001692791603117
0.001888367107188
0.002084546971915
0.002278111669687
0.002465912736590
0.002644949483156
0.002812442073041
0.002965898796143
0.003103175529652
0.003222525614544
0.003322638668382
0.003402667198333
0.003462240259503
0.003501463810273
0.003520907834347
0.003521580714582
0.003504891742195
0.003472603013016
0.003426772287712
0.003369688664310
0.003303803119886
0.003231656117231
0.003155804537257
0.003078750187235
0.003002872049644
0.002930364280040
0.002863181741053
0.002802994581684
0.002751153046800
0.002708663342894
0.002676175005665
0.002653979826367
0.002642022010757
0.002639918880124
0.002646991090786
0.002662301057623
0.002684698028241
0.002712868074529
0.002745387153004
0.002780775337096
0.002817550343751
0.002854278561274
0.002889621930660
0.002922379232226
0.002951520574566
0.002976214163924
0.002995844737720
0.003010023364641
0.003018588633301
0.003021599560341
0.003019320835898
0.003012201279617
0.003000846595278
0.002985987679800
0.002968445857968
0.002949096474938
0.002928832283644
0.002908528015271
0.002889007421321
0.002871013930863
0.002855185883252
0.002842037083129
0.002831943189919
0.002825134208233
0.002821693098151
0.002821560285259
0.002824543628293
0.002830333205719
0.002838520118186
0.002848618377130
0.002860088864574
0.002872364307391
0.002884874211230
0.002897068743392
0.002908440637086
0.002918544306963
0.002927011511877
0.002933563068419
0.002938016300614
0.002940288099136
0.002940393649837
0.002938441068508
0.002934622339775
