0.000018809989213
0.000017862425192
0.000017166840780
0.000016732827383
0.000016566367751
0.000016669753727
0.000017041554920
0.000017676638718
0.000018566241368
0.000019698089125
0.000021056567806
0.000022622938398
0.000024375595741
0.000026290366714
0.000028340843808
0.000030498749477
0.000032734326253
0.000035016747218
0.000037314541194
0.000039596026769
0.000041829749189
0.000043984914069
0.000046031811966
0.000047942227952
0.000049689830529
0.000051250534549
0.000052602833123
0.000053728093946
0.000054610815966
0.000055238842856
0.000055603530350
0.000055699865151
0.000055526533762
0.000055085940312
0.000054384173131
0.000053430920536
0.000052239337007
0.000050825861585
0.000049209991027
0.000047414010823
0.000045462687807
0.000043382928591
0.000041203408545
0.000038954176430
0.000036666240143
0.000034371139281
0.000032100510424
0.000029885651113
0.000027757088555
0.000025744158979
0.000023874603449
0.000022174185691
0.000020666337221
0.000019371834628
0.000018308513486
0.000017491022809
0.000016930623451
0.000016635033196
0.000016608320694
0.000016850849676
0.000017359274232
0.000018126585192
0.000019142206973
0.000020392143557
0.000021859171574
0.000023523077830
0.000025360937997
0.000027347432632
0.000029455196150
0.000031655193961
0.000033917122548
0.000036209827001
0.000038501730221
0.000040761267913
0.000042957323351
0.000045059655936
0.000047039317651
0.000048869051669
0.000050523667626
0.000051980388404
0.000053219163640
0.000054222945648
0.000054977923972
0.000055473715326
0.000055703506318
0.000055664147011
0.000055356194012
0.000054783902527
0.000053955167483
0.000052881414536
0.000051577442477
0.000050061219205
0.000048353634084
0.000046478210104
0.000044460779806
0.000042329129437
0.000040112616250
0.000037841764205
0.000035547843650
0.000033262440767
0.000031017022714
0.000028842504442
0.000026768823163
0.000024824526316
0.000023036378700
0.000021428994189
0.000020024497092
0.000018842217803
0.000017898426951
0.000017206111680
0.000016774797153
0.000016610415711
0.000016715225504
0.000017087779696
0.000017722946656
0.000018611980867
0.000019742643558
0.000021099371400
0.000022663490937
0.000024413475791
0.000026325243106
0.000028372485138
0.000030527031433
0.000032759236596
0.000035038388317
0.000037333130043
0.000039611892466
0.000041843327904
0.000043996741581
0.000046042513894
0.000047952507832
0.000049700455974
0.000051262321714
0.000052616629772
0.000053744761429
0.000054631210444
0.000055263796118
0.000055633830607
0.000055736238156
0.000055569624644
0.000055136296479
0.000054442228591
0.000053496981963
0.000052313571858
0.000050908288532
0.000049300472939
0.000047512250482
0.000045568226511
0.000043495147732
0.000041321534203
0.000039077286982
0.000036793276819
0.000034500919546
0.000032231744028
0.000030016958586
0.000027887021880
0.000025871224136
0.000023997284488
0.000022290969950
0.000020775741281
0.000019472430582
0.000018398955070
0.000017570070964
0.000016997170843
0.000016688127277
0.000016647184860
0.000016874902138
0.000017368144213
0.000018120126119
0.000019120506376
0.000020355529424
0.000021808214977
0.000023458591679
0.000025283971858
0.000027259263591
0.000029357315783
0.000031549291513
0.000033805064524
0.000036093633387
0.000038383547654
0.000040643340150
0.000042841959435
0.000044949196532
0.000046936100017
0.000048775373797
0.000050441752097
0.000051912346511
0.000053166960349
0.000054188365966
0.000054962541261
0.000055478862114
0.000055730248107
0.000055713259536
0.000055428144403
0.000054878834717
0.000054072892192
0.000053021404077
0.000051738830553
0.000050242805815
0.000048553895560
0.000046695314225
