0.002038208017380
0.002038209931922
0.002038211836602
0.002038213731430
0.002038215616421
0.002038217491597
0.002038219356984
0.002038221212609
0.002038223058506
0.002038224894705
0.002038226721235
0.002038228538115
0.002038230345358
0.002038232142965
0.002038233930926
0.002038235709223
0.002038237477828
0.002038239236715
0.002038240985854
0.002038242725220
0.002038244454795
0.002038246174563
0.002038247884518
0.002038249584659
0.002038251274989
0.002038252955515
0.002038254626251
0.002038256287214
0.002038257938426
0.002038259579913
0.002038261211707
0.002038262833838
0.002038264446336
0.002038266049228
0.002038267642530
0.002038269226252
0.002038270800388
0.002038272364928
0.002038273919847
0.002038275465119
0.002038277000714
0.002038278526605
0.002038280042767
0.002038281549184
0.002038283045842
0.002038284532737
0.002038286009869
0.002038287477242
0.002038288934866
0.002038290382755
0.002038291820927
0.002038293249407
0.002038294668222
0.002038296077403
0.002038297476980
0.002038298866983
0.002038300247434
0.002038301618348
0.002038302979729
0.002038304331569
0.002038305673851
0.002038307006551
0.002038308329640
0.002038309643088
0.002038310946868
0.002038312240958
0.002038313525342
0.002038314800010
0.002038316064958
0.002038317320188
0.002038318565705
0.002038319801521
0.002038321027651
0.002038322244115
0.002038323450938
0.002038324648149
0.002038325835779
0.002038327013857
0.002038328182412
0.002038329341463
0.002038330491020
0.002038331631082
0.002038332761640
0.002038333882672
0.002038334994152
0.002038336096050
0.002038337188336
0.002038338270984
0.002038339343974
0.002038340407292
0.002038341460929
0.002038342504884
0.002038343539159
0.002038344563761
0.002038345578704
0.002038346584003
0.002038347579680
0.002038348565762
0.002038349542278
0.002038350509258
0.002038351466732
0.002038352414724
0.002038353353250
0.002038354282318
0.002038355201920
0.002038356112043
0.002038357012662
0.002038357903745
0.002038358785259
0.002038359657170
0.002038360519445
0.002038361372052
0.002038362214959
0.002038363048127
0.002038363871508
0.002038364685030
0.002038365488587
0.002038366282017
0.002038367065069
0.002038367837362
0.002038368598314
0.002038369347040
0.002038370082210
0.002038370801831
0.002038371502942
0.002038372181176
0.002038372830130
0.002038373440482
0.002038373998733
0.002038374485453
0.002038374872815
0.002038375121177
0.002038375174360
0.002038374953160
0.002038374346489
0.002038373199366
0.002038371296723
0.002038368341726
0.002038363926922
0.002038357496099
0.002038348294216
0.002038335302101
0.002038317151895
0.002038292018336
0.002038257480010
0.002038210343604
0.002038146423022
0.002038060263977
0.002037944803465
0.002037790952299
0.002037587087911
0.002037318443873
0.002036966382301
0.002036507535643
0.002035912805537
0.002035146208682
0.002034163563283
0.002032911014856
0.002031323407269
0.002029322514069
0.002026815156541
0.002023691248690
0.002019821825234
0.002015057126625
0.002009224834540
0.002002128571542
0.001993546798692
0.001983232263632
0.001970912167396
0.001956289229351
0.001939043834094
0.001918837439981
0.001895317414068
0.001868123430918
0.001836895531511
0.001801283882409
0.001760960204500
0.001715630755722
0.001665050655346
0.001609039231858
0.001547495966770
0.001480416498614
0.001407908051726
0.001330203570827
0.001247673782803
0.001160836379264
0.001070361524505
0.000977072948988
0.000881943992032
0.000786088109875
0.000690743564529
0.000597252249040
0.000507032876789
0.000421549053685
0.000342273047106
0.000270646346759
0.000208038361784
0.000155704797124
0.000114747383866
0.000086076689232
0.000070379692894
0.000068093683299
0.000079387802852
0.000104153262502
0.000142002869189
0.000192280083639
0.000254077375474
0.000326263194237
0.000407516456353
0.000496367085389
0.000591240859135
0.000690506629816
0.000792523904415
0.000895688804600
0.000998476566294
0.001099478976434
0.001197435461481
0.001291256916160
0.001380041766319
0.001463084169840
0.001539874648586
0.001610093789465
0.001673599935489
0.001730411995234
0.001780688624784
0.001824705079497
0.001862828999116
0.001895496289011
0.001923188106410
0.001946409769333
0.001965672194370
0.001981476253350
0.001994300232879
0.002004590396081
0.002012754491248
0.002019157932516
0.002024122294883
0.002027925718755
0.002030804804298
0.002032957588056
0.002034547227420
0.002035706066223
0.002036539810842
0.002037131605139
0.002037545849988
0.002037831665512
0.002038025939366
0.002038155941183
0.002038241511421
0.002038296852752
0.002038331964680
0.002038353768563
0.002038366971892
0.002038374718913
0.002038379070591
0.002038381351567
0.002038382395874
0.002038382717347
0.002038382625320
0.002038382301450
0.002038381849583
0.002038381327346
0.002038380765675
0.002038380180549
0.002038379579852
0.002038378967253
0.002038378344332
0.002038377711685
0.002038377069487
0.002038376417756
0.002038375756460
0.002038375085568
0.002038374405058
0.002038373714920
0.002038373015153
0.002038372305766
0.002038371586769
0.002038370858182
0.002038370120028
0.002038369372332
0.002038368615124
0.002038367848429
0.002038367072272
0.002038366286669
0.002038365491626
0.002038364687139
0.002038363873193
0.002038363049764
0.002038362216821
0.002038361374332
0.002038360522263
0.002038359660586
0.002038358789278
0.002038357908324
0.002038357017712
0.002038356117438
0.002038355207504
0.002038354287916
0.002038353358683
0.002038352419821
0.002038351471348
0.002038350513290
0.002038349545672
0.002038348568523
0.002038347581868
0.002038346585728
0.002038345580116
0.002038344565035
0.002038343540477
0.002038342506421
0.002038341462843
0.002038340409708
0.002038339346984
0.002038338274639
0.002038337192646
0.002038336100984
0.002038334999638
0.002038333888601
0.002038332767869
0.002038331637445
0.002038330497337
0.002038329347555
0.002038328188116
0.002038327019040
0.002038325840353
0.002038324652082
0.002038323454253
0.002038322246891
0.002038321030013
0.002038319803630
0.002038318567739
0.002038317322329
0.002038316067376
0.002038314802851
0.002038313528722
0.002038312244953
0.002038310951516
0.002038309648384
0.002038308335538
0.002038307012966
0.002038305680661
0.002038304338623
0.002038302986854
0.002038301625365
0.002038300254166
0.002038298873277
0.002038297482718
0.002038296082515
0.002038294672695
0.002038293253285
0.002038291824306
0.002038290385773
0.002038288937692
0.002038287480057
0.002038286012852
0.002038284536051
0.002038283049622
0.002038281553533
0.002038280047749
0.002038278532241
0.002038277006985
0.002038275471965
0.002038273927171
0.002038272372596
0.002038270808242
0.002038269234114
0.002038267650222
0.002038266056579
0.002038264453204
0.002038262840120
0.002038261217354
0.002038259584931
0.002038257942877
0.002038256291211
0.002038254629945
0.002038252959080
0.002038251278607
0.002038249588504
0.002038247888745
0.002038246179295
0.002038244460122
0.002038242731191
0.002038240992476
0.002038239243955
0.002038237485612
0.002038235717440
0.002038233939435
0.002038232151598
0.002038230353937
0.002038228546461
0.002038226729188
0.002038224902135
0.002038223065328
0.002038221218793
0.002038219362555
0.002038217496637
0.002038215621056
0.002038213735821
0.002038211840928
0.002038209936363
0.002038208022104
