0.002038209605756
0.002038211520467
0.002038213425563
0.002038215321024
0.002038217206815
0.002038219082897
0.002038220949228
0.002038222805767
0.002038224652480
0.002038226489338
0.002038228316320
0.002038230133413
0.002038231940612
0.002038233737920
0.002038235525349
0.002038237302918
0.002038239070659
0.002038240828610
0.002038242576818
0.002038244315330
0.002038246044197
0.002038247763462
0.002038249473156
0.002038251173298
0.002038252863891
0.002038254544920
0.002038256216359
0.002038257878171
0.002038259530314
0.002038261172746
0.002038262805429
0.002038264428327
0.002038266041417
0.002038267644679
0.002038269238104
0.002038270821688
0.002038272395438
0.002038273959368
0.002038275513502
0.002038277057874
0.002038278592525
0.002038280117502
0.002038281632855
0.002038283138632
0.002038284634870
0.002038286121598
0.002038287598828
0.002038289066556
0.002038290524764
0.002038291973418
0.002038293412481
0.002038294841908
0.002038296261658
0.002038297671694
0.002038299071983
0.002038300462503
0.002038301843239
0.002038303214182
0.002038304575334
0.002038305926702
0.002038307268305
0.002038308600170
0.002038309922333
0.002038311234838
0.002038312537733
0.002038313831067
0.002038315114884
0.002038316389221
0.002038317654098
0.002038318909522
0.002038320155484
0.002038321391957
0.002038322618908
0.002038323836294
0.002038325044071
0.002038326242199
0.002038327430641
0.002038328609369
0.002038329778362
0.002038330937607
0.002038332087100
0.002038333226843
0.002038334356849
0.002038335477138
0.002038336587741
0.002038337688697
0.002038338780052
0.002038339861853
0.002038340934148
0.002038341996980
0.002038343050378
0.002038344094359
0.002038345128923
0.002038346154053
0.002038347169720
0.002038348175886
0.002038349172506
0.002038350159536
0.002038351136936
0.002038352104671
0.002038353062713
0.002038354011043
0.002038354949646
0.002038355878517
0.002038356797654
0.002038357707061
0.002038358606747
0.002038359496720
0.002038360376985
0.002038361247538
0.002038362108348
0.002038362959347
0.002038363800406
0.002038364631308
0.002038365451712
0.002038366261102
0.002038367058725
0.002038367843497
0.002038368613878
0.002038369367687
0.002038370101854
0.002038370812065
0.002038371492274
0.002038372134028
0.002038372725544
0.002038373250456
0.002038373686113
0.002038374001282
0.002038374153073
0.002038374082819
0.002038373710605
0.002038372928024
0.002038371588634
0.002038369495461
0.002038366384697
0.002038361904571
0.002038355588084
0.002038346818035
0.002038334782381
0.002038318417604
0.002038296337243
0.002038266742261
0.002038227309279
0.002038175052090
0.002038106151152
0.002038015745026
0.002037897677021
0.002037744189574
0.002037545558286
0.002037289657084
0.002036961445646
0.002036542370341
0.002036009670323
0.002035335581457
0.002034486432348
0.002033421629272
0.002032092530160
0.002030441212328
0.002028399144359
0.002025885779580
0.002022807096969
0.002019054125073
0.002014501495536
0.002009006084880
0.002002405816051
0.001994518704340
0.001985142245149
0.001974053252905
0.001961008270262
0.001945744673647
0.001927982603990
0.001907427848870
0.001883775793237
0.001856716538973
0.001825941268066
0.001791149889165
0.001752059962572
0.001708416844336
0.001660004926880
0.001606659782898
0.001548280943315
0.001484844961915
0.001416418342514
0.001343169833747
0.001265381536574
0.001183458225789
0.001097934264421
0.001009477493931
0.000918889517875
0.000827101865337
0.000735167624656
0.000644248277533
0.000555595636114
0.000470528986321
0.000390407762300
0.000316600309915
0.000250449530144
0.000193236413041
0.000146142665764
0.000110213790128
0.000086324063382
0.000075144909463
0.000077118108743
0.000092435178112
0.000121024060200
0.000162543995810
0.000216389127219
0.000281701006625
0.000357389782539
0.000442163429080
0.000534563992521
0.000633009479717
0.000735839726342
0.000841364378262
0.000947911011117
0.001053871409716
0.001157744131940
0.001258171686132
0.001353970944348
0.001444155778163
0.001527951316041
0.001604799655450
0.001674357291664
0.001736484922060
0.001791230625948
0.001838807686524
0.001879568499926
0.001913976100106
0.001942574817633
0.001965961492463
0.001984758488109
0.001999589524529
0.002011059079743
0.002019735826681
0.002026140292746
0.002030736673250
0.002033928511088
0.002036057784107
0.002037406824298
0.002038202430014
0.002038621520544
0.002038797714694
0.002038828282129
0.002038781007606
0.002038700612725
0.002038614487518
0.002038537586134
0.002038476430687
0.002038432240325
0.002038403256919
0.002038386374151
0.002038378194863
0.002038375645065
0.002038376265313
0.002038378284968
0.002038380565441
0.002038382477928
0.002038383761528
0.002038384390637
0.002038384466849
0.002038384140628
0.002038383561446
0.002038382851420
0.002038382096072
0.002038381345943
0.002038380623804
0.002038379933630
0.002038379268890
0.002038378618956
0.002038377973271
0.002038377323526
0.002038376664340
0.002038375992998
0.002038375308753
0.002038374612021
0.002038373903718
0.002038373184793
0.002038372455978
0.002038371717715
0.002038370970180
0.002038370213365
0.002038369447166
0.002038368671453
0.002038367886113
0.002038367091074
0.002038366286305
0.002038365471811
0.002038364647621
0.002038363813776
0.002038362970329
0.002038362117330
0.002038361254830
0.002038360382872
0.002038359501492
0.002038358610712
0.002038357710540
0.002038356800968
0.002038355881973
0.002038354953519
0.002038354015562
0.002038353068055
0.002038352110950
0.002038351144205
0.002038350167786
0.002038349181667
0.002038348185828
0.002038347180262
0.002038346164968
0.002038345139952
0.002038344105230
0.002038343060827
0.002038342006774
0.002038340943110
0.002038339869881
0.002038338787130
0.002038337694899
0.002038336593219
0.002038335482109
0.002038334361573
0.002038333231598
0.002038332092155
0.002038330943205
0.002038329784701
0.002038328616595
0.002038327438841
0.002038326251398
0.002038325054234
0.002038323847327
0.002038322630661
0.002038321404230
0.002038320168037
0.002038318922090
0.002038317666409
0.002038316401020
0.002038315125957
0.002038313841263
0.002038312546981
0.002038311243154
0.002038309929820
0.002038308607008
0.002038307274728
0.002038305932980
0.002038304581744
0.002038303220986
0.002038301850665
0.002038300470730
0.002038299081135
0.002038297681835
0.002038296272791
0.002038294853974
0.002038293425365
0.002038291986952
0.002038290538731
0.002038289080707
0.002038287612892
0.002038286135309
0.002038284647985
0.002038283150959
0.002038281644272
0.002038280127968
0.002038278602088
0.002038277066667
0.002038275521728
0.002038273967276
0.002038272403303
0.002038270829785
0.002038269246684
0.002038267653953
0.002038266051544
0.002038264439410
0.002038262817506
0.002038261185799
0.002038259544263
0.002038257892879
0.002038256231639
0.002038254560543
0.002038252879598
0.002038251188820
0.002038249488232
0.002038247777867
0.002038246057762
0.002038244327961
0.002038242588507
0.002038240839439
0.002038239080787
0.002038237312567
0.002038235534780
0.002038233747411
0.002038231950431
0.002038230143797
0.002038228327463
0.002038226501378
0.002038224665495
0.002038222819775
0.002038220964186
0.002038219098704
0.002038217223314
0.002038215338012
0.002038213442800
0.002038211537687
0.002038209622692
