0.002038211928920
0.002038213844087
0.002038215749644
0.002038217645535
0.002038219531697
0.002038221408068
0.002038223274590
0.002038225131214
0.002038226977898
0.002038228814616
0.002038230641354
0.002038232458111
0.002038234264904
0.002038236061763
0.002038237848734
0.002038239625876
0.002038241393257
0.002038243150950
0.002038244899027
0.002038246637548
0.002038248366563
0.002038250086099
0.002038251796164
0.002038253496741
0.002038255187797
0.002038256869280
0.002038258541132
0.002038260203290
0.002038261855691
0.002038263498279
0.002038265131007
0.002038266753840
0.002038268366754
0.002038269969740
0.002038271562803
0.002038273145965
0.002038274719261
0.002038276282742
0.002038277836470
0.002038279380516
0.002038280914952
0.002038282439847
0.002038283955259
0.002038285461229
0.002038286957778
0.002038288444904
0.002038289922584
0.002038291390777
0.002038292849429
0.002038294298476
0.002038295737856
0.002038297167507
0.002038298587376
0.002038299997420
0.002038301397606
0.002038302787916
0.002038304168346
0.002038305538906
0.002038306899623
0.002038308250537
0.002038309591703
0.002038310923188
0.002038312245061
0.002038313557397
0.002038314860259
0.002038316153701
0.002038317437756
0.002038318712438
0.002038319977736
0.002038321233621
0.002038322480044
0.002038323716948
0.002038324944268
0.002038326161941
0.002038327369907
0.002038328568116
0.002038329756528
0.002038330935116
0.002038332103866
0.002038333262779
0.002038334411870
0.002038335551170
0.002038336680727
0.002038337800597
0.002038338910849
0.002038340011556
0.002038341102788
0.002038342184606
0.002038343257057
0.002038344320167
0.002038345373941
0.002038346418360
0.002038347453387
0.002038348478969
0.002038349495044
0.002038350501545
0.002038351498408
0.002038352485575
0.002038353462994
0.002038354430626
0.002038355388441
0.002038356336419
0.002038357274553
0.002038358202843
0.002038359121294
0.002038360029912
0.002038360928698
0.002038361817629
0.002038362696650
0.002038363565642
0.002038364424400
0.002038365272591
0.002038366109708
0.002038366935006
0.002038367747421
0.002038368545458
0.002038369327036
0.002038370089280
0.002038370828236
0.002038371538477
0.002038372212576
0.002038372840388
0.002038373408096
0.002038373896932
0.002038374281480
0.002038374527433
0.002038374588643
0.002038374403249
0.002038373888619
0.002038372934784
0.002038371395933
0.002038369079454
0.002038365731888
0.002038361020991
0.002038354512940
0.002038345643522
0.002038333681858
0.002038317684988
0.002038296441278
0.002038268400267
0.002038231586162
0.002038183491760
0.002038120949078
0.002038039972503
0.002037935569743
0.002037801515389
0.002037630081414
0.002037411718565
0.002037134682309
0.002036784596899
0.002036343951201
0.002035791520372
0.002035101708202
0.002034243806210
0.002033181167340
0.002031870294535
0.002030259847653
0.002028289576133
0.002025889189696
0.002022977185167
0.002019459654196
0.002015229104260
0.002010163333761
0.002004124411023
0.001996957816418
0.001988491816305
0.001978537146524
0.001966887091319
0.001953318050197
0.001937590689522
0.001919451776982
0.001898636794480
0.001874873417774
0.001847885938443
0.001817400684915
0.001783152473694
0.001744892089417
0.001702394752874
0.001655469490010
0.001603969263172
0.001547801669524
0.001486939952764
0.001421434015125
0.001351421060197
0.001277135446525
0.001198917290893
0.001117219332461
0.001032611558266
0.000945783100476
0.000857540949307
0.000768805084763
0.000680599716617
0.000594040435078
0.000510317212734
0.000430673358302
0.000356380699333
0.000288711457558
0.000228907468756
0.000178147579301
0.000137514213627
0.000107960240102
0.000090277356921
0.000085067265510
0.000092716888949
0.000113378822228
0.000146958067542
0.000193105912991
0.000251221562058
0.000320461823251
0.000399758836845
0.000487845464468
0.000583287615322
0.000684522449442
0.000789901102981
0.000897734341534
0.001006339380667
0.001114086030630
0.001219440332151
0.001321003954424
0.001417547821476
0.001508038709320
0.001591657899098
0.001667811361266
0.001736131360157
0.001796469782487
0.001848883882930
0.001893615481711
0.001931064923599
0.001961761299532
0.001986330532041
0.002005462930692
0.002019881737331
0.002030314012705
0.002037464980808
0.002041996663896
0.002044511330968
0.002045539967385
0.002045535674587
0.002044871644751
0.002043843140727
0.002042672756413
0.002041518141807
0.002040481349834
0.002039618993425
0.002038952482273
0.002038477727013
0.002038173840959
0.002038010521959
0.002037953946581
0.002037971144675
0.002038032935929
0.002038115596127
0.002038201477034
0.002038278831026
0.002038341092694
0.002038385849647
0.002038413699513
0.002038427145979
0.002038429639470
0.002038424822884
0.002038416003515
0.002038405841339
0.002038396222402
0.002038388273945
0.002038382474127
0.002038378811932
0.002038376960157
0.002038376434099
0.002038376718885
0.002038377357900
0.002038378002467
0.002038378428268
0.002038378527060
0.002038378283077
0.002038377742843
0.002038376985296
0.002038376096881
0.002038375153990
0.002038374213182
0.002038373308203
0.002038372452042
0.002038371641961
0.002038370865618
0.002038370106814
0.002038369349967
0.002038368582901
0.002038367798023
0.002038366992194
0.002038366165779
0.002038365321325
0.002038364462267
0.002038363591895
0.002038362712717
0.002038361826203
0.002038360932833
0.002038360032339
0.002038359124026
0.002038358207067
0.002038357280725
0.002038356344479
0.002038355398056
0.002038354441393
0.002038353474572
0.002038352497741
0.002038351511048
0.002038350514611
0.002038349508498
0.002038348492738
0.002038347467336
0.002038346432296
0.002038345387633
0.002038344333383
0.002038343269599
0.002038342196343
0.002038341113674
0.002038340021640
0.002038338920264
0.002038337809543
0.002038336689448
0.002038335559928
0.002038334420919
0.002038333272349
0.002038332114147
0.002038330946248
0.002038329768597
0.002038328581151
0.002038327383882
0.002038326176772
0.002038324959820
0.002038323733037
0.002038322496449
0.002038321250095
0.002038319994028
0.002038318728310
0.002038317453009
0.002038316168191
0.002038314873915
0.002038313570228
0.002038312257155
0.002038310934701
0.002038309602846
0.002038308261553
0.002038306910766
0.002038305550419
0.002038304180443
0.002038302800772
0.002038301411344
0.002038300012109
0.002038298603028
0.002038297184075
0.002038295755238
0.002038294316518
0.002038292867932
0.002038291409510
0.002038289941297
0.002038288463348
0.002038286975728
0.002038285478503
0.002038283971739
0.002038282455490
0.002038280929794
0.002038279394671
0.002038277850115
0.002038276296101
0.002038274732583
0.002038273159501
0.002038271576788
0.002038269984374
0.002038268382195
0.002038266770192
0.002038265148319
0.002038263516541
0.002038261874837
0.002038260223199
0.002038258561635
0.002038256890164
0.002038255208823
0.002038253517659
0.002038251816731
0.002038250106104
0.002038248385845
0.002038246656015
0.002038244916663
0.002038243167820
0.002038241409497
0.002038239641682
0.002038237864340
0.002038236077420
0.002038234280860
0.002038232474589
0.002038230658541
0.002038228832650
0.002038226996864
0.002038225151139
0.002038223295446
0.002038221429768
0.002038219554102
0.002038217668460
0.002038215772867
0.002038213867363
0.002038211952000
