0.002038207621187
0.002038209536323
0.002038211441642
0.002038213337114
0.002038215222714
0.002038217098424
0.002038218964236
0.002038220820151
0.002038222666177
0.002038224502328
0.002038226328629
0.002038228145110
0.002038229951809
0.002038231748768
0.002038233536030
0.002038235313637
0.002038237081624
0.002038238840016
0.002038240588828
0.002038242328058
0.002038244057691
0.002038245777702
0.002038247488057
0.002038249188716
0.002038250879640
0.002038252560794
0.002038254232149
0.002038255893681
0.002038257545378
0.002038259187232
0.002038260819247
0.002038262441434
0.002038264053809
0.002038265656400
0.002038267249238
0.002038268832364
0.002038270405819
0.002038271969646
0.002038273523885
0.002038275068568
0.002038276603716
0.002038278129338
0.002038279645428
0.002038281151966
0.002038282648923
0.002038284136262
0.002038285613943
0.002038287081928
0.002038288540183
0.002038289988679
0.002038291427397
0.002038292856326
0.002038294275462
0.002038295684809
0.002038297084382
0.002038298474200
0.002038299854291
0.002038301224690
0.002038302585438
0.002038303936576
0.002038305278148
0.002038306610191
0.002038307932732
0.002038309245789
0.002038310549365
0.002038311843449
0.002038313128018
0.002038314403038
0.002038315668472
0.002038316924279
0.002038318170421
0.002038319406866
0.002038320633588
0.002038321850570
0.002038323057803
0.002038324255286
0.002038325443025
0.002038326621038
0.002038327789345
0.002038328947978
0.002038330096973
0.002038331236372
0.002038332366216
0.002038333486547
0.002038334597399
0.002038335698796
0.002038336790751
0.002038337873262
0.002038338946312
0.002038340009876
0.002038341063916
0.002038342108394
0.002038343143269
0.002038344168504
0.002038345184069
0.002038346189940
0.002038347186104
0.002038348172552
0.002038349149287
0.002038350116318
0.002038351073664
0.002038352021348
0.002038352959404
0.002038353887869
0.002038354806786
0.002038355716195
0.002038356616137
0.002038357506641
0.002038358387728
0.002038359259404
0.002038360121661
0.002038360974476
0.002038361817815
0.002038362651636
0.002038363475887
0.002038364290514
0.002038365095458
0.002038365890651
0.002038366676009
0.002038367451418
0.002038368216715
0.002038368971649
0.002038369715835
0.002038370448675
0.002038371169232
0.002038371876061
0.002038372566927
0.002038373238414
0.002038373885322
0.002038374499805
0.002038375070098
0.002038375578688
0.002038375999686
0.002038376295068
0.002038376409358
0.002038376262141
0.002038375737593
0.002038374669973
0.002038372823622
0.002038369865651
0.002038365328897
0.002038358562076
0.002038348663263
0.002038334391827
0.002038314052813
0.002038285346433
0.002038245173860
0.002038189388841
0.002038112482974
0.002038007190682
0.002037863998293
0.002037670540176
0.002037410863872
0.002037064545833
0.002036605639965
0.002036001443098
0.002035211065058
0.002034183796611
0.002032857276623
0.002031155470551
0.002028986486256
0.002026240270129
0.002022786246629
0.002018470987294
0.002013116020361
0.002006515918535
0.001998436828678
0.001988615631568
0.001976759940253
0.001962549159471
0.001945636833328
0.001925654501336
0.001902217261228
0.001874931198542
0.001843402786140
0.001807250280912
0.001766117050535
0.001719686652131
0.001667699360784
0.001609969714284
0.001546404508191
0.001477020550602
0.001401961378389
0.001321512055883
0.001236111132897
0.001146358840253
0.001053020654621
0.000957025474830
0.000859457819788
0.000761543680820
0.000664629931436
0.000570157503716
0.000479628867544
0.000394570678206
0.000316492769016
0.000246844937430
0.000186973185204
0.000138077207745
0.000101170971107
0.000077048158786
0.000066254112510
0.000069065636708
0.000085479697011
0.000115211637277
0.000157703090597
0.000212139294406
0.000277475066843
0.000352468288856
0.000435719389710
0.000525715073307
0.000620874364021
0.000719595000947
0.000820298268842
0.000921470515047
0.001021699850291
0.001119706848192
0.001214368420360
0.001304734426471
0.001390036956896
0.001469692576810
0.001543298125997
0.001610620913457
0.001671584321250
0.001726249934258
0.001774797343413
0.001817502735707
0.001854717294865
0.001886846304393
0.001914329683309
0.001937624508134
0.001957189895370
0.001973474447863
0.001986906314973
0.001997885786637
0.002006780238773
0.002013921173389
0.002019603050261
0.002024083585642
0.002027585193462
0.002030297261519
0.002032378984637
0.002033962514316
0.002035156225912
0.002036047946621
0.002036708027787
0.002037192181448
0.002037544032420
0.002037797362986
0.002037978047434
0.002038105688485
0.002038194977766
0.002038256808593
0.002038299172160
0.002038327868692
0.002038347063767
0.002038359717541
0.002038367911483
0.002038373093858
0.002038376261790
0.002038378094601
0.002038379050244
0.002038379434203
0.002038379448115
0.002038379223672
0.002038378845975
0.002038378369435
0.002038377828468
0.002038377244604
0.002038376631160
0.002038375996277
0.002038375344865
0.002038374679847
0.002038374002933
0.002038373315108
0.002038372616925
0.002038371908689
0.002038371190567
0.002038370462646
0.002038369724975
0.002038368977583
0.002038368220493
0.002038367453726
0.002038366677309
0.002038365891273
0.002038365095651
0.002038364290485
0.002038363475814
0.002038362651675
0.002038361818101
0.002038360975113
0.002038360122719
0.002038359260914
0.002038358389678
0.002038357508982
0.002038356618786
0.002038355719048
0.002038354809725
0.002038353890777
0.002038352962171
0.002038352023882
0.002038351075893
0.002038350118194
0.002038349150784
0.002038348173672
0.002038347186871
0.002038346190406
0.002038345184305
0.002038344168604
0.002038343143342
0.002038342108559
0.002038341064290
0.002038340010564
0.002038338947396
0.002038337874791
0.002038336792738
0.002038335701214
0.002038334600185
0.002038333489609
0.002038332369443
0.002038331239645
0.002038330100177
0.002038328951009
0.002038327792116
0.002038326623485
0.002038325445108
0.002038324256988
0.002038323059134
0.002038321851564
0.002038320634302
0.002038319407380
0.002038318170835
0.002038316924706
0.002038315669031
0.002038314403843
0.002038313129166
0.002038311845014
0.002038310551384
0.002038309248260
0.002038307935616
0.002038306613414
0.002038305281611
0.002038303940165
0.002038302589032
0.002038301228178
0.002038299857574
0.002038298477199
0.002038297087042
0.002038295687097
0.002038294277370
0.002038292857872
0.002038291428623
0.002038289989650
0.002038288540985
0.002038287082668
0.002038285614735
0.002038284137225
0.002038282650167
0.002038281153582
0.002038279647477
0.002038278131844
0.002038276606665
0.002038275071908
0.002038273527533
0.002038271973495
0.002038270409753
0.002038268836265
0.002038267252998
0.002038265659926
0.002038264057031
0.002038262444303
0.002038260821740
0.002038259189349
0.002038257547144
0.002038255895148
0.002038254233388
0.002038252561900
0.002038250880722
0.002038249189892
0.002038247489444
0.002038245779405
0.002038244059791
0.002038242330605
0.002038240591835
0.002038238843456
0.002038237085433
0.002038235317724
0.002038233540286
0.002038231753075
0.002038229956054
0.002038228149189
0.002038226332459
0.002038224505846
0.002038222669345
0.002038220822956
0.002038218966687
0.002038217100556
0.002038215224587
0.002038213338809
0.002038211443259
0.002038209537975
0.002038207622993
