0.002038214878933
0.002038216793508
0.002038218698247
0.002038220593161
0.002038222478265
0.002038224353576
0.002038226219115
0.002038228074900
0.002038229920953
0.002038231757288
0.002038233583921
0.002038235400861
0.002038237208115
0.002038239005683
0.002038240793563
0.002038242571747
0.002038244340224
0.002038246098981
0.002038247848001
0.002038249587271
0.002038251316776
0.002038253036505
0.002038254746451
0.002038256446612
0.002038258136989
0.002038259817591
0.002038261488429
0.002038263149519
0.002038264800880
0.002038266442531
0.002038268074491
0.002038269696778
0.002038271309409
0.002038272912394
0.002038274505744
0.002038276089460
0.002038277663544
0.002038279227990
0.002038280782790
0.002038282327931
0.002038283863399
0.002038285389178
0.002038286905255
0.002038288411614
0.002038289908247
0.002038291395148
0.002038292872314
0.002038294339750
0.002038295797465
0.002038297245471
0.002038298683786
0.002038300112427
0.002038301531414
0.002038302940765
0.002038304340498
0.002038305730626
0.002038307111160
0.002038308482106
0.002038309843466
0.002038311195239
0.002038312537417
0.002038313869992
0.002038315192949
0.002038316506274
0.002038317809951
0.002038319103967
0.002038320388307
0.002038321662964
0.002038322927932
0.002038324183212
0.002038325428808
0.002038326664731
0.002038327890994
0.002038329107615
0.002038330314612
0.002038331512003
0.002038332699806
0.002038333878037
0.002038335046708
0.002038336205828
0.002038337355402
0.002038338495429
0.002038339625906
0.002038340746825
0.002038341858175
0.002038342959942
0.002038344052111
0.002038345134666
0.002038346207593
0.002038347270879
0.002038348324518
0.002038349368503
0.002038350402837
0.002038351427523
0.002038352442573
0.002038353447997
0.002038354443809
0.002038355430022
0.002038356406646
0.002038357373686
0.002038358331139
0.002038359278992
0.002038360217218
0.002038361145769
0.002038362064575
0.002038362973530
0.002038363872483
0.002038364761223
0.002038365639457
0.002038366506774
0.002038367362613
0.002038368206195
0.002038369036450
0.002038369851905
0.002038370650539
0.002038371429580
0.002038372185237
0.002038372912340
0.002038373603854
0.002038374250245
0.002038374838625
0.002038375351642
0.002038375766008
0.002038376050580
0.002038376163859
0.002038376050739
0.002038375638308
0.002038374830431
0.002038373500812
0.002038371484116
0.002038368564691
0.002038364462265
0.002038358813916
0.002038351151427
0.002038340872978
0.002038327207919
0.002038309173136
0.002038285519265
0.002038254664720
0.002038214615155
0.002038162865680
0.002038096282747
0.002038010962241
0.002037902059960
0.002037763590272
0.002037588188404
0.002037366831552
0.002037088513807
0.002036739869841
0.002036304742389
0.002035763688920
0.002035093423480
0.002034266190669
0.002033249070019
0.002032003210935
0.002030483000645
0.002028635170641
0.002026397850621
0.002023699583282
0.002020458318248
0.002016580409076
0.002011959643542
0.002006476344175
0.001999996583179
0.001992371563128
0.001983437222055
0.001973014128196
0.001960907735520
0.001946909075611
0.001930795964044
0.001912334799515
0.001891283030993
0.001867392361542
0.001840412746632
0.001810097229150
0.001776207632737
0.001738521109136
0.001696837504108
0.001650987470294
0.001600841214927
0.001546317726288
0.001487394276686
0.001424115953141
0.001356604921873
0.001285069091599
0.001209809805974
0.001131228170236
0.001049829603882
0.000966226212823
0.000881136593310
0.000795382717976
0.000709883612878
0.000625645613922
0.000543749090899
0.000465331645930
0.000391567927369
0.000323646345994
0.000262743132198
0.000209994324377
0.000166466422415
0.000133126568262
0.000110813219852
0.000100208357422
0.000101812295430
0.000115922163135
0.000142615058386
0.000181736770647
0.000232896811317
0.000295470285820
0.000368606898910
0.000451247111514
0.000542145175693
0.000639898477679
0.000742982332144
0.000849789109496
0.000958670356866
0.001067980406362
0.001176119862320
0.001281577331059
0.001382967806198
0.001479066250173
0.001568835113536
0.001651444799011
0.001726286394047
0.001792976347315
0.001851353132228
0.001901466304052
0.001943558696126
0.001978042796374
0.002005472581125
0.002026512246777
0.002041903362782
0.002052431968791
0.002058897056903
0.002062081724020
0.002062728061350
0.002061516583473
0.002059050706325
0.002055846480926
0.002052327496900
0.002048824604196
0.002045579877706
0.002042754078888
0.002040436757874
0.002038658091192
0.002037401562127
0.002036616656543
0.002036230857436
0.002036160364560
0.002036319128068
0.002036625953943
0.002037009601422
0.002037411937956
0.002037789337064
0.002038112593320
0.002038365684030
0.002038543729444
0.002038650495564
0.002038695750629
0.002038692734801
0.002038655939293
0.002038599323386
0.002038535031839
0.002038472616501
0.002038418718344
0.002038377131986
0.002038349154807
0.002038334116208
0.002038329987657
0.002038333988140
0.002038343119496
0.002038354588616
0.002038366095875
0.002038375988976
0.002038383297068
0.002038387670571
0.002038389257503
0.002038388547593
0.002038386212140
0.002038382961508
0.002038379434707
0.002038376127881
0.002038373361724
0.002038371282557
0.002038369888436
0.002038369070218
0.002038368657800
0.002038368463370
0.002038368315928
0.002038368084005
0.002038367686077
0.002038367090180
0.002038366305537
0.002038365369609
0.002038364333876
0.002038363251034
0.002038362165413
0.002038361107420
0.002038360091941
0.002038359119938
0.002038358182152
0.002038357263670
0.002038356348322
0.002038355422118
0.002038354475342
0.002038353503261
0.002038352505660
0.002038351485627
0.002038350448000
0.002038349397885
0.002038348339529
0.002038347275669
0.002038346207380
0.002038345134310
0.002038344055154
0.002038342968208
0.002038341871848
0.002038340764872
0.002038339646645
0.002038338517086
0.002038337376528
0.002038336225526
0.002038335064668
0.002038333894427
0.002038332715090
0.002038331526736
0.002038330329285
0.002038329122561
0.002038327906363
0.002038326680524
0.002038325444938
0.002038324199574
0.002038322944455
0.002038321679636
0.002038320405178
0.002038319121127
0.002038317827500
0.002038316524289
0.002038315211466
0.002038313888994
0.002038312556838
0.002038311214974
0.002038309863391
0.002038308502096
0.002038307131103
0.002038305750434
0.002038304360111
0.002038302960152
0.002038301550571
0.002038300131376
0.002038298702569
0.002038297264149
0.002038295816114
0.002038294358457
0.002038292891173
0.002038291414252
0.002038289927685
0.002038288431460
0.002038286925562
0.002038285409975
0.002038283884684
0.002038282349676
0.002038280804939
0.002038279250466
0.002038277686253
0.002038276112302
0.002038274528619
0.002038272935214
0.002038271332097
0.002038269719281
0.002038268096777
0.002038266464596
0.002038264822744
0.002038263171227
0.002038261510045
0.002038259839198
0.002038258158680
0.002038256468483
0.002038254768598
0.002038253059012
0.002038251339711
0.002038249610679
0.002038247871900
0.002038246123361
0.002038244365048
0.002038242596951
0.002038240819065
0.002038239031388
0.002038237233923
0.002038235426675
0.002038233609655
0.002038231782873
0.002038229946340
0.002038228100068
0.002038226244064
0.002038224378335
0.002038222502885
0.002038220617713
0.002038218722817
0.002038216818189
0.002038214903823
