0.002038212496691
0.002038214411604
0.002038216316964
0.002038218212732
0.002038220098852
0.002038221975261
0.002038223841893
0.002038225698686
0.002038227545587
0.002038229382551
0.002038231209551
0.002038233026570
0.002038234833609
0.002038236630683
0.002038238417822
0.002038240195071
0.002038241962485
0.002038243720129
0.002038245468074
0.002038247206390
0.002038248935140
0.002038250654376
0.002038252364132
0.002038254064420
0.002038255755232
0.002038257436539
0.002038259108293
0.002038260770436
0.002038262422902
0.002038264065626
0.002038265698548
0.002038267321615
0.002038268934790
0.002038270538048
0.002038272131377
0.002038273714783
0.002038275288285
0.002038276851919
0.002038278405732
0.002038279949783
0.002038281484140
0.002038283008873
0.002038284524051
0.002038286029735
0.002038287525969
0.002038289012782
0.002038290490180
0.002038291958145
0.002038293416642
0.002038294865618
0.002038296305012
0.002038297734756
0.002038299154787
0.002038300565045
0.002038301965483
0.002038303356067
0.002038304736776
0.002038306107603
0.002038307468559
0.002038308819668
0.002038310160969
0.002038311492514
0.002038312814364
0.002038314126588
0.002038315429258
0.002038316722439
0.002038318006188
0.002038319280545
0.002038320545530
0.002038321801142
0.002038323047356
0.002038324284130
0.002038325511407
0.002038326729123
0.002038327937210
0.002038329135606
0.002038330324253
0.002038331503110
0.002038332672144
0.002038333831340
0.002038334980697
0.002038336120230
0.002038337249966
0.002038338369950
0.002038339480235
0.002038340580888
0.002038341671977
0.002038342753572
0.002038343825737
0.002038344888524
0.002038345941966
0.002038346986075
0.002038348020842
0.002038349046235
0.002038350062205
0.002038351068691
0.002038352065623
0.002038353052932
0.002038354030552
0.002038354998426
0.002038355956504
0.002038356904749
0.002038357843130
0.002038358771625
0.002038359690216
0.002038360598882
0.002038361497591
0.002038362386291
0.002038363264892
0.002038364133240
0.002038364991086
0.002038365838043
0.002038366673531
0.002038367496697
0.002038368306319
0.002038369100670
0.002038369877345
0.002038370633016
0.002038371363106
0.002038372061356
0.002038372719224
0.002038373325097
0.002038373863225
0.002038374312315
0.002038374643661
0.002038374818688
0.002038374785737
0.002038374475857
0.002038373797348
0.002038372628685
0.002038370809413
0.002038368128453
0.002038364309173
0.002038358990403
0.002038351702406
0.002038341836614
0.002038328607692
0.002038311006207
0.002038287739884
0.002038257161059
0.002038217177563
0.002038165143825
0.002038097728561
0.002038010754913
0.002037899008455
0.002037756008007
0.002037573733793
0.002037342307141
0.002037049615678
0.002036680877949
0.002036218141514
0.002035639709054
0.002034919487845
0.002034026259182
0.002032922866189
0.002031565320818
0.002029901833974
0.002027871776596
0.002025404584236
0.002022418623270
0.002018820043317
0.002014501647744
0.002009341822092
0.002003203568862
0.001995933705957
0.001987362294980
0.001977302374066
0.001965550077499
0.001951885230460
0.001936072511155
0.001917863273616
0.001896998121840
0.001873210318878
0.001846230102287
0.001815789959387
0.001781630891470
0.001743509665321
0.001701207013029
0.001654536697543
0.001603355312401
0.001547572630901
0.001487162264172
0.001422172331555
0.001352735792808
0.001279080043206
0.001201535332750
0.001120541543130
0.001036652844247
0.000950539759355
0.000862988197124
0.000774895062324
0.000687260135659
0.000601174017572
0.000517802059265
0.000438364353895
0.000364112027367
0.000296300245305
0.000236158533108
0.000184859180671
0.000143484662810
0.000112995140584
0.000094197207850
0.000087715102316
0.000093965603772
0.000113137788399
0.000145178694578
0.000189785782783
0.000246406843945
0.000314247734609
0.000392288004377
0.000479304145466
0.000573899852412
0.000674542349986
0.000779603548032
0.000887404531133
0.000996261704977
0.001104532813132
0.001210661016713
0.001313215299236
0.001410925618537
0.001502711470055
0.001587702838755
0.001665252883590
0.001734942097797
0.001796574097588
0.001850163586772
0.001895917402456
0.001934209846440
0.001965553731323
0.001990568707885
0.002009948485168
0.002024428507133
0.002034755516488
0.002041660229324
0.002045834080332
0.002047910697481
0.002048452448697
0.002047942092746
0.002046779282109
0.002045281423769
0.002043688217203
0.002042169064964
0.002040832492604
0.002039736718651
0.002038900574905
0.002038314081909
0.002037948121130
0.002037762800221
0.002037714266746
0.002037759876610
0.002037861755634
0.002037988898996
0.002038118029188
0.002038233477756
0.002038326370866
0.002038393387979
0.002038435331961
0.002038455704473
0.002038459429012
0.002038451811600
0.002038437780848
0.002038421408757
0.002038405683212
0.002038392483590
0.002038382701639
0.002038376449310
0.002038373301584
0.002038372532934
0.002038373318811
0.002038374886276
0.002038376609096
0.002038378051382
0.002038378969552
0.002038379285266
0.002038379042297
0.002038378358709
0.002038377383026
0.002038376259828
0.002038375107186
0.002038374005770
0.002038372997699
0.002038372092249
0.002038371275293
0.002038370519702
0.002038369794615
0.002038369072338
0.002038368332405
0.002038367562977
0.002038366760189
0.002038365926201
0.002038365066757
0.002038364188839
0.002038363298867
0.002038362401589
0.002038361499680
0.002038360593886
0.002038359683516
0.002038358767068
0.002038357842815
0.002038356909246
0.002038355965312
0.002038355010491
0.002038354044716
0.002038353068227
0.002038352081403
0.002038351084625
0.002038350078183
0.002038349062240
0.002038348036842
0.002038347001954
0.002038345957508
0.002038344903445
0.002038343839739
0.002038342766410
0.002038341683514
0.002038340591126
0.002038339489321
0.002038338378158
0.002038337257664
0.002038336127831
0.002038334988623
0.002038333839975
0.002038332681813
0.002038331514057
0.002038330336632
0.002038329149475
0.002038327952533
0.002038326745772
0.002038325529170
0.002038324302719
0.002038323066426
0.002038321820311
0.002038320564405
0.002038319298756
0.002038318023418
0.002038316738456
0.002038315443937
0.002038314139925
0.002038312826472
0.002038311503619
0.002038310171381
0.002038308829757
0.002038307478718
0.002038306118219
0.002038304748199
0.002038303368591
0.002038301979323
0.002038300580329
0.002038299171550
0.002038297752939
0.002038296324462
0.002038294886098
0.002038293437844
0.002038291979707
0.002038290511712
0.002038289033896
0.002038287546308
0.002038286049008
0.002038284542062
0.002038283025535
0.002038281499489
0.002038279963971
0.002038278419013
0.002038276864626
0.002038275300796
0.002038273727492
0.002038272144661
0.002038270552241
0.002038268950160
0.002038267338349
0.002038265716743
0.002038264085288
0.002038262443940
0.002038260792669
0.002038259131460
0.002038257460312
0.002038255779239
0.002038254088268
0.002038252387441
0.002038250676811
0.002038248956438
0.002038247226389
0.002038245486728
0.002038243737512
0.002038241978783
0.002038240210567
0.002038238432865
0.002038236645659
0.002038234848908
0.002038233042556
0.002038231226537
0.002038229400780
0.002038227565216
0.002038225719784
0.002038223864432
0.002038221999120
0.002038220123825
0.002038218238534
0.002038216343252
0.002038214437996
0.002038212522799
