0.002038215607655
0.002038217522258
0.002038219427048
0.002038221322034
0.002038223207225
0.002038225082631
0.002038226948263
0.002038228804134
0.002038230650255
0.002038232486637
0.002038234313291
0.002038236130227
0.002038237937452
0.002038239734970
0.002038241522783
0.002038243300888
0.002038245069279
0.002038246827950
0.002038248576890
0.002038250316089
0.002038252045539
0.002038253765233
0.002038255475167
0.002038257175341
0.002038258865757
0.002038260546420
0.002038262217338
0.002038263878521
0.002038265529977
0.002038267171719
0.002038268803758
0.002038270426105
0.002038272038772
0.002038273641768
0.002038275235102
0.002038276818780
0.002038278392806
0.002038279957180
0.002038281511897
0.002038283056952
0.002038284592336
0.002038286118039
0.002038287634052
0.002038289140365
0.002038290636974
0.002038292123874
0.002038293601065
0.002038295068551
0.002038296526336
0.002038297974429
0.002038299412839
0.002038300841575
0.002038302260649
0.002038303670072
0.002038305069855
0.002038306460008
0.002038307840541
0.002038309211461
0.002038310572774
0.002038311924482
0.002038313266584
0.002038314599074
0.002038315921946
0.002038317235191
0.002038318538797
0.002038319832756
0.002038321117060
0.002038322391703
0.002038323656683
0.002038324911999
0.002038326157655
0.002038327393657
0.002038328620012
0.002038329836730
0.002038331043819
0.002038332241292
0.002038333429158
0.002038334607429
0.002038335776114
0.002038336935222
0.002038338084760
0.002038339224732
0.002038340355138
0.002038341475977
0.002038342587242
0.002038343688926
0.002038344781018
0.002038345863509
0.002038346936388
0.002038347999648
0.002038349053284
0.002038350097291
0.002038351131672
0.002038352156427
0.002038353171561
0.002038354177078
0.002038355172982
0.002038356159278
0.002038357135966
0.002038358103045
0.002038359060505
0.002038360008329
0.002038360946485
0.002038361874923
0.002038362793567
0.002038363702304
0.002038364600970
0.002038365489334
0.002038366367073
0.002038367233735
0.002038368088695
0.002038368931089
0.002038369759726
0.002038370572970
0.002038371368573
0.002038372143457
0.002038372893422
0.002038373612748
0.002038374293675
0.002038374925713
0.002038375494718
0.002038375981701
0.002038376361241
0.002038376599439
0.002038376651234
0.002038376456949
0.002038375937823
0.002038374990275
0.002038373478572
0.002038371225478
0.002038368000403
0.002038363504424
0.002038357351448
0.002038349044623
0.002038337946932
0.002038323244698
0.002038303902509
0.002038278607801
0.002038245703072
0.002038203103363
0.002038148196327
0.002038077721842
0.002037987627773
0.002037872898108
0.002037727349376
0.002037543390914
0.002037311744346
0.002037021117452
0.002036657827609
0.002036205370112
0.002035643927086
0.002034949813319
0.002034094856335
0.002033045709414
0.002031763098070
0.002030201002876
0.002028305784424
0.002026015259746
0.002023257743726
0.002019951073815
0.002016001641875
0.002011303462964
0.002005737317400
0.001999170009240
0.001991453791278
0.001982426013386
0.001971909057394
0.001959710627042
0.001945624465666
0.001929431576521
0.001910902020471
0.001889797362742
0.001865873833804
0.001838886258873
0.001808592795419
0.001774760498202
0.001737171706456
0.001695631218027
0.001649974180733
0.001600074592547
0.001545854260330
0.001487292022891
0.001424432999769
0.001357397584264
0.001286389859931
0.001211705086700
0.001133735878337
0.001052976679983
0.000970026155374
0.000885587110503
0.000800463615672
0.000715555042458
0.000631846806516
0.000550397700948
0.000472323816609
0.000398779172624
0.000330933318622
0.000269946314827
0.000216941641154
0.000172977725003
0.000139018902097
0.000115906727943
0.000104332631730
0.000104812943168
0.000117667320033
0.000143001556164
0.000180695654131
0.000230397904127
0.000291525523647
0.000363272186743
0.000444622515182
0.000534373327231
0.000631161155474
0.000733495266864
0.000839795160637
0.000948431297129
0.001057767636124
0.001166204448655
0.001272219819606
0.001374408285408
0.001471515152635
0.001562465216557
0.001646384836364
0.001722616614633
0.001790726258173
0.001850501548200
0.001901943701278
0.001945251739117
0.001980800786823
0.002009115468980
0.002030839757609
0.002046704736148
0.002057495774391
0.002064020560747
0.002067079315441
0.002067438320655
0.002065807664640
0.002062823822432
0.002059037404111
0.002054906110566
0.002050792664118
0.002046967242413
0.002043613751268
0.002040839134254
0.002038684838359
0.002037139536255
0.002036152242897
0.002035645049897
0.002035524825463
0.002035693378645
0.002036055751422
0.002036526468272
0.002037033728680
0.002037521664040
0.002037950889218
0.002038297656423
0.002038551963144
0.002038714978041
0.002038796132105
0.002038810182384
0.002038774498604
0.002038706755951
0.002038623147115
0.002038537159557
0.002038458905028
0.002038394941315
0.002038348493177
0.002038319961051
0.002038307601605
0.002038308271567
0.002038318142772
0.002038333318853
0.002038350309096
0.002038366339828
0.002038379505618
0.002038388779957
0.002038393916750
0.002038395279770
0.002038393637622
0.002038389957659
0.002038385225055
0.002038380304350
0.002038375851496
0.002038372276198
0.002038369747704
0.002038368232987
0.002038367554287
0.002038367453275
0.002038367651020
0.002038367896018
0.002038367996009
0.002038367832688
0.002038367361179
0.002038366598022
0.002038365602348
0.002038364454880
0.002038363238701
0.002038362024501
0.002038360861668
0.002038359775302
0.002038358768197
0.002038357826247
0.002038356925470
0.002038356039013
0.002038355142889
0.002038354219703
0.002038353260194
0.002038352262841
0.002038351232094
0.002038350175907
0.002038349103228
0.002038348021941
0.002038346937558
0.002038345852727
0.002038344767456
0.002038343679816
0.002038342586872
0.002038341485570
0.002038340373432
0.002038339248928
0.002038338111559
0.002038336961688
0.002038335800223
0.002038334628267
0.002038333446817
0.002038332256564
0.002038331057818
0.002038329850544
0.002038328634462
0.002038327409181
0.002038326174327
0.002038324929624
0.002038323674935
0.002038322410255
0.002038321135678
0.002038319851337
0.002038318557365
0.002038317253855
0.002038315940845
0.002038314618323
0.002038313286243
0.002038311944541
0.002038310593162
0.002038309232065
0.002038307861237
0.002038306480684
0.002038305090425
0.002038303690490
0.002038302280904
0.002038300861685
0.002038299432844
0.002038297994384
0.002038296546301
0.002038295088590
0.002038293621242
0.002038292144252
0.002038290657612
0.002038289161317
0.002038287655359
0.002038286139729
0.002038284614418
0.002038283079415
0.002038281534711
0.002038279980296
0.002038278416163
0.002038276842309
0.002038275258730
0.002038273665428
0.002038272062405
0.002038270449665
0.002038268827215
0.002038267195060
0.002038265553208
0.002038263901664
0.002038262240434
0.002038260569521
0.002038258888926
0.002038257198649
0.002038255498685
0.002038253789026
0.002038252069664
0.002038250340586
0.002038248601781
0.002038246853236
0.002038245094942
0.002038243326889
0.002038241549070
0.002038239761478
0.002038237964111
0.002038236156968
0.002038234340048
0.002038232513355
0.002038230676892
0.002038228830663
0.002038226974675
0.002038225108935
0.002038223233447
0.002038221348218
0.002038219453249
0.002038217548543
0.002038215634095
