0.002038216632918
0.002038218547615
0.002038220452520
0.002038222347634
0.002038224232959
0.002038226108498
0.002038227974252
0.002038229830226
0.002038231676422
0.002038233512842
0.002038235339494
0.002038237156383
0.002038238963520
0.002038240760914
0.002038242548580
0.002038244326528
0.002038246094767
0.002038247853304
0.002038249602139
0.002038251341271
0.002038253070693
0.002038254790400
0.002038256500383
0.002038258200636
0.002038259891156
0.002038261571940
0.002038263242989
0.002038264904305
0.002038266555890
0.002038268197747
0.002038269829878
0.002038271452286
0.002038273064975
0.002038274667950
0.002038276261221
0.002038277844797
0.002038279418690
0.002038280982912
0.002038282537474
0.002038284082384
0.002038285617646
0.002038287143261
0.002038288659223
0.002038290165527
0.002038291662165
0.002038293149127
0.002038294626409
0.002038296094007
0.002038297551918
0.002038299000144
0.002038300438685
0.002038301867545
0.002038303286725
0.002038304696228
0.002038306096056
0.002038307486215
0.002038308866710
0.002038310237552
0.002038311598750
0.002038312950317
0.002038314292265
0.002038315624604
0.002038316947341
0.002038318260477
0.002038319564012
0.002038320857940
0.002038322142251
0.002038323416939
0.002038324681994
0.002038325937410
0.002038327183184
0.002038328419315
0.002038329645803
0.002038330862649
0.002038332069855
0.002038333267423
0.002038334455355
0.002038335633656
0.002038336802329
0.002038337961383
0.002038339110827
0.002038340250674
0.002038341380934
0.002038342501620
0.002038343612740
0.002038344714300
0.002038345806300
0.002038346888736
0.002038347961601
0.002038349024886
0.002038350078580
0.002038351122675
0.002038352157164
0.002038353182042
0.002038354197305
0.002038355202952
0.002038356198977
0.002038357185376
0.002038358162141
0.002038359129259
0.002038360086713
0.002038361034477
0.002038361972516
0.002038362900776
0.002038363819178
0.002038364727608
0.002038365625892
0.002038366513784
0.002038367390927
0.002038368256818
0.002038369110752
0.002038369951750
0.002038370778461
0.002038371589026
0.002038372380900
0.002038373150606
0.002038373893408
0.002038374602876
0.002038375270311
0.002038375883976
0.002038376428096
0.002038376881543
0.002038377216116
0.002038377394305
0.002038377366400
0.002038377066748
0.002038376408947
0.002038375279697
0.002038373530945
0.002038370969932
0.002038367346589
0.002038362337680
0.002038355526928
0.002038346380203
0.002038334214697
0.002038318160809
0.002038297115207
0.002038269683329
0.002038234109273
0.002038188190731
0.002038129176324
0.002038053642317
0.002037957345399
0.002037835047841
0.002037680311060
0.002037485253328
0.002037240267169
0.002036933691896
0.002036551436730
0.002036076550182
0.002035488731785
0.002034763782932
0.002033872994642
0.002032782471421
0.002031452392255
0.002029836212111
0.002027879810167
0.002025520594472
0.002022686576787
0.002019295436006
0.002015253593809
0.002010455331918
0.002004781986521
0.001998101261816
0.001990266711151
0.001981117440511
0.001970478094884
0.001958159192972
0.001943957879289
0.001927659164548
0.001909037724733
0.001887860326073
0.001863888936500
0.001836884573879
0.001806611926730
0.001772844764144
0.001735372127932
0.001694005271767
0.001648585279483
0.001598991258257
0.001545148963058
0.001487039667462
0.001424709054356
0.001358275859811
0.001287939966616
0.001213989612824
0.001136807357640
0.001056874434464
0.000974773121273
0.000891186773904
0.000806897199932
0.000722779100946
0.000639791379551
0.000558965194144
0.000481388747923
0.000408188916565
0.000340509947911
0.000279489602472
0.000226233240122
0.000181786489783
0.000147107258380
0.000123037935979
0.000110278728695
0.000109363093572
0.000120636254459
0.000144237741167
0.000180088813375
0.000227885505768
0.000287097863798
0.000356975734816
0.000436561244063
0.000524707828346
0.000620105433188
0.000721311214410
0.000826784835641
0.000934927232644
0.001044121536098
0.001152774717807
0.001259358459961
0.001362447749010
0.001460755767263
0.001553163795183
0.001638745040175
0.001716781564495
0.001786773783357
0.001848442329379
0.001901722414296
0.001946751145688
0.001983848557804
0.002013493375337
0.002036294733477
0.002052961216140
0.002064268640574
0.002071028008258
0.002074054961468
0.002074141938778
0.002072034021357
0.002068409218856
0.002063863674468
0.002058901990136
0.002053932601437
0.002049267882808
0.002045128450846
0.002041650966616
0.002038898624187
0.002036873454921
0.002035529574626
0.002034786549282
0.002034542147293
0.002034683872523
0.002035098821602
0.002035681569332
0.002036339946130
0.002036998720685
0.002037601330782
0.002038109908906
0.002038503922709
0.002038777792163
0.002038937856090
0.002038999043824
0.002038981567685
0.002038907894747
0.002038800188520
0.002038678339324
0.002038558632382
0.002038453040270
0.002038369075354
0.002038310100720
0.002038275976037
0.002038263907419
0.002038269376104
0.002038287037114
0.002038311502943
0.002038337955197
0.002038362555760
0.002038382655512
0.002038396820557
0.002038404711796
0.002038406862850
0.002038404403908
0.002038398775786
0.002038391470818
0.002038383826589
0.002038376886876
0.002038371332903
0.002038367478506
0.002038365315913
0.002038364594952
0.002038364917585
0.002038365831369
0.002038366908958
0.002038367805426
0.002038368290044
0.002038368253536
0.002038367695205
0.002038366696383
0.002038365387345
0.002038363914295
0.002038362411618
0.002038360982622
0.002038359689967
0.002038358555141
0.002038357564997
0.002038356682638
0.002038355859793
0.002038355048211
0.002038354208310
0.002038353314181
0.002038352354923
0.002038351332890
0.002038350259930
0.002038349152744
0.002038348028472
0.002038346901268
0.002038345780283
0.002038344669130
0.002038343566566
0.002038342467968
0.002038341367137
0.002038340257964
0.002038339135675
0.002038337997482
0.002038336842668
0.002038335672202
0.002038334488104
0.002038333292735
0.002038332088192
0.002038330875918
0.002038329656550
0.002038328429986
0.002038327195602
0.002038325952529
0.002038324699920
0.002038323437142
0.002038322163865
0.002038320880062
0.002038319585933
0.002038318281799
0.002038316967987
0.002038315644748
0.002038314312212
0.002038312970387
0.002038311619186
0.002038310258469
0.002038308888097
0.002038307507959
0.002038306117996
0.002038304718202
0.002038303308610
0.002038301889276
0.002038300460259
0.002038299021606
0.002038297573347
0.002038296115493
0.002038294648039
0.002038293170974
0.002038291684282
0.002038290187952
0.002038288681973
0.002038287166340
0.002038285641048
0.002038284106089
0.002038282561456
0.002038281007136
0.002038279443118
0.002038277869389
0.002038276285938
0.002038274692756
0.002038273089836
0.002038271477176
0.002038269854775
0.002038268222635
0.002038266580762
0.002038264929162
0.002038263267844
0.002038261596819
0.002038259916098
0.002038258225693
0.002038256525612
0.002038254815859
0.002038253096434
0.002038251367331
0.002038249628540
0.002038247880045
0.002038246121829
0.002038244353876
0.002038242576171
0.002038240788700
0.002038238991454
0.002038237184425
0.002038235367609
0.002038233541003
0.002038231704604
0.002038229858412
0.002038228002428
0.002038226136657
0.002038224261104
0.002038222375780
0.002038220480694
0.002038218575860
0.002038216661287
