0.002038211061962
0.002038212975663
0.002038214879599
0.002038216773847
0.002038218658478
0.002038220533551
0.002038222399107
0.002038224255165
0.002038226101723
0.002038227938753
0.002038229766211
0.002038231584039
0.002038233392172
0.002038235190545
0.002038236979094
0.002038238757767
0.002038240526519
0.002038242285320
0.002038244034153
0.002038245773015
0.002038247501921
0.002038249220898
0.002038250929992
0.002038252629261
0.002038254318775
0.002038255998609
0.002038257668838
0.002038259329529
0.002038260980736
0.002038262622493
0.002038264254809
0.002038265877674
0.002038267491053
0.002038269094896
0.002038270689140
0.002038272273720
0.002038273848569
0.002038275413627
0.002038276968844
0.002038278514180
0.002038280049609
0.002038281575119
0.002038283090713
0.002038284596410
0.002038286092244
0.002038287578266
0.002038289054537
0.002038290521130
0.002038291978120
0.002038293425581
0.002038294863576
0.002038296292151
0.002038297711332
0.002038299121122
0.002038300521498
0.002038301912422
0.002038303293836
0.002038304665675
0.002038306027873
0.002038307380365
0.002038308723092
0.002038310056008
0.002038311379078
0.002038312692280
0.002038313995608
0.002038315289070
0.002038316572690
0.002038317846508
0.002038319110578
0.002038320364967
0.002038321609749
0.002038322844999
0.002038324070787
0.002038325287170
0.002038326494189
0.002038327691861
0.002038328880179
0.002038330059114
0.002038331228619
0.002038332388633
0.002038333539090
0.002038334679921
0.002038335811063
0.002038336932462
0.002038338044075
0.002038339145872
0.002038340237835
0.002038341319963
0.002038342392271
0.002038343454786
0.002038344507555
0.002038345550636
0.002038346584099
0.002038347608017
0.002038348622465
0.002038349627508
0.002038350623198
0.002038351609564
0.002038352586613
0.002038353554328
0.002038354512666
0.002038355461570
0.002038356400965
0.002038357330768
0.002038358250893
0.002038359161250
0.002038360061743
0.002038360952274
0.002038361832725
0.002038362702957
0.002038363562788
0.002038364411972
0.002038365250167
0.002038366076884
0.002038366891428
0.002038367692795
0.002038368479555
0.002038369249663
0.002038370000230
0.002038370727193
0.002038371424878
0.002038372085415
0.002038372697945
0.002038373247563
0.002038373713897
0.002038374069225
0.002038374275956
0.002038374283318
0.002038374022979
0.002038373403320
0.002038372301954
0.002038370556017
0.002038367949621
0.002038364197703
0.002038358925361
0.002038351641516
0.002038341705531
0.002038328285099
0.002038310303400
0.002038286373149
0.002038254714717
0.002038213055046
0.002038158503583
0.002038087400874
0.002037995134930
0.002037875919903
0.002037722531054
0.002037525989525
0.002037275190062
0.002036956464591
0.002036553074571
0.002036044625344
0.002035406396402
0.002034608582625
0.002033615443353
0.002032384358552
0.002030864794610
0.002028997186424
0.002026711747566
0.002023927226460
0.002020549633712
0.002016470973949
0.002011568024685
0.002005701214606
0.001998713664063
0.001990430461071
0.001980658256218
0.001969185269139
0.001955781806696
0.001940201398161
0.001922182654410
0.001901451955697
0.001877727064837
0.001850721748890
0.001820151471780
0.001785740192195
0.001747228265261
0.001704381402859
0.001657000596612
0.001604932850359
0.001548082507008
0.001486422890094
0.001420007915882
0.001348983270753
0.001273596694645
0.001194206868573
0.001111290376950
0.001025446207765
0.000937397269456
0.000847988445618
0.000758180779838
0.000669041483705
0.000581729590835
0.000497477236169
0.000417566718422
0.000343303698244
0.000275987087165
0.000216876383165
0.000167157396724
0.000127907475047
0.000100061460089
0.000084379697342
0.000081419437676
0.000091510936845
0.000114739452693
0.000150934168137
0.000199664832509
0.000260246622514
0.000331753388951
0.000413039091979
0.000502766854504
0.000599444700639
0.000701466715179
0.000807158080826
0.000914822240861
0.001022788310593
0.001129456831263
0.001233342029475
0.001333108911848
0.001427603780246
0.001515877083722
0.001597197909943
0.001671059838326
0.001737178304157
0.001795480031562
0.001846085458975
0.001889285382129
0.001925513259918
0.001955314756772
0.001979316127039
0.001998192984840
0.002012640855537
0.002023348686930
0.002030976228042
0.002036135882181
0.002039379331132
0.002041188930054
0.002041973606840
0.002042068780313
0.002041739649061
0.002041187101998
0.002040555462864
0.002039941299101
0.002039402592167
0.002038967670052
0.002038643430562
0.002038422522747
0.002038289291385
0.002038224415306
0.002038208276752
0.002038223180894
0.002038254599944
0.002038291645767
0.002038326981021
0.002038356366223
0.002038378013792
0.002038391885577
0.002038399032724
0.002038401040263
0.002038399606733
0.002038396263549
0.002038392220590
0.002038388313472
0.002038385023377
0.002038382540779
0.002038380848325
0.002038379804040
0.002038379212475
0.002038378877471
0.002038378635132
0.002038378369059
0.002038378011920
0.002038377538117
0.002038376952049
0.002038376275589
0.002038375537225
0.002038374764144
0.002038373977587
0.002038373191091
0.002038372410865
0.002038371637435
0.002038370867767
0.002038370097273
0.002038369321366
0.002038368536404
0.002038367740083
0.002038366931395
0.002038366110326
0.002038365277459
0.002038364433607
0.002038363579534
0.002038362715805
0.002038361842738
0.002038360960436
0.002038360068864
0.002038359167923
0.002038358257518
0.002038357337594
0.002038356408147
0.002038355469216
0.002038354520859
0.002038353563132
0.002038352596073
0.002038351619684
0.002038350633938
0.002038349638779
0.002038348634136
0.002038347619927
0.002038346596075
0.002038345562514
0.002038344519188
0.002038343466061
0.002038342403109
0.002038341330324
0.002038340247713
0.002038339155298
0.002038338053113
0.002038336941210
0.002038335819647
0.002038334688494
0.002038333547821
0.002038332397696
0.002038331238174
0.002038330069294
0.002038328891073
0.002038327703501
0.002038326506550
0.002038325300168
0.002038324084291
0.002038322858848
0.002038321623766
0.002038320378977
0.002038319124424
0.002038317860060
0.002038316585850
0.002038315301777
0.002038314007836
0.002038312704037
0.002038311390406
0.002038310066982
0.002038308733819
0.002038307390981
0.002038306038537
0.002038304676559
0.002038303305109
0.002038301924237
0.002038300533974
0.002038299134327
0.002038297725279
0.002038296306793
0.002038294878812
0.002038293441267
0.002038291994088
0.002038290537201
0.002038289070542
0.002038287594056
0.002038286107702
0.002038284611450
0.002038283105288
0.002038281589215
0.002038280063247
0.002038278527414
0.002038276981761
0.002038275426345
0.002038273861232
0.002038272286493
0.002038270702194
0.002038269108396
0.002038267505140
0.002038265892450
0.002038264270323
0.002038262638736
0.002038260997642
0.002038259346981
0.002038257686681
0.002038256016670
0.002038254336877
0.002038252647241
0.002038250947711
0.002038249238250
0.002038247518835
0.002038245789457
0.002038244050121
0.002038242300848
0.002038240541673
0.002038238772645
0.002038236993823
0.002038235205277
0.002038233407075
0.002038231599282
0.002038229781951
0.002038227955119
0.002038226118798
0.002038224272980
0.002038222417631
0.002038220552698
0.002038218678118
0.002038216793816
0.002038214899721
0.002038212995764
0.002038211081888
