0.002038217442087
0.002038219356728
0.002038221261602
0.002038223156710
0.002038225042054
0.002038226917637
0.002038228783462
0.002038230639528
0.002038232485834
0.002038234322377
0.002038236149151
0.002038237966153
0.002038239773379
0.002038241570831
0.002038243358515
0.002038245136439
0.002038246904615
0.002038248663057
0.002038250411776
0.002038252150781
0.002038253880080
0.002038255599674
0.002038257309563
0.002038259009746
0.002038260700221
0.002038262380987
0.002038264052045
0.002038265713396
0.002038267365043
0.002038269006985
0.002038270639223
0.002038272261754
0.002038273874572
0.002038275477672
0.002038277071051
0.002038278654706
0.002038280228640
0.002038281792861
0.002038283347379
0.002038284892207
0.002038286427358
0.002038287952844
0.002038289468673
0.002038290974851
0.002038292471378
0.002038293958254
0.002038295435475
0.002038296903040
0.002038298360947
0.002038299809196
0.002038301247789
0.002038302676727
0.002038304096008
0.002038305505631
0.002038306905592
0.002038308295884
0.002038309676503
0.002038311047445
0.002038312408709
0.002038313760300
0.002038315102226
0.002038316434500
0.002038317757135
0.002038319070146
0.002038320373542
0.002038321667331
0.002038322951517
0.002038324226099
0.002038325491075
0.002038326746442
0.002038327992198
0.002038329228339
0.002038330454867
0.002038331671781
0.002038332879081
0.002038334076765
0.002038335264831
0.002038336443271
0.002038337612081
0.002038338771254
0.002038339920788
0.002038341060684
0.002038342190949
0.002038343311592
0.002038344422628
0.002038345524069
0.002038346615930
0.002038347698220
0.002038348770945
0.002038349834107
0.002038350887705
0.002038351931732
0.002038352966186
0.002038353991061
0.002038355006354
0.002038356012059
0.002038357008171
0.002038357994683
0.002038358971579
0.002038359938840
0.002038360896436
0.002038361844328
0.002038362782464
0.002038363710774
0.002038364629164
0.002038365537503
0.002038366435609
0.002038367323218
0.002038368199959
0.002038369065301
0.002038369918499
0.002038370758507
0.002038371583878
0.002038372392611
0.002038373181963
0.002038373948183
0.002038374686165
0.002038375388982
0.002038376047270
0.002038376648412
0.002038377175467
0.002038377605776
0.002038377909138
0.002038378045440
0.002038377961608
0.002038377587659
0.002038376831656
0.002038375573248
0.002038373655453
0.002038370874251
0.002038366965452
0.002038361588190
0.002038354304300
0.002038344552613
0.002038331617111
0.002038314587623
0.002038292311550
0.002038263334854
0.002038225830269
0.002038177510405
0.002038115523096
0.002038036326034
0.002037935537393
0.002037807758838
0.002037646367023
0.002037443269445
0.002037188620333
0.002036870492184
0.002036474498625
0.002035983364506
0.002035376439573
0.002034629152829
0.002033712405675
0.002032591903408
0.002031227426437
0.002029572044939
0.002027571283509
0.002025162245760
0.002022272712786
0.002018820233971
0.002014711233677
0.002009840162896
0.002004088730916
0.001997325258142
0.001989404197441
0.001980165877317
0.001969436525672
0.001957028637442
0.001942741752679
0.001926363713189
0.001907672465110
0.001886438471480
0.001862427792226
0.001835405878845
0.001805142116815
0.001771415130348
0.001734018841182
0.001692769245907
0.001647511845002
0.001598129621848
0.001544551432333
0.001486760626266
0.001424803682148
0.001358798598507
0.001288942749964
0.001215519886576
0.001138905933037
0.001059573232353
0.000978092878841
0.000895134799716
0.000811465274846
0.000727941631523
0.000645503915928
0.000565163424926
0.000487988079870
0.000415084735916
0.000347578642852
0.000286590402450
0.000233210897767
0.000188474795860
0.000153333340680
0.000128627250875
0.000115060611327
0.000113176691422
0.000123336632057
0.000145701913278
0.000180221442778
0.000226623991905
0.000284416551889
0.000352888992754
0.000431125187016
0.000518020518045
0.000612305439182
0.000712574495745
0.000817319980488
0.000924969176340
0.001033923960508
0.001142601411938
0.001249473988614
0.001353107828191
0.001452197778230
0.001545597880154
0.001632346210024
0.001711683211648
0.001783062932613
0.001846156878008
0.001900850514601
0.001947232773488
0.001985579195318
0.002016329623615
0.002040061564771
0.002057460487270
0.002069288420173
0.002076352228469
0.002079472891305
0.002079456992935
0.002077071464080
0.002073022394603
0.002067938490879
0.002062359488081
0.002056729564338
0.002051395555208
0.002046609546401
0.002042535241067
0.002039257363268
0.002036793275895
0.002035105960659
0.002034117527434
0.002033722485239
0.002033800109624
0.002034225371960
0.002034878044415
0.002035649749630
0.002036448875849
0.002037203417288
0.002037861918385
0.002038392793502
0.002038782357514
0.002039031936327
0.002039154430880
0.002039170686620
0.002039105977233
0.002038986852352
0.002038838529980
0.002038682941978
0.002038537470858
0.002038414353479
0.002038320675928
0.002038258846650
0.002038227412775
0.002038222077657
0.002038236784184
0.002038264746276
0.002038299336792
0.002038334770473
0.002038366551972
0.002038391688334
0.002038408689842
0.002038417401234
0.002038418715946
0.002038414229216
0.002038405882451
0.002038395642468
0.002038385247005
0.002038376034087
0.002038368859323
0.002038364093596
0.002038361684929
0.002038361263223
0.002038362265115
0.002038364057933
0.002038366045981
0.002038367748072
0.002038368841390
0.002038369172512
0.002038368740916
0.002038367663256
0.002038366127835
0.002038364348283
0.002038362523713
0.002038360810176
0.002038359305476
0.002038358046875
0.002038357019246
0.002038356170076
0.002038355427313
0.002038354716445
0.002038353974074
0.002038353156424
0.002038352242438
0.002038351232111
0.002038350141424
0.002038348995550
0.002038347821960
0.002038346644710
0.002038345480706
0.002038344338205
0.002038343217321
0.002038342111981
0.002038341012639
0.002038339909016
0.002038338792343
0.002038337656771
0.002038336499841
0.002038335322162
0.002038334126521
0.002038332916764
0.002038331696712
0.002038330469354
0.002038329236410
0.002038327998268
0.002038326754237
0.002038325502969
0.002038324242922
0.002038322972761
0.002038321691609
0.002038320399131
0.002038319095479
0.002038317781134
0.002038316456709
0.002038315122773
0.002038313779722
0.002038312427731
0.002038311066762
0.002038309696626
0.002038308317065
0.002038306927829
0.002038305528733
0.002038304119683
0.002038302700676
0.002038301271774
0.002038299833072
0.002038298384666
0.002038296926628
0.002038295458997
0.002038293981781
0.002038292494962
0.002038290998517
0.002038289492418
0.002038287976653
0.002038286451215
0.002038284916111
0.002038283371349
0.002038281816937
0.002038280252880
0.002038278679174
0.002038277095808
0.002038275502767
0.002038273900032
0.002038272287585
0.002038270665408
0.002038269033486
0.002038267391809
0.002038265740368
0.002038264079160
0.002038262408187
0.002038260727454
0.002038259036973
0.002038257336757
0.002038255626824
0.002038253907190
0.002038252177868
0.002038250438868
0.002038248690192
0.002038246931837
0.002038245163796
0.002038243386058
0.002038241598608
0.002038239801434
0.002038237994524
0.002038236177864
0.002038234351444
0.002038232515252
0.002038230669275
0.002038228813501
0.002038226947918
0.002038225072516
0.002038223187289
0.002038221292239
0.002038219387371
0.002038217472698
