0.0035221754719735555
0.0035619871231701372
0.0036202304815409238
0.0036927042385808163
0.003773962809516836
0.003857715162149089
0.003937296580286673
0.004006177945530912
0.004058474032646912
0.004089412165211947
0.004095725361171495
0.004075939578541291
0.0040305324127369035
0.003961949996275877
0.0038744791903684793
0.0037739826592643297
0.003667514307332978
0.0035628411216997173
0.0034679040988958706
0.0033902551965779987
0.0033365088789681155
0.0033118457529889714
0.003319602152799887
0.0033609736347666726
0.003434852654189984
0.0035378117815720437
0.0036642343169948927
0.003806584729928003
0.003955802611213469
0.004101796323404895
0.004234006716187582
0.004342007443431797
0.004416106739155483
0.00444791599438819
0.004430852999044178
0.004360552024389559
0.004235158678512013
0.004055494259527509
0.003825081715502588
0.003550032850278455
0.003238803670533393
0.002901831380792655
0.0025510721954588333
0.0021994636229725785
0.0018603380402779312
0.0015468161476546761
0.0012712092778672476
0.0010444585935771992
0.0008756370558804062
0.0007715368336405832
0.0007363607216443562
0.000771531334270666
0.0008756265371732449
0.001044443972762918
0.0012711918275364713
0.0015467973822439723
0.0018603195810374435
0.002199447053502535
0.0025510589207472867
0.0029018225023752613
0.0032387998889547337
0.0035500344035919893
0.003825088359320556
0.004055505290411604
0.004235172998612601
0.0043605682415436406
0.00443086955336054
0.004447931299968313
0.004416119328233881
0.0043420160999930735
0.0042340105870508574
0.004101794996776998
0.003955796155621278
0.0038065736899881722
0.003664219666348149
0.00353779483715317
0.0034348349594784666
0.0033609568224543963
0.0033195877991698914
0.003311835237054685
0.0033365032590060018
0.0033902551151338387
0.0034679097247934873
0.0035628521342586828
0.0036675299242066033
0.0037740017053818375
0.0038745002017599953
0.003961971349410419
0.00403055246769791
0.004075956823111727
0.004095738542817522
0.0040894203990513665
0.004058476875669775
0.00400617543041056
0.003937289205803244
0.0038577038412117076
0.0037739487796542913
0.0036926889432192644
0.0036202154330833933
0.003561973760586411
0.0035221650261396025
