0.003555628343301004
0.0036404203997841378
0.0037297562118356574
0.003817169673333825
0.0038961936398596766
0.003960824761876724
0.0040059609392706485
0.004027780090417484
0.00402403307517573
0.003994229683687836
0.003939704144686376
0.003863555059417623
0.003770463412976232
0.0036664007246317533
0.003558246878490709
0.0034533432097512457
0.0033590106088182228
0.0032820644863906573
0.0032283583155329693
0.0032023851908627434
0.0032069626316863237
0.0032430200487715962
0.0033095013399425423
0.0034033874910173022
0.0035198363757184457
0.003652429697082636
0.003793510667623739
0.003934590975448179
0.0040668021085369125
0.004181364364342945
0.004270046881355747
0.0043255936928642226
0.004342093909666247
0.0043152783884642006
0.0042427302764045435
0.0041240022508211675
0.003960638710438976
0.003756106265839515
0.0035156403256649846
0.0032460191592689038
0.0029552794014137606
0.0026523885048447046
0.0023468901813606994
0.0020485385130825937
0.001766935329591963
0.0015111838337451607
0.001289569530467933
0.0011092774689429657
0.0009761528194834613
0.0008945099976135849
0.0008669939917176558
0.0008944962637692399
0.0009761265404183888
0.001109240918017984
0.0012895258671322984
0.0015111368275702282
0.0017668890312168512
0.002048496900953133
0.002346856815252498
0.0026523662165434236
0.0029552700496359194
0.003246023470235735
0.0035156578331902765
0.0037561353560265124
0.003960676766874171
0.0041240458873159904
0.0042427756366482695
0.004315321486089962
0.004342130978712671
0.004325621517746637
0.004270063077317885
0.004181367583776958
0.004066792155144004
0.003934568816381485
0.0037934783427860377
0.0036523901338453885
0.003519793125681181
0.0034033444122996536
0.003309462253287652
0.003242988398017195
0.0032069411787281304
0.0032023757721337635
0.0032283616815277725
0.003282080238364092
0.0033590372381398777
0.0034533782362679883
0.0035582870754498385
0.003666442410027633
0.003770502781286321
0.003863588524112926
0.003939728660954902
0.003994243022581334
0.004024034024722856
0.004027768565755744
0.004005937991956211
0.003960792487514896
0.003896154992260389
0.0038171282017287816
0.003729715744555483
0.0036403847025719346
0.003555600782707743
