0.003023823284165
0.003024570309786
0.003025346724432
0.003026148634895
0.003026969201833
0.003027799092558
0.003028627255200
0.003029441969707
0.003030232096314
0.003030988411108
0.003031704895027
0.003032379830412
0.003033016560980
0.003033623788517
0.003034215312967
0.003034809170647
0.003035426184874
0.003036088009559
0.003036814813108
0.003037622809892
0.003038521892296
0.003039513640530
0.003040589984365
0.003041732756943
0.003042914315079
0.003044099305575
0.003045247539481
0.003046317805679
0.003047272324666
0.003048081427767
0.003048727961758
0.003049210878372
0.003049547483982
0.003049773903491
0.003049943454612
0.003050122827332
0.003050386203598
0.003050807712321
0.003051452866763
0.003052369844134
0.003053581609438
0.003055079929380
0.003056822247391
0.003058732188349
0.003060704136693
0.003062611905178
0.003064321020197
0.003065703643868
0.003066654692966
0.003067107363880
0.003067046091250
0.003066515003569
0.003065620220293
0.003064524863290
0.003063436401524
0.003062586850151
0.003062207312747
0.003062499274892
0.003063605804006
0.003065586262133
0.003068398191984
0.003071889623748
0.003075804151525
0.003079799783804
0.003083480885108
0.003086440658501
0.003088309781833
0.003088805243720
0.003087772370208
0.003085212704205
0.003081290953145
0.003076315725609
0.003070691197032
0.003064840023003
0.003059101485663
0.003053612646901
0.003048183758292
0.003042181887151
0.003034438235959
0.003023194618584
0.003006102806130
0.002980286937795
0.002942474076290
0.002889191641956
0.002817023432678
0.002722908910241
0.002604464159519
0.002460298147197
0.002290295269836
0.002095835160773
0.001879923553625
0.001647213623559
0.001403905292126
0.001157519852157
0.000916558080817
0.000690060747518
0.000487100027541
0.000316237805432
0.000184991372334
0.000099348035287
0.000063367448401
0.000078904199865
0.000145473862501
0.000260274172464
0.000418360307758
0.000612960586748
0.000835907488987
0.001078149784720
0.001330305579694
0.001583213753115
0.001828442734888
0.002058720602002
0.002268258495173
0.002452949510770
0.002610436473297
0.002740053236837
0.002842654344644
0.002920356095274
0.002976217663013
0.003013893538447
0.003037288148341
0.003050240342466
0.003056260016156
0.003058332175036
0.003058796046795
0.003059299217046
0.003060819948834
0.003063745427238
0.003067990044348
0.003073136177542
0.003078580169002
0.003083668147215
0.003087809553827
0.003090560271005
0.003091671573250
0.003091105267936
0.003089018931066
0.003085727790880
0.003081651395541
0.003077253689802
0.003072984609106
0.003069229965716
0.003066274503003
0.003064280813696
0.003063284632952
0.003063205069730
0.003063866814582
0.003065030372420
0.003066425954429
0.003067786794417
0.003068878244987
0.003069519931823
0.003069599353371
0.003069076460468
0.003067979803223
0.003066395686336
0.003064452360352
0.003062301565376
0.003060099742512
0.003057990974881
0.003056093275197
0.003054489274201
0.003053221760273
0.003052293946103
0.003051673851310
0.003051301831159
0.003051100072304
0.003050982819245
0.003050866175716
0.003050676516674
0.003050356813872
0.003049870483052
0.003049202666673
0.003048359140786
0.003047363254078
0.003046251455877
0.003045068042370
0.003043859749239
0.003042670754347
0.003041538541130
0.003040490929773
0.003039544427715
0.003038703900566
0.003037963433569
0.003037308152518
0.003036716707748
0.003036164096996
0.003035624510329
0.003035073917724
0.003034492179518
0.003033864533274
0.003033182388772
0.003032443437670
0.003031651149213
0.003030813773364
0.003029943004911
0.003029052475898
0.003028156239946
0.003027267393388
0.003026396948139
0.003025553034070
