0.002696804135185
0.002695013891186
0.002694128677857
0.002694203572112
0.002695256264103
0.002697265580532
0.002700171521853
0.002703876840858
0.002708250130085
0.002713130325756
0.002718332478748
0.002723654590700
0.002728885267943
0.002733811909251
0.002738229117147
0.002741947007740
0.002744799091649
0.002746649408725
0.002747398621953
0.002746988810261
0.002745406745095
0.002742685489807
0.002738904222363
0.002734186248320
0.002728695240076
0.002722629807392
0.002716216570615
0.002709701969203
0.002703343091769
0.002697397857683
0.002692114912434
0.002687723618148
0.002684424525713
0.002682380705582
0.002681710290504
0.002682480545673
0.002684703731445
0.002688334962153
0.002693272193986
0.002699358397619
0.002706385890063
0.002714102718000
0.002722220904551
0.002730426296133
0.002738389678500
0.002745778774027
0.002752270687941
0.002757564341565
0.002761392417048
0.002763532341386
0.002763815858154
0.002762136772817
0.002758456511005
0.002752807197075
0.002745292040743
0.002736082909901
0.002725415065174
0.002713579133010
0.002700910495741
0.002687776375689
0.002674560982469
0.002661649174909
0.002649409158469
0.002638174792895
0.002628228121085
0.002619782746936
0.002612968686362
0.002607819291273
0.002604260801393
0.002602105014298
0.002601045481652
0.002600657541394
0.002600402384542
0.002599635234335
0.002597617588451
0.002593533345648
0.002586508510575
0.002575634048515
0.002559991349458
0.002538679661764
0.002510844773094
0.002475708153050
0.002432595730495
0.002380965460335
0.002320432840785
0.002250793572987
0.002172042609869
0.002084388919220
0.001988265385103
0.001884333389572
0.001773481750025
0.001656819832830
0.001535664817263
0.001411523240913
0.001286067114330
0.001161105044311
0.001038548947581
0.000920377065732
0.000808594104296
0.000705189410606
0.000612094173855
0.000531138674376
0.000464010626345
0.000412215647961
0.000377040855954
0.000359522517606
0.000360418605009
0.000380186985096
0.000418969847959
0.000476584828394
0.000552523115325
0.000645954674866
0.000755740539667
0.000880451944349
0.001018395918704
0.001167646791353
0.001326082910710
0.001491427761289
0.001661294544816
0.001833233210112
0.002004778855445
0.002173500393557
0.002337048363581
0.002493200795834
0.002639906084222
0.002775321895539
0.002897849243272
0.003006160973039
0.003099224044489
0.003176315146682
0.003237029346867
0.003281281641938
0.003309301453410
0.003321620276127
0.003319052853904
0.003302672407710
0.003273780580219
0.003233872880981
0.003184600516346
0.003127729565139
0.003065098513181
0.002998575185954
0.002930014118603
0.002861215376177
0.002793885785598
0.002729603465696
0.002669786445019
0.002615666041676
0.002568265548366
0.002528384622508
0.002496589629928
0.002473210034853
0.002458340773086
0.002451850393400
0.002453394608203
0.002462434762153
0.002478260610041
0.002500016695826
0.002526731545569
0.002557348830203
0.002590759620677
0.002625834848732
0.002661457101343
0.002696550914930
0.002730110795523
0.002761226271186
0.002789103380696
0.002813082114794
0.002832649449975
0.002847447746092
0.002857278414320
0.002862100897309
0.002862027134849
0.002857311812423
0.002848338803139
0.002835604312663
0.002819697319284
0.002801277964929
0.002781054596288
0.002759760177237
0.002738128794133
0.002716872954592
0.002696662339050
0.002678104604270
0.002661728761035
0.002647971557261
0.002637167195475
0.002629540603447
0.002625204362192
0.002624159280036
0.002626298488737
0.002631414830972
0.002639211211260
0.002649313497282
0.002661285488218
0.002674645412953
0.002688883385361
0.002703479227139
0.002717920071030
0.002731717178428
0.002744421444261
