0.002717402376585
0.002714663181038
0.002712599456680
0.002711309816150
0.002710863072509
0.002711294779705
0.002712605051255
0.002714757772041
0.002717681264501
0.002721270413464
0.002725390195492
0.002729880501257
0.002734562085409
0.002739243429815
0.002743728264973
0.002747823462600
0.002751346991306
0.002754135617866
0.002756052039630
0.002756991149006
0.002756885158539
0.002755707353953
0.002753474291355
0.002750246311953
0.002746126311037
0.002741256765281
0.002735815091115
0.002730007474393
0.002724061375101
0.002718216968019
0.002712717828575
0.002707801210628
0.002703688287896
0.002700574741889
0.002698622075878
0.002697950016248
0.002698630330095
0.002700682341767
0.002704070372917
0.002708703262164
0.002714436044208
0.002721073786726
0.002728377499670
0.002736071948637
0.002743855125053
0.002751409053985
0.002758411558368
0.002764548548880
0.002769526373824
0.002773083744862
0.002775002753422
0.002775118509704
0.002773326971176
0.002769590579723
0.002763941394644
0.002756481490598
0.002747380482798
0.002736870143267
0.002725236178423
0.002712807346038
0.002699942194911
0.002687013809677
0.002674393032364
0.002662430708156
0.002651439562339
0.002641676356023
0.002633324987916
0.002626481206949
0.002621139575225
0.002617183272791
0.002614377266008
0.002612365271508
0.002610670840178
0.002608702763426
0.002605764870624
0.002601070146172
0.002593758951427
0.002582920995304
0.002567620562292
0.002546924382434
0.002519931418699
0.002485803757030
0.002443797716509
0.002393294254204
0.002333827723440
0.002265112056532
0.002187063483850
0.002099818969860
0.002003749642119
0.001899468608800
0.001787832701193
0.001669937835978
0.001547107863605
0.001420876949006
0.001292965713967
0.001165251551528
0.001039733696344
0.000918493795910
0.000803652870993
0.000697325675033
0.000601573557928
0.000518357006208
0.000449489066855
0.000396590864486
0.000361050390715
0.000343985680667
0.000346213396286
0.000368223711443
0.000410162243218
0.000471819600885
0.000552628933762
0.000651671656360
0.000767691319535
0.000899115385585
0.001044084459082
0.001200488329474
0.001366008001605
0.001538162731239
0.001714360948994
0.001891953851441
0.002068290365593
0.002240772154536
0.002406907328763
0.002564361559947
0.002711005360556
0.002844956392153
0.002964615794560
0.003068697683912
0.003156251145561
0.003226674242954
0.003279719770695
0.003315492693240
0.003334439424262
0.003337329309891
0.003325228876032
0.003299469580595
0.003261609970773
0.003213393279439
0.003156701599661
0.003093507849710
0.003025826781029
0.002955666287543
0.002884980246732
0.002815624062034
0.002749313984524
0.002687591172259
0.002631791301833
0.002583020382850
0.002542137246968
0.002509742994185
0.002486177485378
0.002471522777488
0.002465613211310
0.002468051687006
0.002478231503798
0.002495363002138
0.002518504132612
0.002546593988709
0.002578488282491
0.002612995714256
0.002648914189800
0.002685065871261
0.002720330108268
0.002753673382953
0.002784175512318
0.002811051480787
0.002833668420423
0.002851557411591
0.002864419938133
0.002872128993351
0.002874724991514
0.002872406789535
0.002865518260560
0.002854530981598
0.002840023697815
0.002822659303875
0.002803160136132
0.002782282397131
0.002760790535783
0.002739432382927
0.002718915794354
0.002699887483501
0.002682914636755
0.002668469798771
0.002656919397099
0.002648516148723
0.002643395460052
0.002641575800685
0.002642962904126
0.002647357529501
0.002654466410845
0.002663915927937
0.002675267957582
0.002688037308701
0.002701710110017
0.002715762506145
0.002729679026396
0.002742970019967
0.002755187599833
0.002765939603626
0.002774901160491
