0.000207500666497
0.000207512800534
0.000207524909090
0.000207536993789
0.000207549056461
0.000207561099062
0.000207573123582
0.000207585131950
0.000207597125945
0.000207609107097
0.000207621076609
0.000207633035281
0.000207644983447
0.000207656920936
0.000207668847042
0.000207680760521
0.000207692659609
0.000207704542055
0.000207716405180
0.000207728245954
0.000207740061082
0.000207751847115
0.000207763600551
0.000207775317961
0.000207786996095
0.000207798631998
0.000207810223108
0.000207821767342
0.000207833263164
0.000207844709634
0.000207856106438
0.000207867453882
0.000207878752873
0.000207890004876
0.000207901211836
0.000207912376098
0.000207923500294
0.000207934587229
0.000207945639750
0.000207956660619
0.000207967652382
0.000207978617250
0.000207989556985
0.000208000472813
0.000208011365350
0.000208022234551
0.000208033079690
0.000208043899366
0.000208054691534
0.000208065453563
0.000208076182321
0.000208086874276
0.000208097525619
0.000208108132395
0.000208118690642
0.000208129196532
0.000208139646508
0.000208150037403
0.000208160366561
0.000208170631915
0.000208180832065
0.000208190966312
0.000208201034674
0.000208211037868
0.000208220977271
0.000208230854845
0.000208240673046
0.000208250434714
0.000208260142940
0.000208269800927
0.000208279411852
0.000208288978717
0.000208298504218
0.000208307990620
0.000208317439650
0.000208326852416
0.000208336229344
0.000208345570149
0.000208354873835
0.000208364138714
0.000208373362468
0.000208382542226
0.000208391674663
0.000208400756125
0.000208409782759
0.000208418750655
0.000208427655985
0.000208436495148
0.000208445264890
0.000208453962424
0.000208462585521
0.000208471132585
0.000208479602695
0.000208487995626
0.000208496311840
0.000208504552446
0.000208512719144
0.000208520814133
0.000208528840011
0.000208536799656
0.000208544696092
0.000208552532359
0.000208560311375
0.000208568035813
0.000208575707981
0.000208583329721
0.000208590902331
0.000208598426503
0.000208605902293
0.000208613329114
0.000208620705752
0.000208628030418
0.000208635300805
0.000208642514185
0.000208649667508
0.000208656757515
0.000208663780865
0.000208670734254
0.000208677614537
0.000208684418839
0.000208691144657
0.000208697789937
0.000208704353144
0.000208710833300
0.000208717230005
0.000208723543432
0.000208729774298
0.000208735923821
0.000208741993649
0.000208747985780
0.000208753902463
0.000208759746101
0.000208765519139
0.000208771223958
0.000208776862777
0.000208782437554
0.000208787949910
0.000208793401063
0.000208798791779
0.000208804122344
0.000208809392557
0.000208814601741
0.000208819748775
0.000208824832140
0.000208829849982
0.000208834800186
0.000208839680463
0.000208844488429
0.000208849221704
0.000208853877990
0.000208858455156
0.000208862951304
0.000208867364836
0.000208871694493
0.000208875939391
0.000208880099033
0.000208884173311
0.000208888162490
0.000208892067180
0.000208895888291
0.000208899626984
0.000208903284612
0.000208906862653
0.000208910362644
0.000208913786115
0.000208917134526
0.000208920409208
0.000208923611310
0.000208926741765
0.000208929801254
0.000208932790187
0.000208935708700
0.000208938556656
0.000208941333658
0.000208944039079
0.000208946672088
0.000208949231690
0.000208951716770
0.000208954126135
0.000208956458562
0.000208958712836
0.000208960887796
0.000208962982362
0.000208964995573
0.000208966926604
0.000208968774785
0.000208970539609
0.000208972220735
0.000208973817985
0.000208975331336
0.000208976760902
0.000208978106924
0.000208979369746
0.000208980549795
0.000208981647562
0.000208982663576
0.000208983598390
0.000208984452560
0.000208985226631
0.000208985921124
0.000208986536525
0.000208987073278
0.000208987531783
0.000208987912388
0.000208988215393
0.000208988441044
0.000208988589540
0.000208988661026
0.000208988655600
0.000208988573307
0.000208988414140
0.000208988178037
0.000208987864879
0.000208987474487
0.000208987006619
0.000208986460968
0.000208985837164
0.000208985134773
0.000208984353304
0.000208983492215
0.000208982550923
0.000208981528819
0.000208980425283
0.000208979239707
0.000208977971512
0.000208976620173
0.000208975185245
0.000208973666380
0.000208972063355
0.000208970376086
0.000208968604644
0.000208966749265
0.000208964810356
0.000208962788493
0.000208960684410
0.000208958498988
0.000208956233229
0.000208953888233
0.000208951465158
0.000208948965189
0.000208946389490
0.000208943739166
0.000208941015219
0.000208938218506
0.000208935349702
0.000208932409272
0.000208929397442
0.000208926314187
0.000208923159225
0.000208919932022
0.000208916631804
0.000208913257589
0.000208909808218
0.000208906282404
0.000208902678777
0.000208898995948
0.000208895232563
0.000208891387368
0.000208887459261
0.000208883447353
0.000208879351010
0.000208875169891
0.000208870903980
0.000208866553596
0.000208862119397
0.000208857602370
0.000208853003804
0.000208848325253
0.000208843568489
0.000208838735438
0.000208833828118
0.000208828848566
0.000208823798760
0.000208818680553
0.000208813495595
0.000208808245275
0.000208802930668
0.000208797552489
0.000208792111069
0.000208786606344
0.000208781037853
0.000208775404764
0.000208769705907
0.000208763939825
0.000208758104836
0.000208752199107
0.000208746220735
0.000208740167829
0.000208734038596
0.000208727831426
0.000208721544963
0.000208715178177
0.000208708730413
0.000208702201435
0.000208695591449
0.000208688901105
0.000208682131492
0.000208675284102
0.000208668360790
0.000208661363708
0.000208654295235
0.000208647157895
0.000208639954263
0.000208632686878
0.000208625358146
0.000208617970259
0.000208610525113
0.000208603024244
0.000208595468769
0.000208587859359
0.000208580196212
0.000208572479063
0.000208564707198
0.000208556879493
0.000208548994473
0.000208541050380
0.000208533045255
0.000208524977027
0.000208516843610
0.000208508643000
0.000208500373363
0.000208492033127
0.000208483621055
0.000208475136309
0.000208466578496
0.000208457947696
0.000208449244477
0.000208440469881
0.000208431625396
0.000208422712916
0.000208413734672
0.000208404693161
0.000208395591060
0.000208386431131
0.000208377216127
0.000208367948696
0.000208358631288
0.000208349266076
0.000208339854882
0.000208330399121
0.000208320899760
0.000208311357295
0.000208301771750
0.000208292142693
0.000208282469269
0.000208272750252
0.000208262984110
0.000208253169087
0.000208243303283
0.000208233384752
0.000208223411594
0.000208213382043
0.000208203294555
0.000208193147883
0.000208182941141
0.000208172673850
0.000208162345976
0.000208151957936
0.000208141510606
0.000208131005289
0.000208120443682
0.000208109827825
0.000208099160031
0.000208088442809
0.000208077678786
0.000208066870616
0.000208056020891
0.000208045132063
0.000208034206363
0.000208023245731
0.000208012251765
0.000208001225680
0.000207990168277
0.000207979079940
0.000207967960642
0.000207956809970
0.000207945627161
0.000207934411160
0.000207923160679
0.000207911874271
0.000207900550407
0.000207889187554
0.000207877784256
0.000207866339205
0.000207854851311
0.000207843319759
0.000207831744057
0.000207820124067
0.000207808460026
0.000207796752550
0.000207785002624
0.000207773211578
0.000207761381050
0.000207749512939
0.000207737609344
0.000207725672505
0.000207713704731
0.000207701708333
0.000207689685554
0.000207677638505
0.000207665569106
