0.001756421372824
0.001756013513107
0.001755928377532
0.001756170656926
0.001756739807482
0.001757630012646
0.001758830228969
0.001760324315963
0.001762091248612
0.001764105409902
0.001766336959417
0.001768752272806
0.001771314445760
0.001773983855032
0.001776718768075
0.001779475992007
0.001782211551916
0.001784881387915
0.001787442060025
0.001789851449653
0.001792069446455
0.001794058609435
0.001795784791491
0.001797217717037
0.001798331503030
0.001799105114506
0.001799522746696
0.001799574126884
0.001799254730377
0.001798565906282
0.001797514910172
0.001796114842168
0.001794384490492
0.001792348082026
0.001790034942935
0.001787479073869
0.001784718645695
0.001781795423032
0.001778754124119
0.001775641726648
0.001772506730195
0.001769398386695
0.001766365911058
0.001763457684514
0.001760720463523
0.001758198607191
0.001755933335994
0.001753962034272
0.001752317608451
0.001751027912183
0.001750115248717
0.001749595959683
0.001749480108252
0.001749771263216
0.001750466389019
0.001751555845144
0.001753023496564
0.001754846935224
0.001756997810709
0.001759442266519
0.001762141476582
0.001765052274983
0.001768127870227
0.001771318633911
0.001774572952251
0.001777838127743
0.001781061317176
0.001784190491371
0.001787175401413
0.001789968535714
0.001792526052075
0.001794808669000
0.001796782500804
0.001798419821627
0.001799699744249
0.001800608800614
0.001801141412244
0.001801300240111
0.001801096405226
0.001800549572944
0.001799687895940
0.001798547812859
0.001797173701753
0.001795617389621
0.001793937521557
0.001792198795225
0.001790471068515
0.001788828350343
0.001787347686505
0.001786107954351
0.001785188581728
0.001784668207103
0.001784623299071
0.001785126754449
0.001786246494980
0.001788044083112
0.001790573377599
0.001793879249534
0.001797996379113
0.001802948152745
0.001808745679141
0.001815386941860
0.001822856104192
0.001831122980610
0.001840142686942
0.001849855479319
0.001860186789512
0.001871047461815
0.001882334193961
0.001893930181879
0.001905705965309
0.001917520468566
0.001929222227994
0.001940650794981
0.001951638300862
0.001962011167617
0.001971591946035
0.001980201260976
0.001987659841585
0.001993790612786
0.001998420823138
0.002001384183245
0.002002522988263
0.002001690197849
0.001998751446924
0.001993586961116
0.001986093351461
0.001976185264128
0.001963796862338
0.001948883119409
0.001931420903934
0.001911409840405
0.001888872931146
0.001863856928219
0.001836432446864
0.001806693815172
0.001774758657821
0.001740767214961
0.001704881400604
0.001667283608064
0.001628175273187
0.001587775209139
0.001546317729419
0.001504050578493
0.001461232691901
0.001418131809948
0.001375021971014
0.001332180912143
0.001289887405892
0.001248418563305
0.001208047133523
0.001169038830662
0.001131649718468
0.001096123682658
0.001062690019949
0.001031561171474
0.001002930626635
0.000976971021515
0.000953832453657
0.000933641032540
0.000916497682255
0.000902477209939
0.000891627650373
0.000883969893856
0.000879497601134
0.000878177405740
0.000879949400719
0.000884727903338
0.000892402488114
0.000902839275365
0.000915882459476
0.000931356058357
0.000949065862971
0.000968801563614
0.000990339027604
0.001013442701449
0.001037868109216
0.001063364417906
0.001089677040051
0.001116550243534
0.001143729738811
0.001170965214213
0.001198012790946
0.001224637370564
0.001250614849342
0.001275734175737
0.001299799229362
0.001322630502215
0.001344066565554
0.001363965308586
0.001382204938056
0.001398684730896
0.001413325535146
0.001426070017541
0.001436882659228
0.001445749504163
0.001452677667680
0.001457694615570
0.001460847226660
0.001462200654367
0.001461837004897
0.001459853851787
0.001456362608164
0.001451486779480
0.001445360120637
0.001438124722112
0.001429929050206
0.001420925966598
0.001411270752242
0.001401119160037
0.001390625519953
0.001379940919099
0.001369211477858
0.001358576741559
0.001348168205275
0.001338107987267
0.001328507664368
0.001319467280198
0.001311074534675
0.001303404160694
0.001296517491319
0.001290462218236
0.001285272339696
0.001280968293720
0.001277557269973
0.001275033691501
0.001273379855453
0.001272566720040
0.001272554823317
0.001273295317927
0.001274731104752
0.001276798047474
0.001279426249364
0.001282541373204
0.001286065985107
0.001289920903106
0.001294026531767
0.001298304164705
0.001302677237733
0.001307072516450
0.001311421203365
0.001315659951077
0.001319731769656
0.001323586818115
0.001327183071664
0.001330486858394
0.001333473260968
0.001336126380875
0.001338439464792
0.001340414894504
0.001342064043718
0.001343407006875
0.001344472206732
0.001345295889031
0.001345921513927
0.001346399055092
0.001346784218409
0.001347137593034
0.001347523748219
0.001348010289734
0.001348666889934
0.001349564305556
0.001350773397123
0.001352364163477
0.001354404804392
0.001356960823491
0.001360094182792
0.001363862519202
0.001368318432106
0.001373508849960
0.001379474482440
0.001386249363344
0.001393860487962
0.001402327547208
0.001411662759352
0.001421870798767
0.001432948819733
0.001444886572028
0.001457666603813
0.001471264546192
0.001485649472814
0.001500784327005
0.001516626408162
0.001533127908560
0.001550236491235
0.001567895899366
0.001586046587380
0.001604626364055
0.001623571038033
0.001642815056487
0.001662292128076
0.001681935821935
0.001701680135081
0.001721460021405
0.001741211876267
0.001760873971649
0.001780386837772
0.001799693588125
0.001818740185864
0.001837475650587
0.001855852205505
0.001873825366024
0.001891353971707
0.001908400164470
0.001924929316685
0.001940909913599
0.001956313395132
0.001971113962657
0.001985288356783
0.001998815612519
0.002011676798386
0.002023854746121
0.002035333777642
0.002046099435756
0.002056138224878
0.002065437367684
0.002073984583177
0.002081767891116
0.002088775447184
0.002094995412587
0.002100415861080
0.002105024725675
0.002108809786478
0.002111758700375
0.002113859072440
0.002115098568196
0.002115465065121
0.002114946841056
0.002113532796507
0.002111212707258
0.002107977503118
0.002103819568188
0.002098733057638
0.002092714225653
0.002085761759008
0.002077877110580
0.002069064827079
0.002059332865296
0.002048692891335
0.002037160557474
0.002024755751603
0.002011502814575
0.001997430721199
0.001982573221103
0.001966968936253
0.001950661412446
0.001933699122733
0.001916135421338
0.001898028447274
0.001879440977477
0.001860440229935
0.001841097617870
0.001821488456607
0.001801691625347
0.001781789186527
0.001761865965940
0.001742009097186
0.001722307534399
0.001702851537463
0.001683732134209
0.001665040564243
0.001646867709175
0.001629303514095
0.001612436405138
0.001596352707924
0.001581136071579
0.001566866902876
0.001553621814845
0.001541473094011
0.001530488190106
0.001520729231878
0.001512252572275
0.001505108366000
0.001499340182106
0.001494984653966
0.001492071168665
0.001490621597523
0.001490650069195
0.001492162786482
0.001495157887755
0.001499625353640
0.001505546959388
0.001512896273165
0.001521638700321
0.001531731573518
0.001543124288482
0.001555758484994
0.001569568272636
0.001584480500686
0.001600415071471
0.001617285296366
0.001634998293543
0.001653455426453
0.001672552781907
0.001692181686487
0.001712229259871
0.001732579003496
0.001753111422763
0.001773704680818
0.001794235281667
0.001814578780147
