0.000190130384972
0.000190162305083
0.000190194017755
0.000190225538630
0.000190256886071
0.000190288080587
0.000190319144214
0.000190350099835
0.000190380970490
0.000190411778671
0.000190442545643
0.000190473290798
0.000190504031066
0.000190534780408
0.000190565549395
0.000190596344903
0.000190627169908
0.000190658023421
0.000190688900531
0.000190719792573
0.000190750687410
0.000190781569812
0.000190812421928
0.000190843223821
0.000190873954063
0.000190904590358
0.000190935110178
0.000190965491394
0.000190995712882
0.000191025755086
0.000191055600527
0.000191085234245
0.000191114644160
0.000191143821347
0.000191172760219
0.000191201458623
0.000191229917827
0.000191258142428
0.000191286140156
0.000191313921605
0.000191341499876
0.000191368890160
0.000191396109261
0.000191423175076
0.000191450106050
0.000191476920609
0.000191503636613
0.000191530270813
0.000191556838360
0.000191583352355
0.000191609823477
0.000191636259685
0.000191662666000
0.000191689044394
0.000191715393768
0.000191741710015
0.000191767986190
0.000191794212745
0.000191820377847
0.000191846467748
0.000191872467205
0.000191898359924
0.000191924129028
0.000191949757525
0.000191975228757
0.000192000526837
0.000192025637044
0.000192050546178
0.000192075242864
0.000192099717802
0.000192123963952
0.000192147976665
0.000192171753739
0.000192195295416
0.000192218604317
0.000192241685312
0.000192264545331
0.000192287193127
0.000192309638986
0.000192331894400
0.000192353971713
0.000192375883744
0.000192397643398
0.000192419263284
0.000192440755351
0.000192462130540
0.000192483398482
0.000192504567237
0.000192525643090
0.000192546630404
0.000192567531530
0.000192588346793
0.000192609074521
0.000192629711144
0.000192650251336
0.000192670688205
0.000192691013512
0.000192711217918
0.000192731291253
0.000192751222788
0.000192771001511
0.000192790616396
0.000192810056663
0.000192829312018
0.000192848372882
0.000192867230583
0.000192885877534
0.000192904307378
0.000192922515100
0.000192940497114
0.000192958251310
0.000192975777065
0.000192993075227
0.000193010148053
0.000193026999119
0.000193043633194
0.000193060056085
0.000193076274455
0.000193092295620
0.000193108127339
0.000193123777580
0.000193139254309
0.000193154565261
0.000193169717744
0.000193184718455
0.000193199573318
0.000193214287352
0.000193228864575
0.000193243307926
0.000193257619229
0.000193271799178
0.000193285847349
0.000193299762237
0.000193313541307
0.000193327181070
0.000193340677163
0.000193354024451
0.000193367217127
0.000193380248833
0.000193393112785
0.000193405801900
0.000193418308942
0.000193430626659
0.000193442747938
0.000193454665954
0.000193466374316
0.000193477867215
0.000193489139554
0.000193500187074
0.000193511006450
0.000193521595375
0.000193531952611
0.000193542078017
0.000193551972547
0.000193561638211
0.000193571078021
0.000193580295901
0.000193589296579
0.000193598085462
0.000193606668492
0.000193615051995
0.000193623242531
0.000193631246728
0.000193639071136
0.000193646722067
0.000193654205456
0.000193661526721
0.000193668690636
0.000193675701218
0.000193682561618
0.000193689274035
0.000193695839638
0.000193702258518
0.000193708529647
0.000193714650875
0.000193720618944
0.000193726429537
0.000193732077358
0.000193737556233
0.000193742859255
0.000193747978946
0.000193752907443
0.000193757636708
0.000193762158742
0.000193766465805
0.000193770550637
0.000193774406663
0.000193778028179
0.000193781410516
0.000193784550173
0.000193787444914
0.000193790093827
0.000193792497354
0.000193794657269
0.000193796576636
0.000193798259721
0.000193799711881
0.000193800939425
0.000193801949452
0.000193802749670
0.000193803348201
0.000193803753376
0.000193803973522
0.000193804016744
0.000193803890713
0.000193803602458
0.000193803158167
0.000193802563008
0.000193801820965
0.000193800934712
0.000193799905507
0.000193798733137
0.000193797415890
0.000193795950587
0.000193794332646
0.000193792556200
0.000193790614255
0.000193788498886
0.000193786201468
0.000193783712926
0.000193781024011
0.000193778125574
0.000193775008840
0.000193771665668
0.000193768088797
0.000193764272049
0.000193760210511
0.000193755900671
0.000193751340506
0.000193746529541
0.000193741468846
0.000193736161004
0.000193730610033
0.000193724821273
0.000193718801240
0.000193712557447
0.000193706098208
0.000193699432413
0.000193692569296
0.000193685518189
0.000193678288270
0.000193670888311
0.000193663326442
0.000193655609918
0.000193647744913
0.000193639736337
0.000193631587694
0.000193623300969
0.000193614876569
0.000193606313309
0.000193597608445
0.000193588757759
0.000193579755697
0.000193570595539
0.000193561269620
0.000193551769574
0.000193542086599
0.000193532211736
0.000193522136152
0.000193511851409
0.000193501349720
0.000193490624177
0.000193479668951
0.000193468479451
0.000193457052442
0.000193445386125
0.000193433480170
0.000193421335710
0.000193408955295
0.000193396342812
0.000193383503364
0.000193370443129
0.000193357169188
0.000193343689335
0.000193330011863
0.000193316145351
0.000193302098430
0.000193287879556
0.000193273496781
0.000193258957540
0.000193244268445
0.000193229435110
0.000193214461997
0.000193199352303
0.000193184107876
0.000193168729184
0.000193153215317
0.000193137564043
0.000193121771900
0.000193105834334
0.000193089745865
0.000193073500285
0.000193057090879
0.000193040510647
0.000193023752545
0.000193006809707
0.000192989675658
0.000192972344513
0.000192954811138
0.000192937071294
0.000192919121740
0.000192900960304
0.000192882585929
0.000192863998671
0.000192845199687
0.000192826191179
0.000192806976320
0.000192787559164
0.000192767944526
0.000192748137859
0.000192728145105
0.000192707972550
0.000192687626659
0.000192667113917
0.000192646440665
0.000192625612943
0.000192604636336
0.000192583515841
0.000192562255746
0.000192540859527
0.000192519329783
0.000192497668185
0.000192475875468
0.000192453951442
0.000192431895050
0.000192409704436
0.000192387377051
0.000192364909774
0.000192342299049
0.000192319541028
0.000192296631719
0.000192273567128
0.000192250343394
0.000192226956906
0.000192203404407
0.000192179683079
0.000192155790605
0.000192131725214
0.000192107485710
0.000192083071475
0.000192058482472
0.000192033719225
0.000192008782794
0.000191983674741
0.000191958397085
0.000191932952265
0.000191907343077
0.000191881572625
0.000191855644253
0.000191829561485
0.000191803327947
0.000191776947302
0.000191750423173
0.000191723759068
0.000191696958316
0.000191670024002
0.000191642958911
0.000191615765491
0.000191588445818
0.000191561001584
0.000191533434095
0.000191505744281
0.000191477932728
0.000191449999700
0.000191421945192
0.000191393768962
0.000191365470586
0.000191337049489
0.000191308504985
0.000191279836309
0.000191251042632
0.000191222123084
0.000191193076759
0.000191163902721
0.000191134600014
0.000191105167663
0.000191075604690
0.000191045910124
0.000191016083028
0.000190986122528
0.000190956027846
0.000190925798345
0.000190895433569
0.000190864933289
0.000190834297543
0.000190803526674
0.000190772621355
0.000190741582608
0.000190710411813
0.000190679110702
0.000190647681347
0.000190616126130
0.000190584447717
0.000190552649012
0.000190520733116
0.000190488703279
0.000190456562851
0.000190424315231
0.000190391963816
0.000190359511949
0.000190326962869
