0.000178252150271
0.000178270718269
0.000178289241107
0.000178307726375
0.000178326181848
0.000178344615261
0.000178363034061
0.000178381445176
0.000178399854784
0.000178418268106
0.000178436689219
0.000178455120902
0.000178473564530
0.000178492019997
0.000178510485698
0.000178528958558
0.000178547434098
0.000178565906558
0.000178584369052
0.000178602813751
0.000178621232102
0.000178639615052
0.000178657953290
0.000178676237486
0.000178694458521
0.000178712607713
0.000178730677018
0.000178748659219
0.000178766548084
0.000178784338503
0.000178802026596
0.000178819609795
0.000178837086892
0.000178854458061
0.000178871724839
0.000178888890088
0.000178905957906
0.000178922933517
0.000178939823122
0.000178956633717
0.000178973372892
0.000178990048595
0.000179006668888
0.000179023241692
0.000179039774530
0.000179056274283
0.000179072746956
0.000179089197477
0.000179105629528
0.000179122045416
0.000179138445989
0.000179154830596
0.000179171197094
0.000179187541908
0.000179203860119
0.000179220145598
0.000179236391172
0.000179252588809
0.000179268729822
0.000179284805093
0.000179300805293
0.000179316721109
0.000179332543472
0.000179348263767
0.000179363874042
0.000179379367202
0.000179394737175
0.000179409979073
0.000179425089310
0.000179440065702
0.000179454907529
0.000179469615563
0.000179484192046
0.000179498640637
0.000179512966310
0.000179527175210
0.000179541274468
0.000179555271987
0.000179569176191
0.000179582995764
0.000179596739368
0.000179610415370
0.000179624031569
0.000179637594946
0.000179651111442
0.000179664585770
0.000179678021266
0.000179691419783
0.000179704781632
0.000179718105570
0.000179731388823
0.000179744627166
0.000179757815020
0.000179770945602
0.000179784011086
0.000179797002801
0.000179809911440
0.000179822727293
0.000179835440482
0.000179848041208
0.000179860520000
0.000179872867962
0.000179885077005
0.000179897140073
0.000179909051338
0.000179920806379
0.000179932402309
0.000179943837877
0.000179955113513
0.000179966231325
0.000179977195044
0.000179988009918
0.000179998682549
0.000180009220692
0.000180019633013
0.000180029928810
0.000180040117724
0.000180050209433
0.000180060213344
0.000180070138306
0.000180079992333
0.000180089782364
0.000180099514050
0.000180109191594
0.000180118817620
0.000180128393096
0.000180137917304
0.000180147387848
0.000180156800711
0.000180166150349
0.000180175429830
0.000180184630996
0.000180193744674
0.000180202760902
0.000180211669182
0.000180220458762
0.000180229118917
0.000180237639247
0.000180246009972
0.000180254222213
0.000180262268261
0.000180270141808
0.000180277838154
0.000180285354355
0.000180292689325
0.000180299843882
0.000180306820724
0.000180313624353
0.000180320260932
0.000180326738096
0.000180333064706
0.000180339250568
0.000180345306126
0.000180351242133
0.000180357069322
0.000180362798072
0.000180368438102
0.000180373998180
0.000180379485863
0.000180384907284
0.000180390266972
0.000180395567721
0.000180400810508
0.000180405994455
0.000180411116846
0.000180416173186
0.000180421157310
0.000180426061539
0.000180430876876
0.000180435593240
0.000180440199742
0.000180444684981
0.000180449037368
0.000180453245462
0.000180457298306
0.000180461185766
0.000180464898836
0.000180468429929
0.000180471773120
0.000180474924334
0.000180477881486
0.000180480644552
0.000180483215567
0.000180485598567
0.000180487799453
0.000180489825804
0.000180491686633
0.000180493392099
0.000180494953187
0.000180496381369
0.000180497688251
0.000180498885222
0.000180499983120
0.000180500991915
0.000180501920421
0.000180502776045
0.000180503564580
0.000180504290039
0.000180504954541
0.000180505558246
0.000180506099347
0.000180506574109
0.000180506976962
0.000180507300655
0.000180507536444
0.000180507674342
0.000180507703398
0.000180507612017
0.000180507388307
0.000180507020433
0.000180506496988
0.000180505807349
0.000180504942013
0.000180503892906
0.000180502653640
0.000180501219726
0.000180499588712
0.000180497760268
0.000180495736185
0.000180493520320
0.000180491118456
0.000180488538119
0.000180485788327
0.000180482879303
0.000180479822155
0.000180476628529
0.000180473310263
0.000180469879030
0.000180466346001
0.000180462721523
0.000180459014831
0.000180455233786
0.000180451384665
0.000180447471983
0.000180443498375
0.000180439464518
0.000180435369121
0.000180431208955
0.000180426978947
0.000180422672324
0.000180418280810
0.000180413794874
0.000180409204010
0.000180404497066
0.000180399662585
0.000180394689171
0.000180389565851
0.000180384282428
0.000180378829816
0.000180373200330
0.000180367387942
0.000180361388469
0.000180355199707
0.000180348821492
0.000180342255696
0.000180335506152
0.000180328578520
0.000180321480094
0.000180314219559
0.000180306806717
0.000180299252172
0.000180291567015
0.000180283762488
0.000180275849660
0.000180267839111
0.000180259740638
0.000180251562989
0.000180243313626
0.000180234998534
0.000180226622058
0.000180218186800
0.000180209693556
0.000180201141302
0.000180192527236
0.000180183846868
0.000180175094164
0.000180166261734
0.000180157341066
0.000180148322797
0.000180139197017
0.000180129953592
0.000180120582492
0.000180111074130
0.000180101419672
0.000180091611336
0.000180081642640
0.000180071508616
0.000180061205964
0.000180050733146
0.000180040090424
0.000180029279831
0.000180018305085
0.000180007171457
0.000179995885581
0.000179984455236
0.000179972889097
0.000179961196463
0.000179949386985
0.000179937470382
0.000179925456171
0.000179913353412
0.000179901170461
0.000179888914765
0.000179876592670
0.000179864209268
0.000179851768282
0.000179839271976
0.000179826721123
0.000179814114998
0.000179801451423
0.000179788726849
0.000179775936488
0.000179763074472
0.000179750134059
0.000179737107862
0.000179723988101
0.000179710766873
0.000179697436423
0.000179683989407
0.000179670419148
0.000179656719852
0.000179642886804
0.000179628916515
0.000179614806820
0.000179600556934
0.000179586167456
0.000179571640321
0.000179556978719
0.000179542186966
0.000179527270352
0.000179512234965
0.000179497087496
0.000179481835040
0.000179466484895
0.000179451044364
0.000179435520573
0.000179419920286
0.000179404249758
0.000179388514587
0.000179372719595
0.000179356868732
0.000179340964997
0.000179325010385
0.000179309005868
0.000179292951393
0.000179276845914
0.000179260687453
0.000179244473188
0.000179228199570
0.000179211862462
0.000179195457297
0.000179178979254
0.000179162423440
0.000179145785066
0.000179129059627
0.000179112243058
0.000179095331874
0.000179078323279
0.000179061215247
0.000179044006573
0.000179026696884
0.000179009286626
0.000178991777018
0.000178974169991
0.000178956468097
0.000178938674419
0.000178920792467
0.000178902826070
0.000178884779284
0.000178866656285
0.000178848461291
0.000178830198472
0.000178811871884
0.000178793485401
0.000178775042657
0.000178756546992
0.000178738001408
0.000178719408526
0.000178700770552
0.000178682089254
0.000178663365941
0.000178644601464
0.000178625796219
0.000178606950173
0.000178588062897
0.000178569133615
0.000178550161262
0.000178531144556
0.000178512082062
0.000178492972270
0.000178473813663
0.000178454604773
0.000178435344236
0.000178416030823
0.000178396663473
0.000178377241294
0.000178357763571
0.000178338229752
0.000178318639439
0.000178298992374
0.000178279288428
