0.000515654775435
0.000515398288021
0.000515147297651
0.000514901882614
0.000514662124481
0.000514428107863
0.000514199920152
0.000513977651270
0.000513761393409
0.000513551240768
0.000513347289286
0.000513149636382
0.000512958380685
0.000512773621774
0.000512595459910
0.000512423995782
0.000512259330248
0.000512101564085
0.000511950797744
0.000511807131105
0.000511670663248
0.000511541492217
0.000511419714801
0.000511305426314
0.000511198720381
0.000511099688733
0.000511008421003
0.000510925004526
0.000510849524147
0.000510782062028
0.000510722697462
0.000510671506689
0.000510628562713
0.000510593935130
0.000510567689945
0.000510549889412
0.000510540591861
0.000510539851541
0.000510547718463
0.000510564238255
0.000510589452015
0.000510623396184
0.000510666102417
0.000510717597470
0.000510777903099
0.000510847035956
0.000510925007515
0.000511011823992
0.000511107486284
0.000511211989914
0.000511325324986
0.000511447476149
0.000511578422567
0.000511718137896
0.000511866590270
0.000512023742285
0.000512189550995
0.000512363967909
0.000512546938992
0.000512738404668
0.000512938299833
0.000513146553868
0.000513363090656
0.000513587828610
0.000513820680706
0.000514061554518
0.000514310352267
0.000514566970880
0.000514831302051
0.000515103232316
0.000515382643136
0.000515669410992
0.000515963407483
0.000516264499436
0.000516572549026
0.000516887413892
0.000517208947272
0.000517536998135
0.000517871411314
0.000518212027650
0.000518558684130
0.000518911214034
0.000519269447073
0.000519633209538
0.000520002324444
0.000520376611671
0.000520755888115
0.000521139967831
0.000521528662183
0.000521921779991
0.000522319127688
0.000522720509468
0.000523125727449
0.000523534581833
0.000523946871071
0.000524362392031
0.000524780940176
0.000525202309735
0.000525626293889
0.000526052684949
0.000526481274548
0.000526911853820
0.000527344213594
0.000527778144576
0.000528213437536
0.000528649883488
0.000529087273870
0.000529525400715
0.000529964056821
0.000530403035913
0.000530842132796
0.000531281143507
0.000531719865456
0.000532158097568
0.000532595640413
0.000533032296333
0.000533467869575
0.000533902166408
0.000534334995249
0.000534766166791
0.000535195494117
0.000535622792835
0.000536047881199
0.000536470580239
0.000536890713888
0.000537308109108
0.000537722596022
0.000538134008028
0.000538542181927
0.000538946958030
0.000539348180264
0.000539745696267
0.000540139357477
0.000540529019203
0.000540914540687
0.000541295785164
0.000541672619893
0.000542044916196
0.000542412549479
0.000542775399246
0.000543133349114
0.000543486286817
0.000543834104215
0.000544176697297
0.000544513966190
0.000544845815167
0.000545172152660
0.000545492891268
0.000545807947777
0.000546117243172
0.000546420702649
0.000546718255627
0.000547009835757
0.000547295380913
0.000547574833193
0.000547848138893
0.000548115248479
0.000548376116548
0.000548630701774
0.000548878966845
0.000549120878389
0.000549356406891
0.000549585526603
0.000549808215452
0.000550024454937
0.000550234230036
0.000550437529103
0.000550634343776
0.000550824668886
0.000551008502368
0.000551185845179
0.000551356701224
0.000551521077283
0.000551678982936
0.000551830430501
0.000551975434961
0.000552114013896
0.000552246187408
0.000552371978041
0.000552491410696
0.000552604512539
0.000552711312899
0.000552811843162
0.000552906136653
0.000552994228516
0.000553076155588
0.000553151956270
0.000553221670396
0.000553285339102
0.000553343004701
0.000553394710559
0.000553440500980
0.000553480421092
0.000553514516750
0.000553542834437
0.000553565421182
0.000553582324477
0.000553593592208
0.000553599272584
0.000553599414073
0.000553594065343
0.000553583275197
0.000553567092509
0.000553545566165
0.000553518744989
0.000553486677675
0.000553449412716
0.000553406998319
0.000553359482332
0.000553306912161
0.000553249334689
0.000553186796196
0.000553119342286
0.000553047017814
0.000552969866824
0.000552887932488
0.000552801257064
0.000552709881850
0.000552613847162
0.000552513192309
0.000552407955582
0.000552298174252
0.000552183884572
0.000552065121786
0.000551941920141
0.000551814312898
0.000551682332354
0.000551546009850
0.000551405375789
0.000551260459649
0.000551111289991
0.000550957894466
0.000550800299830
0.000550638531944
0.000550472615784
0.000550302575454
0.000550128434197
0.000549950214413
0.000549767937683
0.000549581624803
0.000549391295820
0.000549196970076
0.000548998666271
0.000548796402516
0.000548590196409
0.000548380065108
0.000548166025412
0.000547948093846
0.000547726286742
0.000547500620333
0.000547271110831
0.000547037774516
0.000546800627813
0.000546559687371
0.000546314970137
0.000546066493427
0.000545814274989
0.000545558333075
0.000545298686503
0.000545035354716
0.000544768357858
0.000544497716833
0.000544223453378
0.000543945590143
0.000543664150764
0.000543379159953
0.000543090643583
0.000542798628785
0.000542503144038
0.000542204219276
0.000541901885980
0.000541596177279
0.000541287128046
0.000540974774992
0.000540659156750
0.000540340313965
0.000540018289360
0.000539693127817
0.000539364876429
0.000539033584565
0.000538699303913
0.000538362088536
0.000538021994903
0.000537679081940
0.000537333411060
0.000536985046205
0.000536634053887
0.000536280503221
0.000535924465975
0.000535566016607
0.000535205232311
0.000534842193062
0.000534476981661
0.000534109683775
0.000533740387980
0.000533369185795
0.000532996171714
0.000532621443224
0.000532245100829
0.000531867248052
0.000531487991435
0.000531107440531
0.000530725707884
0.000530342909007
0.000529959162346
0.000529574589245
0.000529189313901
0.000528803463323
0.000528417167278
0.000528030558249
0.000527643771381
0.000527256944436
0.000526870217740
0.000526483734139
0.000526097638950
0.000525712079911
0.000525327207131
0.000524943173036
0.000524560132314
0.000524178241856
0.000523797660682
0.000523418549876
0.000523041072501
0.000522665393514
0.000522291679672
0.000521920099430
0.000521550822835
0.000521184021414
0.000520819868055
0.000520458536887
0.000520100203158
0.000519745043110
0.000519393233854
0.000519044953243
0.000518700379751
0.000518359692350
0.000518023070389
0.000517690693473
0.000517362741346
0.000517039393773
0.000516720830424
0.000516407230756
0.000516098773898
0.000515795638529
0.000515498002759
0.000515206044010
0.000514919938887
0.000514639863058
0.000514365991122
0.000514098496479
0.000513837551203
0.000513583325908
0.000513335989613
0.000513095709617
0.000512862651359
0.000512636978298
0.000512418851779
0.000512208430908
0.000512005872433
0.000511811330625
0.000511624957160
0.000511446901011
0.000511277308341
0.000511116322398
0.000510964083420
0.000510820728540
0.000510686391697
0.000510561203551
0.000510445291400
0.000510338779107
0.000510241787025
0.000510154431927
0.000510076826940
0.000510009081486
0.000509951301219
0.000509903587969
0.000509866039694
0.000509838750422
0.000509821810213
0.000509815305111
0.000509819317103
0.000509833924089
0.000509859199847
0.000509895214007
0.000509942032030
0.000509999715193
0.000510068320579
0.000510147901074
0.000510238505370
0.000510340177976
0.000510452959236
0.000510576885353
0.000510711988420
0.000510858296460
0.000511015833468
0.000511184619467
0.000511364670558
0.000511555998988
0.000511758613210
0.000511972517962
0.000512197714335
