0.000176330505840
0.000176335716993
0.000176340959859
0.000176346233030
0.000176351535031
0.000176356864355
0.000176362219476
0.000176367598877
0.000176373001064
0.000176378424590
0.000176383868072
0.000176389330202
0.000176394809766
0.000176400305652
0.000176405816863
0.000176411342514
0.000176416881843
0.000176422434199
0.000176427999039
0.000176433575917
0.000176439164469
0.000176444764396
0.000176450375449
0.000176455997411
0.000176461630081
0.000176467273265
0.000176472926761
0.000176478590357
0.000176484263824
0.000176489946917
0.000176495639375
0.000176501340923
0.000176507051269
0.000176512770107
0.000176518497112
0.000176524231932
0.000176529974185
0.000176535723445
0.000176541479231
0.000176547240996
0.000176553008117
0.000176558779888
0.000176564555508
0.000176570334091
0.000176576114656
0.000176581896144
0.000176587677420
0.000176593457294
0.000176599234529
0.000176605007866
0.000176610776035
0.000176616537777
0.000176622291858
0.000176628037091
0.000176633772346
0.000176639496568
0.000176645208794
0.000176650908163
0.000176656593932
0.000176662265487
0.000176667922355
0.000176673564210
0.000176679190877
0.000176684802334
0.000176690398702
0.000176695980235
0.000176701547300
0.000176707100348
0.000176712639888
0.000176718166442
0.000176723680511
0.000176729182534
0.000176734672842
0.000176740151625
0.000176745618900
0.000176751074483
0.000176756517973
0.000176761948743
0.000176767365942
0.000176772768500
0.000176778155148
0.000176783524443
0.000176788874791
0.000176794204489
0.000176799511759
0.000176804794787
0.000176810051764
0.000176815280931
0.000176820480613
0.000176825649268
0.000176830785517
0.000176835888182
0.000176840956314
0.000176845989221
0.000176850986482
0.000176855947956
0.000176860873784
0.000176865764377
0.000176870620391
0.000176875442697
0.000176880232341
0.000176884990486
0.000176889718359
0.000176894417191
0.000176899088148
0.000176903732274
0.000176908350433
0.000176912943260
0.000176917511117
0.000176922054070
0.000176926571864
0.000176931063920
0.000176935529344
0.000176939966940
0.000176944375239
0.000176948752534
0.000176953096925
0.000176957406369
0.000176961678728
0.000176965911832
0.000176970103533
0.000176974251765
0.000176978354599
0.000176982410299
0.000176986417373
0.000176990374614
0.000176994281137
0.000176998136406
0.000177001940249
0.000177005692857
0.000177009394777
0.000177013046885
0.000177016650347
0.000177020206568
0.000177023717132
0.000177027183733
0.000177030608101
0.000177033991927
0.000177037336786
0.000177040644075
0.000177043914942
0.000177047150243
0.000177050350501
0.000177053515874
0.000177056646149
0.000177059740739
0.000177062798695
0.000177065818732
0.000177068799263
0.000177071738443
0.000177074634222
0.000177077484400
0.000177080286693
0.000177083038794
0.000177085738445
0.000177088383504
0.000177090972006
0.000177093502227
0.000177095972743
0.000177098382468
0.000177100730697
0.000177103017127
0.000177105241868
0.000177107405432
0.000177109508721
0.000177111552980
0.000177113539757
0.000177115470834
0.000177117348161
0.000177119173773
0.000177120949715
0.000177122677960
0.000177124360334
0.000177125998445
0.000177127593624
0.000177129146878
0.000177130658852
0.000177132129805
0.000177133559599
0.000177134947705
0.000177136293213
0.000177137594862
0.000177138851073
0.000177140060001
0.000177141219581
0.000177142327597
0.000177143381745
0.000177144379706
0.000177145319218
0.000177146198152
0.000177147014579
0.000177147766841
0.000177148453609
0.000177149073928
0.000177149627259
0.000177150113496
0.000177150532974
0.000177150886459
0.000177151175118
0.000177151400481
0.000177151564381
0.000177151668888
0.000177151716235
0.000177151708735
0.000177151648698
0.000177151538352
0.000177151379767
0.000177151174784
0.000177150924953
0.000177150631486
0.000177150295219
0.000177149916582
0.000177149495590
0.000177149031842
0.000177148524528
0.000177147972460
0.000177147374102
0.000177146727623
0.000177146030946
0.000177145281822
0.000177144477901
0.000177143616812
0.000177142696242
0.000177141714027
0.000177140668224
0.000177139557192
0.000177138379653
0.000177137134747
0.000177135822071
0.000177134441698
0.000177132994186
0.000177131480556
0.000177129902270
0.000177128261172
0.000177126559435
0.000177124799482
0.000177122983909
0.000177121115393
0.000177119196608
0.000177117230139
0.000177115218394
0.000177113163535
0.000177111067405
0.000177108931474
0.000177106756796
0.000177104543970
0.000177102293129
0.000177100003931
0.000177097675571
0.000177095306807
0.000177092896001
0.000177090441173
0.000177087940067
0.000177085390236
0.000177082789126
0.000177080134177
0.000177077422916
0.000177074653060
0.000177071822607
0.000177068929921
0.000177065973805
0.000177062953559
0.000177059869014
0.000177056720555
0.000177053509115
0.000177050236155
0.000177046903615
0.000177043513861
0.000177040069605
0.000177036573820
0.000177033029644
0.000177029440280
0.000177025808894
0.000177022138517
0.000177018431946
0.000177014691663
0.000177010919752
0.000177007117838
0.000177003287035
0.000176999427913
0.000176995540478
0.000176991624177
0.000176987677915
0.000176983700099
0.000176979688693
0.000176975641298
0.000176971555241
0.000176967427679
0.000176963255718
0.000176959036527
0.000176954767457
0.000176950446158
0.000176946070681
0.000176941639571
0.000176937151934
0.000176932607496
0.000176928006623
0.000176923350324
0.000176918640237
0.000176913878576
0.000176909068067
0.000176904211866
0.000176899313456
0.000176894376539
0.000176889404918
0.000176884402375
0.000176879372553
0.000176874318842
0.000176869244267
0.000176864151400
0.000176859042276
0.000176853918330
0.000176848780355
0.000176843628477
0.000176838462159
0.000176833280226
0.000176828080912
0.000176822861933
0.000176817620577
0.000176812353818
0.000176807058443
0.000176801731181
0.000176796368852
0.000176790968499
0.000176785527526
0.000176780043817
0.000176774515834
0.000176768942705
0.000176763324274
0.000176757661127
0.000176751954595
0.000176746206718
0.000176740420194
0.000176734598293
0.000176728744758
0.000176722863684
0.000176716959391
0.000176711036280
0.000176705098697
0.000176699150792
0.000176693196391
0.000176687238867
0.000176681281044
0.000176675325103
0.000176669372516
0.000176663424010
0.000176657479546
0.000176651538333
0.000176645598868
0.000176639659003
0.000176633716038
0.000176627766835
0.000176621807956
0.000176615835809
0.000176609846807
0.000176603837527
0.000176597804864
0.000176591746179
0.000176585659422
0.000176579543239
0.000176573397047
0.000176567221084
0.000176561016421
0.000176554784946
0.000176548529315
0.000176542252871
0.000176535959544
0.000176529653723
0.000176523340117
0.000176517023600
0.000176510709058
0.000176504401226
0.000176498104543
0.000176491823005
0.000176485560046
0.000176479318427
0.000176473100157
0.000176466906436
0.000176460737627
0.000176454593260
0.000176448472063
0.000176442372030
0.000176436290510
0.000176430224327
0.000176424169919
0.000176418123500
0.000176412081225
0.000176406039364
0.000176399994473
0.000176393943557
0.000176387884210
0.000176381814741
0.000176375734264
0.000176369642759
0.000176363541101
0.000176357431051
0.000176351315210
0.000176345196948
0.000176339080293
0.000176332969808
0.000176326870439
