0.000170409236970
0.000170414632174
0.000170420085727
0.000170425591350
0.000170431142053
0.000170436730358
0.000170442348539
0.000170447988850
0.000170453643753
0.000170459306134
0.000170464969497
0.000170470628130
0.000170476277255
0.000170481913132
0.000170487533147
0.000170493135848
0.000170498720960
0.000170504289352
0.000170509842977
0.000170515384771
0.000170520918522
0.000170526448715
0.000170531980347
0.000170537518728
0.000170543069276
0.000170548637304
0.000170554227814
0.000170559845314
0.000170565493643
0.000170571175838
0.000170576894024
0.000170582649343
0.000170588441929
0.000170594270903
0.000170600134426
0.000170606029759
0.000170611953373
0.000170617901060
0.000170623868076
0.000170629849284
0.000170635839308
0.000170641832682
0.000170647823998
0.000170653808049
0.000170659779959
0.000170665735298
0.000170671670191
0.000170677581398
0.000170683466390
0.000170689323391
0.000170695151404
0.000170700950218
0.000170706720378
0.000170712463144
0.000170718180422
0.000170723874666
0.000170729548773
0.000170735205955
0.000170740849608
0.000170746483168
0.000170752109983
0.000170757733174
0.000170763355529
0.000170768979397
0.000170774606614
0.000170780238445
0.000170785875551
0.000170791517980
0.000170797165176
0.000170802816003
0.000170808468793
0.000170814121399
0.000170819771254
0.000170825415448
0.000170831050797
0.000170836673921
0.000170842281326
0.000170847869480
0.000170853434892
0.000170858974195
0.000170864484216
0.000170869962058
0.000170875405155
0.000170880811342
0.000170886178896
0.000170891506574
0.000170896793634
0.000170902039832
0.000170907245415
0.000170912411084
0.000170917537948
0.000170922627462
0.000170927681355
0.000170932701548
0.000170937690079
0.000170942649011
0.000170947580365
0.000170952486044
0.000170957367772
0.000170962227047
0.000170967065094
0.000170971882840
0.000170976680889
0.000170981459508
0.000170986218620
0.000170990957799
0.000170995676278
0.000171000372954
0.000171005046403
0.000171009694901
0.000171014316453
0.000171018908828
0.000171023469610
0.000171027996245
0.000171032486105
0.000171036936559
0.000171041345040
0.000171045709118
0.000171050026566
0.000171054295423
0.000171058514045
0.000171062681144
0.000171066795813
0.000171070857536
0.000171074866184
0.000171078821997
0.000171082725555
0.000171086577735
0.000171090379673
0.000171094132706
0.000171097838326
0.000171101498129
0.000171105113759
0.000171108686864
0.000171112219048
0.000171115711823
0.000171119166567
0.000171122584481
0.000171125966546
0.000171129313484
0.000171132625728
0.000171135903384
0.000171139146218
0.000171142353638
0.000171145524696
0.000171148658103
0.000171151752254
0.000171154805271
0.000171157815054
0.000171160779350
0.000171163695819
0.000171166562114
0.000171169375952
0.000171172135190
0.000171174837885
0.000171177482348
0.000171180067186
0.000171182591331
0.000171185054053
0.000171187454964
0.000171189794011
0.000171192071455
0.000171194287853
0.000171196444023
0.000171198541012
0.000171200580063
0.000171202562572
0.000171204490047
0.000171206364067
0.000171208186235
0.000171209958128
0.000171211681248
0.000171213356971
0.000171214986496
0.000171216570799
0.000171218110588
0.000171219606275
0.000171221057947
0.000171222465359
0.000171223827937
0.000171225144798
0.000171226414776
0.000171227636476
0.000171228808317
0.000171229928601
0.000171230995573
0.000171232007485
0.000171232962652
0.000171233859506
0.000171234696637
0.000171235472829
0.000171236187078
0.000171236838605
0.000171237426866
0.000171237951542
0.000171238412535
0.000171238809960
0.000171239144127
0.000171239415527
0.000171239624819
0.000171239772809
0.000171239860429
0.000171239888716
0.000171239858784
0.000171239771793
0.000171239628913
0.000171239431291
0.000171239180011
0.000171238876057
0.000171238520279
0.000171238113368
0.000171237655831
0.000171237147984
0.000171236589948
0.000171235981658
0.000171235322883
0.000171234613246
0.000171233852258
0.000171233039350
0.000171232173900
0.000171231255266
0.000171230282807
0.000171229255900
0.000171228173952
0.000171227036402
0.000171225842726
0.000171224592424
0.000171223285028
0.000171221920087
0.000171220497177
0.000171219015896
0.000171217475877
0.000171215876797
0.000171214218395
0.000171212500486
0.000171210722977
0.000171208885885
0.000171206989343
0.000171205033609
0.000171203019066
0.000171200946216
0.000171198815671
0.000171196628141
0.000171194384417
0.000171192085355
0.000171189731866
0.000171187324895
0.000171184865417
0.000171182354422
0.000171179792909
0.000171177181877
0.000171174522312
0.000171171815174
0.000171169061381
0.000171166261781
0.000171163417129
0.000171160528050
0.000171157595016
0.000171154618305
0.000171151597977
0.000171148533855
0.000171145425510
0.000171142272264
0.000171139073200
0.000171135827194
0.000171132532948
0.000171129189045
0.000171125794008
0.000171122346359
0.000171118844691
0.000171115287727
0.000171111674383
0.000171108003817
0.000171104275475
0.000171100489120
0.000171096644856
0.000171092743137
0.000171088784772
0.000171084770912
0.000171080703038
0.000171076582931
0.000171072412644
0.000171068194461
0.000171063930845
0.000171059624388
0.000171055277743
0.000171050893554
0.000171046474380
0.000171042022618
0.000171037540413
0.000171033029590
0.000171028491572
0.000171023927323
0.000171019337302
0.000171014721431
0.000171010079089
0.000171005409129
0.000171000709918
0.000170995979394
0.000170991215154
0.000170986414544
0.000170981574778
0.000170976693046
0.000170971766635
0.000170966793046
0.000170961770093
0.000170956696003
0.000170951569491
0.000170946389823
0.000170941156857
0.000170935871067
0.000170930533548
0.000170925146004
0.000170919710714
0.000170914230483
0.000170908708579
0.000170903148651
0.000170897554634
0.000170891930644
0.000170886280858
0.000170880609391
0.000170874920169
0.000170869216793
0.000170863502429
0.000170857779682
0.000170852050513
0.000170846316157
0.000170840577078
0.000170834832952
0.000170829082677
0.000170823324421
0.000170817555699
0.000170811773471
0.000170805974279
0.000170800154382
0.000170794309917
0.000170788437062
0.000170782532188
0.000170776592014
0.000170770613738
0.000170764595158
0.000170758534762
0.000170752431800
0.000170746286328
0.000170740099224
0.000170733872179
0.000170727607664
0.000170721308871
0.000170714979632
0.000170708624316
0.000170702247709
0.000170695854880
0.000170689451026
0.000170683041321
0.000170676630751
0.000170670223956
0.000170663825076
0.000170657437614
0.000170651064321
0.000170644707096
0.000170638366933
0.000170632043888
0.000170625737094
0.000170619444805
0.000170613164479
0.000170606892895
0.000170600626299
0.000170594360561
0.000170588091359
0.000170581814361
0.000170575525405
0.000170569220676
0.000170562896858
0.000170556551274
0.000170550181993
0.000170543787917
0.000170537368828
0.000170530925414
0.000170524459260
0.000170517972813
0.000170511469314
0.000170504952715
0.000170498427564
0.000170491898874
0.000170485371979
0.000170478852371
0.000170472345538
0.000170465856790
0.000170459391093
0.000170452952915
0.000170446546080
0.000170440173647
0.000170433837821
0.000170427539887
0.000170421280183
0.000170415058116
0.000170408872208
0.000170402720181
0.000170396599076
0.000170390505396
0.000170384435270
