0.000169584084202
0.000169589505263
0.000169594907192
0.000169600295286
0.000169605676207
0.000169611057717
0.000169616448373
0.000169621857203
0.000169627293355
0.000169632765760
0.000169638282789
0.000169643851948
0.000169649479594
0.000169655170699
0.000169660928664
0.000169666755188
0.000169672650194
0.000169678611819
0.000169684636467
0.000169690718916
0.000169696852479
0.000169703029227
0.000169709240234
0.000169715475872
0.000169721726124
0.000169727980907
0.000169734230399
0.000169740465360
0.000169746677429
0.000169752859387
0.000169759005383
0.000169765111111
0.000169771173927
0.000169777192909
0.000169783168854
0.000169789104214
0.000169795002970
0.000169800870454
0.000169806713124
0.000169812538302
0.000169818353879
0.000169824168015
0.000169829988820
0.000169835824050
0.000169841680820
0.000169847565341
0.000169853482696
0.000169859436654
0.000169865429539
0.000169871462146
0.000169877533712
0.000169883641940
0.000169889783076
0.000169895952037
0.000169902142576
0.000169908347495
0.000169914558881
0.000169920768364
0.000169926967399
0.000169933147539
0.000169939300713
0.000169945419482
0.000169951497274
0.000169957528588
0.000169963509153
0.000169969436046
0.000169975307759
0.000169981124209
0.000169986886708
0.000169992597865
0.000169998261460
0.000170003882266
0.000170009465839
0.000170015018291
0.000170020546039
0.000170026055553
0.000170031553111
0.000170037044556
0.000170042535088
0.000170048029073
0.000170053529895
0.000170059039836
0.000170064560007
0.000170070090315
0.000170075629471
0.000170081175044
0.000170086723552
0.000170092270578
0.000170097810930
0.000170103338815
0.000170108848035
0.000170114332192
0.000170119784897
0.000170125199984
0.000170130571698
0.000170135894881
0.000170141165129
0.000170146378913
0.000170151533677
0.000170156627893
0.000170161661077
0.000170166633767
0.000170171547466
0.000170176404543
0.000170181208113
0.000170185961884
0.000170190669992
0.000170195336826
0.000170199966839
0.000170204564378
0.000170209133513
0.000170213677884
0.000170218200574
0.000170222704004
0.000170227189849
0.000170231659000
0.000170236111534
0.000170240546731
0.000170244963106
0.000170249358473
0.000170253730028
0.000170258074450
0.000170262388024
0.000170266666761
0.000170270906539
0.000170275103238
0.000170279252873
0.000170283351725
0.000170287396450
0.000170291384182
0.000170295312614
0.000170299180054
0.000170302985456
0.000170306728433
0.000170310409232
0.000170314028698
0.000170317588203
0.000170321089567
0.000170324534958
0.000170327926782
0.000170331267571
0.000170334559869
0.000170337806121
0.000170341008576
0.000170344169202
0.000170347289609
0.000170350371003
0.000170353414146
0.000170356419340
0.000170359386435
0.000170362314838
0.000170365203553
0.000170368051227
0.000170370856202
0.000170373616582
0.000170376330303
0.000170378995208
0.000170381609121
0.000170384169915
0.000170386675591
0.000170389124334
0.000170391514572
0.000170393845021
0.000170396114719
0.000170398323046
0.000170400469731
0.000170402554845
0.000170404578775
0.000170406542193
0.000170408446005
0.000170410291294
0.000170412079262
0.000170413811158
0.000170415488215
0.000170417111586
0.000170418682294
0.000170420201176
0.000170421668858
0.000170423085723
0.000170424451908
0.000170425767300
0.000170427031550
0.000170428244101
0.000170429404211
0.000170430510993
0.000170431563455
0.000170432560541
0.000170433501176
0.000170434384300
0.000170435208914
0.000170435974109
0.000170436679102
0.000170437323258
0.000170437906112
0.000170438427386
0.000170438886995
0.000170439285050
0.000170439621853
0.000170439897882
0.000170440113775
0.000170440270294
0.000170440368302
0.000170440408713
0.000170440392459
0.000170440320437
0.000170440193475
0.000170440012285
0.000170439777430
0.000170439489299
0.000170439148084
0.000170438753777
0.000170438306162
0.000170437804837
0.000170437249225
0.000170436638603
0.000170435972140
0.000170435248924
0.000170434468011
0.000170433628453
0.000170432729341
0.000170431769834
0.000170430749191
0.000170429666791
0.000170428522159
0.000170427314978
0.000170426045100
0.000170424712555
0.000170423317549
0.000170421860469
0.000170420341873
0.000170418762480
0.000170417123155
0.000170415424893
0.000170413668787
0.000170411856004
0.000170409987752
0.000170408065239
0.000170406089640
0.000170404062056
0.000170401983477
0.000170399854752
0.000170397676560
0.000170395449386
0.000170393173514
0.000170390849014
0.000170388475752
0.000170386053395
0.000170383581433
0.000170381059199
0.000170378485897
0.000170375860635
0.000170373182451
0.000170370450350
0.000170367663332
0.000170364820423
0.000170361920705
0.000170358963341
0.000170355947602
0.000170352872893
0.000170349738775
0.000170346544986
0.000170343291464
0.000170339978358
0.000170336606047
0.000170333175144
0.000170329686496
0.000170326141183
0.000170322540500
0.000170318885935
0.000170315179141
0.000170311421898
0.000170307616065
0.000170303763534
0.000170299866180
0.000170295925804
0.000170291944084
0.000170287922529
0.000170283862436
0.000170279764850
0.000170275630543
0.000170271459987
0.000170267253350
0.000170263010484
0.000170258730938
0.000170254413967
0.000170250058554
0.000170245663438
0.000170241227150
0.000170236748054
0.000170232224398
0.000170227654368
0.000170223036149
0.000170218367991
0.000170213648276
0.000170208875590
0.000170204048787
0.000170199167055
0.000170194229971
0.000170189237551
0.000170184190281
0.000170179089134
0.000170173935576
0.000170168731546
0.000170163479424
0.000170158181976
0.000170152842288
0.000170147463684
0.000170142049632
0.000170136603647
0.000170131129185
0.000170125629541
0.000170120107749
0.000170114566489
0.000170109008002
0.000170103434023
0.000170097845723
0.000170092243669
0.000170086627801
0.000170080997430
0.000170075351255
0.000170069687395
0.000170064003448
0.000170058296564
0.000170052563535
0.000170046800905
0.000170041005093
0.000170035172519
0.000170029299749
0.000170023383628
0.000170017421423
0.000170011410944
0.000170005350661
0.000169999239795
0.000169993078391
0.000169986867356
0.000169980608475
0.000169974304386
0.000169967958534
0.000169961575080
0.000169955158799
0.000169948714941
0.000169942249079
0.000169935766939
0.000169929274227
0.000169922776450
0.000169916278745
0.000169909785713
0.000169903301276
0.000169896828542
0.000169890369712
0.000169883925998
0.000169877497580
0.000169871083599
0.000169864682175
0.000169858290468
0.000169851904767
0.000169845520611
0.000169839132946
0.000169832736295
0.000169826324963
0.000169819893240
0.000169813435625
0.000169806947043
0.000169800423050
0.000169793860028
0.000169787255355
0.000169780607536
0.000169773916301
0.000169767182668
0.000169760408941
0.000169753598685
0.000169746756637
0.000169739888580
0.000169733001181
0.000169726101791
0.000169719198223
0.000169712298506
0.000169705410636
0.000169698542320
0.000169691700735
0.000169684892292
0.000169678122434
0.000169671395461
0.000169664714386
0.000169658080841
0.000169651495018
0.000169644955668
0.000169638460139
0.000169632004468
0.000169625583515
0.000169619191141
0.000169612820426
0.000169606463919
0.000169600113903
0.000169593762690
0.000169587402906
0.000169581027780
0.000169574631416
0.000169568209032
0.000169561757171
0.000169555273863
