0.000421637364737
0.000421705614775
0.000421778362666
0.000421855595780
0.000421937299831
0.000422023458860
0.000422114055236
0.000422209069660
0.000422308481166
0.000422412267141
0.000422520403333
0.000422632863873
0.000422749621294
0.000422870646551
0.000422995909046
0.000423125376639
0.000423259015673
0.000423396790986
0.000423538665921
0.000423684602338
0.000423834560617
0.000423988499665
0.000424146376915
0.000424308148329
0.000424473768398
0.000424643190148
0.000424816365139
0.000424993243480
0.000425173773835
0.000425357903444
0.000425545578142
0.000425736742388
0.000425931339295
0.000426129310667
0.000426330597041
0.000426535137729
0.000426742870866
0.000426953733459
0.000427167661436
0.000427384589692
0.000427604452139
0.000427827181749
0.000428052710599
0.000428280969908
0.000428511890072
0.000428745400695
0.000428981430623
0.000429219907961
0.000429460760103
0.000429703913749
0.000429949294924
0.000430196829003
0.000430446440729
0.000430698054236
0.000430951593072
0.000431206980234
0.000431464138195
0.000431722988946
0.000431983454036
0.000432245454615
0.000432508911492
0.000432773745184
0.000433039875975
0.000433307223977
0.000433575709189
0.000433845251559
0.000434115771040
0.000434387187653
0.000434659421535
0.000434932392989
0.000435206022530
0.000435480230921
0.000435754939209
0.000436030068747
0.000436305541221
0.000436581278666
0.000436857203481
0.000437133238441
0.000437409306712
0.000437685331860
0.000437961237866
0.000438236949146
0.000438512390570
0.000438787487493
0.000439062165780
0.000439336351852
0.000439609972719
0.000439882956038
0.000440155230155
0.000440426724164
0.000440697367959
0.000440967092288
0.000441235828808
0.000441503510130
0.000441770069864
0.000442035442658
0.000442299564224
0.000442562371369
0.000442823802004
0.000443083795156
0.000443342290970
0.000443599230706
0.000443854556730
0.000444108212505
0.000444360142580
0.000444610292580
0.000444858609195
0.000445105040176
0.000445349534332
0.000445592041540
0.000445832512748
0.000446070899994
0.000446307156432
0.000446541236349
0.000446773095206
0.000447002689663
0.000447229977616
0.000447454918230
0.000447677471971
0.000447897600630
0.000448115267347
0.000448330436627
0.000448543074344
0.000448753147745
0.000448960625438
0.000449165477381
0.000449367674856
0.000449567190439
0.000449763997975
0.000449958072532
0.000450149390374
0.000450337928917
0.000450523666702
0.000450706583360
0.000450886659589
0.000451063877135
0.000451238218780
0.000451409668335
0.000451578210642
0.000451743831574
0.000451906518054
0.000452066258060
0.000452223040641
0.000452376855932
0.000452527695163
0.000452675550666
0.000452820415875
0.000452962285324
0.000453101154627
0.000453237020464
0.000453369880550
0.000453499733595
0.000453626579268
0.000453750418145
0.000453871251661
0.000453989082059
0.000454103912335
0.000454215746193
0.000454324587998
0.000454430442736
0.000454533315980
0.000454633213862
0.000454730143056
0.000454824110762
0.000454915124698
0.000455003193101
0.000455088324724
0.000455170528837
0.000455249815237
0.000455326194236
0.000455399676670
0.000455470273882
0.000455537997714
0.000455602860484
0.000455664874959
0.000455724054326
0.000455780412149
0.000455833962331
0.000455884719065
0.000455932696789
0.000455977910136
0.000456020373893
0.000456060102956
0.000456097112295
0.000456131416919
0.000456163031851
0.000456191972109
0.000456218252693
0.000456241888569
0.000456262894675
0.000456281285909
0.000456297077135
0.000456310283179
0.000456320918832
0.000456328998841
0.000456334537904
0.000456337550662
0.000456338051676
0.000456336055415
0.000456331576226
0.000456324628310
0.000456315225695
0.000456303382204
0.000456289111426
0.000456272426694
0.000456253341056
0.000456231867261
0.000456208017741
0.000456181804603
0.000456153239626
0.000456122334260
0.000456089099633
0.000456053546558
0.000456015685542
0.000455975526798
0.000455933080251
0.000455888355549
0.000455841362064
0.000455792108893
0.000455740604855
0.000455686858478
0.000455630877992
0.000455572671311
0.000455512246013
0.000455449609325
0.000455384768106
0.000455317728828
0.000455248497572
0.000455177080017
0.000455103481447
0.000455027706755
0.000454949760463
0.000454869646740
0.000454787369437
0.000454702932114
0.000454616338083
0.000454527590443
0.000454436692116
0.000454343645886
0.000454248454425
0.000454151120320
0.000454051646088
0.000453950034184
0.000453846287004
0.000453740406874
0.000453632396038
0.000453522256644
0.000453409990712
0.000453295600124
0.000453179086598
0.000453060451674
0.000452939696708
0.000452816822873
0.000452691831172
0.000452564722462
0.000452435497487
0.000452304156928
0.000452170701456
0.000452035131798
0.000451897448803
0.000451757653514
0.000451615747238
0.000451471731609
0.000451325608644
0.000451177380792
0.000451027050966
0.000450874622566
0.000450720099483
0.000450563486094
0.000450404787242
0.000450244008207
0.000450081154668
0.000449916232667
0.000449749248567
0.000449580209015
0.000449409120922
0.000449235991440
0.000449060827966
0.000448883638157
0.000448704429956
0.000448523211648
0.000448339991921
0.000448154779940
0.000447967585435
0.000447778418795
0.000447587291158
0.000447394214499
0.000447199201712
0.000447002266678
0.000446803424313
0.000446602690608
0.000446400082634
0.000446195618539
0.000445989317520
0.000445781199779
0.000445571286465
0.000445359599610
0.000445146162055
0.000444930997385
0.000444714129861
0.000444495584372
0.000444275386399
0.000444053561995
0.000443830137793
0.000443605141030
0.000443378599593
0.000443150542085
0.000442920997906
0.000442689997346
0.000442457571677
0.000442223753257
0.000441988575615
0.000441752073530
0.000441514283099
0.000441275241770
0.000441034988369
0.000440793563084
0.000440551007444
0.000440307364257
0.000440062677541
0.000439816992434
0.000439570355097
0.000439322812608
0.000439074412866
0.000438825204495
0.000438575236767
0.000438324559543
0.000438073223231
0.000437821278773
0.000437568777652
0.000437315771926
0.000437062314277
0.000436808458083
0.000436554257493
0.000436299767514
0.000436045044097
0.000435790144210
0.000435535125905
0.000435280048363
0.000435024971921
0.000434769958069
0.000434515069426
0.000434260369690
0.000434005923562
0.000433751796652
0.000433498055371
0.000433244766809
0.000432991998613
0.000432739818864
0.000432488295966
0.000432237498543
0.000431987495361
0.000431738355268
0.000431490147156
0.000431242939950
0.000430996802623
0.000430751804221
0.000430508013921
0.000430265501081
0.000430024335315
0.000429784586558
0.000429546325123
0.000429309621757
0.000429074547668
0.000428841174544
0.000428609574537
0.000428379820234
0.000428151984595
0.000427926140873
0.000427702362518
0.000427480723060
0.000427261295984
0.000427044154607
0.000426829371949
0.000426617020616
0.000426407172698
0.000426199899680
0.000425995272373
0.000425793360876
0.000425594234554
0.000425397962035
0.000425204611235
0.000425014249398
0.000424826943137
0.000424642758498
0.000424461761012
0.000424284015745
0.000424109587344
0.000423938540059
0.000423770937759
0.000423606843915
0.000423446321574
0.000423289433304
0.000423136241124
0.000422986806420
0.000422841189842
0.000422699451206
0.000422561649382
0.000422427842191
0.000422298086310
0.000422172437191
