0.000241355031081
0.000241383522094
0.000241411874946
0.000241440089432
0.000241468164750
0.000241496099534
0.000241523891914
0.000241551539593
0.000241579039947
0.000241606390141
0.000241633587243
0.000241660628355
0.000241687510731
0.000241714231899
0.000241740789757
0.000241767182670
0.000241793409533
0.000241819469816
0.000241845363592
0.000241871091529
0.000241896654864
0.000241922055352
0.000241947295193
0.000241972376941
0.000241997303398
0.000242022077498
0.000242046702185
0.000242071180295
0.000242095514433
0.000242119706873
0.000242143759461
0.000242167673546
0.000242191449924
0.000242215088816
0.000242238589862
0.000242261952148
0.000242285174248
0.000242308254297
0.000242331190077
0.000242353979122
0.000242376618824
0.000242399106554
0.000242421439782
0.000242443616180
0.000242465633735
0.000242487490829
0.000242509186314
0.000242530719562
0.000242552090493
0.000242573299582
0.000242594347839
0.000242615236772
0.000242635968323
0.000242656544790
0.000242676968735
0.000242697242879
0.000242717369993
0.000242737352784
0.000242757193788
0.000242776895271
0.000242796459140
0.000242815886872
0.000242835179460
0.000242854337387
0.000242873360616
0.000242892248602
0.000242911000333
0.000242929614387
0.000242948089002
0.000242966422165
0.000242984611712
0.000243002655426
0.000243020551145
0.000243038296855
0.000243055890788
0.000243073331497
0.000243090617925
0.000243107749453
0.000243124725926
0.000243141547665
0.000243158215457
0.000243174730522
0.000243191094465
0.000243207309214
0.000243223376940
0.000243239299970
0.000243255080698
0.000243270721482
0.000243286224559
0.000243301591957
0.000243316825416
0.000243331926328
0.000243346895693
0.000243361734087
0.000243376441651
0.000243391018110
0.000243405462789
0.000243419774667
0.000243433952433
0.000243447994555
0.000243461899362
0.000243475665126
0.000243489290142
0.000243502772817
0.000243516111736
0.000243529305736
0.000243542353955
0.000243555255871
0.000243568011333
0.000243580620563
0.000243593084154
0.000243605403045
0.000243617578484
0.000243629611978
0.000243641505230
0.000243653260074
0.000243664878401
0.000243676362083
0.000243687712899
0.000243698932471
0.000243710022202
0.000243720983225
0.000243731816372
0.000243742522149
0.000243753100728
0.000243763551960
0.000243773875390
0.000243784070300
0.000243794135748
0.000243804070627
0.000243813873725
0.000243823543786
0.000243833079574
0.000243842479938
0.000243851743863
0.000243860870521
0.000243869859308
0.000243878709878
0.000243887422155
0.000243895996338
0.000243904432900
0.000243912732562
0.000243920896266
0.000243928925137
0.000243936820436
0.000243944583508
0.000243952215724
0.000243959718431
0.000243967092894
0.000243974340246
0.000243981461450
0.000243988457261
0.000243995328208
0.000244002074574
0.000244008696402
0.000244015193500
0.000244021565466
0.000244027811715
0.000244033931520
0.000244039924050
0.000244045788420
0.000244051523738
0.000244057129151
0.000244062603888
0.000244067947303
0.000244073158900
0.000244078238363
0.000244083185572
0.000244088000607
0.000244092683749
0.000244097235464
0.000244101656390
0.000244105947300
0.000244110109077
0.000244114142669
0.000244118049049
0.000244121829172
0.000244125483931
0.000244129014121
0.000244132420399
0.000244135703264
0.000244138863030
0.000244141899822
0.000244144813569
0.000244147604016
0.000244150270740
0.000244152813175
0.000244155230646
0.000244157522404
0.000244159687666
0.000244161725657
0.000244163635650
0.000244165417002
0.000244167069191
0.000244168591837
0.000244169984730
0.000244171247833
0.000244172381296
0.000244173385441
0.000244174260758
0.000244175007878
0.000244175627547
0.000244176120591
0.000244176487876
0.000244176730272
0.000244176848602
0.000244176843606
0.000244176715903
0.000244176465954
0.000244176094036
0.000244175600227
0.000244174984395
0.000244174246196
0.000244173385090
0.000244172400363
0.000244171291151
0.000244170056484
0.000244168695326
0.000244167206621
0.000244165589346
0.000244163842554
0.000244161965423
0.000244159957290
0.000244157817689
0.000244155546372
0.000244153143324
0.000244150608766
0.000244147943150
0.000244145147141
0.000244142221588
0.000244139167488
0.000244135985942
0.000244132678102
0.000244129245119
0.000244125688083
0.000244122007967
0.000244118205577
0.000244114281503
0.000244110236080
0.000244106069362
0.000244101781105
0.000244097370761
0.000244092837496
0.000244088180210
0.000244083397574
0.000244078488085
0.000244073450118
0.000244068281996
0.000244062982056
0.000244057548724
0.000244051980577
0.000244046276412
0.000244040435295
0.000244034456605
0.000244028340068
0.000244022085770
0.000244015694155
0.000244009166015
0.000244002502455
0.000243995704847
0.000243988774770
0.000243981713945
0.000243974524150
0.000243967207137
0.000243959764553
0.000243952197849
0.000243944508204
0.000243936696462
0.000243928763070
0.000243920708046
0.000243912530953
0.000243904230899
0.000243895806558
0.000243887256211
0.000243878577798
0.000243869768999
0.000243860827318
0.000243851750187
0.000243842535063
0.000243833179535
0.000243823681430
0.000243814038899
0.000243804250504
0.000243794315280
0.000243784232780
0.000243774003101
0.000243763626884
0.000243753105292
0.000243742439960
0.000243731632932
0.000243720686574
0.000243709603462
0.000243698386278
0.000243687037675
0.000243675560158
0.000243663955961
0.000243652226930
0.000243640374424
0.000243628399237
0.000243616301537
0.000243604080834
0.000243591735982
0.000243579265197
0.000243566666119
0.000243553935893
0.000243541071270
0.000243528068736
0.000243514924651
0.000243501635396
0.000243488197523
0.000243474607900
0.000243460863844
0.000243446963242
0.000243432904640
0.000243418687314
0.000243404311306
0.000243389777430
0.000243375087240
0.000243360242972
0.000243345247448
0.000243330103960
0.000243314816122
0.000243299387714
0.000243283822509
0.000243268124098
0.000243252295724
0.000243236340118
0.000243220259365
0.000243204054789
0.000243187726871
0.000243171275204
0.000243154698484
0.000243137994543
0.000243121160421
0.000243104192470
0.000243087086496
0.000243069837924
0.000243052441983
0.000243034893902
0.000243017189111
0.000242999323436
0.000242981293275
0.000242963095760
0.000242944728882
0.000242926191586
0.000242907483822
0.000242888606555
0.000242869561732
0.000242850352204
0.000242830981608
0.000242811454213
0.000242791774737
0.000242771948139
0.000242751979402
0.000242731873303
0.000242711634199
0.000242691265821
0.000242670771091
0.000242650151980
0.000242629409399
0.000242608543137
0.000242587551850
0.000242566433095
0.000242545183418
0.000242523798487
0.000242502273259
0.000242480602190
0.000242458779466
0.000242436799242
0.000242414655895
0.000242392344263
0.000242369859871
0.000242347199129
0.000242324359491
0.000242301339571
0.000242278139213
0.000242254759508
0.000242231202752
0.000242207472356
0.000242183572709
0.000242159508987
0.000242135286938
0.000242110912628
0.000242086392183
0.000242061731512
0.000242036936045
0.000242012010492
0.000241986958619
0.000241961783078
0.000241936485273
0.000241911065286
0.000241885521859
0.000241859852434
0.000241834053251
0.000241808119501
0.000241782045524
0.000241755825050
0.000241729451462
0.000241702918081
0.000241676218458
0.000241649346651
