0.000261526818448
0.000261573863002
0.000261620589590
0.000261666998668
0.000261713091262
0.000261758868933
0.000261804333712
0.000261849488017
0.000261894334556
0.000261938876213
0.000261983115928
0.000262027056582
0.000262070700875
0.000262114051223
0.000262157109662
0.000262199877780
0.000262242356659
0.000262284546852
0.000262326448383
0.000262368060768
0.000262409383067
0.000262450413952
0.000262491151798
0.000262531594784
0.000262571741004
0.000262611588583
0.000262651135785
0.000262690381118
0.000262729323427
0.000262767961970
0.000262806296469
0.000262844327149
0.000262882054747
0.000262919480499
0.000262956606106
0.000262993433680
0.000263029965672
0.000263066204782
0.000263102153868
0.000263137815835
0.000263173193540
0.000263208289685
0.000263243106731
0.000263277646812
0.000263311911679
0.000263345902655
0.000263379620606
0.000263413065950
0.000263446238669
0.000263479138358
0.000263511764277
0.000263544115433
0.000263576190660
0.000263607988714
0.000263639508366
0.000263670748496
0.000263701708179
0.000263732386758
0.000263762783906
0.000263792899674
0.000263822734516
0.000263852289301
0.000263881565301
0.000263910564165
0.000263939287877
0.000263967738698
0.000263995919094
0.000264023831665
0.000264051479060
0.000264078863894
0.000264105988673
0.000264132855714
0.000264159467089
0.000264185824570
0.000264211929594
0.000264237783242
0.000264263386238
0.000264288738965
0.000264313841489
0.000264338693610
0.000264363294912
0.000264387644829
0.000264411742715
0.000264435587916
0.000264459179836
0.000264482518006
0.000264505602139
0.000264528432180
0.000264551008340
0.000264573331122
0.000264595401328
0.000264617220059
0.000264638788699
0.000264660108887
0.000264681182477
0.000264702011496
0.000264722598089
0.000264742944462
0.000264763052823
0.000264782925326
0.000264802564019
0.000264821970790
0.000264841147332
0.000264860095110
0.000264878815344
0.000264897308994
0.000264915576773
0.000264933619150
0.000264951436385
0.000264969028553
0.000264986395589
0.000265003537329
0.000265020453557
0.000265037144053
0.000265053608636
0.000265069847205
0.000265085859777
0.000265101646518
0.000265117207763
0.000265132544035
0.000265147656050
0.000265162544719
0.000265177211140
0.000265191656582
0.000265205882468
0.000265219890341
0.000265233681837
0.000265247258653
0.000265260622502
0.000265273775085
0.000265286718048
0.000265299452951
0.000265311981238
0.000265324304214
0.000265336423023
0.000265348338638
0.000265360051854
0.000265371563294
0.000265382873411
0.000265393982504
0.000265404890736
0.000265415598160
0.000265426104739
0.000265436410379
0.000265446514954
0.000265456418341
0.000265466120442
0.000265475621217
0.000265484920709
0.000265494019066
0.000265502916561
0.000265511613605
0.000265520110760
0.000265528408740
0.000265536508413
0.000265544410790
0.000265552117011
0.000265559628326
0.000265566946071
0.000265574071635
0.000265581006433
0.000265587751866
0.000265594309292
0.000265600679990
0.000265606865129
0.000265612865742
0.000265618682704
0.000265624316712
0.000265629768279
0.000265635037725
0.000265640125182
0.000265645030603
0.000265649753778
0.000265654294359
0.000265658651881
0.000265662825806
0.000265666815549
0.000265670620528
0.000265674240199
0.000265677674097
0.000265680921878
0.000265683983348
0.000265686858493
0.000265689547501
0.000265692050770
0.000265694368909
0.000265696502734
0.000265698453245
0.000265700221597
0.000265701809069
0.000265703217015
0.000265704446821
0.000265705499852
0.000265706377402
0.000265707080644
0.000265707610587
0.000265707968037
0.000265708153561
0.000265708167473
0.000265708009814
0.000265707680355
0.000265707178608
0.000265706503843
0.000265705655128
0.000265704631363
0.000265703431335
0.000265702053773
0.000265700497408
0.000265698761035
0.000265696843568
0.000265694744100
0.000265692461948
0.000265689996686
0.000265687348177
0.000265684516574
0.000265681502327
0.000265678306155
0.000265674929021
0.000265671372085
0.000265667636648
0.000265663724092
0.000265659635810
0.000265655373139
0.000265650937292
0.000265646329291
0.000265641549917
0.000265636599659
0.000265631478684
0.000265626186813
0.000265620723519
0.000265615087938
0.000265609278891
0.000265603294927
0.000265597134374
0.000265590795404
0.000265584276104
0.000265577574553
0.000265570688899
0.000265563617435
0.000265556358667
0.000265548911372
0.000265541274649
0.000265533447943
0.000265525431066
0.000265517224185
0.000265508827807
0.000265500242736
0.000265491470020
0.000265482510883
0.000265473366653
0.000265464038678
0.000265454528244
0.000265444836494
0.000265434964352
0.000265424912462
0.000265414681129
0.000265404270287
0.000265393679471
0.000265382907820
0.000265371954086
0.000265360816672
0.000265349493673
0.000265337982946
0.000265326282179
0.000265314388978
0.000265302300950
0.000265290015796
0.000265277531386
0.000265264845843
0.000265251957602
0.000265238865456
0.000265225568591
0.000265212066593
0.000265198359443
0.000265184447484
0.000265170331379
0.000265156012046
0.000265141490586
0.000265126768196
0.000265111846087
0.000265096725388
0.000265081407068
0.000265065891855
0.000265050180170
0.000265034272078
0.000265018167250
0.000265001864950
0.000264985364030
0.000264968662957
0.000264951759850
0.000264934652530
0.000264917338597
0.000264899815499
0.000264882080625
0.000264864131392
0.000264845965331
0.000264827580168
0.000264808973899
0.000264790144844
0.000264771091695
0.000264751813533
0.000264732309839
0.000264712580475
0.000264692625650
0.000264672445873
0.000264652041883
0.000264631414577
0.000264610564927
0.000264589493897
0.000264568202354
0.000264546690995
0.000264524960276
0.000264503010355
0.000264480841050
0.000264458451811
0.000264435841714
0.000264413009468
0.000264389953443
0.000264366671706
0.000264343162083
0.000264319422220
0.000264295449660
0.000264271241920
0.000264246796569
0.000264222111305
0.000264197184026
0.000264172012882
0.000264146596328
0.000264120933148
0.000264095022471
0.000264068863766
0.000264042456824
0.000264015801718
0.000263988898758
0.000263961748427
0.000263934351321
0.000263906708072
0.000263878819283
0.000263850685458
0.000263822306946
0.000263793683885
0.000263764816167
0.000263735703409
0.000263706344943
0.000263676739813
0.000263646886795
0.000263616784420
0.000263586431015
0.000263555824747
0.000263524963680
0.000263493845831
0.000263462469227
0.000263430831967
0.000263398932269
0.000263366768517
0.000263334339297
0.000263301643425
0.000263268679954
0.000263235448181
0.000263201947632
0.000263168178039
0.000263134139312
0.000263099831496
0.000263065254728
0.000263030409192
0.000262995295073
0.000262959912512
0.000262924261571
0.000262888342197
0.000262852154206
0.000262815697263
0.000262778970876
0.000262741974403
0.000262704707059
0.000262667167937
0.000262629356027
0.000262591270246
0.000262552909466
0.000262514272545
0.000262475358357
0.000262436165817
0.000262396693906
0.000262356941687
0.000262316908322
0.000262276593074
0.000262235995310
0.000262195114492
0.000262153950170
0.000262112501962
0.000262070769534
0.000262028752587
0.000261986450828
0.000261943863957
0.000261900991652
0.000261857833558
0.000261814389281
0.000261770658391
0.000261726640427
0.000261682334906
0.000261637741342
0.000261592859262
