0.000284214017640
0.000284283357161
0.000284352701399
0.000284422040376
0.000284491364355
0.000284560663971
0.000284629930350
0.000284699155197
0.000284768330864
0.000284837450380
0.000284906507451
0.000284975496428
0.000285044412246
0.000285113250329
0.000285182006484
0.000285250676772
0.000285319257371
0.000285387744435
0.000285456133965
0.000285524421688
0.000285592602950
0.000285660672642
0.000285728625147
0.000285796454320
0.000285864153496
0.000285931715528
0.000285999132858
0.000286066397604
0.000286133501668
0.000286200436862
0.000286267195030
0.000286333768181
0.000286400148608
0.000286466328994
0.000286532302505
0.000286598062854
0.000286663604342
0.000286728921877
0.000286794010951
0.000286858867605
0.000286923488365
0.000286987870149
0.000287052010174
0.000287115905835
0.000287179554597
0.000287242953875
0.000287306100926
0.000287368992759
0.000287431626055
0.000287493997114
0.000287556101825
0.000287617935656
0.000287679493678
0.000287740770601
0.000287801760846
0.000287862458617
0.000287922857997
0.000287982953049
0.000288042737920
0.000288102206936
0.000288161354701
0.000288220176169
0.000288278666714
0.000288336822169
0.000288394638853
0.000288452113568
0.000288509243584
0.000288566026594
0.000288622460660
0.000288678544139
0.000288734275600
0.000288789653738
0.000288844677282
0.000288899344912
0.000288953655173
0.000289007606418
0.000289061196747
0.000289114423975
0.000289167285613
0.000289219778872
0.000289271900679
0.000289323647716
0.000289375016468
0.000289426003288
0.000289476604463
0.000289526816288
0.000289576635145
0.000289626057568
0.000289675080312
0.000289723700403
0.000289771915185
0.000289819722343
0.000289867119918
0.000289914106305
0.000289960680234
0.000290006840739
0.000290052587114
0.000290097918863
0.000290142835636
0.000290187337173
0.000290231423235
0.000290275093549
0.000290318347751
0.000290361185344
0.000290403605661
0.000290445607841
0.000290487190823
0.000290528353342
0.000290569093949
0.000290609411031
0.000290649302847
0.000290688767572
0.000290727803338
0.000290766408285
0.000290804580610
0.000290842318610
0.000290879620726
0.000290916485580
0.000290952911993
0.000290988899013
0.000291024445916
0.000291059552207
0.000291094217607
0.000291128442037
0.000291162225585
0.000291195568478
0.000291228471042
0.000291260933664
0.000291292956752
0.000291324540700
0.000291355685851
0.000291386392470
0.000291416660723
0.000291446490661
0.000291475882209
0.000291504835172
0.000291533349235
0.000291561423982
0.000291589058908
0.000291616253451
0.000291643007009
0.000291669318972
0.000291695188751
0.000291720615801
0.000291745599652
0.000291770139921
0.000291794236339
0.000291817888754
0.000291841097143
0.000291863861610
0.000291886182384
0.000291908059805
0.000291929494312
0.000291950486425
0.000291971036723
0.000291991145825
0.000292010814362
0.000292030042963
0.000292048832228
0.000292067182716
0.000292085094930
0.000292102569307
0.000292119606213
0.000292136205942
0.000292152368718
0.000292168094702
0.000292183384001
0.000292198236681
0.000292212652780
0.000292226632321
0.000292240175332
0.000292253281853
0.000292265951957
0.000292278185755
0.000292289983407
0.000292301345126
0.000292312271184
0.000292322761906
0.000292332817668
0.000292342438893
0.000292351626037
0.000292360379580
0.000292368700014
0.000292376587835
0.000292384043524
0.000292391067543
0.000292397660324
0.000292403822267
0.000292409553730
0.000292414855033
0.000292419726461
0.000292424168264
0.000292428180666
0.000292431763874
0.000292434918082
0.000292437643485
0.000292439940284
0.000292441808699
0.000292443248967
0.000292444261356
0.000292444846161
0.000292445003704
0.000292444734334
0.000292444038419
0.000292442916338
0.000292441368472
0.000292439395191
0.000292436996842
0.000292434173741
0.000292430926154
0.000292427254297
0.000292423158324
0.000292418638327
0.000292413694333
0.000292408326315
0.000292402534194
0.000292396317855
0.000292389677160
0.000292382611965
0.000292375122141
0.000292367207587
0.000292358868255
0.000292350104156
0.000292340915382
0.000292331302108
0.000292321264598
0.000292310803205
0.000292299918359
0.000292288610564
0.000292276880371
0.000292264728363
0.000292252155128
0.000292239161232
0.000292225747189
0.000292211913438
0.000292197660316
0.000292182988037
0.000292167896675
0.000292152386163
0.000292136456282
0.000292120106677
0.000292103336867
0.000292086146270
0.000292068534234
0.000292050500069
0.000292032043090
0.000292013162655
0.000291993858203
0.000291974129299
0.000291953975659
0.000291933397180
0.000291912393957
0.000291890966291
0.000291869114686
0.000291846839837
0.000291824142605
0.000291801023981
0.000291777485050
0.000291753526936
0.000291729150755
0.000291704357555
0.000291679148273
0.000291653523676
0.000291627484328
0.000291601030560
0.000291574162445
0.000291546879800
0.000291519182189
0.000291491068952
0.000291462539238
0.000291433592059
0.000291404226342
0.000291374441004
0.000291344235016
0.000291313607473
0.000291282557665
0.000291251085130
0.000291219189706
0.000291186871566
0.000291154131234
0.000291120969591
0.000291087387857
0.000291053387557
0.000291018970473
0.000290984138582
0.000290948893977
0.000290913238791
0.000290877175106
0.000290840704875
0.000290803829840
0.000290766551465
0.000290728870886
0.000290690788869
0.000290652305802
0.000290613421692
0.000290574136199
0.000290534448680
0.000290494358256
0.000290453863899
0.000290412964517
0.000290371659064
0.000290329946636
0.000290287826576
0.000290245298557
0.000290202362662
0.000290159019443
0.000290115269955
0.000290071115768
0.000290026558957
0.000289981602061
0.000289936248028
0.000289890500125
0.000289844361849
0.000289797836809
0.000289750928614
0.000289703640758
0.000289655976503
0.000289607938789
0.000289559530144
0.000289510752634
0.000289461607826
0.000289412096784
0.000289362220093
0.000289311977915
0.000289261370063
0.000289210396106
0.000289159055481
0.000289107347630
0.000289055272125
0.000289002828807
0.000288950017900
0.000288896840121
0.000288843296764
0.000288789389753
0.000288735121676
0.000288680495774
0.000288625515911
0.000288570186502
0.000288514512425
0.000288458498899
0.000288402151353
0.000288345475286
0.000288288476114
0.000288231159036
0.000288173528901
0.000288115590105
0.000288057346503
0.000287998801361
0.000287939957337
0.000287880816498
0.000287821380368
0.000287761650017
0.000287701626169
0.000287641309336
0.000287580699968
0.000287519798610
0.000287458606059
0.000287397123510
0.000287335352688
0.000287273295957
0.000287210956395
0.000287148337839
0.000287085444898
0.000287022282913
0.000286958857903
0.000286895176461
0.000286831245630
0.000286767072757
0.000286702665331
0.000286638030818
0.000286573176499
0.000286508109317
0.000286442835748
0.000286377361697
0.000286311692426
0.000286245832520
0.000286179785892
0.000286113555826
0.000286047145055
0.000285980555876
0.000285913790286
0.000285846850141
0.000285779737329
0.000285712453935
0.000285645002412
0.000285577385725
0.000285509607484
0.000285441672031
0.000285373584508
0.000285305350876
0.000285236977896
0.000285168473077
0.000285099844576
0.000285031101082
0.000284962251659
0.000284893305587
0.000284824272181
0.000284755160622
0.000284685979789
0.000284616738115
0.000284547443469
