0.000185127176519
0.000185133574614
0.000185139991683
0.000185146428665
0.000185152886579
0.000185159366457
0.000185165869277
0.000185172395883
0.000185178946917
0.000185185522747
0.000185192123415
0.000185198748589
0.000185205397533
0.000185212069103
0.000185218761743
0.000185225473524
0.000185232202172
0.000185238945136
0.000185245699648
0.000185252462805
0.000185259231649
0.000185266003253
0.000185272774802
0.000185279543678
0.000185286307533
0.000185293064355
0.000185299812526
0.000185306550870
0.000185313278677
0.000185319995729
0.000185326702294
0.000185333399110
0.000185340087349
0.000185346768566
0.000185353444621
0.000185360117602
0.000185366789717
0.000185373463188
0.000185380140142
0.000185386822493
0.000185393511836
0.000185400209356
0.000185406915742
0.000185413631132
0.000185420355073
0.000185427086513
0.000185433823812
0.000185440564782
0.000185447306747
0.000185454046621
0.000185460781007
0.000185467506302
0.000185474218810
0.000185480914856
0.000185487590904
0.000185494243661
0.000185500870181
0.000185507467947
0.000185514034948
0.000185520569736
0.000185527071459
0.000185533539884
0.000185539975388
0.000185546378937
0.000185552752038
0.000185559096667
0.000185565415184
0.000185571710226
0.000185577984588
0.000185584241098
0.000185590482484
0.000185596711243
0.000185602929523
0.000185609139013
0.000185615340854
0.000185621535574
0.000185627723048
0.000185633902480
0.000185640072428
0.000185646230833
0.000185652375095
0.000185658502154
0.000185664608590
0.000185670690743
0.000185676744827
0.000185682767057
0.000185688753768
0.000185694701525
0.000185700607235
0.000185706468231
0.000185712282354
0.000185718048006
0.000185723764196
0.000185729430556
0.000185735047338
0.000185740615395
0.000185746136133
0.000185751611441
0.000185757043615
0.000185762435250
0.000185767789125
0.000185773108084
0.000185778394908
0.000185783652191
0.000185788882219
0.000185794086872
0.000185799267534
0.000185804425030
0.000185809559580
0.000185814670792
0.000185819757666
0.000185824818629
0.000185829851595
0.000185834854037
0.000185839823077
0.000185844755586
0.000185849648286
0.000185854497864
0.000185859301068
0.000185864054814
0.000185868756274
0.000185873402958
0.000185877992781
0.000185882524119
0.000185886995849
0.000185891407371
0.000185895758613
0.000185900050020
0.000185904282525
0.000185908457499
0.000185912576689
0.000185916642139
0.000185920656102
0.000185924620940
0.000185928539023
0.000185932412625
0.000185936243829
0.000185940034440
0.000185943785907
0.000185947499267
0.000185951175106
0.000185954813538
0.000185958414205
0.000185961976298
0.000185965498590
0.000185968979489
0.000185972417093
0.000185975809262
0.000185979153692
0.000185982447983
0.000185985689717
0.000185988876529
0.000185992006169
0.000185995076566
0.000185998085878
0.000186001032544
0.000186003915316
0.000186006733292
0.000186009485930
0.000186012173063
0.000186014794884
0.000186017351940
0.000186019845096
0.000186022275497
0.000186024644516
0.000186026953699
0.000186029204692
0.000186031399181
0.000186033538818
0.000186035625162
0.000186037659616
0.000186039643381
0.000186041577418
0.000186043462421
0.000186045298801
0.000186047086683
0.000186048825912
0.000186050516070
0.000186052156491
0.000186053746293
0.000186055284406
0.000186056769598
0.000186058200516
0.000186059575712
0.000186060893682
0.000186062152899
0.000186063351851
0.000186064489079
0.000186065563212
0.000186066573008
0.000186067517385
0.000186068395460
0.000186069206570
0.000186069950296
0.000186070626477
0.000186071235211
0.000186071776853
0.000186072251997
0.000186072661456
0.000186073006226
0.000186073287458
0.000186073506411
0.000186073664413
0.000186073762825
0.000186073802992
0.000186073786216
0.000186073713716
0.000186073586602
0.000186073405844
0.000186073172251
0.000186072886447
0.000186072548854
0.000186072159671
0.000186071718869
0.000186071226174
0.000186070681070
0.000186070082799
0.000186069430378
0.000186068722617
0.000186067958153
0.000186067135489
0.000186066253045
0.000186065309209
0.000186064302403
0.000186063231139
0.000186062094079
0.000186060890094
0.000186059618304
0.000186058278123
0.000186056869281
0.000186055391839
0.000186053846194
0.000186052233070
0.000186050553493
0.000186048808769
0.000186047000441
0.000186045130249
0.000186043200078
0.000186041211906
0.000186039167746
0.000186037069585
0.000186034919328
0.000186032718732
0.000186030469350
0.000186028172475
0.000186025829089
0.000186023439822
0.000186021004921
0.000186018524231
0.000186015997193
0.000186013422856
0.000186010799912
0.000186008126737
0.000186005401461
0.000186002622037
0.000185999786331
0.000185996892211
0.000185993937640
0.000185990920761
0.000185987839985
0.000185984694057
0.000185981482116
0.000185978203734
0.000185974858943
0.000185971448240
0.000185967972581
0.000185964433350
0.000185960832326
0.000185957171625
0.000185953453639
0.000185949680962
0.000185945856311
0.000185941982438
0.000185938062045
0.000185934097691
0.000185930091709
0.000185926046122
0.000185921962572
0.000185917842257
0.000185913685886
0.000185909493653
0.000185905265226
0.000185900999766
0.000185896695961
0.000185892352083
0.000185887966070
0.000185883535611
0.000185879058262
0.000185874531548
0.000185869953083
0.000185865320677
0.000185860632439
0.000185855886861
0.000185851082894
0.000185846219997
0.000185841298168
0.000185836317954
0.000185831280439
0.000185826187216
0.000185821040334
0.000185815842237
0.000185810595687
0.000185805303674
0.000185799969319
0.000185794595777
0.000185789186130
0.000185783743289
0.000185778269893
0.000185772768224
0.000185767240127
0.000185761686947
0.000185756109491
0.000185750507996
0.000185744882140
0.000185739231058
0.000185733553396
0.000185727847379
0.000185722110899
0.000185716341624
0.000185710537112
0.000185704694932
0.000185698812785
0.000185692888613
0.000185686920707
0.000185680907789
0.000185674849076
0.000185668744325
0.000185662593855
0.000185656398540
0.000185650159788
0.000185643879497
0.000185637559990
0.000185631203939
0.000185624814279
0.000185618394111
0.000185611946603
0.000185605474882
0.000185598981940
0.000185592470536
0.000185585943103
0.000185579401681
0.000185572847846
0.000185566282670
0.000185559706695
0.000185553119929
0.000185546521863
0.000185539911517
0.000185533287499
0.000185526648089
0.000185519991333
0.000185513315156
0.000185506617477
0.000185499896316
0.000185493149912
0.000185486376818
0.000185479575979
0.000185472746801
0.000185465889190
0.000185459003567
0.000185452090869
0.000185445152515
0.000185438190363
0.000185431206646
0.000185424203895
0.000185417184854
0.000185410152388
0.000185403109386
0.000185396058675
0.000185389002926
0.000185381944574
0.000185374885749
0.000185367828212
0.000185360773313
0.000185353721960
0.000185346674608
0.000185339631261
0.000185332591503
0.000185325554536
0.000185318519247
0.000185311484279
0.000185304448121
0.000185297409209
0.000185290366022
0.000185283317184
0.000185276261555
0.000185269198313
0.000185262127020
0.000185255047665
0.000185247960693
0.000185240867000
0.000185233767920
0.000185226665178
0.000185219560835
0.000185212457212
0.000185205356813
0.000185198262232
0.000185191176067
0.000185184100833
0.000185177038884
0.000185169992338
0.000185162963024
