0.000270976123642
0.000271036942953
0.000271097476898
0.000271157721172
0.000271217671931
0.000271277325881
0.000271336680324
0.000271395733194
0.000271454483050
0.000271512929045
0.000271571070871
0.000271628908674
0.000271686442950
0.000271743674431
0.000271800603958
0.000271857232353
0.000271913560295
0.000271969588205
0.000272025316153
0.000272080743772
0.000272135870211
0.000272190694102
0.000272245213564
0.000272299426227
0.000272353329283
0.000272406919563
0.000272460193629
0.000272513147883
0.000272565778680
0.000272618082447
0.000272670055801
0.000272721695651
0.000272772999291
0.000272823964476
0.000272874589472
0.000272924873082
0.000272974814653
0.000273024414048
0.000273073671603
0.000273122588059
0.000273171164479
0.000273219402145
0.000273267302460
0.000273314866834
0.000273362096582
0.000273408992822
0.000273455556394
0.000273501787791
0.000273547687105
0.000273593254004
0.000273638487726
0.000273683387097
0.000273727950568
0.000273772176276
0.000273816062117
0.000273859605831
0.000273902805100
0.000273945657642
0.000273988161305
0.000274030314162
0.000274072114580
0.000274113561290
0.000274154653430
0.000274195390574
0.000274235772733
0.000274275800345
0.000274315474240
0.000274354795589
0.000274393765835
0.000274432386623
0.000274470659707
0.000274508586870
0.000274546169836
0.000274583410190
0.000274620309306
0.000274656868291
0.000274693087941
0.000274728968713
0.000274764510722
0.000274799713747
0.000274834577259
0.000274869100466
0.000274903282365
0.000274937121813
0.000274970617597
0.000275003768510
0.000275036573429
0.000275069031383
0.000275101141619
0.000275132903651
0.000275164317302
0.000275195382727
0.000275226100420
0.000275256471206
0.000275286496221
0.000275316176870
0.000275345514781
0.000275374511746
0.000275403169655
0.000275431490431
0.000275459475961
0.000275487128032
0.000275514448276
0.000275541438122
0.000275568098759
0.000275594431112
0.000275620435836
0.000275646113317
0.000275671463692
0.000275696486879
0.000275721182621
0.000275745550530
0.000275769590151
0.000275793301013
0.000275816682693
0.000275839734869
0.000275862457373
0.000275884850233
0.000275906913704
0.000275928648289
0.000275950054749
0.000275971134096
0.000275991887583
0.000276012316667
0.000276032422979
0.000276052208276
0.000276071674394
0.000276090823188
0.000276109656486
0.000276128176034
0.000276146383452
0.000276164280195
0.000276181867521
0.000276199146476
0.000276216117879
0.000276232782332
0.000276249140226
0.000276265191773
0.000276280937030
0.000276296375949
0.000276311508411
0.000276326334283
0.000276340853462
0.000276355065921
0.000276368971750
0.000276382571193
0.000276395864673
0.000276408852811
0.000276421536430
0.000276433916554
0.000276445994391
0.000276457771312
0.000276469248818
0.000276480428501
0.000276491312002
0.000276501900964
0.000276512196987
0.000276522201585
0.000276531916149
0.000276541341908
0.000276550479911
0.000276559331008
0.000276567895844
0.000276576174866
0.000276584168330
0.000276591876335
0.000276599298844
0.000276606435728
0.000276613286804
0.000276619851885
0.000276626130816
0.000276632123523
0.000276637830048
0.000276643250580
0.000276648385476
0.000276653235278
0.000276657800713
0.000276662082691
0.000276666082281
0.000276669800690
0.000276673239229
0.000276676399272
0.000276679282210
0.000276681889408
0.000276684222161
0.000276686281648
0.000276688068895
0.000276689584750
0.000276690829854
0.000276691804635
0.000276692509304
0.000276692943863
0.000276693108129
0.000276693001759
0.000276692624287
0.000276691975169
0.000276691053830
0.000276689859709
0.000276688392311
0.000276686651250
0.000276684636284
0.000276682347349
0.000276679784581
0.000276676948319
0.000276673839114
0.000276670457705
0.000276666805003
0.000276662882052
0.000276658689989
0.000276654229997
0.000276649503250
0.000276644510859
0.000276639253826
0.000276633732993
0.000276627949002
0.000276621902263
0.000276615592939
0.000276609020931
0.000276602185887
0.000276595087214
0.000276587724113
0.000276580095614
0.000276572200625
0.000276564037988
0.000276555606534
0.000276546905147
0.000276537932819
0.000276528688699
0.000276519172141
0.000276509382733
0.000276499320323
0.000276488985021
0.000276478377193
0.000276467497444
0.000276456346578
0.000276444925553
0.000276433235430
0.000276421277307
0.000276409052250
0.000276396561236
0.000276383805082
0.000276370784393
0.000276357499513
0.000276343950493
0.000276330137067
0.000276316058647
0.000276301714336
0.000276287102951
0.000276272223062
0.000276257073050
0.000276241651164
0.000276225955599
0.000276209984560
0.000276193736347
0.000276177209416
0.000276160402448
0.000276143314396
0.000276125944530
0.000276108292450
0.000276090358100
0.000276072141751
0.000276053643971
0.000276034865581
0.000276015807591
0.000275996471137
0.000275976857393
0.000275956967497
0.000275936802465
0.000275916363114
0.000275895650000
0.000275874663353
0.000275853403044
0.000275831868560
0.000275810058997
0.000275787973079
0.000275765609192
0.000275742965432
0.000275720039678
0.000275696829665
0.000275673333074
0.000275649547621
0.000275625471151
0.000275601101716
0.000275576437656
0.000275551477659
0.000275526220803
0.000275500666584
0.000275474814923
0.000275448666141
0.000275422220930
0.000275395480292
0.000275368445466
0.000275341117846
0.000275313498882
0.000275285589988
0.000275257392438
0.000275228907283
0.000275200135266
0.000275171076759
0.000275141731715
0.000275112099643
0.000275082179604
0.000275051970228
0.000275021469758
0.000274990676110
0.000274959586950
0.000274928199789
0.000274896512079
0.000274864521324
0.000274832225181
0.000274799621557
0.000274766708697
0.000274733485253
0.000274699950336
0.000274666103544
0.000274631944970
0.000274597475176
0.000274562695159
0.000274527606279
0.000274492210185
0.000274456508711
0.000274420503775
0.000274384197267
0.000274347590942
0.000274310686317
0.000274273484583
0.000274235986529
0.000274198192492
0.000274160102327
0.000274121715398
0.000274083030604
0.000274044046420
0.000274004760960
0.000273965172069
0.000273925277417
0.000273885074615
0.000273844561322
0.000273803735364
0.000273762594840
0.000273721138212
0.000273679364386
0.000273637272770
0.000273594863299
0.000273552136451
0.000273509093222
0.000273465735084
0.000273422063920
0.000273378081936
0.000273333791560
0.000273289195330
0.000273244295783
0.000273199095332
0.000273153596165
0.000273107800147
0.000273061708744
0.000273015322961
0.000272968643315
0.000272921669821
0.000272874402014
0.000272826838993
0.000272778979480
0.000272730821915
0.000272682364550
0.000272633605564
0.000272584543179
0.000272535175775
0.000272485501997
0.000272435520858
0.000272385231813
0.000272334634822
0.000272283730383
0.000272232519547
0.000272181003898
0.000272129185514
0.000272077066904
0.000272024650925
0.000271971940684
0.000271918939426
0.000271865650423
0.000271812076861
0.000271758221731
0.000271704087732
0.000271649677196
0.000271594992024
0.000271540033652
0.000271484803039
0.000271429300677
0.000271373526631
0.000271317480599
0.000271261161988
0.000271204570012
0.000271147703794
0.000271090562477
0.000271033145335
0.000270975451879
0.000270917481949
0.000270859235794
0.000270800714133
0.000270741918193
0.000270682849724
0.000270623510986
