0.000290103704735
0.000290181373210
0.000290259054124
0.000290336739404
0.000290414421269
0.000290492092205
0.000290569744935
0.000290647372373
0.000290724967581
0.000290802523712
0.000290880033963
0.000290957491520
0.000291034889514
0.000291112220981
0.000291189478831
0.000291266655823
0.000291343744562
0.000291420737489
0.000291497626900
0.000291574404963
0.000291651063750
0.000291727595273
0.000291803991525
0.000291880244531
0.000291956346391
0.000292032289328
0.000292108065730
0.000292183668183
0.000292259089507
0.000292334322772
0.000292409361310
0.000292484198718
0.000292558828851
0.000292633245801
0.000292707443877
0.000292781417573
0.000292855161532
0.000292928670506
0.000293001939322
0.000293074962840
0.000293147735919
0.000293220253385
0.000293292510008
0.000293364500482
0.000293436219413
0.000293507661313
0.000293578820611
0.000293649691655
0.000293720268739
0.000293790546118
0.000293860518043
0.000293930178792
0.000293999522702
0.000294068544201
0.000294137237846
0.000294205598348
0.000294273620598
0.000294341299690
0.000294408630930
0.000294475609848
0.000294542232193
0.000294608493933
0.000294674391237
0.000294739920461
0.000294805078124
0.000294869860881
0.000294934265495
0.000294998288806
0.000295061927707
0.000295125179108
0.000295188039913
0.000295250506999
0.000295312577198
0.000295374247279
0.000295435513950
0.000295496373849
0.000295556823553
0.000295616859591
0.000295676478460
0.000295735676644
0.000295794450643
0.000295852797000
0.000295910712332
0.000295968193353
0.000296025236908
0.000296081839995
0.000296137999785
0.000296193713638
0.000296248979112
0.000296303793968
0.000296358156167
0.000296412063863
0.000296465515386
0.000296518509223
0.000296571043993
0.000296623118422
0.000296674731310
0.000296725881499
0.000296776567844
0.000296826789182
0.000296876544308
0.000296925831951
0.000296974650761
0.000297022999295
0.000297070876020
0.000297118279314
0.000297165207477
0.000297211658755
0.000297257631358
0.000297303123491
0.000297348133384
0.000297392659327
0.000297436699700
0.000297480253006
0.000297523317896
0.000297565893190
0.000297607977897
0.000297649571223
0.000297690672572
0.000297731281541
0.000297771397906
0.000297811021606
0.000297850152710
0.000297888791391
0.000297926937888
0.000297964592470
0.000298001755398
0.000298038426892
0.000298074607097
0.000298110296059
0.000298145493702
0.000298180199821
0.000298214414078
0.000298248136004
0.000298281365019
0.000298314100451
0.000298346341564
0.000298378087595
0.000298409337785
0.000298440091420
0.000298470347870
0.000298500106616
0.000298529367287
0.000298558129677
0.000298586393763
0.000298614159714
0.000298641427884
0.000298668198806
0.000298694473172
0.000298720251805
0.000298745535629
0.000298770325628
0.000298794622808
0.000298818428159
0.000298841742609
0.000298864566997
0.000298886902036
0.000298908748298
0.000298930106194
0.000298950975976
0.000298971357736
0.000298991251426
0.000299010656881
0.000299029573843
0.000299048002003
0.000299065941036
0.000299083390644
0.000299100350589
0.000299116820732
0.000299132801062
0.000299148291720
0.000299163293012
0.000299177805415
0.000299191829577
0.000299205366298
0.000299218416517
0.000299230981275
0.000299243061687
0.000299254658900
0.000299265774052
0.000299276408235
0.000299286562453
0.000299296237591
0.000299305434388
0.000299314153420
0.000299322395090
0.000299330159628
0.000299337447104
0.000299344257446
0.000299350590471
0.000299356445911
0.000299361823462
0.000299366722815
0.000299371143700
0.000299375085922
0.000299378549395
0.000299381534162
0.000299384040418
0.000299386068515
0.000299387618961
0.000299388692409
0.000299389289638
0.000299389411523
0.000299389059003
0.000299388233043
0.000299386934588
0.000299385164532
0.000299382923671
0.000299380212674
0.000299377032057
0.000299373382164
0.000299369263158
0.000299364675027
0.000299359617591
0.000299354090528
0.000299348093401
0.000299341625698
0.000299334686869
0.000299327276374
0.000299319393719
0.000299311038500
0.000299302210433
0.000299292909379
0.000299283135366
0.000299272888587
0.000299262169402
0.000299250978322
0.000299239315983
0.000299227183117
0.000299214580510
0.000299201508961
0.000299187969237
0.000299173962028
0.000299159487910
0.000299144547306
0.000299129140462
0.000299113267430
0.000299096928063
0.000299080122020
0.000299062848782
0.000299045107684
0.000299026897948
0.000299008218731
0.000298989069172
0.000298969448442
0.000298949355796
0.000298928790616
0.000298907752449
0.000298886241041
0.000298864256347
0.000298841798543
0.000298818868019
0.000298795465355
0.000298771591294
0.000298747246704
0.000298722432523
0.000298697149712
0.000298671399198
0.000298645181822
0.000298618498286
0.000298591349114
0.000298563734618
0.000298535654878
0.000298507109736
0.000298478098800
0.000298448621466
0.000298418676955
0.000298388264355
0.000298357382677
0.000298326030919
0.000298294208125
0.000298261913455
0.000298229146237
0.000298195906024
0.000298162192628
0.000298128006154
0.000298093347008
0.000298058215891
0.000298022613784
0.000297986541912
0.000297950001693
0.000297912994684
0.000297875522514
0.000297837586814
0.000297799189148
0.000297760330947
0.000297721013452
0.000297681237666
0.000297641004319
0.000297600313855
0.000297559166426
0.000297517561914
0.000297475499965
0.000297432980036
0.000297390001460
0.000297346563521
0.000297302665528
0.000297258306901
0.000297213487244
0.000297168206418
0.000297122464601
0.000297076262333
0.000297029600540
0.000296982480549
0.000296934904073
0.000296886873182
0.000296838390255
0.000296789457921
0.000296740078978
0.000296690256317
0.000296639992831
0.000296589291334
0.000296538154476
0.000296486584680
0.000296434584086
0.000296382154507
0.000296329297417
0.000296276013951
0.000296222304927
0.000296168170891
0.000296113612179
0.000296058628991
0.000296003221481
0.000295947389851
0.000295891134447
0.000295834455848
0.000295777354955
0.000295719833059
0.000295661891892
0.000295603533662
0.000295544761064
0.000295485577267
0.000295425985879
0.000295365990895
0.000295305596621
0.000295244807589
0.000295183628460
0.000295122063923
0.000295060118598
0.000294997796938
0.000294935103150
0.000294872041127
0.000294808614401
0.000294744826116
0.000294680679030
0.000294616175533
0.000294551317695
0.000294486107334
0.000294420546097
0.000294354635559
0.000294288377329
0.000294221773159
0.000294154825050
0.000294087535349
0.000294019906829
0.000293951942758
0.000293883646939
0.000293815023729
0.000293746078031
0.000293676815262
0.000293607241297
0.000293537362392
0.000293467185093
0.000293396716127
0.000293325962293
0.000293254930350
0.000293183626907
0.000293112058333
0.000293040230669
0.000292968149573
0.000292895820283
0.000292823247604
0.000292750435923
0.000292677389252
0.000292604111290
0.000292530605510
0.000292456875258
0.000292382923866
0.000292308754769
0.000292234371621
0.000292159778402
0.000292084979513
0.000292009979858
0.000291934784892
0.000291859400657
0.000291783833783
0.000291708091461
0.000291632181398
0.000291556111742
0.000291479890990
0.000291403527880
0.000291327031277
0.000291250410050
0.000291173672957
0.000291096828540
0.000291019885023
0.000290942850246
0.000290865731611
0.000290788536052
0.000290711270043
0.000290633939621
