0.000186864416893
0.000186871085833
0.000186877771704
0.000186884477379
0.000186891205717
0.000186897959445
0.000186904741034
0.000186911552585
0.000186918395718
0.000186925271484
0.000186932180285
0.000186939121823
0.000186946095067
0.000186953098256
0.000186960128916
0.000186967183918
0.000186974259551
0.000186981351625
0.000186988455593
0.000186995566689
0.000187002680072
0.000187009790983
0.000187016894895
0.000187023987657
0.000187031065629
0.000187038125794
0.000187045165856
0.000187052184307
0.000187059180465
0.000187066154489
0.000187073107357
0.000187080040817
0.000187086957313
0.000187093859878
0.000187100752007
0.000187107637517
0.000187114520385
0.000187121404580
0.000187128293898
0.000187135191795
0.000187142101231
0.000187149024533
0.000187155963282
0.000187162918216
0.000187169889182
0.000187176875104
0.000187183873997
0.000187190883014
0.000187197898525
0.000187204916232
0.000187211931298
0.000187218938516
0.000187225932475
0.000187232907746
0.000187239859064
0.000187246781502
0.000187253670638
0.000187260522700
0.000187267334680
0.000187274104434
0.000187280830737
0.000187287513306
0.000187294152796
0.000187300750753
0.000187307309535
0.000187313832212
0.000187320322423
0.000187326784231
0.000187333221945
0.000187339639944
0.000187346042488
0.000187352433545
0.000187358816615
0.000187365194585
0.000187371569593
0.000187377942935
0.000187384314992
0.000187390685205
0.000187397052072
0.000187403413198
0.000187409765367
0.000187416104649
0.000187422426541
0.000187428726120
0.000187434998217
0.000187441237596
0.000187447439135
0.000187453598003
0.000187459709820
0.000187465770799
0.000187471777869
0.000187477728762
0.000187483622074
0.000187489457295
0.000187495234799
0.000187500955804
0.000187506622310
0.000187512236989
0.000187517803074
0.000187523324210
0.000187528804300
0.000187534247338
0.000187539657244
0.000187545037701
0.000187550392001
0.000187555722907
0.000187561032541
0.000187566322294
0.000187571592765
0.000187576843736
0.000187582074173
0.000187587282267
0.000187592465497
0.000187597620727
0.000187602744320
0.000187607832274
0.000187612880368
0.000187617884308
0.000187622839887
0.000187627743120
0.000187632590383
0.000187637378524
0.000187642104960
0.000187646767750
0.000187651365634
0.000187655898062
0.000187660365176
0.000187664767787
0.000187669107308
0.000187673385687
0.000187677605299
0.000187681768848
0.000187685879236
0.000187689939446
0.000187693952413
0.000187697920901
0.000187701847396
0.000187705734001
0.000187709582358
0.000187713393584
0.000187717168235
0.000187720906284
0.000187724607134
0.000187728269646
0.000187731892191
0.000187735472718
0.000187739008839
0.000187742497927
0.000187745937209
0.000187749323875
0.000187752655174
0.000187755928511
0.000187759141524
0.000187762292159
0.000187765378723
0.000187768399924
0.000187771354891
0.000187774243183
0.000187777064772
0.000187779820024
0.000187782509656
0.000187785134689
0.000187787696383
0.000187790196180
0.000187792635628
0.000187795016314
0.000187797339796
0.000187799607537
0.000187801820848
0.000187803980843
0.000187806088395
0.000187808144115
0.000187810148335
0.000187812101110
0.000187814002231
0.000187815851240
0.000187817647472
0.000187819390088
0.000187821078118
0.000187822710514
0.000187824286190
0.000187825804066
0.000187827263109
0.000187828662366
0.000187830000984
0.000187831278234
0.000187832493513
0.000187833646352
0.000187834736410
0.000187835763458
0.000187836727375
0.000187837628121
0.000187838465724
0.000187839240261
0.000187839951838
0.000187840600573
0.000187841186586
0.000187841709985
0.000187842170860
0.000187842569279
0.000187842905288
0.000187843178916
0.000187843390183
0.000187843539107
0.000187843625721
0.000187843650085
0.000187843612302
0.000187843512530
0.000187843350997
0.000187843128005
0.000187842843939
0.000187842499262
0.000187842094507
0.000187841630266
0.000187841107166
0.000187840525848
0.000187839886930
0.000187839190984
0.000187838438494
0.000187837629828
0.000187836765210
0.000187835844694
0.000187834868152
0.000187833835258
0.000187832745498
0.000187831598173
0.000187830392422
0.000187829127248
0.000187827801556
0.000187826414191
0.000187824963987
0.000187823449813
0.000187821870626
0.000187820225515
0.000187818513748
0.000187816734813
0.000187814888453
0.000187812974687
0.000187810993831
0.000187808946501
0.000187806833609
0.000187804656345
0.000187802416149
0.000187800114670
0.000187797753716
0.000187795335192
0.000187792861042
0.000187790333169
0.000187787753371
0.000187785123271
0.000187782444248
0.000187779717386
0.000187776943427
0.000187774122739
0.000187771255299
0.000187768340693
0.000187765378128
0.000187762366469
0.000187759304282
0.000187756189889
0.000187753021444
0.000187749797004
0.000187746514614
0.000187743172386
0.000187739768581
0.000187736301687
0.000187732770481
0.000187729174093
0.000187725512052
0.000187721784310
0.000187717991266
0.000187714133765
0.000187710213076
0.000187706230867
0.000187702189152
0.000187698090232
0.000187693936618
0.000187689730954
0.000187685475920
0.000187681174147
0.000187676828122
0.000187672440103
0.000187668012041
0.000187663545512
0.000187659041670
0.000187654501207
0.000187649924339
0.000187645310811
0.000187640659917
0.000187635970539
0.000187631241205
0.000187626470157
0.000187621655432
0.000187616794949
0.000187611886599
0.000187606928338
0.000187601918274
0.000187596854747
0.000187591736403
0.000187586562256
0.000187581331730
0.000187576044696
0.000187570701483
0.000187565302880
0.000187559850116
0.000187554344831
0.000187548789019
0.000187543184976
0.000187537535223
0.000187531842426
0.000187526109310
0.000187520338574
0.000187514532804
0.000187508694391
0.000187502825462
0.000187496927816
0.000187491002878
0.000187485051670
0.000187479074790
0.000187473072418
0.000187467044332
0.000187460989942
0.000187454908335
0.000187448798333
0.000187442658559
0.000187436487505
0.000187430283607
0.000187424045319
0.000187417771180
0.000187411459877
0.000187405110308
0.000187398721625
0.000187392293271
0.000187385825012
0.000187379316947
0.000187372769516
0.000187366183488
0.000187359559947
0.000187352900260
0.000187346206042
0.000187339479110
0.000187332721430
0.000187325935069
0.000187319122131
0.000187312284708
0.000187305424826
0.000187298544392
0.000187291645161
0.000187284728694
0.000187277796339
0.000187270849211
0.000187263888187
0.000187256913910
0.000187249926794
0.000187242927048
0.000187235914691
0.000187228889580
0.000187221851440
0.000187214799893
0.000187207734484
0.000187200654713
0.000187193560058
0.000187186450007
0.000187179324073
0.000187172181821
0.000187165022885
0.000187157846986
0.000187150653946
0.000187143443705
0.000187136216329
0.000187128972023
0.000187121711137
0.000187114434169
0.000187107141774
0.000187099834754
0.000187092514068
0.000187085180816
0.000187077836236
0.000187070481697
0.000187063118681
0.000187055748773
0.000187048373643
0.000187040995025
0.000187033614698
0.000187026234463
0.000187018856110
0.000187011481395
0.000187004112006
0.000186996749529
0.000186989395412
0.000186982050936
0.000186974717176
0.000186967394978
0.000186960084930
0.000186952787345
0.000186945502255
0.000186938229409
0.000186930968284
0.000186923718108
0.000186916477895
0.000186909246489
