0.000180277523728
0.000180298371497
0.000180319231965
0.000180340108015
0.000180361000925
0.000180381910339
0.000180402834282
0.000180423769209
0.000180444710096
0.000180465650558
0.000180486583003
0.000180507498803
0.000180528388495
0.000180549242000
0.000180570048857
0.000180590798471
0.000180611480368
0.000180632084457
0.000180652601282
0.000180673022273
0.000180693339968
0.000180713548219
0.000180733642353
0.000180753619305
0.000180773477690
0.000180793217831
0.000180812841732
0.000180832352993
0.000180851756682
0.000180871059151
0.000180890267817
0.000180909390918
0.000180928437234
0.000180947415816
0.000180966335693
0.000180985205605
0.000181004033743
0.000181022827513
0.000181041593330
0.000181060336440
0.000181079060780
0.000181097768872
0.000181116461746
0.000181135138910
0.000181153798342
0.000181172436524
0.000181191048512
0.000181209628031
0.000181228167612
0.000181246658759
0.000181265092144
0.000181283457831
0.000181301745524
0.000181319944832
0.000181338045548
0.000181356037920
0.000181373912930
0.000181391662541
0.000181409279926
0.000181426759660
0.000181444097867
0.000181461292314
0.000181478342458
0.000181495249433
0.000181512015983
0.000181528646352
0.000181545146117
0.000181561521995
0.000181577781615
0.000181593933269
0.000181609985656
0.000181625947617
0.000181641827878
0.000181657634800
0.000181673376148
0.000181689058876
0.000181704688934
0.000181720271109
0.000181735808879
0.000181751304309
0.000181766757980
0.000181782168937
0.000181797534698
0.000181812851276
0.000181828113266
0.000181843313950
0.000181858445463
0.000181873498981
0.000181888464953
0.000181903333358
0.000181918093981
0.000181932736706
0.000181947251801
0.000181961630205
0.000181975863785
0.000181989945569
0.000182003869934
0.000182017632756
0.000182031231498
0.000182044665261
0.000182057934766
0.000182071042298
0.000182083991597
0.000182096787715
0.000182109436835
0.000182121946069
0.000182134323234
0.000182146576616
0.000182158714737
0.000182170746107
0.000182182678997
0.000182194521206
0.000182206279855
0.000182217961183
0.000182229570373
0.000182241111394
0.000182252586879
0.000182263998024
0.000182275344533
0.000182286624596
0.000182297834909
0.000182308970748
0.000182320026077
0.000182330993704
0.000182341865478
0.000182352632520
0.000182363285480
0.000182373814810
0.000182384211046
0.000182394465089
0.000182404568468
0.000182414513577
0.000182424293887
0.000182433904113
0.000182443340335
0.000182452600079
0.000182461682349
0.000182470587609
0.000182479317730
0.000182487875904
0.000182496266511
0.000182504494978
0.000182512567608
0.000182520491391
0.000182528273811
0.000182535922640
0.000182543445728
0.000182550850799
0.000182558145236
0.000182565335888
0.000182572428872
0.000182579429400
0.000182586341620
0.000182593168488
0.000182599911658
0.000182606571425
0.000182613146694
0.000182619634997
0.000182626032556
0.000182632334386
0.000182638534439
0.000182644625788
0.000182650600837
0.000182656451550
0.000182662169699
0.000182667747102
0.000182673175866
0.000182678448608
0.000182683558648
0.000182688500182
0.000182693268411
0.000182697859646
0.000182702271369
0.000182706502262
0.000182710552206
0.000182714422252
0.000182718114559
0.000182721632324
0.000182724979678
0.000182728161572
0.000182731183652
0.000182734052110
0.000182736773531
0.000182739354729
0.000182741802567
0.000182744123782
0.000182746324800
0.000182748411558
0.000182750389331
0.000182752262578
0.000182754034802
0.000182755708445
0.000182757284809
0.000182758764012
0.000182760144993
0.000182761425541
0.000182762602376
0.000182763671257
0.000182764627121
0.000182765464242
0.000182766176416
0.000182766757140
0.000182767199799
0.000182767497851
0.000182767644991
0.000182767635304
0.000182767463403
0.000182767124541
0.000182766614705
0.000182765930694
0.000182765070177
0.000182764031728
0.000182762814859
0.000182761420024
0.000182759848610
0.000182758102920
0.000182756186124
0.000182754102202
0.000182751855860
0.000182749452430
0.000182746897738
0.000182744197970
0.000182741359503
0.000182738388739
0.000182735291925
0.000182732074973
0.000182728743291
0.000182725301627
0.000182721753931
0.000182718103249
0.000182714351643
0.000182710500142
0.000182706548736
0.000182702496388
0.000182698341086
0.000182694079917
0.000182689709164
0.000182685224410
0.000182680620668
0.000182675892504
0.000182671034175
0.000182666039758
0.000182660903290
0.000182655618897
0.000182650180931
0.000182644584093
0.000182638823571
0.000182632895158
0.000182626795372
0.000182620521567
0.000182614072034
0.000182607446075
0.000182600644065
0.000182593667484
0.000182586518913
0.000182579202009
0.000182571721424
0.000182564082712
0.000182556292183
0.000182548356743
0.000182540283699
0.000182532080560
0.000182523754819
0.000182515313743
0.000182506764168
0.000182498112310
0.000182489363599
0.000182480522538
0.000182471592588
0.000182462576094
0.000182453474227
0.000182444286967
0.000182435013111
0.000182425650308
0.000182416195113
0.000182406643077
0.000182396988843
0.000182387226275
0.000182377348602
0.000182367348583
0.000182357218686
0.000182346951289
0.000182336538891
0.000182325974328
0.000182315251003
0.000182304363094
0.000182293305771
0.000182282075374
0.000182270669578
0.000182259087508
0.000182247329819
0.000182235398723
0.000182223297969
0.000182211032763
0.000182198609641
0.000182186036303
0.000182173321391
0.000182160474253
0.000182147504670
0.000182134422582
0.000182121237801
0.000182107959740
0.000182094597153
0.000182081157892
0.000182067648700
0.000182054075034
0.000182040440916
0.000182026748833
0.000182012999662
0.000181999192650
0.000181985325415
0.000181971394009
0.000181957393003
0.000181943315622
0.000181929153921
0.000181914898990
0.000181900541207
0.000181886070506
0.000181871476687
0.000181856749728
0.000181841880113
0.000181826859156
0.000181811679301
0.000181796334411
0.000181780820002
0.000181765133437
0.000181749274061
0.000181733243265
0.000181717044490
0.000181700683156
0.000181684166523
0.000181667503495
0.000181650704366
0.000181633780526
0.000181616744122
0.000181599607718
0.000181582383921
0.000181565085031
0.000181547722689
0.000181530307551
0.000181512848996
0.000181495354868
0.000181477831257
0.000181460282333
0.000181442710227
0.000181425114971
0.000181407494481
0.000181389844615
0.000181372159273
0.000181354430566
0.000181336649030
0.000181318803904
0.000181300883445
0.000181282875289
0.000181264766841
0.000181246545682
0.000181228199984
0.000181209718919
0.000181191093039
0.000181172314624
0.000181153377973
0.000181134279635
0.000181115018567
0.000181095596204
0.000181076016457
0.000181056285616
0.000181036412182
0.000181016406622
0.000180996281060
0.000180976048919
0.000180955724523
0.000180935322677
0.000180914858231
0.000180894345654
0.000180873798620
0.000180853229616
0.000180832649601
0.000180812067693
0.000180791490916
0.000180770924012
0.000180750369305
0.000180729826634
0.000180709293362
0.000180688764448
0.000180668232594
0.000180647688458
0.000180627120934
0.000180606517495
0.000180585864579
0.000180565148028
0.000180544353544
0.000180523467174
0.000180502475778
0.000180481367491
0.000180460132140
0.000180438761621
0.000180417250198
0.000180395594732
0.000180373794818
0.000180351852833
0.000180329773885
