0.000183281566282
0.000183306553289
0.000183331506976
0.000183356406917
0.000183381232599
0.000183405964023
0.000183430582295
0.000183455070183
0.000183479412622
0.000183503597155
0.000183527614295
0.000183551457788
0.000183575124774
0.000183598615846
0.000183621934991
0.000183645089425
0.000183668089328
0.000183690947485
0.000183713678843
0.000183736300009
0.000183758828698
0.000183781283150
0.000183803681541
0.000183826041401
0.000183848379056
0.000183870709122
0.000183893044051
0.000183915393746
0.000183937765269
0.000183960162620
0.000183982586628
0.000184005034924
0.000184027502016
0.000184049979452
0.000184072456076
0.000184094918355
0.000184117350783
0.000184139736339
0.000184162056987
0.000184184294215
0.000184206429577
0.000184228445236
0.000184250324492
0.000184272052265
0.000184293615530
0.000184315003688
0.000184336208856
0.000184357226065
0.000184378053370
0.000184398691858
0.000184419145556
0.000184439421253
0.000184459528226
0.000184479477896
0.000184499283416
0.000184518959216
0.000184538520506
0.000184557982777
0.000184577361288
0.000184596670584
0.000184615924036
0.000184635133432
0.000184654308623
0.000184673457240
0.000184692584471
0.000184711692933
0.000184730782605
0.000184749850857
0.000184768892544
0.000184787900177
0.000184806864163
0.000184825773104
0.000184844614142
0.000184863373356
0.000184882036172
0.000184900587804
0.000184919013688
0.000184937299915
0.000184955433632
0.000184973403409
0.000184991199564
0.000185008814418
0.000185026242493
0.000185043480626
0.000185060528018
0.000185077386192
0.000185094058884
0.000185110551862
0.000185126872677
0.000185143030365
0.000185159035109
0.000185174897867
0.000185190629993
0.000185206242847
0.000185221747422
0.000185237153998
0.000185252471820
0.000185267708826
0.000185282871424
0.000185297964319
0.000185312990397
0.000185327950675
0.000185342844297
0.000185357668593
0.000185372419190
0.000185387090165
0.000185401674248
0.000185416163055
0.000185430547353
0.000185444817345
0.000185458962969
0.000185472974198
0.000185486841341
0.000185500555320
0.000185514107936
0.000185527492091
0.000185540701979
0.000185553733227
0.000185566582988
0.000185579249980
0.000185591734468
0.000185604038198
0.000185616164276
0.000185628117009
0.000185639901705
0.000185651524447
0.000185662991848
0.000185674310798
0.000185685488211
0.000185696530783
0.000185707444771
0.000185718235796
0.000185728908676
0.000185739467296
0.000185749914513
0.000185760252101
0.000185770480733
0.000185780599995
0.000185790608434
0.000185800503638
0.000185810282339
0.000185819940536
0.000185829473635
0.000185838876610
0.000185848144159
0.000185857270877
0.000185866251419
0.000185875080664
0.000185883753862
0.000185892266777
0.000185900615796
0.000185908798025
0.000185916811358
0.000185924654508
0.000185932327013
0.000185939829211
0.000185947162183
0.000185954327666
0.000185961327947
0.000185968165736
0.000185974844027
0.000185981365954
0.000185987734648
0.000185993953102
0.000186000024047
0.000186005949853
0.000186011732445
0.000186017373247
0.000186022873153
0.000186028232519
0.000186033451180
0.000186038528490
0.000186043463370
0.000186048254381
0.000186052899796
0.000186057397682
0.000186061745987
0.000186065942614
0.000186069985509
0.000186073872730
0.000186077602512
0.000186081173329
0.000186084583943
0.000186087833438
0.000186090921253
0.000186093847192
0.000186096611428
0.000186099214488
0.000186101657227
0.000186103940786
0.000186106066536
0.000186108036007
0.000186109850815
0.000186111512575
0.000186113022812
0.000186114382878
0.000186115593868
0.000186116656554
0.000186117571327
0.000186118338164
0.000186118956607
0.000186119425773
0.000186119744382
0.000186119910800
0.000186119923115
0.000186119779207
0.000186119476849
0.000186119013797
0.000186118387887
0.000186117597130
0.000186116639791
0.000186115514464
0.000186114220128
0.000186112756189
0.000186111122501
0.000186109319382
0.000186107347598
0.000186105208352
0.000186102903240
0.000186100434215
0.000186097803527
0.000186095013663
0.000186092067275
0.000186088967106
0.000186085715909
0.000186082316364
0.000186078770993
0.000186075082075
0.000186071251568
0.000186067281030
0.000186063171558
0.000186058923732
0.000186054537581
0.000186050012564
0.000186045347570
0.000186040540948
0.000186035590551
0.000186030493806
0.000186025247800
0.000186019849386
0.000186014295295
0.000186008582257
0.000186002707125
0.000185996666989
0.000185990459284
0.000185984081884
0.000185977533179
0.000185970812124
0.000185963918280
0.000185956851822
0.000185949613535
0.000185942204781
0.000185934627463
0.000185926883962
0.000185918977073
0.000185910909922
0.000185902685891
0.000185894308523
0.000185885781439
0.000185877108241
0.000185868292428
0.000185859337303
0.000185850245892
0.000185841020863
0.000185831664456
0.000185822178418
0.000185812563954
0.000185802821695
0.000185792951673
0.000185782953327
0.000185772825520
0.000185762566582
0.000185752174368
0.000185741646337
0.000185730979645
0.000185720171251
0.000185709218027
0.000185698116871
0.000185686864820
0.000185675459151
0.000185663897475
0.000185652177809
0.000185640298642
0.000185628258967
0.000185616058309
0.000185603696726
0.000185591174798
0.000185578493600
0.000185565654662
0.000185552659930
0.000185539511704
0.000185526212591
0.000185512765437
0.000185499173274
0.000185485439252
0.000185471566579
0.000185457558462
0.000185443418040
0.000185429148323
0.000185414752132
0.000185400232041
0.000185385590322
0.000185370828899
0.000185355949305
0.000185340952655
0.000185325839628
0.000185310610466
0.000185295264979
0.000185279802579
0.000185264222309
0.000185248522900
0.000185232702830
0.000185216760384
0.000185200693728
0.000185184500973
0.000185168180241
0.000185151729720
0.000185135147719
0.000185118432703
0.000185101583330
0.000185084598474
0.000185067477241
0.000185050218980
0.000185032823297
0.000185015290054
0.000184997619381
0.000184979811679
0.000184961867631
0.000184943788204
0.000184925574656
0.000184907228541
0.000184888751702
0.000184870146268
0.000184851414629
0.000184832559415
0.000184813583458
0.000184794489748
0.000184775281374
0.000184755961470
0.000184736533146
0.000184716999427
0.000184697363186
0.000184677627083
0.000184657793515
0.000184637864569
0.000184617841986
0.000184597727131
0.000184577520979
0.000184557224106
0.000184536836681
0.000184516358479
0.000184495788885
0.000184475126913
0.000184454371227
0.000184433520165
0.000184412571775
0.000184391523849
0.000184370373979
0.000184349119608
0.000184327758099
0.000184306286813
0.000184284703192
0.000184263004854
0.000184241189685
0.000184219255943
0.000184197202345
0.000184175028155
0.000184152733260
0.000184130318220
0.000184107784311
0.000184085133534
0.000184062368603
0.000184039492910
0.000184016510467
0.000183993425817
0.000183970243942
0.000183946970139
0.000183923609899
0.000183900168771
0.000183876652229
0.000183853065538
0.000183829413628
0.000183805700974
0.000183781931485
0.000183758108418
0.000183734234287
0.000183710310808
0.000183686338845
0.000183662318389
0.000183638248545
0.000183614127552
0.000183589952815
0.000183565720971
0.000183541427972
0.000183517069197
0.000183492639586
0.000183468133788
0.000183443546342
0.000183418871852
0.000183394105183
0.000183369241650
