0.001125235113827
0.001116236911750
0.001107221992599
0.001098202258751
0.001089189385745
0.001080194802318
0.001071229671350
0.001062304871724
0.001053430981146
0.001044618259947
0.001035876635885
0.001027215689987
0.001018644643416
0.001010172345411
0.001001807262289
0.000993557467525
0.000985430632928
0.000977434020892
0.000969574477760
0.000961858428269
0.000954291871092
0.000946880375478
0.000939629078963
0.000932542686165
0.000925625468635
0.000918881265765
0.000912313486715
0.000905925113354
0.000899718704188
0.000893696399235
0.000887859925842
0.000882210605375
0.000876749360789
0.000871476724998
0.000866392850047
0.000861497517006
0.000856790146582
0.000852269810380
0.000847935242785
0.000843784853418
0.000839816740127
0.000836028702471
0.000832418255648
0.000828982644836
0.000825718859894
0.000822623650390
0.000819693540902
0.000816924846557
0.000814313688761
0.000811856011071
0.000809547595164
0.000807384076862
0.000805360962164
0.000803473643225
0.000801717414263
0.000800087487324
0.000798579007866
0.000797187070137
0.000795906732271
0.000794733031107
0.000793660996649
0.000792685666177
0.000791802097940
0.000791005384425
0.000790290665174
0.000789653139111
0.000789088076373
0.000788590829615
0.000788156844775
0.000787781671277
0.000787460971659
0.000787190530614
0.000786966263419
0.000786784223751
0.000786640610876
0.000786531776189
0.000786454229110
0.000786404642328
0.000786379856375
0.000786376883542
0.000786392911128
0.000786425304032
0.000786471606683
0.000786529544326
0.000786597023665
0.000786672132894
0.000786753141103
0.000786838497102
0.000786926827674
0.000787016935272
0.000787107795184
0.000787198552199
0.000787288516776
0.000787377160759
0.000787464112652
0.000787549152476
0.000787632206239
0.000787713340034
0.000787792753796
0.000787870774746
0.000787947850534
0.000788024542126
0.000788101516446
0.000788179538808
0.000788259465176
0.000788342234261
0.000788428859508
0.000788520420985
0.000788618057218
0.000788722956999
0.000788836351189
0.000788959504564
0.000789093707710
0.000789240269009
0.000789400506746
0.000789575741336
0.000789767287730
0.000789976447993
0.000790204504082
0.000790452710852
0.000790722289294
0.000791014420035
0.000791330237109
0.000791670822007
0.000792037198046
0.000792430325041
0.000792851094316
0.000793300324059
0.000793778755030
0.000794287046641
0.000794825773410
0.000795395421801
0.000795996387455
0.000796628972821
0.000797293385176
0.000797989735049
0.000798718035043
0.000799478199042
0.000800270041806
0.000801093278951
0.000801947527290
0.000802832305539
0.000803747035372
0.000804691042812
0.000805663559958
0.000806663727017
0.000807690594646
0.000808743126593
0.000809820202607
0.000810920621633
0.000812043105252
0.000813186301373
0.000814348788158
0.000815529078160
0.000816725622662
0.000817936816205
0.000819161001280
0.000820396473167
0.000821641484895
0.000822894252318
0.000824152959264
0.000825415762747
0.000826680798219
0.000827946184836
0.000829210030716
0.000830470438176
0.000831725508923
0.000832973349178
0.000834212074730
0.000835439815884
0.000836654722317
0.000837854967804
0.000839038754822
0.000840204319006
0.000841349933460
0.000842473912911
0.000843574617687
0.000844650457522
0.000845699895171
0.000846721449826
0.000847713700324
0.000848675288137
0.000849604920137
0.000850501371118
0.000851363486077
0.000852190182241
0.000852980450840
0.000853733358605
0.000854448049014
0.000855123743267
0.000855759740991
0.000856355420694
0.000856910239952
0.000857423735351
0.000857895522186
0.000858325293924
0.000858712821444
0.000859057952061
0.000859360608345
0.000859620786744
0.000859838556021
0.000860014055515
0.000860147493234
0.000860239143789
0.000860289346175
0.000860298501411
0.000860267070046
0.000860195569543
0.000860084571541
0.000859934699018
0.000859746623358
0.000859521061337
0.000859258772038
0.000858960553714
0.000858627240611
0.000858259699759
0.000857858827765
0.000857425547598
0.000856960805404
0.000856465567351
0.000855940816523
0.000855387549877
0.000854806775267
0.000854199508556
0.000853566770818
0.000852909585639
0.000852228976525
0.000851525964421
0.000850801565351
0.000850056788177
0.000849292632491
0.000848510086634
0.000847710125855
0.000846893710608
0.000846061785002
0.000845215275393
0.000844355089143
0.000843482113528
0.000842597214818
0.000841701237525
0.000840795003813
0.000839879313090
0.000838954941764
0.000838022643167
0.000837083147654
0.000836137162852
0.000835185374072
0.000834228444870
0.000833267017740
0.000832301714948
0.000831333139478
0.000830361876098
0.000829388492527
0.000828413540689
0.000827437558063
0.000826461069107
0.000825484586747
0.000824508613939
0.000823533645285
0.000822560168702
0.000821588667140
0.000820619620331
0.000819653506587
0.000818690804612
0.000817731995333
0.000816777563743
0.000815828000740
0.000814883804947
0.000813945484510
0.000813013558856
0.000812088560394
0.000811171036149
0.000810261549328
0.000809360680776
0.000808469030355
0.000807587218191
0.000806715885822
0.000805855697217
0.000805007339665
0.000804171524551
0.000803348987988
0.000802540491337
0.000801746821590
0.000800968791635
0.000800207240396
0.000799463032848
0.000798737059922
0.000798030238269
0.000797343509924
0.000796677841825
0.000796034225217
0.000795413674924
0.000794817228488
0.000794245945171
0.000793700904827
0.000793183206636
0.000792693967701
0.000792234321520
0.000791805416331
0.000791408413333
0.000791044484809
0.000790714812141
0.000790420583741
0.000790162992910
0.000789943235635
0.000789762508336
0.000789622005581
0.000789522917777
0.000789466428842
0.000789453713888
0.000789485936893
0.000789564248394
0.000789689783202
0.000789863658130
0.000790086969755
0.000790360792217
0.000790686175050
0.000791064141054
0.000791495684227
0.000791981767742
0.000792523321997
0.000793121242734
0.000793776389241
0.000794489582658
0.000795261604368
0.000796093194523
0.000796985050682
0.000797937826584
0.000798952131063
0.000800028527109
0.000801167531080
0.000802369612062
0.000803635191388
0.000804964642307
0.000806358289803
0.000807816410561
0.000809339233075
0.000810926937901
0.000812579658036
0.000814297479431
0.000816080441635
0.000817928538555
0.000819841719344
0.000821819889395
0.000823862911463
0.000825970606889
0.000828142756941
0.000830379104246
0.000832679354336
0.000835043177279
0.000837470209393
0.000839960055042
0.000842512288489
0.000845126455805
0.000847802076823
0.000850538647104
0.000853335639925
0.000856192508261
0.000859108686744
0.000862083593599
0.000865116632525
0.000868207194534
0.000871354659711
0.000874558398905
0.000877817775339
0.000881132146116
0.000884500863645
0.000887923276944
0.000891398732843
0.000894926577065
0.000898506155177
0.000902136813413
0.000905817899350
0.000909548762435
0.000913328754343
0.000917157229171
0.000921033543445
0.000924957055938
0.000928927127282
0.000932943119376
0.000937004394580
0.000941110314690
0.000945260239684
0.000949453526265
0.000953689526164
0.000957967584245
0.000962287036395
0.000966647207210
0.000971047407494
0.000975486931577
0.000979965054450
0.000984481028755
0.000989034081605
0.000993623411279
0.000998248183774
0.001002907529240
0.001007600538304
0.001012326258281
0.001017083689297
0.001021871780330
0.001026689425164
