0.000172728279314
0.000172733347239
0.000172738440540
0.000172743558036
0.000172748698615
0.000172753861229
0.000172759044900
0.000172764248721
0.000172769471861
0.000172774713579
0.000172779973234
0.000172785250299
0.000172790544375
0.000172795855204
0.000172801182671
0.000172806526808
0.000172811887784
0.000172817265888
0.000172822661502
0.000172828075069
0.000172833507049
0.000172838957881
0.000172844427929
0.000172849917444
0.000172855426522
0.000172860955068
0.000172866502776
0.000172872069104
0.000172877653275
0.000172883254271
0.000172888870849
0.000172894501554
0.000172900144742
0.000172905798608
0.000172911461216
0.000172917130536
0.000172922804479
0.000172928480936
0.000172934157822
0.000172939833122
0.000172945504934
0.000172951171517
0.000172956831341
0.000172962483124
0.000172968125878
0.000172973758931
0.000172979381957
0.000172984994973
0.000172990598341
0.000172996192739
0.000173001779125
0.000173007358682
0.000173012932755
0.000173018502773
0.000173024070169
0.000173029636300
0.000173035202362
0.000173040769325
0.000173046337861
0.000173051908303
0.000173057480603
0.000173063054319
0.000173068628604
0.000173074202222
0.000173079773574
0.000173085340727
0.000173090901466
0.000173096453351
0.000173101993769
0.000173107520012
0.000173113029337
0.000173118519046
0.000173123986555
0.000173129429467
0.000173134845645
0.000173140233270
0.000173145590903
0.000173150917526
0.000173156212576
0.000173161475960
0.000173166708052
0.000173171909670
0.000173177082038
0.000173182226717
0.000173187345538
0.000173192440501
0.000173197513682
0.000173202567125
0.000173207602741
0.000173212622206
0.000173217626876
0.000173222617717
0.000173227595246
0.000173232559495
0.000173237510001
0.000173242445804
0.000173247365479
0.000173252267167
0.000173257148635
0.000173262007345
0.000173266840523
0.000173271645247
0.000173276418530
0.000173281157411
0.000173285859039
0.000173290520764
0.000173295140209
0.000173299715353
0.000173304244586
0.000173308726765
0.000173313161249
0.000173317547916
0.000173321887166
0.000173326179893
0.000173330427451
0.000173334631586
0.000173338794354
0.000173342918030
0.000173347004996
0.000173351057628
0.000173355078183
0.000173359068690
0.000173363030849
0.000173366965948
0.000173370874797
0.000173374757687
0.000173378614367
0.000173382444050
0.000173386245431
0.000173390016740
0.000173393755798
0.000173397460094
0.000173401126871
0.000173404753216
0.000173408336160
0.000173411872771
0.000173415360247
0.000173418796007
0.000173422177773
0.000173425503641
0.000173428772141
0.000173431982288
0.000173435133610
0.000173438226163
0.000173441260527
0.000173444237782
0.000173447159461
0.000173450027484
0.000173452844079
0.000173455611681
0.000173458332827
0.000173461010033
0.000173463645687
0.000173466241929
0.000173468800554
0.000173471322923
0.000173473809897
0.000173476261795
0.000173478678372
0.000173481058823
0.000173483401819
0.000173485705553
0.000173487967812
0.000173490186063
0.000173492357549
0.000173494479387
0.000173496548680
0.000173498562611
0.000173500518546
0.000173502414120
0.000173504247321
0.000173506016550
0.000173507720682
0.000173509359098
0.000173510931708
0.000173512438955
0.000173513881801
0.000173515261688
0.000173516580491
0.000173517840443
0.000173519044049
0.000173520193986
0.000173521292990
0.000173522343740
0.000173523348743
0.000173524310219
0.000173525230000
0.000173526109445
0.000173526949374
0.000173527750024
0.000173528511039
0.000173529231473
0.000173529909834
0.000173530544141
0.000173531132004
0.000173531670725
0.000173532157403
0.000173532589051
0.000173532962711
0.000173533275564
0.000173533525042
0.000173533708910
0.000173533825360
0.000173533873064
0.000173533851228
0.000173533759619
0.000173533598578
0.000173533369009
0.000173533072353
0.000173532710543
0.000173532285937
0.000173531801243
0.000173531259417
0.000173530663556
0.000173530016787
0.000173529322137
0.000173528582416
0.000173527800101
0.000173526977228
0.000173526115306
0.000173525215245
0.000173524277316
0.000173523301130
0.000173522285657
0.000173521229260
0.000173520129762
0.000173518984542
0.000173517790635
0.000173516544861
0.000173515243949
0.000173513884673
0.000173512463974
0.000173510979086
0.000173509427636
0.000173507807738
0.000173506118065
0.000173504357897
0.000173502527154
0.000173500626404
0.000173498656851
0.000173496620299
0.000173494519101
0.000173492356089
0.000173490134477
0.000173487857765
0.000173485529617
0.000173483153737
0.000173480733735
0.000173478273001
0.000173475774570
0.000173473241014
0.000173470674333
0.000173468075878
0.000173465446294
0.000173462785492
0.000173460092651
0.000173457366251
0.000173454604136
0.000173451803599
0.000173448961503
0.000173446074398
0.000173443138672
0.000173440150693
0.000173437106955
0.000173434004218
0.000173430839633
0.000173427610855
0.000173424316132
0.000173420954374
0.000173417525203
0.000173414028969
0.000173410466752
0.000173406840334
0.000173403152152
0.000173399405229
0.000173395603084
0.000173391749626
0.000173387849035
0.000173383905627
0.000173379923715
0.000173375907465
0.000173371860752
0.000173367787026
0.000173363689191
0.000173359569494
0.000173355429448
0.000173351269778
0.000173347090390
0.000173342890386
0.000173338668102
0.000173334421175
0.000173330146649
0.000173325841092
0.000173321500741
0.000173317121650
0.000173312699853
0.000173308231518
0.000173303713098
0.000173299141467
0.000173294514045
0.000173289828890
0.000173285084785
0.000173280281282
0.000173275418733
0.000173270498294
0.000173265521896
0.000173260492201
0.000173255412532
0.000173250286778
0.000173245119286
0.000173239914732
0.000173234677980
0.000173229413933
0.000173224127373
0.000173218822814
0.000173213504345
0.000173208175500
0.000173202839135
0.000173197497334
0.000173192151339
0.000173186801516
0.000173181447353
0.000173176087484
0.000173170719762
0.000173165341344
0.000173159948816
0.000173154538334
0.000173149105773
0.000173143646899
0.000173138157526
0.000173132633683
0.000173127071762
0.000173121468656
0.000173115821878
0.000173110129655
0.000173104391006
0.000173098605784
0.000173092774705
0.000173086899340
0.000173080982088
0.000173075026119
0.000173069035296
0.000173063014072
0.000173056967366
0.000173050900424
0.000173044818660
0.000173038727498
0.000173032632197
0.000173026537692
0.000173020448428
0.000173014368223
0.000173008300143
0.000173002246407
0.000172996208323
0.000172990186253
0.000172984179621
0.000172978186950
0.000172972205932
0.000172966233535
0.000172960266124
0.000172954299613
0.000172948329621
0.000172942351647
0.000172936361236
0.000172930354148
0.000172924326513
0.000172918274979
0.000172912196838
0.000172906090131
0.000172899953735
0.000172893787419
0.000172887591882
0.000172881368752
0.000172875120568
0.000172868850727
0.000172862563400
0.000172856263431
0.000172849956205
0.000172843647491
0.000172837343278
0.000172831049592
0.000172824772310
0.000172818516977
0.000172812288633
0.000172806091650
0.000172799929601
0.000172793805151
0.000172787719983
0.000172781674757
0.000172775669112
0.000172769701699
0.000172763770250
0.000172757871682
0.000172752002222
0.000172746157555
0.000172740332994
0.000172734523655
0.000172728724633
0.000172722931188
0.000172717138917
0.000172711343915
