0.000184549750789
0.000184575254293
0.000184600738895
0.000184626210565
0.000184651673824
0.000184677131598
0.000184702585121
0.000184728033892
0.000184753475682
0.000184778906596
0.000184804321168
0.000184829712513
0.000184855072500
0.000184880391962
0.000184905660918
0.000184930868824
0.000184956004819
0.000184981057988
0.000185006017617
0.000185030873445
0.000185055615906
0.000185080236360
0.000185104727302
0.000185129082546
0.000185153297383
0.000185177368703
0.000185201295081
0.000185225076810
0.000185248715901
0.000185272216020
0.000185295582382
0.000185318821596
0.000185341941463
0.000185364950736
0.000185387858846
0.000185410675607
0.000185433410907
0.000185456074399
0.000185478675194
0.000185501221584
0.000185523720783
0.000185546178710
0.000185568599807
0.000185590986914
0.000185613341178
0.000185635662018
0.000185657947136
0.000185680192569
0.000185702392787
0.000185724540818
0.000185746628421
0.000185768646275
0.000185790584200
0.000185812431394
0.000185834176694
0.000185855808842
0.000185877316757
0.000185898689818
0.000185919918131
0.000185940992793
0.000185961906125
0.000185982651891
0.000186003225475
0.000186023624010
0.000186043846469
0.000186063893695
0.000186083768373
0.000186103474954
0.000186123019507
0.000186142409537
0.000186161653742
0.000186180761740
0.000186199743770
0.000186218610368
0.000186237372045
0.000186256038965
0.000186274620638
0.000186293125639
0.000186311561359
0.000186329933787
0.000186348247340
0.000186366504737
0.000186384706914
0.000186402852987
0.000186420940264
0.000186438964296
0.000186456918973
0.000186474796664
0.000186492588387
0.000186510284025
0.000186527872567
0.000186545342381
0.000186562681508
0.000186579877972
0.000186596920100
0.000186613796840
0.000186630498072
0.000186647014898
0.000186663339899
0.000186679467357
0.000186695393424
0.000186711116237
0.000186726635969
0.000186741954823
0.000186757076951
0.000186772008318
0.000186786756512
0.000186801330493
0.000186815740316
0.000186829996812
0.000186844111256
0.000186858095025
0.000186871959260
0.000186885714537
0.000186899370564
0.000186912935902
0.000186926417725
0.000186939821615
0.000186953151401
0.000186966409045
0.000186979594576
0.000186992706069
0.000187005739677
0.000187018689709
0.000187031548761
0.000187044307888
0.000187056956829
0.000187069484265
0.000187081878116
0.000187094125868
0.000187106214920
0.000187118132937
0.000187129868209
0.000187141409993
0.000187152748829
0.000187163876827
0.000187174787898
0.000187185477937
0.000187195944938
0.000187206189042
0.000187216212522
0.000187226019693
0.000187235616764
0.000187245011630
0.000187254213617
0.000187263233186
0.000187272081611
0.000187280770637
0.000187289312131
0.000187297717740
0.000187305998554
0.000187314164797
0.000187322225540
0.000187330188450
0.000187338059574
0.000187345843171
0.000187353541583
0.000187361155161
0.000187368682241
0.000187376119169
0.000187383460383
0.000187390698550
0.000187397824755
0.000187404828732
0.000187411699150
0.000187418423924
0.000187424990567
0.000187431386551
0.000187437599677
0.000187443618439
0.000187449432373
0.000187455032368
0.000187460410939
0.000187465562444
0.000187470483245
0.000187475171801
0.000187479628690
0.000187483856570
0.000187487860071
0.000187491645630
0.000187495221276
0.000187498596366
0.000187501781300
0.000187504787201
0.000187507625589
0.000187510308050
0.000187512845910
0.000187515249920
0.000187517529963
0.000187519694791
0.000187521751779
0.000187523706737
0.000187525563740
0.000187527325021
0.000187528990897
0.000187530559760
0.000187532028109
0.000187533390640
0.000187534640392
0.000187535768939
0.000187536766633
0.000187537622883
0.000187538326472
0.000187538865891
0.000187539229690
0.000187539406828
0.000187539387004
0.000187539160972
0.000187538720812
0.000187538060162
0.000187537174391
0.000187536060715
0.000187534718255
0.000187533148030
0.000187531352896
0.000187529337423
0.000187527107737
0.000187524671311
0.000187522036730
0.000187519213430
0.000187516211426
0.000187513041028
0.000187509712559
0.000187506236079
0.000187502621123
0.000187498876449
0.000187495009817
0.000187491027787
0.000187486935550
0.000187482736794
0.000187478433609
0.000187474026433
0.000187469514043
0.000187464893594
0.000187460160702
0.000187455309582
0.000187450333222
0.000187445223600
0.000187439971931
0.000187434568946
0.000187429005177
0.000187423271255
0.000187417358193
0.000187411257664
0.000187404962239
0.000187398465605
0.000187391762725
0.000187384849968
0.000187377725179
0.000187370387711
0.000187362838400
0.000187355079511
0.000187347114635
0.000187338948560
0.000187330587118
0.000187322037009
0.000187313305614
0.000187304400796
0.000187295330699
0.000187286103547
0.000187276727442
0.000187267210170
0.000187257559018
0.000187247780598
0.000187237880689
0.000187227864101
0.000187217734553
0.000187207494593
0.000187197145533
0.000187186687430
0.000187176119099
0.000187165438161
0.000187154641132
0.000187143723547
0.000187132680109
0.000187121504866
0.000187110191412
0.000187098733086
0.000187087123185
0.000187075355163
0.000187063422822
0.000187051320480
0.000187039043119
0.000187026586496
0.000187013947241
0.000187001122909
0.000186988112016
0.000186974914043
0.000186961529427
0.000186947959522
0.000186934206555
0.000186920273561
0.000186906164317
0.000186891883252
0.000186877435364
0.000186862826120
0.000186848061344
0.000186833147106
0.000186818089597
0.000186802894999
0.000186787569347
0.000186772118400
0.000186756547501
0.000186740861455
0.000186725064412
0.000186709159770
0.000186693150103
0.000186677037099
0.000186660821543
0.000186644503314
0.000186628081416
0.000186611554028
0.000186594918581
0.000186578171851
0.000186561310059
0.000186544328991
0.000186527224110
0.000186509990672
0.000186492623845
0.000186475118810
0.000186457470875
0.000186439675564
0.000186421728717
0.000186403626575
0.000186385365870
0.000186366943908
0.000186348358644
0.000186329608765
0.000186310693749
0.000186291613926
0.000186272370520
0.000186252965671
0.000186233402439
0.000186213684777
0.000186193817482
0.000186173806111
0.000186153656878
0.000186133376512
0.000186112972109
0.000186092450954
0.000186071820341
0.000186051087386
0.000186030258847
0.000186009340945
0.000185988339211
0.000185967258351
0.000185946102125
0.000185924873264
0.000185903573411
0.000185882203080
0.000185860761655
0.000185839247401
0.000185817657508
0.000185795988154
0.000185774234591
0.000185752391251
0.000185730451872
0.000185708409652
0.000185686257410
0.000185663987776
0.000185641593393
0.000185619067130
0.000185596402306
0.000185573592912
0.000185550633832
0.000185527521042
0.000185504251797
0.000185480824783
0.000185457240223
0.000185433499951
0.000185409607423
0.000185385567685
0.000185361387279
0.000185337074104
0.000185312637225
0.000185288086641
0.000185263433023
0.000185238687430
0.000185213861001
0.000185188964659
0.000185164008805
0.000185139003039
0.000185113955898
0.000185088874623
0.000185063764962
0.000185038631014
0.000185013475109
0.000184988297739
0.000184963097533
0.000184937871274
0.000184912613973
0.000184887318988
0.000184861978185
0.000184836582151
0.000184811120450
0.000184785581917
0.000184759954982
0.000184734228021
0.000184708389730
0.000184682429494
0.000184656337754
