0.000250296023878
0.000250331395779
0.000250366534464
0.000250401440532
0.000250436115461
0.000250470561553
0.000250504781838
0.000250538779953
0.000250572559993
0.000250606126354
0.000250639483552
0.000250672636047
0.000250705588065
0.000250738343435
0.000250770905440
0.000250803276688
0.000250835459024
0.000250867453458
0.000250899260144
0.000250930878386
0.000250962306683
0.000250993542813
0.000251024583939
0.000251055426748
0.000251086067605
0.000251116502721
0.000251146728331
0.000251176740856
0.000251206537072
0.000251236114252
0.000251265470287
0.000251294603786
0.000251323514139
0.000251352201551
0.000251380667040
0.000251408912407
0.000251436940165
0.000251464753451
0.000251492355904
0.000251519751525
0.000251546944527
0.000251573939174
0.000251600739614
0.000251627349728
0.000251653772978
0.000251680012288
0.000251706069934
0.000251731947470
0.000251757645689
0.000251783164605
0.000251808503483
0.000251833660889
0.000251858634776
0.000251883422594
0.000251908021419
0.000251932428101
0.000251956639413
0.000251980652206
0.000252004463558
0.000252028070912
0.000252051472194
0.000252074665918
0.000252097651254
0.000252120428079
0.000252142996991
0.000252165359302
0.000252187516988
0.000252209472632
0.000252231229319
0.000252252790534
0.000252274160025
0.000252295341665
0.000252316339311
0.000252337156659
0.000252357797107
0.000252378263638
0.000252398558713
0.000252418684193
0.000252438641287
0.000252458430526
0.000252478051767
0.000252497504231
0.000252516786559
0.000252535896899
0.000252554833008
0.000252573592375
0.000252592172344
0.000252610570248
0.000252628783542
0.000252646809923
0.000252664647444
0.000252682294606
0.000252699750440
0.000252717014557
0.000252734087175
0.000252750969129
0.000252767661846
0.000252784167300
0.000252800487947
0.000252816626633
0.000252832586494
0.000252848370842
0.000252863983040
0.000252879426382
0.000252894703972
0.000252909818618
0.000252924772732
0.000252939568252
0.000252954206593
0.000252968688605
0.000252983014569
0.000252997184216
0.000253011196761
0.000253025050962
0.000253038745206
0.000253052277590
0.000253065646031
0.000253078848367
0.000253091882467
0.000253104746338
0.000253117438219
0.000253129956667
0.000253142300631
0.000253154469510
0.000253166463183
0.000253178282030
0.000253189926926
0.000253201399218
0.000253212700678
0.000253223833442
0.000253234799934
0.000253245602776
0.000253256244693
0.000253266728413
0.000253277056565
0.000253287231592
0.000253297255662
0.000253307130598
0.000253316857828
0.000253326438341
0.000253335872674
0.000253345160914
0.000253354302716
0.000253363297339
0.000253372143704
0.000253380840454
0.000253389386029
0.000253397778749
0.000253406016896
0.000253414098795
0.000253422022901
0.000253429787865
0.000253437392604
0.000253444836351
0.000253452118696
0.000253459239611
0.000253466199456
0.000253472998976
0.000253479639270
0.000253486121758
0.000253492448123
0.000253498620252
0.000253504640163
0.000253510509925
0.000253516231588
0.000253521807101
0.000253527238245
0.000253532526575
0.000253537673365
0.000253542679574
0.000253547545826
0.000253552272393
0.000253556859210
0.000253561305888
0.000253565611747
0.000253569775856
0.000253573797086
0.000253577674164
0.000253581405734
0.000253584990421
0.000253588426896
0.000253591713929
0.000253594850451
0.000253597835597
0.000253600668747
0.000253603349556
0.000253605877966
0.000253608254210
0.000253610478806
0.000253612552534
0.000253614476401
0.000253616251597
0.000253617879449
0.000253619361364
0.000253620698767
0.000253621893050
0.000253622945512
0.000253623857314
0.000253624629434
0.000253625262634
0.000253625757441
0.000253626114129
0.000253626332716
0.000253626412976
0.000253626354451
0.000253626156476
0.000253625818213
0.000253625338688
0.000253624716832
0.000253623951528
0.000253623041657
0.000253621986146
0.000253620784007
0.000253619434380
0.000253617936567
0.000253616290053
0.000253614494528
0.000253612549892
0.000253610456252
0.000253608213908
0.000253605823336
0.000253603285153
0.000253600600087
0.000253597768932
0.000253594792509
0.000253591671624
0.000253588407031
0.000253584999390
0.000253581449243
0.000253577756986
0.000253573922854
0.000253569946911
0.000253565829044
0.000253561568974
0.000253557166259
0.000253552620320
0.000253547930456
0.000253543095872
0.000253538115712
0.000253532989086
0.000253527715107
0.000253522292920
0.000253516721734
0.000253511000847
0.000253505129667
0.000253499107730
0.000253492934706
0.000253486610399
0.000253480134746
0.000253473507797
0.000253466729698
0.000253459800666
0.000253452720961
0.000253445490857
0.000253438110613
0.000253430580442
0.000253422900495
0.000253415070831
0.000253407091415
0.000253398962099
0.000253390682627
0.000253382252636
0.000253373671661
0.000253364939156
0.000253356054500
0.000253347017027
0.000253337826037
0.000253328480829
0.000253318980714
0.000253309325043
0.000253299513223
0.000253289544735
0.000253279419147
0.000253269136119
0.000253258695408
0.000253248096860
0.000253237340401
0.000253226426023
0.000253215353757
0.000253204123652
0.000253192735748
0.000253181190043
0.000253169486469
0.000253157624869
0.000253145604977
0.000253133426405
0.000253121088639
0.000253108591039
0.000253095932848
0.000253083113211
0.000253070131196
0.000253056985819
0.000253043676076
0.000253030200976
0.000253016559570
0.000253002750986
0.000252988774454
0.000252974629330
0.000252960315118
0.000252945831478
0.000252931178232
0.000252916355363
0.000252901363005
0.000252886201418
0.000252870870967
0.000252855372084
0.000252839705229
0.000252823870847
0.000252807869317
0.000252791700913
0.000252775365753
0.000252758863769
0.000252742194671
0.000252725357933
0.000252708352780
0.000252691178197
0.000252673832944
0.000252656315586
0.000252638624533
0.000252620758089
0.000252602714511
0.000252584492065
0.000252566089090
0.000252547504058
0.000252528735627
0.000252509782690
0.000252490644415
0.000252471320271
0.000252451810043
0.000252432113832
0.000252412232045
0.000252392165361
0.000252371914698
0.000252351481150
0.000252330865928
0.000252310070286
0.000252289095441
0.000252267942499
0.000252246612368
0.000252225105695
0.000252203422801
0.000252181563632
0.000252159527728
0.000252137314213
0.000252114921796
0.000252092348800
0.000252069593214
0.000252046652747
0.000252023524914
0.000252000207123
0.000251976696774
0.000251952991353
0.000251929088537
0.000251904986277
0.000251880682888
0.000251856177106
0.000251831468140
0.000251806555702
0.000251781440014
0.000251756121790
0.000251730602198
0.000251704882805
0.000251678965493
0.000251652852369
0.000251626545655
0.000251600047568
0.000251573360209
0.000251546485436
0.000251519424763
0.000251492179259
0.000251464749471
0.000251437135368
0.000251409336314
0.000251381351065
0.000251353177797
0.000251324814161
0.000251296257364
0.000251267504273
0.000251238551537
0.000251209395716
0.000251180033427
0.000251150461479
0.000251120677007
0.000251090677591
0.000251060461360
0.000251030027070
0.000250999374157
0.000250968502761
0.000250937413716
0.000250906108515
0.000250874589241
0.000250842858471
0.000250810919156
0.000250778774483
0.000250746427723
0.000250713882073
0.000250681140499
0.000250648205580
0.000250615079381
0.000250581763329
0.000250548258135
