0.000168832255047
0.000168838282993
0.000168844383923
0.000168850559121
0.000168856808142
0.000168863128830
0.000168869517400
0.000168875968580
0.000168882475786
0.000168889031352
0.000168895626785
0.000168902253038
0.000168908900804
0.000168915560800
0.000168922224054
0.000168928882166
0.000168935527546
0.000168942153623
0.000168948755013
0.000168955327642
0.000168961868833
0.000168968377337
0.000168974853319
0.000168981298307
0.000168987715088
0.000168994107570
0.000169000480610
0.000169006839816
0.000169013191321
0.000169019541552
0.000169025896988
0.000169032263924
0.000169038648244
0.000169045055214
0.000169051489300
0.000169057954014
0.000169064451806
0.000169070983983
0.000169077550682
0.000169084150869
0.000169090782395
0.000169097442071
0.000169104125790
0.000169110828664
0.000169117545189
0.000169124269421
0.000169130995161
0.000169137716141
0.000169144426203
0.000169151119470
0.000169157790505
0.000169164434440
0.000169171047100
0.000169177625083
0.000169184165828
0.000169190667651
0.000169197129751
0.000169203552190
0.000169209935852
0.000169216282370
0.000169222594038
0.000169228873700
0.000169235124629
0.000169241350388
0.000169247554699
0.000169253741290
0.000169259913771
0.000169266075493
0.000169272229442
0.000169278378134
0.000169284523538
0.000169290667017
0.000169296809292
0.000169302950430
0.000169309089851
0.000169315226362
0.000169321358198
0.000169327483088
0.000169333598331
0.000169339700873
0.000169345787398
0.000169351854421
0.000169357898374
0.000169363915696
0.000169369902919
0.000169375856737
0.000169381774087
0.000169387652199
0.000169393488655
0.000169399281427
0.000169405028907
0.000169410729925
0.000169416383755
0.000169421990113
0.000169427549132
0.000169433061338
0.000169438527611
0.000169443949133
0.000169449327331
0.000169454663822
0.000169459960341
0.000169465218680
0.000169470440620
0.000169475627877
0.000169480782038
0.000169485904520
0.000169490996525
0.000169496059011
0.000169501092663
0.000169506097879
0.000169511074761
0.000169516023114
0.000169520942446
0.000169525831980
0.000169530690667
0.000169535517205
0.000169540310062
0.000169545067502
0.000169549787616
0.000169554468362
0.000169559107599
0.000169563703132
0.000169568252760
0.000169572754323
0.000169577205747
0.000169581605095
0.000169585950611
0.000169590240756
0.000169594474248
0.000169598650081
0.000169602767549
0.000169606826255
0.000169610826103
0.000169614767300
0.000169618650328
0.000169622475924
0.000169626245046
0.000169629958840
0.000169633618591
0.000169637225690
0.000169640781579
0.000169644287711
0.000169647745503
0.000169651156290
0.000169654521281
0.000169657841522
0.000169661117853
0.000169664350879
0.000169667540939
0.000169670688085
0.000169673792067
0.000169676852332
0.000169679868021
0.000169682837989
0.000169685760827
0.000169688634896
0.000169691458372
0.000169694229295
0.000169696945629
0.000169699605318
0.000169702206351
0.000169704746819
0.000169707224971
0.000169709639266
0.000169711988411
0.000169714271397
0.000169716487515
0.000169718636373
0.000169720717890
0.000169722732293
0.000169724680093
0.000169726562061
0.000169728379191
0.000169730132666
0.000169731823807
0.000169733454034
0.000169735024811
0.000169736537599
0.000169737993808
0.000169739394746
0.000169740741579
0.000169742035286
0.000169743276626
0.000169744466114
0.000169745603994
0.000169746690237
0.000169747724536
0.000169748706319
0.000169749634768
0.000169750508850
0.000169751327361
0.000169752088962
0.000169752792239
0.000169753435749
0.000169754018079
0.000169754537887
0.000169754993955
0.000169755385222
0.000169755710813
0.000169755970063
0.000169756162525
0.000169756287970
0.000169756346384
0.000169756337949
0.000169756263024
0.000169756122118
0.000169755915862
0.000169755644978
0.000169755310245
0.000169754912469
0.000169754452452
0.000169753930965
0.000169753348721
0.000169752706355
0.000169752004402
0.000169751243290
0.000169750423324
0.000169749544687
0.000169748607442
0.000169747611538
0.000169746556828
0.000169745443082
0.000169744270017
0.000169743037319
0.000169741744675
0.000169740391800
0.000169738978465
0.000169737504518
0.000169735969908
0.000169734374689
0.000169732719032
0.000169731003213
0.000169729227606
0.000169727392659
0.000169725498873
0.000169723546766
0.000169721536843
0.000169719469563
0.000169717345304
0.000169715164339
0.000169712926810
0.000169710632713
0.000169708281894
0.000169705874042
0.000169703408703
0.000169700885294
0.000169698303128
0.000169695661437
0.000169692959416
0.000169690196251
0.000169687371166
0.000169684483463
0.000169681532561
0.000169678518041
0.000169675439675
0.000169672297467
0.000169669091673
0.000169665822824
0.000169662491733
0.000169659099498
0.000169655647489
0.000169652137324
0.000169648570836
0.000169644950025
0.000169641277002
0.000169637553920
0.000169633782904
0.000169629965972
0.000169626104961
0.000169622201451
0.000169618256699
0.000169614271582
0.000169610246554
0.000169606181616
0.000169602076310
0.000169597929720
0.000169593740505
0.000169589506939
0.000169585226973
0.000169580898308
0.000169576518482
0.000169572084964
0.000169567595253
0.000169563046979
0.000169558438003
0.000169553766508
0.000169549031088
0.000169544230821
0.000169539365327
0.000169534434813
0.000169529440101
0.000169524382628
0.000169519264435
0.000169514088128
0.000169508856820
0.000169503574052
0.000169498243696
0.000169492869846
0.000169487456686
0.000169482008364
0.000169476528851
0.000169471021808
0.000169465490457
0.000169459937466
0.000169454364852
0.000169448773903
0.000169443165128
0.000169437538237
0.000169431892143
0.000169426225002
0.000169420534277
0.000169414816830
0.000169409069037
0.000169403286921
0.000169397466302
0.000169391602955
0.000169385692769
0.000169379731907
0.000169373716962
0.000169367645091
0.000169361514139
0.000169355322745
0.000169349070411
0.000169342757554
0.000169336385526
0.000169329956599
0.000169323473919
0.000169316941439
0.000169310363806
0.000169303746237
0.000169297094364
0.000169290414066
0.000169283711281
0.000169276991822
0.000169270261189
0.000169263524383
0.000169256785747
0.000169250048817
0.000169243316206
0.000169236589517
0.000169229869295
0.000169223155012
0.000169216445096
0.000169209736992
0.000169203027264
0.000169196311726
0.000169189585600
0.000169182843698
0.000169176080618
0.000169169290944
0.000169162469452
0.000169155611313
0.000169148712270
0.000169141768814
0.000169134778321
0.000169127739170
0.000169120650820
0.000169113513860
0.000169106330012
0.000169099102107
0.000169091834013
0.000169084530536
0.000169077197279
0.000169069840485
0.000169062466843
0.000169055083284
0.000169047696768
0.000169040314062
0.000169032941530
0.000169025584925
0.000169018249217
0.000169010938431
0.000169003655530
0.000168996402331
0.000168989179460
0.000168981986353
0.000168974821296
0.000168967681509
0.000168960563264
0.000168953462037
0.000168946372686
0.000168939289654
0.000168932207177
0.000168925119505
0.000168918021117
0.000168910906928
0.000168903772481
0.000168896614116
0.000168889429110
0.000168882215789
0.000168874973603
0.000168867703163
0.000168860406240
0.000168853085726
0.000168845745559
0.000168838390610
0.000168831026540
0.000168823659634
0.000168816296607
0.000168808944403
0.000168801609978
