0.000475314217024
0.000475251917316
0.000475195580531
0.000475145258661
0.000475101002808
0.000475062863047
0.000475030888294
0.000475005126186
0.000474985622963
0.000474972423361
0.000474965570516
0.000474965105864
0.000474971069055
0.000474983497863
0.000475002428102
0.000475027893536
0.000475059925800
0.000475098554303
0.000475143806145
0.000475195706019
0.000475254276122
0.000475319536056
0.000475391502737
0.000475470190302
0.000475555610017
0.000475647770194
0.000475746676113
0.000475852329950
0.000475964730713
0.000476083874190
0.000476209752905
0.000476342356083
0.000476481669624
0.000476627676085
0.000476780354670
0.000476939681225
0.000477105628235
0.000477278164826
0.000477457256768
0.000477642866474
0.000477834953003
0.000478033472059
0.000478238375987
0.000478449613767
0.000478667131012
0.000478890869964
0.000479120769484
0.000479356765061
0.000479598788809
0.000479846769479
0.000480100632480
0.000480360299900
0.000480625690547
0.000480896719987
0.000481173300606
0.000481455341665
0.000481742749373
0.000482035426967
0.000482333274790
0.000482636190374
0.000482944068533
0.000483256801440
0.000483574278719
0.000483896387521
0.000484223012605
0.000484554036407
0.000484889339118
0.000485228798741
0.000485572291160
0.000485919690206
0.000486270867711
0.000486625693582
0.000486984035864
0.000487345760813
0.000487710732978
0.000488078815283
0.000488449869123
0.000488823754461
0.000489200329939
0.000489579452991
0.000489960979961
0.000490344766227
0.000490730666329
0.000491118534090
0.000491508222746
0.000491899585064
0.000492292473467
0.000492686740136
0.000493082237125
0.000493478816461
0.000493876330229
0.000494274630669
0.000494673570251
0.000495073001754
0.000495472778343
0.000495872753635
0.000496272781777
0.000496672717519
0.000497072416288
0.000497471734266
0.000497870528480
0.000498268656886
0.000498665978463
0.000499062353314
0.000499457642762
0.000499851709460
0.000500244417494
0.000500635632486
0.000501025221702
0.000501413054149
0.000501799000667
0.000502182934024
0.000502564728992
0.000502944262418
0.000503321413295
0.000503696062807
0.000504068094384
0.000504437393735
0.000504803848886
0.000505167350200
0.000505527790408
0.000505885064625
0.000506239070375
0.000506589707609
0.000506936878731
0.000507280488628
0.000507620444694
0.000507956656871
0.000508289037681
0.000508617502272
0.000508941968456
0.000509262356756
0.000509578590445
0.000509890595587
0.000510198301069
0.000510501638637
0.000510800542911
0.000511094951403
0.000511384804522
0.000511670045568
0.000511950620722
0.000512226479021
0.000512497572334
0.000512763855320
0.000513025285393
0.000513281822680
0.000513533429969
0.000513780072672
0.000514021718779
0.000514258338814
0.000514489905802
0.000514716395230
0.000514937785024
0.000515154055513
0.000515365189414
0.000515571171801
0.000515771990091
0.000515967634015
0.000516158095597
0.000516343369128
0.000516523451126
0.000516698340306
0.000516868037532
0.000517032545768
0.000517191870022
0.000517346017283
0.000517494996452
0.000517638818272
0.000517777495252
0.000517911041588
0.000518039473086
0.000518162807083
0.000518281062367
0.000518394259109
0.000518502418781
0.000518605564096
0.000518703718935
0.000518796908289
0.000518885158201
0.000518968495706
0.000519046948778
0.000519120546280
0.000519189317909
0.000519253294149
0.000519312506213
0.000519366985996
0.000519416766017
0.000519461879366
0.000519502359643
0.000519538240900
0.000519569557581
0.000519596344458
0.000519618636568
0.000519636469150
0.000519649877580
0.000519658897310
0.000519663563802
0.000519663912475
0.000519659978641
0.000519651797450
0.000519639403842
0.000519622832492
0.000519602117764
0.000519577293672
0.000519548393835
0.000519515451439
0.000519478499207
0.000519437569363
0.000519392693604
0.000519343903074
0.000519291228336
0.000519234699351
0.000519174345455
0.000519110195340
0.000519042277032
0.000518970617877
0.000518895244522
0.000518816182902
0.000518733458224
0.000518647094956
0.000518557116817
0.000518463546766
0.000518366406996
0.000518265718930
0.000518161503214
0.000518053779717
0.000517942567535
0.000517827884987
0.000517709749627
0.000517588178243
0.000517463186873
0.000517334790813
0.000517203004627
0.000517067842170
0.000516929316596
0.000516787440386
0.000516642225362
0.000516493682719
0.000516341823045
0.000516186656357
0.000516028192125
0.000515866439315
0.000515701406421
0.000515533101505
0.000515361532243
0.000515186705967
0.000515008629711
0.000514827310261
0.000514642754203
0.000514454967973
0.000514263957905
0.000514069730283
0.000513872291386
0.000513671647537
0.000513467805149
0.000513260770766
0.000513050551110
0.000512837153120
0.000512620583990
0.000512400851214
0.000512177962627
0.000511951926440
0.000511722751290
0.000511490446284
0.000511255021045
0.000511016485766
0.000510774851269
0.000510530129057
0.000510282331383
0.000510031471315
0.000509777562801
0.000509520620745
0.000509260661071
0.000508997700798
0.000508731758105
0.000508462852398
0.000508191004367
0.000507916236044
0.000507638570855
0.000507358033657
0.000507074650781
0.000506788450064
0.000506499460870
0.000506207714117
0.000505913242295
0.000505616079480
0.000505316261354
0.000505013825219
0.000504708810021
0.000504401256366
0.000504091206553
0.000503778704601
0.000503463796287
0.000503146529185
0.000502826952710
0.000502505118164
0.000502181078785
0.000501854889789
0.000501526608422
0.000501196293993
0.000500864007913
0.000500529813721
0.000500193777106
0.000499855965910
0.000499516450136
0.000499175301935
0.000498832595585
0.000498488407472
0.000498142816048
0.000497795901802
0.000497447747212
0.000497098436709
0.000496748056629
0.000496396695181
0.000496044442408
0.000495691390157
0.000495337632055
0.000494983263495
0.000494628381615
0.000494273085297
0.000493917475158
0.000493561653546
0.000493205724540
0.000492849793942
0.000492493969263
0.000492138359714
0.000491783076176
0.000491428231167
0.000491073938800
0.000490720314727
0.000490367476072
0.000490015541363
0.000489664630443
0.000489314864383
0.000488966365388
0.000488619256696
0.000488273662488
0.000487929707783
0.000487587518351
0.000487247220625
0.000486908941621
0.000486572808864
0.000486238950321
0.000485907494348
0.000485578569635
0.000485252305161
0.000484928830153
0.000484608274041
0.000484290766423
0.000483976437015
0.000483665415609
0.000483357832011
0.000483053815982
0.000482753497167
0.000482457005014
0.000482164468681
0.000481876016945
0.000481591778091
0.000481311879805
0.000481036449061
0.000480765612006
0.000480499493851
0.000480238218757
0.000479981909736
0.000479730688554
0.000479484675648
0.000479243990043
0.000479008749293
0.000478779069418
0.000478555064859
0.000478336848437
0.000478124531316
0.000477918222971
0.000477718031161
0.000477524061894
0.000477336419393
0.000477155206058
0.000476980522421
0.000476812467098
0.000476651136724
0.000476496625896
0.000476349027099
0.000476208430635
0.000476074924548
0.000475948594546
0.000475829523931
0.000475717793532
0.000475613481637
0.000475516663947
0.000475427413532
0.000475345800792
0.000475271893443
0.000475205756501
0.000475147452281
0.000475097040405
0.000475054577815
0.000475020118789
0.000474993714964
0.000474975415358
0.000474965266386
0.000474963311883
