0.000170353924910
0.000170364104047
0.000170374339260
0.000170384626446
0.000170394960088
0.000170405333411
0.000170415738580
0.000170426166934
0.000170436609242
0.000170447055975
0.000170457497584
0.000170467924770
0.000170478328738
0.000170488701440
0.000170499035772
0.000170509325755
0.000170519566670
0.000170529755163
0.000170539889300
0.000170549968600
0.000170559994014
0.000170569967878
0.000170579893828
0.000170589776674
0.000170599622255
0.000170609437247
0.000170619228962
0.000170629005110
0.000170638773555
0.000170648542054
0.000170658317995
0.000170668108147
0.000170677918418
0.000170687753641
0.000170697617395
0.000170707511867
0.000170717437756
0.000170727394238
0.000170737378975
0.000170747388176
0.000170757416718
0.000170767458293
0.000170777505607
0.000170787550598
0.000170797584672
0.000170807598960
0.000170817584559
0.000170827532786
0.000170837435397
0.000170847284810
0.000170857074283
0.000170866798084
0.000170876451618
0.000170886031529
0.000170895535775
0.000170904963658
0.000170914315827
0.000170923594248
0.000170932802133
0.000170941943835
0.000170951024712
0.000170960050954
0.000170969029388
0.000170977967248
0.000170986871943
0.000170995750801
0.000171004610819
0.000171013458423
0.000171022299240
0.000171031137902
0.000171039977883
0.000171048821377
0.000171057669221
0.000171066520866
0.000171075374395
0.000171084226589
0.000171093073028
0.000171101908235
0.000171110725839
0.000171119518767
0.000171128279446
0.000171137000017
0.000171145672542
0.000171154289213
0.000171162842553
0.000171171325597
0.000171179732070
0.000171188056534
0.000171196294522
0.000171204442646
0.000171212498679
0.000171220461611
0.000171228331666
0.000171236110292
0.000171243800114
0.000171251404850
0.000171258929187
0.000171266378634
0.000171273759333
0.000171281077858
0.000171288340988
0.000171295555478
0.000171302727825
0.000171309864047
0.000171316969482
0.000171324048609
0.000171331104904
0.000171338140733
0.000171345157284
0.000171352154538
0.000171359131282
0.000171366085157
0.000171373012734
0.000171379909627
0.000171386770615
0.000171393589796
0.000171400360740
0.000171407076664
0.000171413730601
0.000171420315577
0.000171426824788
0.000171433251772
0.000171439590569
0.000171445835884
0.000171451983224
0.000171458029024
0.000171463970748
0.000171469806963
0.000171475537386
0.000171481162888
0.000171486685471
0.000171492108199
0.000171497435098
0.000171502671018
0.000171507821467
0.000171512892421
0.000171517890124
0.000171522820869
0.000171527690793
0.000171532505672
0.000171537270740
0.000171541990524
0.000171546668715
0.000171551308059
0.000171555910294
0.000171560476104
0.000171565005116
0.000171569495917
0.000171573946101
0.000171578352339
0.000171582710468
0.000171587015600
0.000171591262244
0.000171595444448
0.000171599555946
0.000171603590324
0.000171607541184
0.000171611402322
0.000171615167901
0.000171618832619
0.000171622391872
0.000171625841894
0.000171629179879
0.000171632404073
0.000171635513836
0.000171638509656
0.000171641393143
0.000171644166962
0.000171646834743
0.000171649400955
0.000171651870746
0.000171654249765
0.000171656543977
0.000171658759456
0.000171660902198
0.000171662977928
0.000171664991933
0.000171666948906
0.000171668852815
0.000171670706803
0.000171672513100
0.000171674272978
0.000171675986712
0.000171677653585
0.000171679271897
0.000171680839018
0.000171682351442
0.000171683804882
0.000171685194379
0.000171686514426
0.000171687759125
0.000171688922346
0.000171689997914
0.000171690979788
0.000171691862257
0.000171692640119
0.000171693308858
0.000171693864793
0.000171694305204
0.000171694628430
0.000171694833916
0.000171694922238
0.000171694895071
0.000171694755128
0.000171694506058
0.000171694152317
0.000171693699009
0.000171693151713
0.000171692516300
0.000171691798746
0.000171691004948
0.000171690140549
0.000171689210778
0.000171688220306
0.000171687173118
0.000171686072413
0.000171684920518
0.000171683718830
0.000171682467774
0.000171681166800
0.000171679814384
0.000171678408073
0.000171676944543
0.000171675419695
0.000171673828766
0.000171672166475
0.000171670427179
0.000171668605057
0.000171666694299
0.000171664689306
0.000171662584874
0.000171660376388
0.000171658059975
0.000171655632648
0.000171653092404
0.000171650438297
0.000171647670459
0.000171644790094
0.000171641799417
0.000171638701577
0.000171635500528
0.000171632200899
0.000171628807826
0.000171625326789
0.000171621763432
0.000171618123400
0.000171614412167
0.000171610634888
0.000171606796256
0.000171602900379
0.000171598950676
0.000171594949786
0.000171590899505
0.000171586800739
0.000171582653484
0.000171578456823
0.000171574208960
0.000171569907270
0.000171565548383
0.000171561128291
0.000171556642481
0.000171552086088
0.000171547454069
0.000171542741379
0.000171537943162
0.000171533054924
0.000171528072708
0.000171522993238
0.000171517814037
0.000171512533522
0.000171507151051
0.000171501666940
0.000171496082438
0.000171490399675
0.000171484621570
0.000171478751719
0.000171472794266
0.000171466753758
0.000171460634994
0.000171454442876
0.000171448182264
0.000171441857839
0.000171435473977
0.000171429034634
0.000171422543255
0.000171416002686
0.000171409415112
0.000171402782010
0.000171396104117
0.000171389381422
0.000171382613176
0.000171375797927
0.000171368933575
0.000171362017451
0.000171355046417
0.000171348016986
0.000171340925461
0.000171333768079
0.000171326541165
0.000171319241285
0.000171311865387
0.000171304410927
0.000171296875977
0.000171289259299
0.000171281560396
0.000171273779523
0.000171265917671
0.000171257976519
0.000171249958360
0.000171241866004
0.000171233702672
0.000171225471872
0.000171217177279
0.000171208822614
0.000171200411537
0.000171191947536
0.000171183433845
0.000171174873366
0.000171166268608
0.000171157621641
0.000171148934060
0.000171140206967
0.000171131440961
0.000171122636144
0.000171113792140
0.000171104908125
0.000171095982874
0.000171087014822
0.000171078002134
0.000171068942797
0.000171059834714
0.000171050675809
0.000171041464130
0.000171032197954
0.000171022875885
0.000171013496930
0.000171004060563
0.000170994566767
0.000170985016045
0.000170975409407
0.000170965748336
0.000170956034721
0.000170946270784
0.000170936458980
0.000170926601900
0.000170916702167
0.000170906762339
0.000170896784824
0.000170886771802
0.000170876725170
0.000170866646504
0.000170856537034
0.000170846397641
0.000170836228869
0.000170826030937
0.000170815803782
0.000170805547084
0.000170795260318
0.000170784942796
0.000170774593718
0.000170764212226
0.000170753797456
0.000170743348597
0.000170732864953
0.000170722345994
0.000170711791422
0.000170701201216
0.000170690575684
0.000170679915492
0.000170669221687
0.000170658495696
0.000170647739311
0.000170636954647
0.000170626144085
0.000170615310195
0.000170604455643
0.000170593583087
0.000170582695074
0.000170571793934
0.000170560881688
0.000170549959969
0.000170539029959
0.000170528092360
0.000170517147377
0.000170506194739
0.000170495233734
0.000170484263273
0.000170473281963
0.000170462288197
0.000170451280250
0.000170440256376
0.000170429214905
0.000170418154329
0.000170407073387
0.000170395971139
0.000170384847021
0.000170373700900
0.000170362533111
0.000170351344480
0.000170340136343
0.000170328910538
