0.000438315031529
0.000438302134208
0.000438294540403
0.000438292262409
0.000438295310498
0.000438303692876
0.000438317415655
0.000438336482831
0.000438360896274
0.000438390655732
0.000438425758831
0.000438466201097
0.000438511975971
0.000438563074834
0.000438619487023
0.000438681199854
0.000438748198637
0.000438820466678
0.000438897985288
0.000438980733768
0.000439068689398
0.000439161827413
0.000439260120973
0.000439363541130
0.000439472056796
0.000439585634706
0.000439704239394
0.000439827833162
0.000439956376075
0.000440089825952
0.000440228138380
0.000440371266737
0.000440519162227
0.000440671773929
0.000440829048861
0.000440990932046
0.000441157366589
0.000441328293756
0.000441503653051
0.000441683382292
0.000441867417683
0.000442055693870
0.000442248143993
0.000442444699725
0.000442645291296
0.000442849847510
0.000443058295746
0.000443270561954
0.000443486570649
0.000443706244894
0.000443929506293
0.000444156274985
0.000444386469643
0.000444620007493
0.000444856804336
0.000445096774593
0.000445339831359
0.000445585886479
0.000445834850633
0.000446086633433
0.000446341143531
0.000446598288734
0.000446857976115
0.000447120112128
0.000447384602713
0.000447651353397
0.000447920269373
0.000448191255575
0.000448464216732
0.000448739057406
0.000449015682015
0.000449293994845
0.000449573900049
0.000449855301637
0.000450138103462
0.000450422209214
0.000450707522406
0.000450993946381
0.000451281384318
0.000451569739264
0.000451858914176
0.000452148811979
0.000452439335642
0.000452730388271
0.000453021873210
0.000453313694154
0.000453605755268
0.000453897961301
0.000454190217707
0.000454482430747
0.000454774507585
0.000455066356370
0.000455357886300
0.000455649007659
0.000455939631853
0.000456229671410
0.000456519039973
0.000456807652279
0.000457095424132
0.000457382272359
0.000457668114785
0.000457952870192
0.000458236458302
0.000458518799764
0.000458799816158
0.000459079430013
0.000459357564849
0.000459634145228
0.000459909096824
0.000460182346503
0.000460453822414
0.000460723454082
0.000460991172503
0.000461256910231
0.000461520601462
0.000461782182096
0.000462041589791
0.000462298763997
0.000462553645965
0.000462806178745
0.000463056307161
0.000463303977771
0.000463549138816
0.000463791740156
0.000464031733210
0.000464269070886
0.000464503707526
0.000464735598850
0.000464964701917
0.000465190975103
0.000465414378086
0.000465634871858
0.000465852418740
0.000466066982425
0.000466278528015
0.000466487022081
0.000466692432714
0.000466894729583
0.000467093883983
0.000467289868878
0.000467482658930
0.000467672230511
0.000467858561706
0.000468041632289
0.000468221423691
0.000468397918950
0.000468571102642
0.000468740960818
0.000468907480913
0.000469070651671
0.000469230463058
0.000469386906191
0.000469539973266
0.000469689657501
0.000469835953093
0.000469978855183
0.000470118359842
0.000470254464066
0.000470387165780
0.000470516463855
0.000470642358130
0.000470764849431
0.000470883939599
0.000470999631504
0.000471111929056
0.000471220837210
0.000471326361953
0.000471428510279
0.000471527290159
0.000471622710487
0.000471714781025
0.000471803512331
0.000471888915687
0.000471971003021
0.000472049786824
0.000472125280080
0.000472197496187
0.000472266448902
0.000472332152283
0.000472394620646
0.000472453868539
0.000472509910715
0.000472562762129
0.000472612437932
0.000472658953480
0.000472702324341
0.000472742566304
0.000472779695390
0.000472813727857
0.000472844680198
0.000472872569130
0.000472897411583
0.000472919224666
0.000472938025638
0.000472953831860
0.000472966660749
0.000472976529722
0.000472983456142
0.000472987457260
0.000472988550162
0.000472986751720
0.000472982078553
0.000472974546989
0.000472964173044
0.000472950972406
0.000472934960428
0.000472916152129
0.000472894562207
0.000472870205046
0.000472843094738
0.000472813245097
0.000472780669671
0.000472745381760
0.000472707394419
0.000472666720457
0.000472623372436
0.000472577362652
0.000472528703123
0.000472477405563
0.000472423481354
0.000472366941518
0.000472307796692
0.000472246057101
0.000472181732534
0.000472114832334
0.000472045365388
0.000471973340128
0.000471898764538
0.000471821646174
0.000471741992188
0.000471659809357
0.000471575104118
0.000471487882606
0.000471398150690
0.000471305914009
0.000471211178004
0.000471113947942
0.000471014228939
0.000470912025971
0.000470807343880
0.000470700187375
0.000470590561027
0.000470478469255
0.000470363916322
0.000470246906318
0.000470127443155
0.000470005530559
0.000469881172075
0.000469754371077
0.000469625130784
0.000469493454289
0.000469359344593
0.000469222804655
0.000469083837438
0.000468942445970
0.000468798633402
0.000468652403068
0.000468503758547
0.000468352703716
0.000468199242799
0.000468043380407
0.000467885121573
0.000467724471772
0.000467561436935
0.000467396023454
0.000467228238180
0.000467058088413
0.000466885581895
0.000466710726795
0.000466533531701
0.000466354005613
0.000466172157947
0.000465987998544
0.000465801537688
0.000465612786137
0.000465421755165
0.000465228456606
0.000465032902922
0.000464835107258
0.000464635083516
0.000464432846424
0.000464228411604
0.000464021795638
0.000463813016122
0.000463602091717
0.000463389042184
0.000463173888409
0.000462956652419
0.000462737357379
0.000462516027583
0.000462292688438
0.000462067366432
0.000461840089113
0.000461610885053
0.000461379783819
0.000461146815954
0.000460912012955
0.000460675407272
0.000460437032306
0.000460196922429
0.000459955113010
0.000459711640448
0.000459466542225
0.000459219856955
0.000458971624443
0.000458721885745
0.000458470683222
0.000458218060591
0.000457964062975
0.000457708736924
0.000457452130446
0.000457194293004
0.000456935275513
0.000456675130316
0.000456413911146
0.000456151673084
0.000455888472499
0.000455624366995
0.000455359415342
0.000455093677421
0.000454827214163
0.000454560087504
0.000454292360342
0.000454024096513
0.000453755360773
0.000453486218795
0.000453216737179
0.000452946983472
0.000452677026192
0.000452406934866
0.000452136780059
0.000451866633413
0.000451596567671
0.000451326656703
0.000451056975513
0.000450787600237
0.000450518608127
0.000450250077518
0.000449982087784
0.000449714719274
0.000449448053243
0.000449182171771
0.000448917157673
0.000448653094411
0.000448390066006
0.000448128156947
0.000447867452119
0.000447608036733
0.000447349996263
0.000447093416413
0.000446838383074
0.000446584982314
0.000446333300369
0.000446083423644
0.000445835438722
0.000445589432379
0.000445345491598
0.000445103703573
0.000444864155720
0.000444626935668
0.000444392131246
0.000444159830448
0.000443930121396
0.000443703092282
0.000443478831299
0.000443257426559
0.000443038966009
0.000442823537332
0.000442611227852
0.000442402124438
0.000442196313409
0.000441993880448
0.000441794910524
0.000441599487829
0.000441407695717
0.000441219616672
0.000441035332270
0.000440854923168
0.000440678469098
0.000440506048861
0.000440337740342
0.000440173620509
0.000440013765428
0.000439858250263
0.000439707149272
0.000439560535800
0.000439418482254
0.000439281060076
0.000439148339695
0.000439020390480
0.000438897280674
0.000438779077328
0.000438665846226
0.000438557651809
0.000438454557099
0.000438356623627
0.000438263911371
0.000438176478690
0.000438094382282
0.000438017677144
0.000437946416546
