0.000220675133559
0.000220692357371
0.000220709508467
0.000220726585797
0.000220743588937
0.000220760518106
0.000220777374152
0.000220794158523
0.000220810873193
0.000220827520577
0.000220844103425
0.000220860624689
0.000220877087394
0.000220893494489
0.000220909848715
0.000220926152465
0.000220942407670
0.000220958615697
0.000220974777268
0.000220990892414
0.000221006960443
0.000221022979952
0.000221038948861
0.000221054864472
0.000221070723565
0.000221086522503
0.000221102257367
0.000221117924099
0.000221133518654
0.000221149037157
0.000221164476050
0.000221179832232
0.000221195103184
0.000221210287067
0.000221225382793
0.000221240390070
0.000221255309407
0.000221270142084
0.000221284890097
0.000221299556062
0.000221314143094
0.000221328654664
0.000221343094444
0.000221357466133
0.000221371773293
0.000221386019180
0.000221400206597
0.000221414337762
0.000221428414198
0.000221442436661
0.000221456405090
0.000221470318601
0.000221484175509
0.000221497973382
0.000221511709133
0.000221525379134
0.000221538979355
0.000221552505519
0.000221565953268
0.000221579318339
0.000221592596728
0.000221605784852
0.000221618879689
0.000221631878901
0.000221644780919
0.000221657585008
0.000221670291286
0.000221682900707
0.000221695415014
0.000221707836652
0.000221720168650
0.000221732414480
0.000221744577896
0.000221756662764
0.000221768672881
0.000221780611807
0.000221792482701
0.000221804288183
0.000221816030212
0.000221827710001
0.000221839327958
0.000221850883670
0.000221862375910
0.000221873802690
0.000221885161336
0.000221896448599
0.000221907660784
0.000221918793900
0.000221929843819
0.000221940806448
0.000221951677889
0.000221962454598
0.000221973133525
0.000221983712236
0.000221994189006
0.000222004562882
0.000222014833709
0.000222025002128
0.000222035069532
0.000222045037992
0.000222054910154
0.000222064689110
0.000222074378249
0.000222083981104
0.000222093501181
0.000222102941805
0.000222112305968
0.000222121596200
0.000222130814453
0.000222139962023
0.000222149039495
0.000222158046722
0.000222166982832
0.000222175846273
0.000222184634881
0.000222193345971
0.000222201976457
0.000222210522978
0.000222218982044
0.000222227350174
0.000222235624046
0.000222243800631
0.000222251877311
0.000222259851987
0.000222267723156
0.000222275489964
0.000222283152231
0.000222290710444
0.000222298165719
0.000222305519741
0.000222312774668
0.000222319933027
0.000222326997585
0.000222333971219
0.000222340856775
0.000222347656937
0.000222354374109
0.000222361010300
0.000222367567046
0.000222374045340
0.000222380445600
0.000222386767657
0.000222393010767
0.000222399173660
0.000222405254596
0.000222411251449
0.000222417161806
0.000222422983073
0.000222428712591
0.000222434347747
0.000222439886089
0.000222445325424
0.000222450663912
0.000222455900134
0.000222461033150
0.000222466062526
0.000222470988343
0.000222475811179
0.000222480532073
0.000222485152460
0.000222489674095
0.000222494098963
0.000222498429169
0.000222502666839
0.000222506814012
0.000222510872540
0.000222514844004
0.000222518729637
0.000222522530274
0.000222526246317
0.000222529877727
0.000222533424029
0.000222536884347
0.000222540257451
0.000222543541822
0.000222546735728
0.000222549837304
0.000222552844647
0.000222555755896
0.000222558569324
0.000222561283407
0.000222563896897
0.000222566408869
0.000222568818762
0.000222571126398
0.000222573331984
0.000222575436094
0.000222577439640
0.000222579343816
0.000222581150039
0.000222582859870
0.000222584474936
0.000222585996846
0.000222587427104
0.000222588767031
0.000222590017702
0.000222591179887
0.000222592254017
0.000222593240157
0.000222594138013
0.000222594946942
0.000222595665993
0.000222596293952
0.000222596829408
0.000222597270821
0.000222597616604
0.000222597865194
0.000222598015132
0.000222598065135
0.000222598014149
0.000222597861406
0.000222597606457
0.000222597249196
0.000222596789861
0.000222596229028
0.000222595567585
0.000222594806690
0.000222593947722
0.000222592992210
0.000222591941770
0.000222590798022
0.000222589562511
0.000222588236635
0.000222586821575
0.000222585318230
0.000222583727175
0.000222582048626
0.000222580282429
0.000222578428062
0.000222576484659
0.000222574451049
0.000222572325813
0.000222570107348
0.000222567793947
0.000222565383876
0.000222562875462
0.000222560267164
0.000222557557652
0.000222554745869
0.000222551831076
0.000222548812893
0.000222545691318
0.000222542466727
0.000222539139867
0.000222535711825
0.000222532183984
0.000222528557971
0.000222524835587
0.000222521018735
0.000222517109341
0.000222513109269
0.000222509020243
0.000222504843772
0.000222500581081
0.000222496233055
0.000222491800201
0.000222487282622
0.000222482680007
0.000222477991651
0.000222473216478
0.000222468353093
0.000222463399845
0.000222458354898
0.000222453216317
0.000222447982153
0.000222442650528
0.000222437219723
0.000222431688251
0.000222426054922
0.000222420318895
0.000222414479717
0.000222408537345
0.000222402492149
0.000222396344898
0.000222390096741
0.000222383749158
0.000222377303906
0.000222370762957
0.000222364128424
0.000222357402478
0.000222350587265
0.000222343684830
0.000222336697029
0.000222329625464
0.000222322471416
0.000222315235796
0.000222307919111
0.000222300521445
0.000222293042457
0.000222285481402
0.000222277837161
0.000222270108294
0.000222262293105
0.000222254389710
0.000222246396123
0.000222238310340
0.000222230130418
0.000222221854562
0.000222213481192
0.000222205009014
0.000222196437067
0.000222187764763
0.000222178991918
0.000222170118758
0.000222161145913
0.000222152074409
0.000222142905625
0.000222133641256
0.000222124283256
0.000222114833772
0.000222105295071
0.000222095669467
0.000222085959234
0.000222076166534
0.000222066293333
0.000222056341340
0.000222046311940
0.000222036206147
0.000222026024575
0.000222015767412
0.000222005434424
0.000221995024966
0.000221984538014
0.000221973972207
0.000221963325904
0.000221952597255
0.000221941784268
0.000221930884891
0.000221919897092
0.000221908818938
0.000221897648667
0.000221886384762
0.000221875026011
0.000221863571558
0.000221852020945
0.000221840374141
0.000221828631554
0.000221816794035
0.000221804862861
0.000221792839706
0.000221780726594
0.000221768525845
0.000221756240000
0.000221743871742
0.000221731423809
0.000221718898902
0.000221706299589
0.000221693628220
0.000221680886841
0.000221668077121
0.000221655200297
0.000221642257124
0.000221629247854
0.000221616172224
0.000221603029472
0.000221589818358
0.000221576537220
0.000221563184029
0.000221549756470
0.000221536252028
0.000221522668084
0.000221509002020
0.000221495251320
0.000221481413679
0.000221467487100
0.000221453469987
0.000221439361227
0.000221425160252
0.000221410867092
0.000221396482395
0.000221382007438
0.000221367444102
0.000221352794825
0.000221338062542
0.000221323250587
0.000221308362588
0.000221293402346
0.000221278373696
0.000221263280377
0.000221248125891
0.000221232913374
0.000221217645478
0.000221202324270
0.000221186951154
0.000221171526813
0.000221156051178
0.000221140523434
0.000221124942040
0.000221109304794
0.000221093608906
0.000221077851115
0.000221062027810
0.000221046135180
0.000221030169368
0.000221014126637
0.000220998003530
0.000220981797032
0.000220965504713
0.000220949124855
0.000220932656550
0.000220916099779
