0.000492218935479
0.000492082031110
0.000491951078811
0.000491826147160
0.000491707305137
0.000491594621954
0.000491488166882
0.000491388009089
0.000491294217483
0.000491206860553
0.000491126006219
0.000491051721672
0.000490984073220
0.000490923126130
0.000490868944465
0.000490821590920
0.000490781126653
0.000490747611119
0.000490721101902
0.000490701654544
0.000490689322384
0.000490684156397
0.000490686205046
0.000490695514134
0.000490712126680
0.000490736082785
0.000490767419535
0.000490806170891
0.000490852367605
0.000490906037140
0.000490967203596
0.000491035887643
0.000491112106461
0.000491195873675
0.000491287199295
0.000491386089653
0.000491492547340
0.000491606571135
0.000491728155936
0.000491857292689
0.000491993968309
0.000492138165616
0.000492289863257
0.000492449035650
0.000492615652921
0.000492789680866
0.000492971080910
0.000493159810097
0.000493355821075
0.000493559062116
0.000493769477135
0.000493987005736
0.000494211583257
0.000494443140836
0.000494681605476
0.000494926900120
0.000495178943727
0.000495437651336
0.000495702934146
0.000495974699570
0.000496252851293
0.000496537289322
0.000496827910026
0.000497124606169
0.000497427266943
0.000497735777993
0.000498050021451
0.000498369875966
0.000498695216748
0.000499025915613
0.000499361841058
0.000499702858329
0.000500048829525
0.000500399613705
0.000500755067021
0.000501115042860
0.000501479391996
0.000501847962764
0.000502220601221
0.000502597151330
0.000502977455125
0.000503361352878
0.000503748683260
0.000504139283484
0.000504532989438
0.000504929635805
0.000505329056164
0.000505731083084
0.000506135548202
0.000506542282297
0.000506951115354
0.000507361876629
0.000507774394725
0.000508188497658
0.000508604012952
0.000509020767733
0.000509438588846
0.000509857302986
0.000510276736842
0.000510696717260
0.000511117071419
0.000511537627008
0.000511958212419
0.000512378656930
0.000512798790896
0.000513218445921
0.000513637455025
0.000514055652790
0.000514472875494
0.000514888961217
0.000515303749937
0.000515717083600
0.000516128806176
0.000516538763695
0.000516946804285
0.000517352778187
0.000517756537783
0.000518157937618
0.000518556834431
0.000518953087193
0.000519346557166
0.000519737107968
0.000520124605653
0.000520508918812
0.000520889918678
0.000521267479248
0.000521641477401
0.000522011793027
0.000522378309147
0.000522740912025
0.000523099491270
0.000523453939921
0.000523804154512
0.000524150035122
0.000524491485390
0.000524828412528
0.000525160727298
0.000525488343980
0.000525811180327
0.000526129157506
0.000526442200039
0.000526750235739
0.000527053195656
0.000527351014021
0.000527643628211
0.000527930978720
0.000528213009145
0.000528489666189
0.000528760899669
0.000529026662542
0.000529286910935
0.000529541604174
0.000529790704821
0.000530034178695
0.000530271994894
0.000530504125799
0.000530730547061
0.000530951237574
0.000531166179430
0.000531375357850
0.000531578761104
0.000531776380412
0.000531968209839
0.000532154246169
0.000532334488789
0.000532508939564
0.000532677602717
0.000532840484717
0.000532997594175
0.000533148941757
0.000533294540102
0.000533434403760
0.000533568549142
0.000533696994475
0.000533819759768
0.000533936866790
0.000534048339036
0.000534154201703
0.000534254481653
0.000534349207374
0.000534438408923
0.000534522117863
0.000534600367185
0.000534673191216
0.000534740625521
0.000534802706787
0.000534859472706
0.000534910961853
0.000534957213565
0.000534998267817
0.000535034165107
0.000535064946355
0.000535090652799
0.000535111325917
0.000535127007354
0.000535137738857
0.000535143562232
0.000535144519302
0.000535140651873
0.000535132001707
0.000535118610494
0.000535100519825
0.000535077771161
0.000535050405797
0.000535018464813
0.000534981989033
0.000534941018959
0.000534895594712
0.000534845755959
0.000534791541846
0.000534732990921
0.000534670141068
0.000534603029442
0.000534531692407
0.000534456165489
0.000534376483338
0.000534292679698
0.000534204787392
0.000534112838314
0.000534016863435
0.000533916892809
0.000533812955594
0.000533705080071
0.000533593293660
0.000533477622945
0.000533358093681
0.000533234730813
0.000533107558472
0.000532976599979
0.000532841877838
0.000532703413720
0.000532561228456
0.000532415342018
0.000532265773511
0.000532112541164
0.000531955662332
0.000531795153506
0.000531631030331
0.000531463307638
0.000531291999491
0.000531117119241
0.000530938679586
0.000530756692654
0.000530571170075
0.000530382123067
0.000530189562520
0.000529993499074
0.000529793943198
0.000529590905257
0.000529384395570
0.000529174424463
0.000528961002311
0.000528744139562
0.000528523846771
0.000528300134611
0.000528073013895
0.000527842495593
0.000527608590849
0.000527371311013
0.000527130667679
0.000526886672731
0.000526639338405
0.000526388677366
0.000526134702797
0.000525877428493
0.000525616868977
0.000525353039612
0.000525085956719
0.000524815637699
0.000524542101144
0.000524265366947
0.000523985456396
0.000523702392257
0.000523416198845
0.000523126902071
0.000522834529483
0.000522539110289
0.000522240675367
0.000521939257265
0.000521634890202
0.000521327610060
0.000521017454380
0.000520704462372
0.000520388674920
0.000520070134613
0.000519748885779
0.000519424974542
0.000519098448886
0.000518769358734
0.000518437756038
0.000518103694875
0.000517767231542
0.000517428424654
0.000517087335233
0.000516744026789
0.000516398565382
0.000516051019675
0.000515701460959
0.000515349963165
0.000514996602853
0.000514641459181
0.000514284613861
0.000513926151100
0.000513566157534
0.000513204722155
0.000512841936242
0.000512477893288
0.000512112688947
0.000511746420984
0.000511379189243
0.000511011095626
0.000510642244091
0.000510272740662
0.000509902693448
0.000509532212676
0.000509161410719
0.000508790402132
0.000508419303679
0.000508048234352
0.000507677315371
0.000507306670177
0.000506936424399
0.000506566705800
0.000506197644208
0.000505829371422
0.000505462021101
0.000505095728648
0.000504730631066
0.000504366866827
0.000504004575730
0.000503643898761
0.000503284977966
0.000502927956330
0.000502572977676
0.000502220186572
0.000501869728258
0.000501521748587
0.000501176393977
0.000500833811377
0.000500494148237
0.000500157552483
0.000499824172485
0.000499494157031
0.000499167655276
0.000498844816695
0.000498525791006
0.000498210728092
0.000497899777891
0.000497593090282
0.000497290814952
0.000496993101249
0.000496700098033
0.000496411953518
0.000496128815113
0.000495850829267
0.000495578141327
0.000495310895396
0.000495049234214
0.000494793299043
0.000494543229581
0.000494299163878
0.000494061238272
0.000493829587338
0.000493604343840
0.000493385638698
0.000493173600950
0.000492968357718
0.000492770034170
0.000492578753472
0.000492394636741
0.000492217802977
0.000492048368996
0.000491886449347
0.000491732156222
0.000491585599362
0.000491446885954
0.000491316120531
0.000491193404872
0.000491078837903
0.000490972515610
0.000490874530957
0.000490784973819
0.000490703930923
0.000490631485808
0.000490567718790
0.000490512706946
0.000490466524111
0.000490429240872
0.000490400924583
0.000490381639381
0.000490371446197
0.000490370402783
0.000490378563723
0.000490395980453
0.000490422701271
0.000490458771348
0.000490504232736
0.000490559124366
0.000490623482056
0.000490697338510
0.000490780723320
