0.000841185475054
0.000836291624091
0.000831515872627
0.000826859302896
0.000822322786239
0.000817906986781
0.000813612365452
0.000809439184312
0.000805387511176
0.000801457224532
0.000797648018730
0.000793959409435
0.000790390739327
0.000786941184036
0.000783609758293
0.000780395322292
0.000777296588239
0.000774312127067
0.000771440375315
0.000768679642138
0.000766028116430
0.000763483874056
0.000761044885151
0.000758709021481
0.000756474063844
0.000754337709491
0.000752297579543
0.000750351226393
0.000748496141079
0.000746729760600
0.000745049475173
0.000743452635410
0.000741936559402
0.000740498539706
0.000739135850215
0.000737845752900
0.000736625504419
0.000735472362588
0.000734383592681
0.000733356473577
0.000732388303723
0.000731476406915
0.000730618137877
0.000729810887631
0.000729052088656
0.000728339219805
0.000727669810997
0.000727041447653
0.000726451774878
0.000725898501387
0.000725379403151
0.000724892326788
0.000724435192663
0.000724005997722
0.000723602818042
0.000723223811113
0.000722867217835
0.000722531364252
0.000722214663014
0.000721915614574
0.000721632808126
0.000721364922282
0.000721110725506
0.000720869076291
0.000720638923101
0.000720419304070
0.000720209346466
0.000720008265928
0.000719815365477
0.000719630034308
0.000719451746364
0.000719280058704
0.000719114609671
0.000718955116861
0.000718801374910
0.000718653253103
0.000718510692814
0.000718373704795
0.000718242366314
0.000718116818161
0.000717997261542
0.000717883954848
0.000717777210340
0.000717677390747
0.000717584905792
0.000717500208649
0.000717423792364
0.000717356186225
0.000717297952107
0.000717249680801
0.000717211988323
0.000717185512227
0.000717170907928
0.000717168845031
0.000717180003692
0.000717205071003
0.000717244737430
0.000717299693285
0.000717370625271
0.000717458213084
0.000717563126101
0.000717686020151
0.000717827534375
0.000717988288205
0.000718168878440
0.000718369876454
0.000718591825524
0.000718835238292
0.000719100594372
0.000719388338089
0.000719698876371
0.000720032576791
0.000720389765749
0.000720770726821
0.000721175699244
0.000721604876563
0.000722058405432
0.000722536384557
0.000723038863805
0.000723565843456
0.000724117273616
0.000724693053778
0.000725293032544
0.000725917007497
0.000726564725233
0.000727235881544
0.000727930121762
0.000728647041249
0.000729386186044
0.000730147053655
0.000730929093991
0.000731731710441
0.000732554261073
0.000733396059964
0.000734256378650
0.000735134447674
0.000736029458245
0.000736940563981
0.000737866882742
0.000738807498534
0.000739761463488
0.000740727799896
0.000741705502307
0.000742693539683
0.000743690857589
0.000744696380438
0.000745709013778
0.000746727646605
0.000747751153722
0.000748778398116
0.000749808233361
0.000750839506041
0.000751871058178
0.000752901729663
0.000753930360680
0.000754955794116
0.000755976877941
0.000756992467556
0.000758001428096
0.000759002636674
0.000759994984573
0.000760977379356
0.000761948746913
0.000762908033420
0.000763854207216
0.000764786260600
0.000765703211531
0.000766604105251
0.000767488015815
0.000768354047539
0.000769201336358
0.000770029051100
0.000770836394680
0.000771622605199
0.000772386956959
0.000773128761392
0.000773847367886
0.000774542164525
0.000775212578720
0.000775858077741
0.000776478169138
0.000777072401053
0.000777640362421
0.000778181683054
0.000778696033613
0.000779183125469
0.000779642710456
0.000780074580518
0.000780478567254
0.000780854541371
0.000781202412055
0.000781522126249
0.000781813667867
0.000782077056934
0.000782312348666
0.000782519632493
0.000782699031023
0.000782850698962
0.000782974821985
0.000783071615559
0.000783141323724
0.000783184217834
0.000783200595258
0.000783190778037
0.000783155111514
0.000783093962925
0.000783007719972
0.000782896789358
0.000782761595321
0.000782602578150
0.000782420192695
0.000782214906884
0.000781987200253
0.000781737562488
0.000781466491994
0.000781174494497
0.000780862081671
0.000780529769817
0.000780178078577
0.000779807529691
0.000779418645808
0.000779011949338
0.000778587961361
0.000778147200577
0.000777690182310
0.000777217417567
0.000776729412148
0.000776226665803
0.000775709671460
0.000775178914498
0.000774634872094
0.000774078012629
0.000773508795161
0.000772927668980
0.000772335073223
0.000771731436575
0.000771117177047
0.000770492701826
0.000769858407209
0.000769214678604
0.000768561890618
0.000767900407196
0.000767230581848
0.000766552757917
0.000765867268921
0.000765174438942
0.000764474583062
0.000763768007848
0.000763055011883
0.000762335886329
0.000761610915535
0.000760880377679
0.000760144545445
0.000759403686736
0.000758658065423
0.000757907942128
0.000757153575033
0.000756395220731
0.000755633135098
0.000754867574194
0.000754098795185
0.000753327057285
0.000752552622704
0.000751775757608
0.000750996733074
0.000750215826039
0.000749433320228
0.000748649507069
0.000747864686573
0.000747079168183
0.000746293271584
0.000745507327467
0.000744721678252
0.000743936678766
0.000743152696863
0.000742370114005
0.000741589325795
0.000740810742457
0.000740034789276
0.000739261906990
0.000738492552142
0.000737727197385
0.000736966331739
0.000736210460810
0.000735460106954
0.000734715809393
0.000733978124277
0.000733247624682
0.000732524900559
0.000731810558596
0.000731105222032
0.000730409530381
0.000729724139089
0.000729049719115
0.000728386956430
0.000727736551449
0.000727099218381
0.000726475684523
0.000725866689478
0.000725272984322
0.000724695330718
0.000724134499981
0.000723591272104
0.000723066434757
0.000722560782245
0.000722075114453
0.000721610235768
0.000721166953974
0.000720746079148
0.000720348422523
0.000719974795347
0.000719626007724
0.000719302867440
0.000719006178767
0.000718736741268
0.000718495348569
0.000718282787131
0.000718099835011
0.000717947260620
0.000717825821473
0.000717736262960
0.000717679317116
0.000717655701424
0.000717666117638
0.000717711250650
0.000717791767388
0.000717908315780
0.000718061523758
0.000718251998329
0.000718480324706
0.000718747065504
0.000719052759998
0.000719397923454
0.000719783046513
0.000720208594648
0.000720675007677
0.000721182699337
0.000721732056922
0.000722323440972
0.000722957185028
0.000723633595447
0.000724352951273
0.000725115504179
0.000725921478476
0.000726771071183
0.000727664452184
0.000728601764446
0.000729583124322
0.000730608621932
0.000731678321616
0.000732792262472
0.000733950458959
0.000735152901577
0.000736399557615
0.000737690371953
0.000739025267928
0.000740404148247
0.000741826895941
0.000743293375365
0.000744803433226
0.000746356899641
0.000747953589226
0.000749593302200
0.000751275825513
0.000753000933993
0.000754768391507
0.000756577952137
0.000758429361370
0.000760322357291
0.000762256671790
0.000764232031766
0.000766248160327
0.000768304777984
0.000770401603826
0.000772538356666
0.000774714756167
0.000776930523914
0.000779185384443
0.000781479066218
0.000783811302532
0.000786181832355
0.000788590401091
0.000791036761264
0.000793520673124
0.000796041905167
0.000798600234567
0.000801195447530
0.000803827339556
0.000806495715622
0.000809200390276
0.000811941187647
0.000814717941366
0.000817530494399
0.000820378698784
0.000823262415281
0.000826181512909
0.000829135868386
0.000832125365456
0.000835149894108
0.000838209349662
0.000841303631751
