0.000174855712242
0.000174871233745
0.000174886740772
0.000174902223910
0.000174917673960
0.000174933082183
0.000174948440543
0.000174963741928
0.000174978980346
0.000174994151088
0.000175009250849
0.000175024277802
0.000175039231632
0.000175054113507
0.000175068926012
0.000175083673034
0.000175098359605
0.000175112991713
0.000175127576089
0.000175142119975
0.000175156630884
0.000175171116355
0.000175185583720
0.000175200039880
0.000175214491097
0.000175228942812
0.000175243399484
0.000175257864463
0.000175272339882
0.000175286826590
0.000175301324112
0.000175315830641
0.000175330343068
0.000175344857044
0.000175359367071
0.000175373866635
0.000175388348364
0.000175402804213
0.000175417225678
0.000175431604023
0.000175445930523
0.000175460196702
0.000175474394574
0.000175488516868
0.000175502557226
0.000175516510374
0.000175530372258
0.000175544140135
0.000175557812624
0.000175571389705
0.000175584872682
0.000175598264102
0.000175611567637
0.000175624787935
0.000175637930452
0.000175651001258
0.000175664006843
0.000175676953908
0.000175689849163
0.000175702699129
0.000175715509948
0.000175728287206
0.000175741035777
0.000175753759673
0.000175766461931
0.000175779144510
0.000175791808221
0.000175804452684
0.000175817076313
0.000175829676343
0.000175842248876
0.000175854788978
0.000175867290794
0.000175879747705
0.000175892152505
0.000175904497599
0.000175916775222
0.000175928977655
0.000175941097445
0.000175953127616
0.000175965061857
0.000175976894687
0.000175988621596
0.000176000239140
0.000176011745006
0.000176023138041
0.000176034418242
0.000176045586714
0.000176056645597
0.000176067597968
0.000176078447724
0.000176089199448
0.000176099858260
0.000176110429662
0.000176120919383
0.000176131333209
0.000176141676828
0.000176151955669
0.000176162174749
0.000176172338524
0.000176182450765
0.000176192514428
0.000176202531563
0.000176212503233
0.000176222429465
0.000176232309226
0.000176242140438
0.000176251920020
0.000176261643962
0.000176271307439
0.000176280904941
0.000176290430430
0.000176299877518
0.000176309239647
0.000176318510276
0.000176327683059
0.000176336752019
0.000176345711696
0.000176354557279
0.000176363284710
0.000176371890767
0.000176380373111
0.000176388730323
0.000176396961899
0.000176405068238
0.000176413050602
0.000176420911061
0.000176428652428
0.000176436278171
0.000176443792319
0.000176451199356
0.000176458504098
0.000176465711574
0.000176472826883
0.000176479855053
0.000176486800903
0.000176493668895
0.000176500462995
0.000176507186553
0.000176513842183
0.000176520431679
0.000176526955942
0.000176533414951
0.000176539807744
0.000176546132450
0.000176552386337
0.000176558565894
0.000176564666932
0.000176570684710
0.000176576614068
0.000176582449569
0.000176588185646
0.000176593816747
0.000176599337466
0.000176604742672
0.000176610027622
0.000176615188063
0.000176620220319
0.000176625121367
0.000176629888894
0.000176634521345
0.000176639017959
0.000176643378787
0.000176647604692
0.000176651697343
0.000176655659174
0.000176659493343
0.000176663203650
0.000176666794450
0.000176670270539
0.000176673637021
0.000176676899165
0.000176680062248
0.000176683131397
0.000176686111428
0.000176689006698
0.000176691820964
0.000176694557269
0.000176697217849
0.000176699804058
0.000176702316340
0.000176704754209
0.000176707116274
0.000176709400279
0.000176711603165
0.000176713721163
0.000176715749886
0.000176717684443
0.000176719519560
0.000176721249705
0.000176722869220
0.000176724372451
0.000176725753887
0.000176727008292
0.000176728130832
0.000176729117213
0.000176729963793
0.000176730667697
0.000176731226917
0.000176731640386
0.000176731908035
0.000176732030828
0.000176732010754
0.000176731850800
0.000176731554881
0.000176731127744
0.000176730574834
0.000176729902146
0.000176729116041
0.000176728223056
0.000176727229712
0.000176726142308
0.000176724966736
0.000176723708306
0.000176722371585
0.000176720960273
0.000176719477091
0.000176717923714
0.000176716300722
0.000176714607585
0.000176712842676
0.000176711003313
0.000176709085823
0.000176707085629
0.000176704997366
0.000176702815009
0.000176700532025
0.000176698141542
0.000176695636528
0.000176693009987
0.000176690255159
0.000176687365721
0.000176684335991
0.000176681161113
0.000176677837231
0.000176674361636
0.000176670732880
0.000176666950858
0.000176663016840
0.000176658933461
0.000176654704669
0.000176650335620
0.000176645832535
0.000176641202520
0.000176636453355
0.000176631593260
0.000176626630648
0.000176621573873
0.000176616430983
0.000176611209484
0.000176605916120
0.000176600556684
0.000176595135851
0.000176589657046
0.000176584122351
0.000176578532439
0.000176572886553
0.000176567182523
0.000176561416808
0.000176555584592
0.000176549679904
0.000176543695775
0.000176537624428
0.000176531457498
0.000176525186274
0.000176518801963
0.000176512295961
0.000176505660131
0.000176498887077
0.000176491970401
0.000176484904931
0.000176477686922
0.000176470314205
0.000176462786293
0.000176455104428
0.000176447271570
0.000176439292324
0.000176431172820
0.000176422920531
0.000176414544051
0.000176406052843
0.000176397456943
0.000176388766670
0.000176379992311
0.000176371143820
0.000176362230527
0.000176353260866
0.000176344242140
0.000176335180304
0.000176326079802
0.000176316943437
0.000176307772291
0.000176298565689
0.000176289321213
0.000176280034763
0.000176270700671
0.000176261311859
0.000176251860040
0.000176242335968
0.000176232729716
0.000176223030988
0.000176213229444
0.000176203315048
0.000176193278399
0.000176183111064
0.000176172805872
0.000176162357183
0.000176151761100
0.000176141015629
0.000176130120775
0.000176119078568
0.000176107893024
0.000176096570033
0.000176085117190
0.000176073543566
0.000176061859432
0.000176050075946
0.000176038204819
0.000176026257959
0.000176014247118
0.000176002183547
0.000175990077666
0.000175977938767
0.000175965774745
0.000175953591876
0.000175941394642
0.000175929185597
0.000175916965307
0.000175904732324
0.000175892483236
0.000175880212768
0.000175867913937
0.000175855578269
0.000175843196059
0.000175830756681
0.000175818248927
0.000175805661379
0.000175792982788
0.000175780202465
0.000175767310648
0.000175754298851
0.000175741160174
0.000175727889559
0.000175714483984
0.000175700942594
0.000175687266751
0.000175673460011
0.000175659528027
0.000175645478380
0.000175631320346
0.000175617064612
0.000175602722945
0.000175588307832
0.000175573832101
0.000175559308537
0.000175544749503
0.000175530166579
0.000175515570224
0.000175500969486
0.000175486371737
0.000175471782477
0.000175457205182
0.000175442641210
0.000175428089777
0.000175413547986
0.000175399010929
0.000175384471844
0.000175369922333
0.000175355352637
0.000175340751955
0.000175326108803
0.000175311411401
0.000175296648078
0.000175281807674
0.000175266879938
0.000175251855887
0.000175236728140
0.000175221491188
0.000175206141602
0.000175190678171
0.000175175101963
0.000175159416308
0.000175143626697
0.000175127740618
0.000175111767317
0.000175095717509
0.000175079603043
0.000175063436532
0.000175047230970
0.000175030999334
0.000175014754207
0.000174998507401
0.000174982269623
0.000174966050172
0.000174949856684
0.000174933694919
0.000174917568621
0.000174901479423
0.000174885426818
0.000174869408204
0.000174853418974
