0.000411596019966
0.000411717852921
0.000411843521878
0.000411973001825
0.000412106266448
0.000412243288184
0.000412384038267
0.000412528486768
0.000412676602632
0.000412828353703
0.000412983706736
0.000413142627403
0.000413305080279
0.000413471028823
0.000413640435351
0.000413813261001
0.000413989465692
0.000414169008087
0.000414351845560
0.000414537934165
0.000414727228622
0.000414919682307
0.000415115247264
0.000415313874226
0.000415515512657
0.000415720110800
0.000415927615747
0.000416137973509
0.000416351129102
0.000416567026627
0.000416785609356
0.000417006819809
0.000417230599825
0.000417456890620
0.000417685632832
0.000417916766553
0.000418150231343
0.000418385966230
0.000418623909698
0.000418863999665
0.000419106173452
0.000419350367748
0.000419596518579
0.000419844561278
0.000420094430462
0.000420346060027
0.000420599383152
0.000420854332319
0.000421110839352
0.000421368835472
0.000421628251366
0.000421889017269
0.000422151063057
0.000422414318346
0.000422678712588
0.000422944175175
0.000423210635522
0.000423478023155
0.000423746267773
0.000424015299304
0.000424285047936
0.000424555444138
0.000424826418661
0.000425097902525
0.000425369826996
0.000425642123554
0.000425914723859
0.000426187559711
0.000426460563025
0.000426733665802
0.000427006800121
0.000427279898139
0.000427552892109
0.000427825714415
0.000428098297621
0.000428370574537
0.000428642478290
0.000428913942417
0.000429184900950
0.000429455288510
0.000429725040397
0.000429994092671
0.000430262382229
0.000430529846857
0.000430796425284
0.000431062057200
0.000431326683276
0.000431590245156
0.000431852685440
0.000432113947653
0.000432373976209
0.000432632716366
0.000432890114187
0.000433146116495
0.000433400670841
0.000433653725479
0.000433905229354
0.000434155132100
0.000434403384059
0.000434649936305
0.000434894740691
0.000435137749895
0.000435378917487
0.000435618197992
0.000435855546957
0.000436090921020
0.000436324277965
0.000436555576782
0.000436784777700
0.000437011842221
0.000437236733133
0.000437459414507
0.000437679851684
0.000437898011250
0.000438113860997
0.000438327369876
0.000438538507950
0.000438747246340
0.000438953557173
0.000439157413538
0.000439358789448
0.000439557659807
0.000439754000390
0.000439947787841
0.000440138999670
0.000440327614270
0.000440513610942
0.000440696969922
0.000440877672418
0.000441055700648
0.000441231037873
0.000441403668437
0.000441573577784
0.000441740752487
0.000441905180246
0.000442066849898
0.000442225751395
0.000442381875783
0.000442535215171
0.000442685762689
0.000442833512438
0.000442978459439
0.000443120599581
0.000443259929568
0.000443396446865
0.000443530149659
0.000443661036817
0.000443789107852
0.000443914362907
0.000444036802732
0.000444156428682
0.000444273242716
0.000444387247397
0.000444498445906
0.000444606842048
0.000444712440266
0.000444815245647
0.000444915263927
0.000445012501493
0.000445106965378
0.000445198663246
0.000445287603377
0.000445373794639
0.000445457246460
0.000445537968787
0.000445615972052
0.000445691267126
0.000445763865277
0.000445833778123
0.000445901017596
0.000445965595901
0.000446027525477
0.000446086818974
0.000446143489221
0.000446197549205
0.000446249012059
0.000446297891045
0.000446344199546
0.000446387951064
0.000446429159207
0.000446467837693
0.000446504000340
0.000446537661066
0.000446568833875
0.000446597532853
0.000446623772154
0.000446647565985
0.000446668928587
0.000446687874216
0.000446704417120
0.000446718571516
0.000446730351565
0.000446739771347
0.000446746844835
0.000446751585875
0.000446754008162
0.000446754125219
0.000446751950383
0.000446747496784
0.000446740777338
0.000446731804729
0.000446720591406
0.000446707149573
0.000446691491182
0.000446673627931
0.000446653571255
0.000446631332326
0.000446606922045
0.000446580351043
0.000446551629670
0.000446520767995
0.000446487775797
0.000446452662562
0.000446415437476
0.000446376109422
0.000446334686972
0.000446291178384
0.000446245591599
0.000446197934237
0.000446148213596
0.000446096436654
0.000446042610066
0.000445986740167
0.000445928832973
0.000445868894189
0.000445806929205
0.000445742943109
0.000445676940685
0.000445608926418
0.000445538904504
0.000445466878849
0.000445392853076
0.000445316830533
0.000445238814290
0.000445158807153
0.000445076811664
0.000444992830108
0.000444906864523
0.000444818916699
0.000444728988196
0.000444637080349
0.000444543194274
0.000444447330888
0.000444349490917
0.000444249674910
0.000444147883254
0.000444044116194
0.000443938373842
0.000443830656206
0.000443720963198
0.000443609294660
0.000443495650378
0.000443380030105
0.000443262433578
0.000443142860537
0.000443021310744
0.000442897783998
0.000442772280156
0.000442644799142
0.000442515340971
0.000442383905753
0.000442250493714
0.000442115105201
0.000441977740701
0.000441838400844
0.000441697086423
0.000441553798397
0.000441408537908
0.000441261306294
0.000441112105101
0.000440960936103
0.000440807801318
0.000440652703030
0.000440495643812
0.000440336626549
0.000440175654470
0.000440012731172
0.000439847860653
0.000439681047340
0.000439512296123
0.000439341612380
0.000439169002008
0.000438994471447
0.000438818027704
0.000438639678368
0.000438459431630
0.000438277296289
0.000438093281762
0.000437907398085
0.000437719655916
0.000437530066528
0.000437338641811
0.000437145394264
0.000436950336995
0.000436753483716
0.000436554848750
0.000436354447035
0.000436152294132
0.000435948406246
0.000435742800239
0.000435535493663
0.000435326504783
0.000435115852614
0.000434903556951
0.000434689638408
0.000434474118449
0.000434257019423
0.000434038364587
0.000433818178129
0.000433596485189
0.000433373311858
0.000433148685186
0.000432922633171
0.000432695184745
0.000432466369753
0.000432236218928
0.000432004763861
0.000431772036970
0.000431538071470
0.000431302901349
0.000431066561335
0.000430829086889
0.000430590514189
0.000430350880124
0.000430110222309
0.000429868579088
0.000429625989562
0.000429382493609
0.000429138131921
0.000428892946030
0.000428646978343
0.000428400272172
0.000428152871756
0.000427904822279
0.000427656169881
0.000427406961653
0.000427157245625
0.000426907070745
0.000426656486844
0.000426405544589
0.000426154295438
0.000425902791582
0.000425651085884
0.000425399231821
0.000425147283429
0.000424895295248
0.000424643322283
0.000424391419965
0.000424139644127
0.000423888050995
0.000423636697182
0.000423385639695
0.000423134935957
0.000422884643822
0.000422634821610
0.000422385528129
0.000422136822706
0.000421888765202
0.000421641416031
0.000421394836160
0.000421149087103
0.000420904230899
0.000420660330077
0.000420417447608
0.000420175646853
0.000419934991488
0.000419695545434
0.000419457372778
0.000419220537693
0.000418985104364
0.000418751136916
0.000418518699355
0.000418287855514
0.000418058669015
0.000417831203249
0.000417605521357
0.000417381686235
0.000417159760545
0.000416939806732
0.000416721887051
0.000416506063594
0.000416292398313
0.000416080953048
0.000415871789533
0.000415664969407
0.000415460554200
0.000415258605316
0.000415059183997
0.000414862351271
0.000414668167900
0.000414476694303
0.000414287990487
0.000414102115960
0.000413919129658
0.000413739089865
0.000413562054144
0.000413388079276
0.000413217221212
0.000413049535035
0.000412885074941
0.000412723894229
