0.000430719761491
0.000430738933665
0.000430763099405
0.000430792259177
0.000430826411697
0.000430865553917
0.000430909681003
0.000430958786321
0.000431012861411
0.000431071895964
0.000431135877796
0.000431204792823
0.000431278625039
0.000431357356492
0.000431440967267
0.000431529435475
0.000431622737245
0.000431720846724
0.000431823736080
0.000431931375519
0.000432043733301
0.000432160775767
0.000432282467366
0.000432408770690
0.000432539646506
0.000432675053797
0.000432814949796
0.000432959290017
0.000433108028289
0.000433261116785
0.000433418506042
0.000433580144983
0.000433745980927
0.000433915959607
0.000434090025172
0.000434268120194
0.000434450185677
0.000434636161060
0.000434825984227
0.000435019591520
0.000435216917757
0.000435417896256
0.000435622458863
0.000435830535997
0.000436042056686
0.000436256948626
0.000436475138239
0.000436696550734
0.000436921110174
0.000437148739546
0.000437379360834
0.000437612895081
0.000437849262460
0.000438088382333
0.000438330173306
0.000438574553282
0.000438821439500
0.000439070748574
0.000439322396521
0.000439576298787
0.000439832370265
0.000440090525316
0.000440350677782
0.000440612741002
0.000440876627835
0.000441142250681
0.000441409521510
0.000441678351899
0.000441948653076
0.000442220335970
0.000442493311271
0.000442767489497
0.000443042781067
0.000443319096377
0.000443596345880
0.000443874440172
0.000444153290065
0.000444432806667
0.000444712901457
0.000444993486341
0.000445274473717
0.000445555776514
0.000445837308234
0.000446118982977
0.000446400715461
0.000446682421033
0.000446964015670
0.000447245415986
0.000447526539228
0.000447807303275
0.000448087626646
0.000448367428501
0.000448646628664
0.000448925147641
0.000449202906654
0.000449479827686
0.000449755833530
0.000450030847847
0.000450304795233
0.000450577601288
0.000450849192688
0.000451119497257
0.000451388444031
0.000451655963319
0.000451921986759
0.000452186447357
0.000452449279519
0.000452710419070
0.000452969803255
0.000453227370742
0.000453483061597
0.000453736817266
0.000453988580545
0.000454238295544
0.000454485907659
0.000454731363537
0.000454974611058
0.000455215599314
0.000455454278604
0.000455690600436
0.000455924517545
0.000456155983912
0.000456384954802
0.000456611386802
0.000456835237869
0.000457056467376
0.000457275036160
0.000457490906562
0.000457704042468
0.000457914409333
0.000458121974198
0.000458326705694
0.000458528574034
0.000458727550989
0.000458923609857
0.000459116725417
0.000459306873882
0.000459494032837
0.000459678181184
0.000459859299084
0.000460037367897
0.000460212370141
0.000460384289443
0.000460553110513
0.000460718819124
0.000460881402096
0.000461040847300
0.000461197143666
0.000461350281193
0.000461500250975
0.000461647045216
0.000461790657251
0.000461931081567
0.000462068313806
0.000462202350774
0.000462333190429
0.000462460831869
0.000462585275298
0.000462706521991
0.000462824574246
0.000462939435326
0.000463051109402
0.000463159601483
0.000463264917354
0.000463367063510
0.000463466047097
0.000463561875857
0.000463654558077
0.000463744102556
0.000463830518573
0.000463913815863
0.000463994004608
0.000464071095432
0.000464145099393
0.000464216027996
0.000464283893191
0.000464348707376
0.000464410483401
0.000464469234562
0.000464524974592
0.000464577717641
0.000464627478256
0.000464674271345
0.000464718112141
0.000464759016155
0.000464796999128
0.000464832076981
0.000464864265759
0.000464893581583
0.000464920040601
0.000464943658943
0.000464964452688
0.000464982437830
0.000464997630252
0.000465010045719
0.000465019699859
0.000465026608164
0.000465030785988
0.000465032248553
0.000465031010948
0.000465027088135
0.000465020494949
0.000465011246092
0.000464999356131
0.000464984839479
0.000464967710383
0.000464947982896
0.000464925670854
0.000464900787845
0.000464873347183
0.000464843361873
0.000464810844587
0.000464775807642
0.000464738262977
0.000464698222146
0.000464655696309
0.000464610696234
0.000464563232306
0.000464513314539
0.000464460952591
0.000464406155787
0.000464348933139
0.000464289293362
0.000464227244894
0.000464162795907
0.000464095954315
0.000464026727774
0.000463955123676
0.000463881149144
0.000463804811008
0.000463726115796
0.000463645069706
0.000463561678595
0.000463475947957
0.000463387882914
0.000463297488210
0.000463204768220
0.000463109726954
0.000463012368089
0.000462912694991
0.000462810710763
0.000462706418284
0.000462599820267
0.000462490919305
0.000462379717930
0.000462266218657
0.000462150424033
0.000462032336672
0.000461911959279
0.000461789294673
0.000461664345788
0.000461537115674
0.000461407607482
0.000461275824449
0.000461141769869
0.000461005447078
0.000460866859421
0.000460726010244
0.000460582902879
0.000460437540645
0.000460289926860
0.000460140064871
0.000459987958087
0.000459833610032
0.000459677024414
0.000459518205188
0.000459357156641
0.000459193883473
0.000459028390872
0.000458860684597
0.000458690771040
0.000458518657286
0.000458344351156
0.000458167861232
0.000457989196875
0.000457808368219
0.000457625386155
0.000457440262304
0.000457253008977
0.000457063639137
0.000456872166357
0.000456678604774
0.000456482969068
0.000456285274432
0.000456085536568
0.000455883771699
0.000455679996590
0.000455474228597
0.000455266485721
0.000455056786683
0.000454845151010
0.000454631599120
0.000454416152418
0.000454198833385
0.000453979665659
0.000453758674106
0.000453535884874
0.000453311325435
0.000453085024593
0.000452857012487
0.000452627320568
0.000452395981550
0.000452163029362
0.000451928499074
0.000451692426828
0.000451454849760
0.000451215805932
0.000450975334270
0.000450733474514
0.000450490267192
0.000450245753602
0.000449999975828
0.000449752976765
0.000449504800171
0.000449255490729
0.000449005094123
0.000448753657123
0.000448501227671
0.000448247854961
0.000447993589512
0.000447738483224
0.000447482589420
0.000447225962858
0.000446968659734
0.000446710737642
0.000446452255528
0.000446193273613
0.000445933853308
0.000445674057109
0.000445413948490
0.000445153591798
0.000444893052147
0.000444632395329
0.000444371687736
0.000444110996303
0.000443850388477
0.000443589932197
0.000443329695909
0.000443069748591
0.000442810159803
0.000442550999742
0.000442292339308
0.000442034250171
0.000441776804831
0.000441520076673
0.000441264139996
0.000441009070041
0.000440754942973
0.000440501835861
0.000440249826621
0.000439998993943
0.000439749417192
0.000439501176304
0.000439254351660
0.000439009023961
0.000438765274108
0.000438523183077
0.000438282831814
0.000438044301148
0.000437807671715
0.000437573023910
0.000437340437858
0.000437109993408
0.000436881770145
0.000436655847419
0.000436432304382
0.000436211220037
0.000435992673284
0.000435776742962
0.000435563507882
0.000435353046849
0.000435145438662
0.000434940762099
0.000434739095875
0.000434540518587
0.000434345108632
0.000434152944120
0.000433964102760
0.000433778661748
0.000433596697654
0.000433418286297
0.000433243502646
0.000433072420716
0.000432905113488
0.000432741652845
0.000432582109524
0.000432426553090
0.000432275051929
0.000432127673257
0.000431984483143
0.000431845546538
0.000431710927317
0.000431580688315
0.000431454891364
0.000431333597323
0.000431216866093
0.000431104756622
0.000430997326894
0.000430894633904
0.000430796733612
0.000430703680887
