0.000180662372222
0.000180684356756
0.000180706347478
0.000180728326519
0.000180750275177
0.000180772174468
0.000180794005668
0.000180815750843
0.000180837393345
0.000180858918263
0.000180880312809
0.000180901566652
0.000180922672160
0.000180943624580
0.000180964422124
0.000180985065980
0.000181005560238
0.000181025911732
0.000181046129814
0.000181066226049
0.000181086213848
0.000181106108055
0.000181125924475
0.000181145679389
0.000181165389035
0.000181185069105
0.000181204734243
0.000181224397582
0.000181244070329
0.000181263761405
0.000181283477166
0.000181303221202
0.000181322994231
0.000181342794084
0.000181362615780
0.000181382451697
0.000181402291813
0.000181422124031
0.000181441934549
0.000181461708280
0.000181481429305
0.000181501081329
0.000181520648145
0.000181540114079
0.000181559464414
0.000181578685766
0.000181597766426
0.000181616696644
0.000181635468852
0.000181654077828
0.000181672520798
0.000181690797465
0.000181708909971
0.000181726862805
0.000181744662630
0.000181762318062
0.000181779839391
0.000181797238255
0.000181814527265
0.000181831719618
0.000181848828676
0.000181865867548
0.000181882848677
0.000181899783455
0.000181916681867
0.000181933552184
0.000181950400718
0.000181967231641
0.000181984046873
0.000182000846046
0.000182017626544
0.000182034383608
0.000182051110506
0.000182067798758
0.000182084438409
0.000182101018332
0.000182117526556
0.000182133950605
0.000182150277844
0.000182166495809
0.000182182592527
0.000182198556816
0.000182214378547
0.000182230048883
0.000182245560474
0.000182260907616
0.000182276086368
0.000182291094615
0.000182305932097
0.000182320600380
0.000182335102784
0.000182349444258
0.000182363631219
0.000182377671341
0.000182391573306
0.000182405346535
0.000182419000885
0.000182432546345
0.000182445992719
0.000182459349329
0.000182472624730
0.000182485826456
0.000182498960807
0.000182512032674
0.000182525045422
0.000182538000815
0.000182550898995
0.000182563738516
0.000182576516415
0.000182589228324
0.000182601868620
0.000182614430596
0.000182626906656
0.000182639288518
0.000182651567431
0.000182663734391
0.000182675780356
0.000182687696460
0.000182699474208
0.000182711105677
0.000182722583687
0.000182733901967
0.000182745055296
0.000182756039619
0.000182766852139
0.000182777491379
0.000182787957205
0.000182798250816
0.000182808374702
0.000182818332550
0.000182828129126
0.000182837770124
0.000182847261979
0.000182856611666
0.000182865826482
0.000182874913825
0.000182883880969
0.000182892734857
0.000182901481904
0.000182910127828
0.000182918677505
0.000182927134856
0.000182935502759
0.000182943783004
0.000182951976258
0.000182960082077
0.000182968098928
0.000182976024238
0.000182983854464
0.000182991585174
0.000182999211152
0.000183006726509
0.000183014124816
0.000183021399242
0.000183028542711
0.000183035548062
0.000183042408225
0.000183049116390
0.000183055666185
0.000183062051846
0.000183068268372
0.000183074311665
0.000183080178648
0.000183085867353
0.000183091376970
0.000183096707873
0.000183101861596
0.000183106840778
0.000183111649076
0.000183116291041
0.000183120771976
0.000183125097771
0.000183129274725
0.000183133309366
0.000183137208264
0.000183140977859
0.000183144624289
0.000183148153239
0.000183151569798
0.000183154878339
0.000183158082412
0.000183161184661
0.000183164186753
0.000183167089331
0.000183169891990
0.000183172593268
0.000183175190666
0.000183177680692
0.000183180058933
0.000183182320148
0.000183184458396
0.000183186467185
0.000183188339641
0.000183190068706
0.000183191647330
0.000183193068690
0.000183194326390
0.000183195414659
0.000183196328531
0.000183197063993
0.000183197618112
0.000183197989116
0.000183198176441
0.000183198180735
0.000183198003832
0.000183197648674
0.000183197119216
0.000183196420298
0.000183195557490
0.000183194536934
0.000183193365162
0.000183192048921
0.000183190594988
0.000183189009996
0.000183187300257
0.000183185471606
0.000183183529246
0.000183181477612
0.000183179320248
0.000183177059712
0.000183174697491
0.000183172233951
0.000183169668309
0.000183166998646
0.000183164221942
0.000183161334155
0.000183158330330
0.000183155204742
0.000183151951071
0.000183148562594
0.000183145032404
0.000183141353628
0.000183137519655
0.000183133524347
0.000183129362242
0.000183125028723
0.000183120520159
0.000183115834015
0.000183110968914
0.000183105924665
0.000183100702251
0.000183095303776
0.000183089732386
0.000183083992160
0.000183078087975
0.000183072025359
0.000183065810325
0.000183059449210
0.000183052948495
0.000183046314639
0.000183039553906
0.000183032672206
0.000183025674943
0.000183018566869
0.000183011351963
0.000183004033319
0.000182996613063
0.000182989092291
0.000182981471037
0.000182973748272
0.000182965921940
0.000182957989025
0.000182949945651
0.000182941787218
0.000182933508560
0.000182925104128
0.000182916568188
0.000182907895020
0.000182899079121
0.000182890115393
0.000182880999319
0.000182871727102
0.000182862295787
0.000182852703339
0.000182842948690
0.000182833031751
0.000182822953388
0.000182812715372
0.000182802320300
0.000182791771497
0.000182781072904
0.000182770228953
0.000182759244437
0.000182748124376
0.000182736873884
0.000182725498038
0.000182714001757
0.000182702389674
0.000182690666034
0.000182678834585
0.000182666898493
0.000182654860264
0.000182642721689
0.000182630483805
0.000182618146877
0.000182605710413
0.000182593173194
0.000182580533341
0.000182567788395
0.000182554935434
0.000182541971189
0.000182528892193
0.000182515694921
0.000182502375937
0.000182488932033
0.000182475360348
0.000182461658476
0.000182447824547
0.000182433857277
0.000182419755996
0.000182405520648
0.000182391151768
0.000182376650432
0.000182362018198
0.000182347257034
0.000182332369237
0.000182317357351
0.000182302224087
0.000182286972246
0.000182271604653
0.000182256124087
0.000182240533234
0.000182224834631
0.000182209030625
0.000182193123339
0.000182177114638
0.000182161006103
0.000182144799014
0.000182128494338
0.000182112092725
0.000182095594520
0.000182078999781
0.000182062308310
0.000182045519699
0.000182028633385
0.000182011648707
0.000181994564984
0.000181977381572
0.000181960097941
0.000181942713723
0.000181925228761
0.000181907643140
0.000181889957196
0.000181872171509
0.000181854286881
0.000181836304293
0.000181818224849
0.000181800049719
0.000181781780071
0.000181763417008
0.000181744961513
0.000181726414407
0.000181707776311
0.000181689047639
0.000181670228597
0.000181651319195
0.000181632319286
0.000181613228597
0.000181594046782
0.000181574773472
0.000181555408323
0.000181535951069
0.000181516401562
0.000181496759816
0.000181477026036
0.000181457200646
0.000181437284310
0.000181417277953
0.000181397182767
0.000181377000222
0.000181356732068
0.000181336380330
0.000181315947301
0.000181295435512
0.000181274847709
0.000181254186805
0.000181233455817
0.000181212657804
0.000181191795774
0.000181170872600
0.000181149890918
0.000181128853029
0.000181107760806
0.000181086615616
0.000181065418249
0.000181044168879
0.000181022867043
0.000181001511656
0.000180980101043
0.000180958633016
0.000180937104960
0.000180915513946
0.000180893856868
0.000180872130574
0.000180850332009
0.000180828458357
0.000180806507166
0.000180784476464
0.000180762364859
0.000180740171614
0.000180717896701
