0.000577706759463
0.000577284002790
0.000576870394989
0.000576465668043
0.000576069571150
0.000575681870651
0.000575302349927
0.000574930809266
0.000574567065715
0.000574210952893
0.000573862320786
0.000573521035516
0.000573186979083
0.000572860049089
0.000572540158430
0.000572227234978
0.000571921221230
0.000571622073942
0.000571329763749
0.000571044274761
0.000570765604141
0.000570493761671
0.000570228769305
0.000569970660704
0.000569719480760
0.000569475285108
0.000569238139626
0.000569008119929
0.000568785310847
0.000568569805898
0.000568361706752
0.000568161122688
0.000567968170044
0.000567782971659
0.000567605656315
0.000567436358171
0.000567275216195
0.000567122373597
0.000566977977259
0.000566842177167
0.000566715125844
0.000566596977787
0.000566487888913
0.000566388016001
0.000566297516150
0.000566216546242
0.000566145262409
0.000566083819514
0.000566032370641
0.000565991066592
0.000565960055397
0.000565939481830
0.000565929486945
0.000565930207610
0.000565941776062
0.000565964319472
0.000565997959514
0.000566042811958
0.000566098986269
0.000566166585220
0.000566245704521
0.000566336432465
0.000566438849588
0.000566553028348
0.000566679032821
0.000566816918418
0.000566966731619
0.000567128509730
0.000567302280659
0.000567488062715
0.000567685864423
0.000567895684364
0.000568117511031
0.000568351322710
0.000568597087375
0.000568854762599
0.000569124295492
0.000569405622644
0.000569698670094
0.000570003353311
0.000570319577187
0.000570647236054
0.000570986213710
0.000571336383465
0.000571697608201
0.000572069740450
0.000572452622489
0.000572846086451
0.000573249954461
0.000573664038779
0.000574088141969
0.000574522057085
0.000574965567872
0.000575418448985
0.000575880466226
0.000576351376794
0.000576830929546
0.000577318865277
0.000577814917005
0.000578318810270
0.000578830263439
0.000579348988018
0.000579874688974
0.000580407065058
0.000580945809137
0.000581490608526
0.000582041145332
0.000582597096795
0.000583158135636
0.000583723930414
0.000584294145883
0.000584868443352
0.000585446481061
0.000586027914548
0.000586612397035
0.000587199579803
0.000587789112587
0.000588380643959
0.000588973821725
0.000589568293311
0.000590163706159
0.000590759708111
0.000591355947797
0.000591952075011
0.000592547741089
0.000593142599269
0.000593736305051
0.000594328516546
0.000594918894813
0.000595507104191
0.000596092812614
0.000596675691929
0.000597255418188
0.000597831671947
0.000598404138550
0.000598972508401
0.000599536477237
0.000600095746388
0.000600650023030
0.000601199020432
0.000601742458195
0.000602280062478
0.000602811566226
0.000603336709372
0.000603855239041
0.000604366909739
0.000604871483523
0.000605368730166
0.000605858427300
0.000606340360549
0.000606814323641
0.000607280118514
0.000607737555392
0.000608186452859
0.000608626637909
0.000609057945984
0.000609480221001
0.000609893315366
0.000610297089966
0.000610691414168
0.000611076165789
0.000611451231072
0.000611816504639
0.000612171889449
0.000612517296733
0.000612852645935
0.000613177864632
0.000613492888454
0.000613797660987
0.000614092133673
0.000614376265699
0.000614650023869
0.000614913382474
0.000615166323142
0.000615408834691
0.000615640912955
0.000615862560610
0.000616073786990
0.000616274607889
0.000616465045359
0.000616645127502
0.000616814888251
0.000616974367153
0.000617123609141
0.000617262664308
0.000617391587678
0.000617510438976
0.000617619282396
0.000617718186371
0.000617807223341
0.000617886469527
0.000617956004697
0.000618015911942
0.000618066277444
0.000618107190253
0.000618138742058
0.000618161026963
0.000618174141260
0.000618178183205
0.000618173252796
0.000618159451549
0.000618136882279
0.000618105648880
0.000618065856112
0.000618017609387
0.000617961014560
0.000617896177732
0.000617823205046
0.000617742202499
0.000617653275757
0.000617556529980
0.000617452069654
0.000617339998427
0.000617220418962
0.000617093432793
0.000616959140195
0.000616817640059
0.000616669029778
0.000616513405146
0.000616350860259
0.000616181487436
0.000616005377135
0.000615822617893
0.000615633296262
0.000615437496760
0.000615235301831
0.000615026791807
0.000614812044882
0.000614591137096
0.000614364142323
0.000614131132263
0.000613892176455
0.000613647342282
0.000613396694997
0.000613140297746
0.000612878211615
0.000612610495667
0.000612337207007
0.000612058400840
0.000611774130551
0.000611484447785
0.000611189402546
0.000610889043293
0.000610583417060
0.000610272569567
0.000609956545354
0.000609635387913
0.000609309139830
0.000608977842930
0.000608641538430
0.000608300267092
0.000607954069384
0.000607602985637
0.000607247056212
0.000606886321660
0.000606520822891
0.000606150601337
0.000605775699121
0.000605396159224
0.000605012025655
0.000604623343619
0.000604230159689
0.000603832521977
0.000603430480309
0.000603024086398
0.000602613394018
0.000602198459184
0.000601779340326
0.000601356098464
0.000600928797385
0.000600497503818
0.000600062287602
0.000599623221859
0.000599180383152
0.000598733851648
0.000598283711270
0.000597830049846
0.000597372959244
0.000596912535508
0.000596448878980
0.000595982094416
0.000595512291095
0.000595039582915
0.000594564088485
0.000594085931207
0.000593605239349
0.000593122146115
0.000592636789699
0.000592149313337
0.000591659865354
0.000591168599197
0.000590675673467
0.000590181251939
0.000589685503576
0.000589188602538
0.000588690728180
0.000588192065039
0.000587692802821
0.000587193136367
0.000586693265621
0.000586193395577
0.000585693736224
0.000585194502477
0.000584695914092
0.000584198195583
0.000583701576111
0.000583206289376
0.000582712573490
0.000582220670845
0.000581730827964
0.000581243295352
0.000580758327330
0.000580276181866
0.000579797120398
0.000579321407643
0.000578849311418
0.000578381102431
0.000577917054092
0.000577457442300
0.000577002545235
0.000576552643147
0.000576108018137
0.000575668953934
0.000575235735670
0.000574808649653
0.000574387983126
0.000573974024034
0.000573567060775
0.000573167381954
0.000572775276128
0.000572391031547
0.000572014935895
0.000571647276023
0.000571288337681
0.000570938405248
0.000570597761467
0.000570266687167
0.000569945461006
0.000569634359198
0.000569333655255
0.000569043619733
0.000568764519978
0.000568496619884
0.000568240179658
0.000567995455582
0.000567762699798
0.000567542160085
0.000567334079650
0.000567138696926
0.000566956245371
0.000566786953277
0.000566631043582
0.000566488733685
0.000566360235275
0.000566245754149
0.000566145490056
0.000566059636529
0.000565988380738
0.000565931903340
0.000565890378350
0.000565863973008
0.000565852847674
0.000565857155721
0.000565877043452
0.000565912650024
0.000565964107393
0.000566031540270
0.000566115066096
0.000566214795025
0.000566330829931
0.000566463266420
0.000566612192860
0.000566777690422
0.000566959833128
0.000567158687915
0.000567374314699
0.000567606766459
0.000567856089318
0.000568122322638
0.000568405499117
0.000568705644903
0.000569022779706
0.000569356916930
0.000569708063808
0.000570076221550
0.000570461385508
0.000570863545349
0.000571282685244
0.000571718784076
0.000572171815653
0.000572641748944
0.000573128548325
0.000573632173838
0.000574152581458
0.000574689723374
0.000575243548274
0.000575814001638
0.000576401026029
0.000577004561395
0.000577624545357
0.000578260913510
