0.000169663849251
0.000169673333584
0.000169682817586
0.000169692291562
0.000169701746511
0.000169711174358
0.000169720568156
0.000169729922255
0.000169739232437
0.000169748496010
0.000169757711859
0.000169766880460
0.000169776003841
0.000169785085504
0.000169794130299
0.000169803144258
0.000169812134389
0.000169821108434
0.000169830074608
0.000169839041309
0.000169848016831
0.000169857009070
0.000169866025253
0.000169875071683
0.000169884153521
0.000169893274611
0.000169902437350
0.000169911642610
0.000169920889716
0.000169930176472
0.000169939499235
0.000169948853038
0.000169958231742
0.000169967628228
0.000169977034603
0.000169986442428
0.000169995842948
0.000170005227331
0.000170014586899
0.000170023913352
0.000170033198978
0.000170042436848
0.000170051620991
0.000170060746539
0.000170069809845
0.000170078808577
0.000170087741763
0.000170096609807
0.000170105414458
0.000170114158745
0.000170122846859
0.000170131484007
0.000170140076227
0.000170148630170
0.000170157152868
0.000170165651481
0.000170174133052
0.000170182604252
0.000170191071162
0.000170199539060
0.000170208012253
0.000170216493938
0.000170224986113
0.000170233489518
0.000170242003625
0.000170250526669
0.000170259055703
0.000170267586701
0.000170276114672
0.000170284633802
0.000170293137620
0.000170301619160
0.000170310071149
0.000170318486189
0.000170326856946
0.000170335176334
0.000170343437701
0.000170351634996
0.000170359762930
0.000170367817118
0.000170375794193
0.000170383691899
0.000170391509148
0.000170399246040
0.000170406903846
0.000170414484953
0.000170421992768
0.000170429431587
0.000170436806438
0.000170444122893
0.000170451386865
0.000170458604403
0.000170465781474
0.000170472923768
0.000170480036510
0.000170487124290
0.000170494190932
0.000170501239380
0.000170508271623
0.000170515288642
0.000170522290397
0.000170529275834
0.000170536242916
0.000170543188689
0.000170550109351
0.000170557000355
0.000170563856518
0.000170570672154
0.000170577441212
0.000170584157431
0.000170590814500
0.000170597406230
0.000170603926719
0.000170610370517
0.000170616732785
0.000170623009434
0.000170629197248
0.000170635293971
0.000170641298374
0.000170647210279
0.000170653030549
0.000170658761041
0.000170664404522
0.000170669964556
0.000170675445370
0.000170680851687
0.000170686188561
0.000170691461199
0.000170696674788
0.000170701834329
0.000170706944480
0.000170712009425
0.000170717032754
0.000170722017365
0.000170726965393
0.000170731878153
0.000170736756107
0.000170741598853
0.000170746405127
0.000170751172836
0.000170755899099
0.000170760580319
0.000170765212260
0.000170769790164
0.000170774308866
0.000170778762939
0.000170783146848
0.000170787455109
0.000170791682457
0.000170795824006
0.000170799875404
0.000170803832965
0.000170807693785
0.000170811455828
0.000170815117974
0.000170818680043
0.000170822142776
0.000170825507789
0.000170828777493
0.000170831954993
0.000170835043964
0.000170838048515
0.000170840973047
0.000170843822104
0.000170846600235
0.000170849311856
0.000170851961122
0.000170854551819
0.000170857087256
0.000170859570184
0.000170862002719
0.000170864386287
0.000170866721578
0.000170869008527
0.000170871246302
0.000170873433317
0.000170875567270
0.000170877645193
0.000170879663538
0.000170881618269
0.000170883504988
0.000170885319070
0.000170887055809
0.000170888710572
0.000170890278956
0.000170891756929
0.000170893140965
0.000170894428156
0.000170895616295
0.000170896703939
0.000170897690433
0.000170898575911
0.000170899361261
0.000170900048074
0.000170900638561
0.000170901135466
0.000170901541955
0.000170901861510
0.000170902097812
0.000170902254634
0.000170902335728
0.000170902344727
0.000170902285047
0.000170902159803
0.000170901971727
0.000170901723096
0.000170901415677
0.000170901050671
0.000170900628678
0.000170900149679
0.000170899613027
0.000170899017465
0.000170898361159
0.000170897641759
0.000170896856473
0.000170896002162
0.000170895075456
0.000170894072870
0.000170892990933
0.000170891826315
0.000170890575941
0.000170889237102
0.000170887807537
0.000170886285503
0.000170884669812
0.000170882959855
0.000170881155590
0.000170879257519
0.000170877266642
0.000170875184402
0.000170873012615
0.000170870753398
0.000170868409099
0.000170865982221
0.000170863475353
0.000170860891106
0.000170858232048
0.000170855500650
0.000170852699228
0.000170849829892
0.000170846894502
0.000170843894618
0.000170840831464
0.000170837705901
0.000170834518395
0.000170831269020
0.000170827957449
0.000170824582982
0.000170821144577
0.000170817640899
0.000170814070386
0.000170810431318
0.000170806721898
0.000170802940335
0.000170799084919
0.000170795154090
0.000170791146500
0.000170787061051
0.000170782896927
0.000170778653599
0.000170774330823
0.000170769928620
0.000170765447247
0.000170760887163
0.000170756248991
0.000170751533481
0.000170746741481
0.000170741873907
0.000170736931725
0.000170731915936
0.000170726827565
0.000170721667660
0.000170716437281
0.000170711137499
0.000170705769386
0.000170700334002
0.000170694832386
0.000170689265533
0.000170683634380
0.000170677939789
0.000170672182534
0.000170666363290
0.000170660482634
0.000170654541050
0.000170648538937
0.000170642476630
0.000170636354420
0.000170630172573
0.000170623931349
0.000170617631019
0.000170611271867
0.000170604854191
0.000170598378289
0.000170591844437
0.000170585252868
0.000170578603734
0.000170571897080
0.000170565132819
0.000170558310706
0.000170551430340
0.000170544491159
0.000170537492465
0.000170530433456
0.000170523313267
0.000170516131027
0.000170508885913
0.000170501577212
0.000170494204381
0.000170486767089
0.000170479265264
0.000170471699120
0.000170464069172
0.000170456376243
0.000170448621453
0.000170440806208
0.000170432932169
0.000170425001229
0.000170417015476
0.000170408977155
0.000170400888633
0.000170392752357
0.000170384570808
0.000170376346455
0.000170368081702
0.000170359778835
0.000170351439953
0.000170343066913
0.000170334661260
0.000170326224166
0.000170317756376
0.000170309258162
0.000170300729293
0.000170292169024
0.000170283576110
0.000170274948838
0.000170266285087
0.000170257582411
0.000170248838138
0.000170240049485
0.000170231213686
0.000170222328115
0.000170213390413
0.000170204398603
0.000170195351187
0.000170186247226
0.000170177086402
0.000170167869050
0.000170158596169
0.000170149269414
0.000170139891064
0.000170130463973
0.000170120991501
0.000170111477444
0.000170101925937
0.000170092341362
0.000170082728238
0.000170073091110
0.000170063434436
0.000170053762464
0.000170044079113
0.000170034387856
0.000170024691610
0.000170014992638
0.000170005292459
0.000169995591790
0.000169985890506
0.000169976187635
0.000169966481379
0.000169956769173
0.000169947047783
0.000169937313421
0.000169927561902
0.000169917788810
0.000169907989687
0.000169898160214
0.000169888296404
0.000169878394770
0.000169868452479
0.000169858467480
0.000169848438604
0.000169838365624
0.000169828249289
0.000169818091318
0.000169807894368
0.000169797661964
0.000169787398411
0.000169777108683
0.000169766798287
0.000169756473120
0.000169746139310
0.000169735803051
0.000169725470432
0.000169715147269
0.000169704838932
0.000169694550191
0.000169684285066
0.000169674046698
0.000169663837243
0.000169653657798
0.000169643508358
0.000169633387811
