0.001721536839449
0.001719690064499
0.001717515748075
0.001715039655024
0.001712291825408
0.001709306226421
0.001706120348392
0.001702774749400
0.001699312553742
0.001695778910159
0.001692220416315
0.001688684516521
0.001685218880173
0.001681870768667
0.001678686398845
0.001675710311177
0.001672984750901
0.001670549070349
0.001668439160489
0.001666686919479
0.001665319765663
0.001664360201984
0.001663825438256
0.001663727077061
0.001664070868373
0.001664856537166
0.001666077687454
0.001667721785259
0.001669770222085
0.001672198459472
0.001674976254182
0.001678067962597
0.001681432921841
0.001685025904181
0.001688797640285
0.001692695405963
0.001696663666181
0.001700644769290
0.001704579683683
0.001708408768458
0.001712072569062
0.001715512628470
0.001718672304067
0.001721497580183
0.001723937866090
0.001725946769266
0.001727482833881
0.001728510234641
0.001728999416565
0.001728927671676
0.001728279644243
0.001727047756874
0.001725232550602
0.001722842932961
0.001719896329084
0.001716418731876
0.001712444648449
0.001708016941174
0.001703186562907
0.001698012187189
0.001692559735429
0.001686901804348
0.001681116998145
0.001675289171032
0.001669506586937
0.001663861004203
0.001658446694154
0.001653359403259
0.001648695269483
0.001644549704079
0.001641016250686
0.001638185434035
0.001636143610922
0.001634971836258
0.001634744757094
0.001635529547391
0.001637384896090
0.001640360060638
0.001644493997599
0.001649814581356
0.001656337921066
0.001664067785164
0.001672995141664
0.001683097821385
0.001694340310010
0.001706673673581
0.001720035620686
0.001734350703152
0.001749530655643
0.001765474873066
0.001782071023219
0.001799195790677
0.001816715746431
0.001834488336465
0.001852362981074
0.001870182275496
0.001887783281271
0.001904998896639
0.001921659293374
0.001937593406611
0.001952630463505
0.001966601536065
0.001979341103049
0.001990688605606
0.002000489981236
0.002008599160746
0.002014879513088
0.002019205223373
0.002021462589933
0.002021551226953
0.002019385160112
0.002014893803588
0.002008022807954
0.001998734769662
0.001987009794178
0.001972845906234
0.001956259302124
0.001937284440559
0.001915973970157
0.001892398493246
0.001866646167311
0.001838822146988
0.001809047871128
0.001777460200972
0.001744210416973
0.001709463083211
0.001673394789676
0.001636192783883
0.001598053504439
0.001559181030088
0.001519785458677
0.001480081231100
0.001440285415875
0.001400615970354
0.001361289994796
0.001322521995574
0.001284522173681
0.001247494754421
0.001211636373722
0.001177134535922
0.001144166157140
0.001112896207445
0.001083476464035
0.001056044386500
0.001030722124000
0.001007615662849
0.000986814121593
0.000968389199178
0.000952394780278
0.000938866700299
0.000927822670986
0.000919262365983
0.000913167664159
0.000909503046933
0.000908216144414
0.000909238423707
0.000912486011417
0.000917860641150
0.000925250715631
0.000934532472079
0.000945571238540
0.000958222768128
0.000972334637496
0.000987747695389
0.001004297546769
0.001021816057862
0.001040132867432
0.001059076889712
0.001078477794705
0.001098167451977
0.001117981324634
0.001137759800851
0.001157349451136
0.001176604200429
0.001195386405173
0.001213567826587
0.001231030492569
0.001247667441923
0.001263383345867
0.001278095003154
0.001291731706467
0.001304235479117
0.001315561182417
0.001325676495441
0.001334561770148
0.001342209766102
0.001348625270186
0.001353824607793
0.001357835053004
0.001360694146162
0.001362448928067
0.001363155100704
0.001362876124990
0.001361682266507
0.001359649600472
0.001356858987433
0.001353395031232
0.001349345030736
0.001344797936649
0.001339843324415
0.001334570393837
0.001329067005492
0.001323418763395
0.001317708152695
0.001312013740332
0.001306409445774
0.001300963887973
0.001295739813743
0.001290793611720
0.001286174915024
0.001281926294705
0.001278083044963
0.001274673060117
0.001271716802247
0.001269227357456
0.001267210577730
0.001265665304498
0.001264583669144
0.001263951464971
0.001263748584426
0.001263949514804
0.001264523885126
0.001265437056497
0.001266650747902
0.001268123689210
0.001269812293012
0.001271671336925
0.001273654648045
0.001275715781433
0.001277808684758
0.001279888341586
0.001281911386218
0.001283836683500
0.001285625867571
0.001287243834171
0.001288659181772
0.001289844597534
0.001290777184827
0.001291438729814
0.001291815905394
0.001291900411548
0.001291689051954
0.001291183747447
0.001290391487659
0.001289324222877
0.001287998698805
0.001286436237530
0.001284662468561
0.001282707014296
0.001280603134711
0.001278387336440
0.001276098951689
0.001273779692681
0.001271473187434
0.001269224502797
0.001267079660621
0.001265085152904
0.001263287461594
0.001261732588512
0.001260465600626
0.001259530195529
0.001258968291635
0.001258819647162
0.001259121511514
0.001259908312162
0.001261211379635
0.001263058712634
0.001265474784792
0.001268480393996
0.001272092554653
0.001276324432740
0.001281185322938
0.001286680666651
0.001292812109241
0.001299577594346
0.001306971492768
0.001314984763044
0.001323605140501
0.001332817351329
0.001342603348019
0.001352942562298
0.001363812171669
0.001375187375543
0.001387041676996
0.001399347166237
0.001412074801968
0.001425194686993
0.001438676334620
0.001452488922648
0.001466601532017
0.001480983367511
0.001495603958221
0.001510433335882
0.001525442189531
0.001540601995350
0.001555885120953
0.001571264903752
0.001586715703462
0.001602212929154
0.001617733041652
0.001633253532412
0.001648752880346
0.001664210488345
0.001679606601524
0.001694922209454
0.001710138934817
0.001725238911094
0.001740204652025
0.001755018915612
0.001769664565529
0.001784124432751
0.001798381180191
0.001812417173053
0.001826214357473
0.001839754149882
0.001853017339335
0.001865984004822
0.001878633449370
0.001890944152451
0.001902893741959
0.001914458986725
0.001925615810234
0.001936339325913
0.001946603894061
0.001956383200187
0.001965650354237
0.001974378009898
0.001982538502934
0.001990104007230
0.001997046707003
0.002003338983451
0.002008953613920
0.002013863981514
0.002018044292960
0.002021469802449
0.002024117039106
0.002025964035693
0.002026990556181
0.002027178319823
0.002026511219420
0.002024975531553
0.002022560116675
0.002019256607043
0.002015059580668
0.002009966719586
0.002003978950948
0.001997100569619
0.001989339341174
0.001980706584370
0.001971217232412
0.001960889872482
0.001949746763279
0.001937813830428
0.001925120639878
0.001911700349540
0.001897589639599
0.001882828622079
0.001867460730386
0.001851532589642
0.001835093868780
0.001818197115391
0.001800897574426
0.001783252991892
0.001765323404716
0.001747170917956
0.001728859470570
0.001710454590908
0.001692023143101
0.001673633065468
0.001655353102026
0.001637252528151
0.001619400871365
0.001601867628190
0.001584721977957
0.001568032494383
0.001551866855720
0.001536291554200
0.001521371605516
0.001507170259003
0.001493748709220
0.001481165809612
0.001469477788946
0.001458737971244
0.001448996499985
0.001440300067380
0.001432691649605
0.001426210248936
0.001420890643829
0.001416763148055
0.001413853380106
0.001412182044199
0.001411764724259
0.001412611692423
0.001414727733623
0.001418111987960
0.001422757812603
0.001428652665035
0.001435778009503
0.001444109248561
0.001453615681598
0.001464260492220
