0.000361621903401
0.000361741124965
0.000361862068541
0.000361984703206
0.000362108997672
0.000362234920366
0.000362362439519
0.000362491523236
0.000362622139575
0.000362754256597
0.000362887842412
0.000363022865202
0.000363159293229
0.000363297094819
0.000363436238338
0.000363576692140
0.000363718424518
0.000363861403633
0.000364005597447
0.000364150973658
0.000364297499629
0.000364445142347
0.000364593868377
0.000364743643843
0.000364894434428
0.000365046205390
0.000365198921604
0.000365352547619
0.000365507047730
0.000365662386067
0.000365818526691
0.000365975433687
0.000366133071268
0.000366291403858
0.000366450396175
0.000366610013290
0.000366770220672
0.000366930984212
0.000367092270222
0.000367254045411
0.000367416276851
0.000367578931914
0.000367741978201
0.000367905383466
0.000368069115529
0.000368233142198
0.000368397431198
0.000368561950107
0.000368726666317
0.000368891547011
0.000369056559162
0.000369221669555
0.000369386844834
0.000369552051568
0.000369717256333
0.000369882425806
0.000370047526869
0.000370212526713
0.000370377392940
0.000370542093653
0.000370706597533
0.000370870873900
0.000371034892746
0.000371198624755
0.000371362041287
0.000371525114346
0.000371687816532
0.000371850120966
0.000372012001207
0.000372173431167
0.000372334385014
0.000372494837088
0.000372654761826
0.000372814133693
0.000372972927146
0.000373131116606
0.000373288676462
0.000373445581093
0.000373601804919
0.000373757322460
0.000373912108425
0.000374066137800
0.000374219385949
0.000374371828709
0.000374523442489
0.000374674204347
0.000374824092059
0.000374973084169
0.000375121160010
0.000375268299714
0.000375414484185
0.000375559695065
0.000375703914669
0.000375847125912
0.000375989312223
0.000376130457453
0.000376270545784
0.000376409561645
0.000376547489632
0.000376684314451
0.000376820020873
0.000376954593714
0.000377088017835
0.000377220278160
0.000377351359721
0.000377481247713
0.000377609927571
0.000377737385047
0.000377863606295
0.000377988577961
0.000378112287255
0.000378234722021
0.000378355870790
0.000378475722817
0.000378594268091
0.000378711497335
0.000378827401975
0.000378941974103
0.000379055206410
0.000379167092113
0.000379277624881
0.000379386798740
0.000379494607999
0.000379601047163
0.000379706110874
0.000379809793850
0.000379912090850
0.000380012996656
0.000380112506071
0.000380210613937
0.000380307315170
0.000380402604804
0.000380496478055
0.000380588930382
0.000380679957558
0.000380769555727
0.000380857721472
0.000380944451854
0.000381029744455
0.000381113597394
0.000381196009331
0.000381276979455
0.000381356507458
0.000381434593487
0.000381511238096
0.000381586442179
0.000381660206905
0.000381732533651
0.000381803423932
0.000381872879347
0.000381940901521
0.000382007492073
0.000382072652588
0.000382136384601
0.000382198689603
0.000382259569055
0.000382319024410
0.000382377057152
0.000382433668832
0.000382488861112
0.000382542635811
0.000382594994939
0.000382645940736
0.000382695475696
0.000382743602581
0.000382790324433
0.000382835644561
0.000382879566534
0.000382922094151
0.000382963231412
0.000383002982479
0.000383041351636
0.000383078343243
0.000383113961700
0.000383148211403
0.000383181096713
0.000383212621932
0.000383242791277
0.000383271608873
0.000383299078749
0.000383325204837
0.000383349990987
0.000383373440973
0.000383395558520
0.000383416347313
0.000383435811023
0.000383453953319
0.000383470777884
0.000383486288423
0.000383500488674
0.000383513382403
0.000383524973402
0.000383535265486
0.000383544262474
0.000383551968184
0.000383558386414
0.000383563520926
0.000383567375435
0.000383569953597
0.000383571258993
0.000383571295125
0.000383570065414
0.000383567573191
0.000383563821703
0.000383558814109
0.000383552553493
0.000383545042857
0.000383536285133
0.000383526283177
0.000383515039779
0.000383502557651
0.000383488839431
0.000383473887668
0.000383457704819
0.000383440293238
0.000383421655162
0.000383401792700
0.000383380707829
0.000383358402381
0.000383334878046
0.000383310136366
0.000383284178746
0.000383257006461
0.000383228620668
0.000383199022429
0.000383168212728
0.000383136192493
0.000383102962621
0.000383068523998
0.000383032877516
0.000382996024090
0.000382957964668
0.000382918700232
0.000382878231798
0.000382836560402
0.000382793687088
0.000382749612881
0.000382704338767
0.000382657865659
0.000382610194371
0.000382561325587
0.000382511259838
0.000382459997485
0.000382407538705
0.000382353883487
0.000382299031643
0.000382242982818
0.000382185736522
0.000382127292160
0.000382067649072
0.000382006806580
0.000381944764036
0.000381881520868
0.000381817076623
0.000381751431008
0.000381684583920
0.000381616535469
0.000381547285984
0.000381476836018
0.000381405186330
0.000381332337864
0.000381258291718
0.000381183049102
0.000381106611294
0.000381028979597
0.000380950155289
0.000380870139590
0.000380788933624
0.000380706538402
0.000380622954810
0.000380538183609
0.000380452225457
0.000380365080936
0.000380276750595
0.000380187234999
0.000380096534791
0.000380004650754
0.000379911583875
0.000379817335404
0.000379721906912
0.000379625300336
0.000379527518010
0.000379428562689
0.000379328437558
0.000379227146215
0.000379124692658
0.000379021081246
0.000378916316654
0.000378810403821
0.000378703347898
0.000378595154186
0.000378485828088
0.000378375375062
0.000378263800585
0.000378151110134
0.000378037309173
0.000377922403163
0.000377806397587
0.000377689297981
0.000377571109990
0.000377451839423
0.000377331492321
0.000377210075026
0.000377087594249
0.000376964057133
0.000376839471307
0.000376713844935
0.000376587186743
0.000376459506032
0.000376330812684
0.000376201117140
0.000376070430372
0.000375938763841
0.000375806129440
0.000375672539440
0.000375538006424
0.000375402543225
0.000375266162877
0.000375128878560
0.000374990703568
0.000374851651287
0.000374711735186
0.000374570968829
0.000374429365897
0.000374286940226
0.000374143705859
0.000373999677103
0.000373854868591
0.000373709295350
0.000373562972860
0.000373415917113
0.000373268144661
0.000373119672646
0.000372970518826
0.000372820701578
0.000372670239887
0.000372519153324
0.000372367462006
0.000372215186546
0.000372062348001
0.000371908967806
0.000371755067713
0.000371600669731
0.000371445796074
0.000371290469115
0.000371134711356
0.000370978545404
0.000370821993973
0.000370665079885
0.000370507826099
0.000370350255742
0.000370192392153
0.000370034258931
0.000369875879986
0.000369717279595
0.000369558482444
0.000369399513673
0.000369240398904
0.000369081164261
0.000368921836380
0.000368762442399
0.000368603009940
0.000368443567082
0.000368284142314
0.000368124764491
0.000367965462778
0.000367806266597
0.000367647205570
0.000367488309466
0.000367329608160
0.000367171131597
0.000367012909762
0.000366854972665
0.000366697350341
0.000366540072855
0.000366383170314
0.000366226672897
0.000366070610882
0.000365915014680
0.000365759914866
0.000365605342216
0.000365451327731
0.000365297902661
0.000365145098516
0.000364992947073
0.000364841480374
0.000364690730707
0.000364540730588
0.000364391512728
0.000364243109997
0.000364095555386
0.000363948881961
0.000363803122820
0.000363658311051
0.000363514479695
0.000363371661710
0.000363229889948
0.000363089197131
0.000362949615842
0.000362811178517
0.000362673917449
