0.000264804093891
0.000264855682076
0.000264906926930
0.000264957827310
0.000265008382554
0.000265058592518
0.000265108457597
0.000265157978709
0.000265207157264
0.000265255995109
0.000265304494448
0.000265352657752
0.000265400487654
0.000265447986835
0.000265495157915
0.000265542003341
0.000265588525291
0.000265634725582
0.000265680605605
0.000265726166280
0.000265771408026
0.000265816330769
0.000265860933958
0.000265905216621
0.000265949177426
0.000265992814774
0.000266036126891
0.000266079111943
0.000266121768140
0.000266164093852
0.000266206087708
0.000266247748686
0.000266289076187
0.000266330070090
0.000266370730785
0.000266411059174
0.000266451056665
0.000266490725123
0.000266530066815
0.000266569084329
0.000266607780484
0.000266646158221
0.000266684220505
0.000266721970210
0.000266759410021
0.000266796542345
0.000266833369230
0.000266869892313
0.000266906112776
0.000266942031334
0.000266977648242
0.000267012963322
0.000267047976016
0.000267082685454
0.000267117090533
0.000267151190015
0.000267184982623
0.000267218467144
0.000267251642522
0.000267284507951
0.000267317062951
0.000267349307424
0.000267381241699
0.000267412866556
0.000267444183218
0.000267475193337
0.000267505898951
0.000267536302425
0.000267566406379
0.000267596213605
0.000267625726975
0.000267654949354
0.000267683883506
0.000267712532009
0.000267740897189
0.000267768981054
0.000267796785255
0.000267824311058
0.000267851559339
0.000267878530596
0.000267905224978
0.000267931642333
0.000267957782267
0.000267983644212
0.000268009227506
0.000268034531474
0.000268059555503
0.000268084299122
0.000268108762065
0.000268132944330
0.000268156846218
0.000268180468361
0.000268203811733
0.000268226877642
0.000268249667710
0.000268272183833
0.000268294428137
0.000268316402917
0.000268338110572
0.000268359553540
0.000268380734229
0.000268401654952
0.000268422317870
0.000268442724945
0.000268462877901
0.000268482778197
0.000268502427019
0.000268521825276
0.000268540973618
0.000268559872463
0.000268578522027
0.000268596922375
0.000268615073465
0.000268632975203
0.000268650627498
0.000268668030310
0.000268685183696
0.000268702087851
0.000268718743140
0.000268735150118
0.000268751309539
0.000268767222362
0.000268782889735
0.000268798312981
0.000268813493570
0.000268828433087
0.000268843133195
0.000268857595595
0.000268871821992
0.000268885814053
0.000268899573375
0.000268913101462
0.000268926399696
0.000268939469328
0.000268952311467
0.000268964927083
0.000268977317008
0.000268989481954
0.000269001422526
0.000269013139242
0.000269024632561
0.000269035902898
0.000269046950658
0.000269057776247
0.000269068380099
0.000269078762688
0.000269088924537
0.000269098866228
0.000269108588402
0.000269118091754
0.000269127377031
0.000269136445022
0.000269145296544
0.000269153932429
0.000269162353516
0.000269170560637
0.000269178554604
0.000269186336208
0.000269193906210
0.000269201265340
0.000269208414303
0.000269215353776
0.000269222084421
0.000269228606889
0.000269234921829
0.000269241029897
0.000269246931762
0.000269252628111
0.000269258119653
0.000269263407118
0.000269268491254
0.000269273372820
0.000269278052576
0.000269282531277
0.000269286809649
0.000269290888384
0.000269294768120
0.000269298449427
0.000269301932795
0.000269305218622
0.000269308307211
0.000269311198766
0.000269313893393
0.000269316391111
0.000269318691862
0.000269320795528
0.000269322701954
0.000269324410971
0.000269325922423
0.000269327236192
0.000269328352223
0.000269329270550
0.000269329991308
0.000269330514756
0.000269330841278
0.000269330971382
0.000269330905703
0.000269330644977
0.000269330190033
0.000269329541757
0.000269328701069
0.000269327668883
0.000269326446075
0.000269325033446
0.000269323431688
0.000269321641353
0.000269319662827
0.000269317496314
0.000269315141820
0.000269312599152
0.000269309867925
0.000269306947576
0.000269303837387
0.000269300536515
0.000269297044029
0.000269293358953
0.000269289480308
0.000269285407158
0.000269281138652
0.000269276674063
0.000269272012821
0.000269267154539
0.000269262099030
0.000269256846310
0.000269251396600
0.000269245750308
0.000269239908005
0.000269233870396
0.000269227638276
0.000269221212489
0.000269214593880
0.000269207783241
0.000269200781269
0.000269193588517
0.000269186205359
0.000269178631957
0.000269170868236
0.000269162913877
0.000269154768311
0.000269146430729
0.000269137900104
0.000269129175217
0.000269120254700
0.000269111137073
0.000269101820800
0.000269092304338
0.000269082586188
0.000269072664943
0.000269062539333
0.000269052208265
0.000269041670844
0.000269030926401
0.000269019974492
0.000269008814903
0.000268997447630
0.000268985872857
0.000268974090928
0.000268962102300
0.000268949907502
0.000268937507088
0.000268924901584
0.000268912091442
0.000268899076997
0.000268885858421
0.000268872435697
0.000268858808590
0.000268844976633
0.000268830939122
0.000268816695117
0.000268802243461
0.000268787582801
0.000268772711614
0.000268757628254
0.000268742330983
0.000268726818024
0.000268711087601
0.000268695137988
0.000268678967545
0.000268662574757
0.000268645958264
0.000268629116881
0.000268612049618
0.000268594755680
0.000268577234468
0.000268559485567
0.000268541508728
0.000268523303846
0.000268504870929
0.000268486210062
0.000268467321374
0.000268448205002
0.000268428861049
0.000268409289553
0.000268389490454
0.000268369463564
0.000268349208545
0.000268328724891
0.000268308011917
0.000268287068753
0.000268265894345
0.000268244487468
0.000268222846734
0.000268200970612
0.000268178857456
0.000268156505531
0.000268133913039
0.000268111078159
0.000268087999073
0.000268064674000
0.000268041101228
0.000268017279142
0.000267993206248
0.000267968881197
0.000267944302799
0.000267919470036
0.000267894382072
0.000267869038247
0.000267843438077
0.000267817581242
0.000267791467567
0.000267765097001
0.000267738469588
0.000267711585437
0.000267684444682
0.000267657047449
0.000267629393813
0.000267601483760
0.000267573317150
0.000267544893685
0.000267516212873
0.000267487274014
0.000267458076175
0.000267428618190
0.000267398898656
0.000267368915945
0.000267338668225
0.000267308153490
0.000267277369594
0.000267246314299
0.000267214985326
0.000267183380411
0.000267151497357
0.000267119334101
0.000267086888758
0.000267054159681
0.000267021145498
0.000266987845143
0.000266954257885
0.000266920383329
0.000266886221414
0.000266851772392
0.000266817036791
0.000266782015370
0.000266746709055
0.000266711118872
0.000266675245867
0.000266639091026
0.000266602655196
0.000266565939004
0.000266528942790
0.000266491666542
0.000266454109856
0.000266416271903
0.000266378151419
0.000266339746710
0.000266301055687
0.000266262075907
0.000266222804644
0.000266183238966
0.000266143375835
0.000266103212202
0.000266062745123
0.000266021971859
0.000265980889978
0.000265939497452
0.000265897792724
0.000265855774772
0.000265813443142
0.000265770797955
0.000265727839894
0.000265684570161
0.000265640990409
0.000265597102655
0.000265552909170
0.000265508412355
0.000265463614612
0.000265418518208
0.000265373125144
0.000265327437034
0.000265281454998
0.000265235179578
0.000265188610675
0.000265141747522
0.000265094588680
0.000265047132075
0.000264999375054
0.000264951314485
0.000264902946868
0.000264854268474
0.000264805275503
0.000264755964237
