0.000823536003144
0.000818997004909
0.000814574433642
0.000810268859969
0.000806080663359
0.000802010036301
0.000798056988763
0.000794221352939
0.000790502788253
0.000786900786615
0.000783414677916
0.000780043635727
0.000776786683213
0.000773642699208
0.000770610424463
0.000767688468028
0.000764875313754
0.000762169326899
0.000759568760814
0.000757071763705
0.000754676385432
0.000752380584361
0.000750182234224
0.000748079131005
0.000746068999813
0.000744149501751
0.000742318240765
0.000740572770456
0.000738910600855
0.000737329205134
0.000735826026264
0.000734398483587
0.000733043979288
0.000731759904779
0.000730543646941
0.000729392594239
0.000728304142685
0.000727275701631
0.000726304699380
0.000725388588606
0.000724524851563
0.000723711005085
0.000722944605354
0.000722223252445
0.000721544594629
0.000720906332442
0.000720306222515
0.000719742081160
0.000719211787723
0.000718713287689
0.000718244595560
0.000717803797491
0.000717389053691
0.000716998600589
0.000716630752763
0.000716283904634
0.000715956531918
0.000715647192843
0.000715354529115
0.000715077266649
0.000714814216050
0.000714564272850
0.000714326417507
0.000714099715151
0.000713883315107
0.000713676450176
0.000713478435698
0.000713288668398
0.000713106625024
0.000712931860791
0.000712764007644
0.000712602772341
0.000712447934383
0.000712299343787
0.000712156918723
0.000712020643022
0.000711890563559
0.000711766787528
0.000711649479608
0.000711538859037
0.000711435196590
0.000711338811475
0.000711250068150
0.000711169373074
0.000711097171389
0.000711033943558
0.000710980201945
0.000710936487375
0.000710903365658
0.000710881424109
0.000710871268064
0.000710873517403
0.000710888803106
0.000710917763834
0.000710961042562
0.000711019283256
0.000711093127634
0.000711183211975
0.000711290164027
0.000711414599992
0.000711557121597
0.000711718313269
0.000711898739401
0.000712098941724
0.000712319436782
0.000712560713521
0.000712823230980
0.000713107416112
0.000713413661722
0.000713742324522
0.000714093723333
0.000714468137412
0.000714865804925
0.000715286921566
0.000715731639323
0.000716200065402
0.000716692261304
0.000717208242061
0.000717747975625
0.000718311382422
0.000718898335046
0.000719508658121
0.000720142128292
0.000720798474371
0.000721477377614
0.000722178472128
0.000722901345405
0.000723645538983
0.000724410549211
0.000725195828143
0.000726000784524
0.000726824784900
0.000727667154819
0.000728527180143
0.000729404108456
0.000730297150575
0.000731205482154
0.000732128245381
0.000733064550772
0.000734013479039
0.000734974083047
0.000735945389837
0.000736926402719
0.000737916103414
0.000738913454249
0.000739917400388
0.000740926872081
0.000741940786940
0.000742958052218
0.000743977567080
0.000744998224873
0.000746018915374
0.000747038527014
0.000748055949075
0.000749070073857
0.000750079798813
0.000751084028640
0.000752081677339
0.000753071670237
0.000754052945964
0.000755024458393
0.000755985178531
0.000756934096365
0.000757870222660
0.000758792590696
0.000759700257942
0.000760592307673
0.000761467850497
0.000762326025815
0.000763166003181
0.000763986983574
0.000764788200569
0.000765568921404
0.000766328447930
0.000767066117464
0.000767781303520
0.000768473416435
0.000769141903886
0.000769786251299
0.000770405982158
0.000771000658223
0.000771569879644
0.000772113285002
0.000772630551255
0.000773121393614
0.000773585565336
0.000774022857449
0.000774433098398
0.000774816153627
0.000775171925079
0.000775500350631
0.000775801403450
0.000776075091275
0.000776321455631
0.000776540570955
0.000776732543667
0.000776897511155
0.000777035640703
0.000777147128355
0.000777232197721
0.000777291098738
0.000777324106384
0.000777331519369
0.000777313658785
0.000777270866752
0.000777203505048
0.000777111953731
0.000776996609768
0.000776857885668
0.000776696208124
0.000776512016666
0.000776305762332
0.000776077906347
0.000775828918826
0.000775559277490
0.000775269466399
0.000774959974710
0.000774631295451
0.000774283924323
0.000773918358532
0.000773535095650
0.000773134632515
0.000772717464179
0.000772284082896
0.000771834977174
0.000771370630876
0.000770891522393
0.000770398123878
0.000769890900555
0.000769370310093
0.000768836802057
0.000768290817426
0.000767732788176
0.000767163136941
0.000766582276723
0.000765990610673
0.000765388531927
0.000764776423496
0.000764154658212
0.000763523598724
0.000762883597551
0.000762234997182
0.000761578130238
0.000760913319682
0.000760240879094
0.000759561112994
0.000758874317240
0.000758180779474
0.000757480779635
0.000756774590527
0.000756062478448
0.000755344703865
0.000754621522135
0.000753893184276
0.000753159937759
0.000752422027332
0.000751679695862
0.000750933185190
0.000750182736985
0.000749428593602
0.000748670998932
0.000747910199244
0.000747146444015
0.000746379986747
0.000745611085775
0.000744840005057
0.000744067014964
0.000743292393049
0.000742516424816
0.000741739404479
0.000740961635714
0.000740183432393
0.000739405119317
0.000738627032920
0.000737849521957
0.000737072948160
0.000736297686859
0.000735524127552
0.000734752674436
0.000733983746869
0.000733217779774
0.000732455223969
0.000731696546428
0.000730942230466
0.000730192775846
0.000729448698821
0.000728710532094
0.000727978824719
0.000727254141934
0.000726537064942
0.000725828190631
0.000725128131257
0.000724437514073
0.000723756980923
0.000723087187793
0.000722428804330
0.000721782513313
0.000721149010091
0.000720529001975
0.000719923207582
0.000719332356137
0.000718757186714
0.000718198447428
0.000717656894574
0.000717133291704
0.000716628408650
0.000716143020502
0.000715677906527
0.000715233849057
0.000714811632329
0.000714412041304
0.000714035860468
0.000713683872609
0.000713356857600
0.000713055591185
0.000712780843762
0.000712533379199
0.000712313953657
0.000712123314435
0.000711962198852
0.000711831333140
0.000711731431369
0.000711663194402
0.000711627308864
0.000711624446146
0.000711655261425
0.000711720392712
0.000711820459924
0.000711956063987
0.000712127785964
0.000712336186225
0.000712581803651
0.000712865154885
0.000713186733637
0.000713547010042
0.000713946430080
0.000714385415070
0.000714864361229
0.000715383639305
0.000715943594294
0.000716544545229
0.000717186785049
0.000717870580543
0.000718596172369
0.000719363775142
0.000720173577598
0.000721025742809
0.000721920408474
0.000722857687259
0.000723837667197
0.000724860412141
0.000725925962272
0.000727034334657
0.000728185523863
0.000729379502622
0.000730616222549
0.000731895614914
0.000733217591468
0.000734582045320
0.000735988851871
0.000737437869787
0.000738928942027
0.000740461896904
0.000742036549190
0.000743652701243
0.000745310144159
0.000747008658940
0.000748748017668
0.000750527984685
0.000752348317758
0.000754208769240
0.000756109087210
0.000758049016592
0.000760028300246
0.000762046680033
0.000764103897850
0.000766199696632
0.000768333821313
0.000770506019764
0.000772716043685
0.000774963649458
0.000777248598961
0.000779570660330
0.000781929608675
0.000784325226738
0.000786757305482
0.000789225644619
0.000791730053054
0.000794270349247
0.000796846361482
0.000799457928041
0.000802104897271
0.000804787127547
0.000807504487120
0.000810256853855
0.000813044114861
0.000815866165996
0.000818722911278
0.000821614262179
0.000824540136818
0.000827500459057
