0.000582710123235
0.000582263411844
0.000581826354284
0.000581398643732
0.000580979991522
0.000580570127103
0.000580168797965
0.000579775769528
0.000579390825013
0.000579013765266
0.000578644408569
0.000578282590425
0.000577928163314
0.000577580996436
0.000577240975430
0.000576908002075
0.000576581993974
0.000576262884221
0.000575950621048
0.000575645167453
0.000575346500814
0.000575054612479
0.000574769507337
0.000574491203373
0.000574219731196
0.000573955133554
0.000573697464824
0.000573446790485
0.000573203186581
0.000572966739156
0.000572737543688
0.000572515704506
0.000572301334202
0.000572094553035
0.000571895488336
0.000571704273906
0.000571521049426
0.000571345959857
0.000571179154854
0.000571020788178
0.000570871017120
0.000570730001923
0.000570597905211
0.000570474891424
0.000570361126254
0.000570256776083
0.000570162007426
0.000570076986372
0.000570001878032
0.000569936845985
0.000569882051732
0.000569837654149
0.000569803808958
0.000569780668192
0.000569768379687
0.000569767086576
0.000569776926802
0.000569798032658
0.000569830530330
0.000569874539478
0.000569930172831
0.000569997535805
0.000570076726145
0.000570167833587
0.000570270939548
0.000570386116823
0.000570513429312
0.000570652931756
0.000570804669495
0.000570968678229
0.000571144983808
0.000571333602020
0.000571534538401
0.000571747788055
0.000571973335493
0.000572211154479
0.000572461207904
0.000572723447672
0.000572997814610
0.000573284238405
0.000573582637554
0.000573892919356
0.000574214979914
0.000574548704175
0.000574893965989
0.000575250628200
0.000575618542749
0.000575997550814
0.000576387482956
0.000576788159288
0.000577199389660
0.000577620973854
0.000578052701791
0.000578494353748
0.000578945700578
0.000579406503946
0.000579876516565
0.000580355482439
0.000580843137120
0.000581339207968
0.000581843414424
0.000582355468293
0.000582875074040
0.000583401929100
0.000583935724202
0.000584476143708
0.000585022865968
0.000585575563688
0.000586133904315
0.000586697550432
0.000587266160162
0.000587839387585
0.000588416883157
0.000588998294136
0.000589583265008
0.000590171437909
0.000590762453048
0.000591355949119
0.000591951563714
0.000592548933718
0.000593147695703
0.000593747486310
0.000594347942625
0.000594948702540
0.000595549405118
0.000596149690945
0.000596749202477
0.000597347584390
0.000597944483923
0.000598539551220
0.000599132439676
0.000599722806278
0.000600310311952
0.000600894621897
0.000601475405932
0.000602052338826
0.000602625100630
0.000603193376997
0.000603756859489
0.000604315245880
0.000604868240434
0.000605415554169
0.000605956905105
0.000606492018485
0.000607020626987
0.000607542470902
0.000608057298300
0.000608564865176
0.000609064935575
0.000609557281703
0.000610041684025
0.000610517931350
0.000610985820904
0.000611445158400
0.000611895758096
0.000612337442851
0.000612770044176
0.000613193402278
0.000613607366100
0.000614011793353
0.000614406550543
0.000614791512985
0.000615166564803
0.000615531598927
0.000615886517059
0.000616231229629
0.000616565655740
0.000616889723076
0.000617203367808
0.000617506534469
0.000617799175816
0.000618081252677
0.000618352733780
0.000618613595569
0.000618863822017
0.000619103404421
0.000619332341205
0.000619550637708
0.000619758305981
0.000619955364578
0.000620141838352
0.000620317758250
0.000620483161114
0.000620638089473
0.000620782591347
0.000620916720038
0.000621040533927
0.000621154096258
0.000621257474921
0.000621350742228
0.000621433974679
0.000621507252722
0.000621570660505
0.000621624285621
0.000621668218848
0.000621702553888
0.000621727387095
0.000621742817216
0.000621748945124
0.000621745873560
0.000621733706877
0.000621712550801
0.000621682512188
0.000621643698802
0.000621596219099
0.000621540182020
0.000621475696795
0.000621402872760
0.000621321819177
0.000621232645066
0.000621135459039
0.000621030369146
0.000620917482717
0.000620796906216
0.000620668745096
0.000620533103654
0.000620390084893
0.000620239790392
0.000620082320176
0.000619917772597
0.000619746244217
0.000619567829710
0.000619382621764
0.000619190711002
0.000618992185912
0.000618787132790
0.000618575635700
0.000618357776445
0.000618133634549
0.000617903287256
0.000617666809541
0.000617424274129
0.000617175751523
0.000616921310048
0.000616661015891
0.000616394933159
0.000616123123937
0.000615845648349
0.000615562564628
0.000615273929191
0.000614979796717
0.000614680220230
0.000614375251191
0.000614064939596
0.000613749334084
0.000613428482049
0.000613102429765
0.000612771222521
0.000612434904765
0.000612093520260
0.000611747112240
0.000611395723591
0.000611039397022
0.000610678175251
0.000610312101198
0.000609941218167
0.000609565570046
0.000609185201492
0.000608800158124
0.000608410486701
0.000608016235312
0.000607617453547
0.000607214192670
0.000606806505790
0.000606394448026
0.000605978076670
0.000605557451349
0.000605132634191
0.000604703689986
0.000604270686356
0.000603833693920
0.000603392786471
0.000602948041145
0.000602499538601
0.000602047363195
0.000601591603156
0.000601132350757
0.000600669702481
0.000600203759182
0.000599734626233
0.000599262413662
0.000598787236278
0.000598309213777
0.000597828470841
0.000597345137214
0.000596859347765
0.000596371242538
0.000595880966790
0.000595388671016
0.000594894510964
0.000594398647650
0.000593901247356
0.000593402481637
0.000592902527316
0.000592401566483
0.000591899786487
0.000591397379938
0.000590894544689
0.000590391483826
0.000589888405652
0.000589385523654
0.000588883056465
0.000588381227817
0.000587880266468
0.000587380406125
0.000586881885340
0.000586384947390
0.000585889840141
0.000585396815892
0.000584906131203
0.000584418046705
0.000583932826904
0.000583450739971
0.000582972057521
0.000582497054398
0.000582026008443
0.000581559200278
0.000581096913077
0.000580639432347
0.000580187045711
0.000579740042692
0.000579298714500
0.000578863353816
0.000578434254580
0.000578011711771
0.000577596021187
0.000577187479212
0.000576786382579
0.000576393028124
0.000576007712524
0.000575630732031
0.000575262382194
0.000574902957566
0.000574552751418
0.000574212055430
0.000573881159394
0.000573560350908
0.000573249915080
0.000572950134228
0.000572661287597
0.000572383651082
0.000572117496958
0.000571863093630
0.000571620705393
0.000571390592196
0.000571173009432
0.000570968207726
0.000570776432741
0.000570597924982
0.000570432919617
0.000570281646293
0.000570144328958
0.000570021185691
0.000569912428524
0.000569818263272
0.000569738889369
0.000569674499698
0.000569625280433
0.000569591410890
0.000569573063379
0.000569570403076
0.000569583587901
0.000569612768413
0.000569658087728
0.000569719681441
0.000569797677582
0.000569892196576
0.000570003351232
0.000570131246742
0.000570275980698
0.000570437643129
0.000570616316541
0.000570812075977
0.000571024989084
0.000571255116188
0.000571502510378
0.000571767217604
0.000572049276766
0.000572348719832
0.000572665571947
0.000572999851562
0.000573351570568
0.000573720734444
0.000574107342418
0.000574511387640
0.000574932857370
0.000575371733182
0.000575827991181
0.000576301602235
0.000576792532219
0.000577300742275
0.000577826189077
0.000578368825107
0.000578928598938
0.000579505455523
0.000580099336485
0.000580710180412
0.000581337923146
0.000581982498085
0.000582643836472
0.000583321867691
