0.000172851456912
0.000172856445229
0.000172861438453
0.000172866439182
0.000172871450633
0.000172876476483
0.000172881520689
0.000172886587314
0.000172891680353
0.000172896803575
0.000172901960377
0.000172907153657
0.000172912385714
0.000172917658171
0.000172922971922
0.000172928327104
0.000172933723099
0.000172939158548
0.000172944631397
0.000172950138962
0.000172955678007
0.000172961244843
0.000172966835439
0.000172972445543
0.000172978070809
0.000172983706928
0.000172989349755
0.000172994995429
0.000173000640484
0.000173006281935
0.000173011917352
0.000173017544908
0.000173023163396
0.000173028772230
0.000173034371414
0.000173039961488
0.000173045543463
0.000173051118733
0.000173056688985
0.000173062256098
0.000173067822048
0.000173073388814
0.000173078958294
0.000173084532229
0.000173090112142
0.000173095699284
0.000173101294599
0.000173106898693
0.000173112511816
0.000173118133860
0.000173123764352
0.000173129402469
0.000173135047054
0.000173140696640
0.000173146349486
0.000173152003615
0.000173157656867
0.000173163306946
0.000173168951487
0.000173174588112
0.000173180214493
0.000173185828411
0.000173191427806
0.000173197010824
0.000173202575849
0.000173208121524
0.000173213646761
0.000173219150739
0.000173224632891
0.000173230092880
0.000173235530571
0.000173240946005
0.000173246339360
0.000173251710923
0.000173257061066
0.000173262390216
0.000173267698840
0.000173272987430
0.000173278256481
0.000173283506488
0.000173288737926
0.000173293951235
0.000173299146805
0.000173304324954
0.000173309485905
0.000173314629764
0.000173319756499
0.000173324865920
0.000173329957665
0.000173335031191
0.000173340085773
0.000173345120511
0.000173350134346
0.000173355126078
0.000173360094392
0.000173365037889
0.000173369955112
0.000173374844581
0.000173379704817
0.000173384534366
0.000173389331824
0.000173394095852
0.000173398825194
0.000173403518690
0.000173408175294
0.000173412794084
0.000173417374277
0.000173421915250
0.000173426416549
0.000173430877908
0.000173435299254
0.000173439680717
0.000173444022625
0.000173448325492
0.000173452590001
0.000173456816970
0.000173461007310
0.000173465161986
0.000173469281955
0.000173473368116
0.000173477421258
0.000173481442006
0.000173485430785
0.000173489387784
0.000173493312936
0.000173497205911
0.000173501066118
0.000173504892716
0.000173508684642
0.000173512440634
0.000173516159271
0.000173519839006
0.000173523478213
0.000173527075219
0.000173530628348
0.000173534135961
0.000173537596494
0.000173541008494
0.000173544370660
0.000173547681873
0.000173550941233
0.000173554148085
0.000173557302043
0.000173560403003
0.000173563451149
0.000173566446945
0.000173569391118
0.000173572284622
0.000173575128598
0.000173577924315
0.000173580673106
0.000173583376304
0.000173586035165
0.000173588650810
0.000173591224158
0.000173593755882
0.000173596246368
0.000173598695699
0.000173601103641
0.000173603469661
0.000173605792938
0.000173608072404
0.000173610306782
0.000173612494633
0.000173614634410
0.000173616724507
0.000173618763312
0.000173620749257
0.000173622680866
0.000173624556794
0.000173626375869
0.000173628137128
0.000173629839842
0.000173631483544
0.000173633068043
0.000173634593432
0.000173636060088
0.000173637468656
0.000173638820027
0.000173640115300
0.000173641355733
0.000173642542687
0.000173643677558
0.000173644761706
0.000173645796386
0.000173646782683
0.000173647721446
0.000173648613247
0.000173649458345
0.000173650256669
0.000173651007820
0.000173651711088
0.000173652365489
0.000173652969807
0.000173653522657
0.000173654022543
0.000173654467930
0.000173654857304
0.000173655189238
0.000173655462447
0.000173655675835
0.000173655828537
0.000173655919947
0.000173655949740
0.000173655917884
0.000173655824643
0.000173655670568
0.000173655456482
0.000173655183456
0.000173654852775
0.000173654465889
0.000173654024366
0.000173653529826
0.000173652983878
0.000173652388044
0.000173651743693
0.000173651051967
0.000173650313720
0.000173649529470
0.000173648699358
0.000173647823132
0.000173646900146
0.000173645929380
0.000173644909485
0.000173643838838
0.000173642715617
0.000173641537885
0.000173640303682
0.000173639011118
0.000173637658460
0.000173636244215
0.000173634767197
0.000173633226586
0.000173631621964
0.000173629953343
0.000173628221166
0.000173626426302
0.000173624570017
0.000173622653942
0.000173620680018
0.000173618650439
0.000173616567579
0.000173614433917
0.000173612251955
0.000173610024126
0.000173607752709
0.000173605439741
0.000173603086930
0.000173600695584
0.000173598266543
0.000173595800133
0.000173593296137
0.000173590753789
0.000173588171794
0.000173585548363
0.000173582881289
0.000173580168029
0.000173577405813
0.000173574591764
0.000173571723026
0.000173568796890
0.000173565810921
0.000173562763073
0.000173559651780
0.000173556476040
0.000173553235464
0.000173549930308
0.000173546561478
0.000173543130506
0.000173539639512
0.000173536091137
0.000173532488465
0.000173528834925
0.000173525134185
0.000173521390034
0.000173517606263
0.000173513786540
0.000173509934285
0.000173506052557
0.000173502143937
0.000173498210439
0.000173494253423
0.000173490273540
0.000173486270693
0.000173482244030
0.000173478191967
0.000173474112240
0.000173470001986
0.000173465857852
0.000173461676128
0.000173457452901
0.000173453184216
0.000173448866246
0.000173444495455
0.000173440068757
0.000173435583649
0.000173431038331
0.000173426431788
0.000173421763849
0.000173417035211
0.000173412247426
0.000173407402869
0.000173402504660
0.000173397556576
0.000173392562935
0.000173387528458
0.000173382458128
0.000173377357033
0.000173372230203
0.000173367082454
0.000173361918234
0.000173356741473
0.000173351555455
0.000173346362702
0.000173341164887
0.000173335962768
0.000173330756161
0.000173325543937
0.000173320324065
0.000173315093684
0.000173309849209
0.000173304586473
0.000173299300889
0.000173293987637
0.000173288641857
0.000173283258853
0.000173277834284
0.000173272364352
0.000173266845956
0.000173261276832
0.000173255655651
0.000173249982085
0.000173244256838
0.000173238481635
0.000173232659176
0.000173226793062
0.000173220887686
0.000173214948097
0.000173208979854
0.000173202988849
0.000173196981136
0.000173190962738
0.000173184939471
0.000173178916756
0.000173172899455
0.000173166891714
0.000173160896831
0.000173154917150
0.000173148953983
0.000173143007566
0.000173137077061
0.000173131160584
0.000173125255285
0.000173119357454
0.000173113462673
0.000173107565988
0.000173101662108
0.000173095745614
0.000173089811182
0.000173083853791
0.000173077868929
0.000173071852775
0.000173065802352
0.000173059715650
0.000173053591714
0.000173047430689
0.000173041233833
0.000173035003485
0.000173028743004
0.000173022456672
0.000173016149570
0.000173009827427
0.000173003496459
0.000172997163178
0.000172990834209
0.000172984516090
0.000172978215077
0.000172971936959
0.000172965686880
0.000172959469185
0.000172953287282
0.000172947143542
0.000172941039230
0.000172934974467
0.000172928948244
0.000172922958465
0.000172917002043
0.000172911075021
0.000172905172735
0.000172899289997
0.000172893421306
0.000172887561059
0.000172881703776
0.000172875844310
0.000172869978046
0.000172864101077
0.000172858210357
0.000172852303817
0.000172846380449
0.000172840440351
0.000172834484745
