0.000251342158668
0.000251378495120
0.000251414609030
0.000251450497816
0.000251486159200
0.000251521591321
0.000251556792828
0.000251591762949
0.000251626501532
0.000251661009055
0.000251695286612
0.000251729335865
0.000251763158976
0.000251796758515
0.000251830137345
0.000251863298503
0.000251896245065
0.000251928980019
0.000251961506133
0.000251993825843
0.000252025941153
0.000252057853560
0.000252089563998
0.000252121072816
0.000252152379782
0.000252183484116
0.000252214384546
0.000252245079395
0.000252275566678
0.000252305844220
0.000252335909773
0.000252365761149
0.000252395396329
0.000252424813582
0.000252454011555
0.000252482989350
0.000252511746576
0.000252540283380
0.000252568600451
0.000252596698999
0.000252624580707
0.000252652247673
0.000252679702322
0.000252706947306
0.000252733985405
0.000252760819408
0.000252787452009
0.000252813885694
0.000252840122657
0.000252866164711
0.000252892013233
0.000252917669126
0.000252943132799
0.000252968404181
0.000252993482750
0.000253018367589
0.000253043057454
0.000253067550865
0.000253091846203
0.000253115941807
0.000253139836083
0.000253163527593
0.000253187015149
0.000253210297881
0.000253233375297
0.000253256247317
0.000253278914296
0.000253301377018
0.000253323636673
0.000253345694819
0.000253367553326
0.000253389214303
0.000253410680023
0.000253431952838
0.000253453035088
0.000253473929020
0.000253494636708
0.000253515159978
0.000253535500357
0.000253555659027
0.000253575636798
0.000253595434102
0.000253615051008
0.000253634487242
0.000253653742242
0.000253672815206
0.000253691705168
0.000253710411068
0.000253728931831
0.000253747266440
0.000253765414012
0.000253783373854
0.000253801145517
0.000253818728832
0.000253836123931
0.000253853331259
0.000253870351563
0.000253887185872
0.000253903835467
0.000253920301833
0.000253936586612
0.000253952691543
0.000253968618406
0.000253984368959
0.000253999944883
0.000254015347729
0.000254030578873
0.000254045639480
0.000254060530479
0.000254075252549
0.000254089806116
0.000254104191370
0.000254118408277
0.000254132456621
0.000254146336038
0.000254160046063
0.000254173586181
0.000254186955874
0.000254200154671
0.000254213182186
0.000254226038159
0.000254238722479
0.000254251235205
0.000254263576575
0.000254275747002
0.000254287747071
0.000254299577516
0.000254311239204
0.000254322733102
0.000254334060251
0.000254345221733
0.000254356218638
0.000254367052037
0.000254377722951
0.000254388232330
0.000254398581029
0.000254408769800
0.000254418799274
0.000254428669967
0.000254438382275
0.000254447936487
0.000254457332796
0.000254466571314
0.000254475652096
0.000254484575158
0.000254493340501
0.000254501948128
0.000254510398063
0.000254518690367
0.000254526825144
0.000254534802547
0.000254542622783
0.000254550286100
0.000254557792790
0.000254565143176
0.000254572337598
0.000254579376410
0.000254586259965
0.000254592988613
0.000254599562690
0.000254605982520
0.000254612248410
0.000254618360660
0.000254624319556
0.000254630125384
0.000254635778434
0.000254641279001
0.000254646627397
0.000254651823956
0.000254656869032
0.000254661763010
0.000254666506299
0.000254671099337
0.000254675542584
0.000254679836514
0.000254683981611
0.000254687978349
0.000254691827187
0.000254695528547
0.000254699082799
0.000254702490243
0.000254705751098
0.000254708865484
0.000254711833419
0.000254714654811
0.000254717329463
0.000254719857081
0.000254722237289
0.000254724469648
0.000254726553684
0.000254728488915
0.000254730274881
0.000254731911175
0.000254733397475
0.000254734733565
0.000254735919359
0.000254736954915
0.000254737840445
0.000254738576312
0.000254739163027
0.000254739601235
0.000254739891691
0.000254740035235
0.000254740032761
0.000254739885174
0.000254739593361
0.000254739158138
0.000254738580223
0.000254737860186
0.000254736998425
0.000254735995134
0.000254734850288
0.000254733563629
0.000254732134673
0.000254730562718
0.000254728846869
0.000254726986072
0.000254724979156
0.000254722824887
0.000254720522016
0.000254718069340
0.000254715465757
0.000254712710316
0.000254709802261
0.000254706741072
0.000254703526485
0.000254700158506
0.000254696637413
0.000254692963746
0.000254689138275
0.000254685161971
0.000254681035956
0.000254676761453
0.000254672339722
0.000254667772000
0.000254663059436
0.000254658203028
0.000254653203571
0.000254648061600
0.000254642777357
0.000254637350761
0.000254631781394
0.000254626068503
0.000254620211021
0.000254614207595
0.000254608056634
0.000254601756369
0.000254595304921
0.000254588700375
0.000254581940861
0.000254575024623
0.000254567950098
0.000254560715976
0.000254553321250
0.000254545765254
0.000254538047687
0.000254530168616
0.000254522128463
0.000254513927979
0.000254505568198
0.000254497050383
0.000254488375956
0.000254479546423
0.000254470563296
0.000254461428008
0.000254452141837
0.000254442705830
0.000254433120735
0.000254423386956
0.000254413504504
0.000254403472983
0.000254393291581
0.000254382959090
0.000254372473932
0.000254361834217
0.000254351037804
0.000254340082380
0.000254328965548
0.000254317684915
0.000254306238187
0.000254294623254
0.000254282838269
0.000254270881715
0.000254258752457
0.000254246449775
0.000254233973380
0.000254221323412
0.000254208500412
0.000254195505287
0.000254182339248
0.000254169003743
0.000254155500373
0.000254141830805
0.000254127996684
0.000254113999534
0.000254099840679
0.000254085521157
0.000254071041659
0.000254056402471
0.000254041603441
0.000254026643960
0.000254011522968
0.000253996238975
0.000253980790105
0.000253965174158
0.000253949388684
0.000253933431070
0.000253917298636
0.000253900988735
0.000253884498844
0.000253867826660
0.000253850970177
0.000253833927756
0.000253816698171
0.000253799280646
0.000253781674863
0.000253763880957
0.000253745899486
0.000253727731388
0.000253709377921
0.000253690840585
0.000253672121041
0.000253653221017
0.000253634142217
0.000253614886221
0.000253595454406
0.000253575847854
0.000253556067294
0.000253536113041
0.000253515984963
0.000253495682464
0.000253475204486
0.000253454549533
0.000253433715716
0.000253412700809
0.000253391502327
0.000253370117612
0.000253348543929
0.000253326778557
0.000253304818894
0.000253282662536
0.000253260307370
0.000253237751633
0.000253214993968
0.000253192033461
0.000253168869655
0.000253145502548
0.000253121932574
0.000253098160564
0.000253074187691
0.000253050015401
0.000253025645336
0.000253001079248
0.000252976318904
0.000252951365998
0.000252926222057
0.000252900888363
0.000252875365876
0.000252849655175
0.000252823756417
0.000252797669306
0.000252771393091
0.000252744926575
0.000252718268146
0.000252691415833
0.000252664367364
0.000252637120245
0.000252609671851
0.000252582019513
0.000252554160614
0.000252526092677
0.000252497813455
0.000252469320999
0.000252440613727
0.000252411690465
0.000252382550483
0.000252353193509
0.000252323619723
0.000252293829735
0.000252263824550
0.000252233605512
0.000252203174237
0.000252172532536
0.000252141682325
0.000252110625540
0.000252079364037
0.000252047899508
0.000252016233392
0.000251984366803
0.000251952300472
0.000251920034694
0.000251887569310
0.000251854903690
0.000251822036753
0.000251788966992
0.000251755692527
0.000251722211164
0.000251688520478
0.000251654617897
0.000251620500794
0.000251586166587
