0.000332416259131
0.000332575032160
0.000332733826676
0.000332892624880
0.000333051409401
0.000333210163254
0.000333368869766
0.000333527512498
0.000333686075159
0.000333844541504
0.000334002895245
0.000334161119967
0.000334319199048
0.000334477115602
0.000334634852442
0.000334792392056
0.000334949716620
0.000335106808020
0.000335263647907
0.000335420217765
0.000335576498994
0.000335732473011
0.000335888121350
0.000336043425766
0.000336198368334
0.000336352931536
0.000336507098335
0.000336660852230
0.000336814177286
0.000336967058146
0.000337119480012
0.000337271428612
0.000337422890141
0.000337573851183
0.000337724298627
0.000337874219571
0.000338023601224
0.000338172430811
0.000338320695488
0.000338468382270
0.000338615477976
0.000338761969196
0.000338907842275
0.000339053083329
0.000339197678274
0.000339341612888
0.000339484872875
0.000339627443957
0.000339769311969
0.000339910462960
0.000340050883288
0.000340190559713
0.000340329479481
0.000340467630384
0.000340605000804
0.000340741579738
0.000340877356801
0.000341012322196
0.000341146466676
0.000341279781482
0.000341412258262
0.000341543888984
0.000341674665846
0.000341804581176
0.000341933627344
0.000342061796686
0.000342189081429
0.000342315473650
0.000342440965242
0.000342565547906
0.000342689213168
0.000342811952412
0.000342933756934
0.000343054618014
0.000343174526995
0.000343293475375
0.000343411454900
0.000343528457651
0.000343644476126
0.000343759503314
0.000343873532743
0.000343986558520
0.000344098575343
0.000344209578494
0.000344319563811
0.000344428527643
0.000344536466780
0.000344643378382
0.000344749259892
0.000344854108942
0.000344957923269
0.000345060700628
0.000345162438722
0.000345263135137
0.000345362787306
0.000345461392483
0.000345558947738
0.000345655449979
0.000345750895985
0.000345845282462
0.000345938606106
0.000346030863684
0.000346122052114
0.000346212168547
0.000346301210447
0.000346389175658
0.000346476062465
0.000346561869630
0.000346646596419
0.000346730242601
0.000346812808439
0.000346894294648
0.000346974702349
0.000347054033001
0.000347132288329
0.000347209470243
0.000347285580754
0.000347360621897
0.000347434595660
0.000347507503919
0.000347579348396
0.000347650130624
0.000347719851937
0.000347788513474
0.000347856116201
0.000347922660950
0.000347988148470
0.000348052579493
0.000348115954793
0.000348178275268
0.000348239542000
0.000348299756323
0.000348358919872
0.000348417034628
0.000348474102941
0.000348530127539
0.000348585111522
0.000348639058337
0.000348691971741
0.000348743855746
0.000348794714562
0.000348844552527
0.000348893374036
0.000348941183475
0.000348987985153
0.000349033783249
0.000349078581766
0.000349122384498
0.000349165195015
0.000349207016660
0.000349247852563
0.000349287705669
0.000349326578777
0.000349364474590
0.000349401395770
0.000349437344995
0.000349472325023
0.000349506338736
0.000349539389197
0.000349571479678
0.000349602613689
0.000349632794984
0.000349662027562
0.000349690315644
0.000349717663644
0.000349744076130
0.000349769557767
0.000349794113265
0.000349817747323
0.000349840464565
0.000349862269491
0.000349883166429
0.000349903159499
0.000349922252584
0.000349940449322
0.000349957753103
0.000349974167080
0.000349989694196
0.000350004337221
0.000350018098789
0.000350030981447
0.000350042987708
0.000350054120094
0.000350064381183
0.000350073773643
0.000350082300263
0.000350089963968
0.000350096767823
0.000350102715028
0.000350107808896
0.000350112052828
0.000350115450269
0.000350118004671
0.000350119719442
0.000350120597896
0.000350120643213
0.000350119858391
0.000350118246219
0.000350115809248
0.000350112549780
0.000350108469863
0.000350103571300
0.000350097855672
0.000350091324357
0.000350083978576
0.000350075819426
0.000350066847928
0.000350057065068
0.000350046471836
0.000350035069264
0.000350022858450
0.000350009840574
0.000349996016911
0.000349981388819
0.000349965957730
0.000349949725126
0.000349932692502
0.000349914861332
0.000349896233023
0.000349876808879
0.000349856590050
0.000349835577506
0.000349813772000
0.000349791174048
0.000349767783922
0.000349743601644
0.000349718627000
0.000349692859560
0.000349666298707
0.000349638943673
0.000349610793585
0.000349581847505
0.000349552104476
0.000349521563567
0.000349490223904
0.000349458084701
0.000349425145278
0.000349391405071
0.000349356863627
0.000349321520589
0.000349285375672
0.000349248428633
0.000349210679223
0.000349172127154
0.000349132772043
0.000349092613379
0.000349051650474
0.000349009882442
0.000348967308169
0.000348923926306
0.000348879735265
0.000348834733239
0.000348788918218
0.000348742288025
0.000348694840362
0.000348646572855
0.000348597483105
0.000348547568744
0.000348496827479
0.000348445257141
0.000348392855714
0.000348339621369
0.000348285552469
0.000348230647575
0.000348174905431
0.000348118324942
0.000348060905138
0.000348002645132
0.000347943544070
0.000347883601081
0.000347822815226
0.000347761185448
0.000347698710538
0.000347635389100
0.000347571219531
0.000347506200019
0.000347440328550
0.000347373602925
0.000347306020797
0.000347237579716
0.000347168277180
0.000347098110693
0.000347027077827
0.000346955176279
0.000346882403932
0.000346808758897
0.000346734239555
0.000346658844581
0.000346582572953
0.000346505423957
0.000346427397161
0.000346348492391
0.000346268709685
0.000346188049246
0.000346106511381
0.000346024096445
0.000345940804783
0.000345856636674
0.000345771592290
0.000345685671658
0.000345598874643
0.000345511200939
0.000345422650081
0.000345333221466
0.000345242914393
0.000345151728115
0.000345059661893
0.000344966715066
0.000344872887115
0.000344778177731
0.000344682586877
0.000344586114837
0.000344488762264
0.000344390530202
0.000344291420101
0.000344191433813
0.000344090573576
0.000343988841975
0.000343886241902
0.000343782776494
0.000343678449075
0.000343573263088
0.000343467222035
0.000343360329412
0.000343252588666
0.000343144003150
0.000343034576103
0.000342924310638
0.000342813209753
0.000342701276347
0.000342588513268
0.000342474923351
0.000342360509489
0.000342245274690
0.000342129222151
0.000342012355325
0.000341894677982
0.000341776194265
0.000341656908729
0.000341536826377
0.000341415952669
0.000341294293519
0.000341171855282
0.000341048644716
0.000340924668940
0.000340799935378
0.000340674451695
0.000340548225732
0.000340421265443
0.000340293578834
0.000340165173908
0.000340036058626
0.000339906240879
0.000339775728470
0.000339644529120
0.000339512650484
0.000339380100179
0.000339246885829
0.000339113015119
0.000338978495853
0.000338843336015
0.000338707543836
0.000338571127847
0.000338434096935
0.000338296460385
0.000338158227906
0.000338019409650
0.000337880016213
0.000337740058620
0.000337599548300
0.000337458497046
0.000337316916965
0.000337174820421
0.000337032219978
0.000336889128332
0.000336745558263
0.000336601522573
0.000336457034047
0.000336312105422
0.000336166749366
0.000336020978473
0.000335874805268
0.000335728242231
0.000335581301828
0.000335433996552
0.000335286338972
0.000335138341782
0.000334990017860
0.000334841380313
0.000334692442526
0.000334543218199
0.000334393721375
0.000334243966455
0.000334093968206
0.000333943741749
0.000333793302541
0.000333642666340
0.000333491849170
0.000333340867269
0.000333189737040
0.000333038474998
