0.000172611658680
0.000172624595029
0.000172637561984
0.000172650553599
0.000172663562952
0.000172676582317
0.000172689603361
0.000172702617360
0.000172715615444
0.000172728588835
0.000172741529099
0.000172754428379
0.000172767279627
0.000172780076802
0.000172792815050
0.000172805490838
0.000172818102063
0.000172830648108
0.000172843129852
0.000172855549645
0.000172867911226
0.000172880219600
0.000172892480878
0.000172904702079
0.000172916890898
0.000172929055455
0.000172941204023
0.000172953344757
0.000172965485408
0.000172977633064
0.000172989793893
0.000173001972927
0.000173014173865
0.000173026398927
0.000173038648749
0.000173050922330
0.000173063217025
0.000173075528597
0.000173087851318
0.000173100178116
0.000173112500769
0.000173124810137
0.000173137096421
0.000173149349452
0.000173161558982
0.000173173714989
0.000173185807973
0.000173197829232
0.000173209771121
0.000173221627271
0.000173233392775
0.000173245064320
0.000173256640279
0.000173268120741
0.000173279507493
0.000173290803943
0.000173302014999
0.000173313146891
0.000173324206961
0.000173335203409
0.000173346145018
0.000173357040854
0.000173367899961
0.000173378731057
0.000173389542235
0.000173400340688
0.000173411132461
0.000173421922241
0.000173432713187
0.000173443506815
0.000173454302930
0.000173465099618
0.000173475893291
0.000173486678785
0.000173497449512
0.000173508197655
0.000173518914403
0.000173529590218
0.000173540215121
0.000173550778996
0.000173561271895
0.000173571684331
0.000173582007563
0.000173592233854
0.000173602356686
0.000173612370946
0.000173622273063
0.000173632061092
0.000173641734745
0.000173651295377
0.000173660745911
0.000173670090716
0.000173679335445
0.000173688486824
0.000173697552421
0.000173706540373
0.000173715459115
0.000173724317088
0.000173733122455
0.000173741882826
0.000173750605007
0.000173759294771
0.000173767956667
0.000173776593875
0.000173785208095
0.000173793799500
0.000173802366726
0.000173810906919
0.000173819415829
0.000173827887947
0.000173836316685
0.000173844694578
0.000173853013531
0.000173861265064
0.000173869440575
0.000173877531609
0.000173885530105
0.000173893428638
0.000173901220632
0.000173908900542
0.000173916464005
0.000173923907945
0.000173931230636
0.000173938431725
0.000173945512210
0.000173952474366
0.000173959321647
0.000173966058538
0.000173972690386
0.000173979223199
0.000173985663433
0.000173992017767
0.000173998292869
0.000174004495178
0.000174010630683
0.000174016704735
0.000174022721871
0.000174028685676
0.000174034598675
0.000174040462263
0.000174046276670
0.000174052040973
0.000174057753136
0.000174063410092
0.000174069007855
0.000174074541662
0.000174080006130
0.000174085395442
0.000174090703530
0.000174095924269
0.000174101051669
0.000174106080050
0.000174111004212
0.000174115819578
0.000174120522315
0.000174125109428
0.000174129578823
0.000174133929342
0.000174138160763
0.000174142273771
0.000174146269902
0.000174150151462
0.000174153921419
0.000174157583280
0.000174161140956
0.000174164598617
0.000174167960537
0.000174171230952
0.000174174413914
0.000174177513163
0.000174180532005
0.000174183473220
0.000174186338979
0.000174189130793
0.000174191849482
0.000174194495169
0.000174197067297
0.000174199564672
0.000174201985522
0.000174204327574
0.000174206588148
0.000174208764256
0.000174210852713
0.000174212850247
0.000174214753604
0.000174216559656
0.000174218265488
0.000174219868487
0.000174221366404
0.000174222757409
0.000174224040123
0.000174225213640
0.000174226277522
0.000174227231789
0.000174228076886
0.000174228813640
0.000174229443207
0.000174229967011
0.000174230386672
0.000174230703944
0.000174230920636
0.000174231038549
0.000174231059412
0.000174230984821
0.000174230816200
0.000174230554754
0.000174230201447
0.000174229756985
0.000174229221812
0.000174228596117
0.000174227879847
0.000174227072739
0.000174226174350
0.000174225184090
0.000174224101273
0.000174222925152
0.000174221654966
0.000174220289975
0.000174218829502
0.000174217272954
0.000174215619853
0.000174213869843
0.000174212022703
0.000174210078342
0.000174208036795
0.000174205898204
0.000174203662800
0.000174201330877
0.000174198902768
0.000174196378813
0.000174193759334
0.000174191044608
0.000174188234846
0.000174185330174
0.000174182330619
0.000174179236104
0.000174176046449
0.000174172761376
0.000174169380520
0.000174165903451
0.000174162329696
0.000174158658765
0.000174154890184
0.000174151023527
0.000174147058445
0.000174142994703
0.000174138832200
0.000174134571003
0.000174130211356
0.000174125753697
0.000174121198664
0.000174116547087
0.000174111799981
0.000174106958526
0.000174102024040
0.000174096997943
0.000174091881723
0.000174086676889
0.000174081384930
0.000174076007260
0.000174070545184
0.000174064999846
0.000174059372195
0.000174053662954
0.000174047872591
0.000174042001312
0.000174036049043
0.000174030015443
0.000174023899912
0.000174017701613
0.000174011419508
0.000174005052390
0.000173998598932
0.000173992057737
0.000173985427392
0.000173978706520
0.000173971893838
0.000173964988208
0.000173957988686
0.000173950894561
0.000173943705400
0.000173936421065
0.000173929041739
0.000173921567928
0.000173914000465
0.000173906340496
0.000173898589452
0.000173890749027
0.000173882821131
0.000173874807847
0.000173866711377
0.000173858533985
0.000173850277945
0.000173841945477
0.000173833538693
0.000173825059547
0.000173816509787
0.000173807890917
0.000173799204163
0.000173790450452
0.000173781630399
0.000173772744306
0.000173763792165
0.000173754773676
0.000173745688271
0.000173736535147
0.000173727313306
0.000173718021592
0.000173708658747
0.000173699223455
0.000173689714391
0.000173680130277
0.000173670469920
0.000173660732261
0.000173650916412
0.000173641021689
0.000173631047642
0.000173620994067
0.000173610861028
0.000173600648858
0.000173590358159
0.000173579989792
0.000173569544866
0.000173559024716
0.000173548430878
0.000173537765061
0.000173527029117
0.000173516225003
0.000173505354750
0.000173494420424
0.000173483424097
0.000173472367806
0.000173461253526
0.000173450083143
0.000173438858420
0.000173427580984
0.000173416252295
0.000173404873640
0.000173393446111
0.000173381970602
0.000173370447798
0.000173358878175
0.000173347261996
0.000173335599320
0.000173323890003
0.000173312133713
0.000173300329937
0.000173288478004
0.000173276577100
0.000173264626295
0.000173252624566
0.000173240570830
0.000173228463976
0.000173216302899
0.000173204086541
0.000173191813926
0.000173179484205
0.000173167096693
0.000173154650908
0.000173142146611
0.000173129583837
0.000173116962925
0.000173104284544
0.000173091549709
0.000173078759789
0.000173065916510
0.000173053021946
0.000173040078498
0.000173027088869
0.000173014056022
0.000173000983132
0.000172987873528
0.000172974730630
0.000172961557871
0.000172948358625
0.000172935136124
0.000172921893379
0.000172908633100
0.000172895357621
0.000172882068838
0.000172868768145
0.000172855456394
0.000172842133859
0.000172828800227
0.000172815454596
0.000172802095495
0.000172788720929
0.000172775328431
0.000172761915139
0.000172748477890
0.000172735013320
0.000172721517985
0.000172707988483
0.000172694421582
0.000172680814349
0.000172667164275
0.000172653469394
0.000172639728382
0.000172625940653
0.000172612106420
0.000172598226748
