0.000259449644466
0.000259494183366
0.000259538425260
0.000259582369462
0.000259626015768
0.000259669364468
0.000259712416348
0.000259755172653
0.000259797635056
0.000259839805589
0.000259881686574
0.000259923280535
0.000259964590114
0.000260005617970
0.000260046366693
0.000260086838714
0.000260127036226
0.000260166961118
0.000260206614922
0.000260245998771
0.000260285113381
0.000260323959042
0.000260362535632
0.000260400842643
0.000260438879222
0.000260476644232
0.000260514136311
0.000260551353954
0.000260588295588
0.000260624959664
0.000260661344734
0.000260697449535
0.000260733273064
0.000260768814636
0.000260804073940
0.000260839051073
0.000260873746559
0.000260908161354
0.000260942296826
0.000260976154726
0.000261009737141
0.000261043046433
0.000261076085168
0.000261108856037
0.000261141361774
0.000261173605075
0.000261205588510
0.000261237314453
0.000261268785012
0.000261300001972
0.000261330966748
0.000261361680361
0.000261392143419
0.000261422356119
0.000261452318270
0.000261482029327
0.000261511488439
0.000261540694513
0.000261569646292
0.000261598342436
0.000261626781608
0.000261654962563
0.000261682884235
0.000261710545814
0.000261737946814
0.000261765087129
0.000261791967068
0.000261818587382
0.000261844949260
0.000261871054314
0.000261896904546
0.000261922502298
0.000261947850180
0.000261972951004
0.000261997807689
0.000262022423179
0.000262046800348
0.000262070941916
0.000262094850364
0.000262118527862
0.000262141976212
0.000262165196799
0.000262188190569
0.000262210958014
0.000262233499188
0.000262255813735
0.000262277900936
0.000262299759778
0.000262321389030
0.000262342787331
0.000262363953291
0.000262384885585
0.000262405583048
0.000262426044768
0.000262446270155
0.000262466259013
0.000262486011579
0.000262505528549
0.000262524811083
0.000262543860790
0.000262562679692
0.000262581270170
0.000262599634891
0.000262617776732
0.000262635698685
0.000262653403761
0.000262670894892
0.000262688174841
0.000262705246110
0.000262722110866
0.000262738770878
0.000262755227475
0.000262771481518
0.000262787533395
0.000262803383041
0.000262819029973
0.000262834473344
0.000262849712021
0.000262864744671
0.000262879569854
0.000262894186123
0.000262908592130
0.000262922786717
0.000262936769000
0.000262950538449
0.000262964094935
0.000262977438771
0.000262990570726
0.000263003492022
0.000263016204302
0.000263028709591
0.000263041010229
0.000263053108798
0.000263065008032
0.000263076710727
0.000263088219643
0.000263099537413
0.000263110666452
0.000263121608876
0.000263132366446
0.000263142940507
0.000263153331970
0.000263163541289
0.000263173568481
0.000263183413152
0.000263193074548
0.000263202551617
0.000263211843095
0.000263220947588
0.000263229863670
0.000263238589974
0.000263247125284
0.000263255468614
0.000263263619278
0.000263271576944
0.000263279341666
0.000263286913904
0.000263294294516
0.000263301484742
0.000263308486158
0.000263315300627
0.000263321930226
0.000263328377175
0.000263334643752
0.000263340732211
0.000263346644696
0.000263352383170
0.000263357949342
0.000263363344614
0.000263368570040
0.000263373626297
0.000263378513680
0.000263383232111
0.000263387781167
0.000263392160121
0.000263396367999
0.000263400403651
0.000263404265820
0.000263407953222
0.000263411464627
0.000263414798926
0.000263417955200
0.000263420932771
0.000263423731243
0.000263426350527
0.000263428790848
0.000263431052740
0.000263433137021
0.000263435044762
0.000263436777237
0.000263438335870
0.000263439722174
0.000263440937685
0.000263441983902
0.000263442862221
0.000263443573886
0.000263444119938
0.000263444501176
0.000263444718136
0.000263444771077
0.000263444659976
0.000263444384549
0.000263443944272
0.000263443338417
0.000263442566101
0.000263441626333
0.000263440518072
0.000263439240283
0.000263437791987
0.000263436172313
0.000263434380536
0.000263432416104
0.000263430278664
0.000263427968066
0.000263425484357
0.000263422827774
0.000263419998713
0.000263416997704
0.000263413825372
0.000263410482396
0.000263406969471
0.000263403287265
0.000263399436384
0.000263395417334
0.000263391230502
0.000263386876125
0.000263382354287
0.000263377664906
0.000263372807741
0.000263367782401
0.000263362588364
0.000263357224999
0.000263351691596
0.000263345987396
0.000263340111625
0.000263334063523
0.000263327842375
0.000263321447536
0.000263314878446
0.000263308134644
0.000263301215772
0.000263294121569
0.000263286851865
0.000263279406557
0.000263271785597
0.000263263988962
0.000263256016630
0.000263247868560
0.000263239544665
0.000263231044799
0.000263222368740
0.000263213516181
0.000263204486732
0.000263195279917
0.000263185895185
0.000263176331920
0.000263166589456
0.000263156667095
0.000263146564130
0.000263136279859
0.000263125813608
0.000263115164748
0.000263104332709
0.000263093316989
0.000263082117164
0.000263070732883
0.000263059163866
0.000263047409891
0.000263035470775
0.000263023346358
0.000263011036473
0.000262998540922
0.000262985859451
0.000262972991722
0.000262959937296
0.000262946695616
0.000262933266001
0.000262919647641
0.000262905839609
0.000262891840870
0.000262877650308
0.000262863266745
0.000262848688977
0.000262833915803
0.000262818946062
0.000262803778658
0.000262788412592
0.000262772846987
0.000262757081101
0.000262741114339
0.000262724946257
0.000262708576556
0.000262692005070
0.000262675231743
0.000262658256602
0.000262641079727
0.000262623701207
0.000262606121104
0.000262588339410
0.000262570356007
0.000262552170632
0.000262533782847
0.000262515192017
0.000262496397298
0.000262477397637
0.000262458191783
0.000262438778307
0.000262419155634
0.000262399322086
0.000262379275927
0.000262359015412
0.000262338538846
0.000262317844628
0.000262296931302
0.000262275797592
0.000262254442436
0.000262232865005
0.000262211064710
0.000262189041202
0.000262166794349
0.000262144324218
0.000262121631030
0.000262098715121
0.000262075576885
0.000262052216720
0.000262028634969
0.000262004831864
0.000261980807473
0.000261956561655
0.000261932094023
0.000261907403917
0.000261882490398
0.000261857352244
0.000261831987973
0.000261806395875
0.000261780574051
0.000261754520477
0.000261728233060
0.000261701709710
0.000261674948409
0.000261647947273
0.000261620704618
0.000261593219004
0.000261565489280
0.000261537514598
0.000261509294431
0.000261480828560
0.000261452117050
0.000261423160219
0.000261393958582
0.000261364512792
0.000261334823577
0.000261304891666
0.000261274717715
0.000261244302244
0.000261213645566
0.000261182747740
0.000261151608524
0.000261120227351
0.000261088603315
0.000261056735181
0.000261024621402
0.000260992260166
0.000260959649446
0.000260926787066
0.000260893670782
0.000260860298359
0.000260826667652
0.000260792776687
0.000260758623728
0.000260724207338
0.000260689526422
0.000260654580252
0.000260619368477
0.000260583891111
0.000260548148504
0.000260512141296
0.000260475870356
0.000260439336713
0.000260402541474
0.000260365485741
0.000260328170529
0.000260290596687
0.000260252764824
0.000260214675256
0.000260176327953
0.000260137722517
0.000260098858169
0.000260059733761
0.000260020347803
0.000259980698511
0.000259940783871
0.000259900601713
0.000259860149800
0.000259819425918
0.000259778427966
0.000259737154045
0.000259695602535
0.000259653772158
0.000259611662029
0.000259569271681
