0.000258896573719
0.000258940354386
0.000258983851012
0.000259027067575
0.000259070008041
0.000259112676196
0.000259155075492
0.000259197208904
0.000259239078806
0.000259280686873
0.000259322034017
0.000259363120353
0.000259403945198
0.000259444507120
0.000259484804002
0.000259524833153
0.000259564591438
0.000259604075437
0.000259643281608
0.000259682206471
0.000259720846777
0.000259759199682
0.000259797262897
0.000259835034812
0.000259872514605
0.000259909702296
0.000259946598782
0.000259983205823
0.000260019525992
0.000260055562587
0.000260091319513
0.000260126801130
0.000260162012087
0.000260196957136
0.000260231640945
0.000260266067914
0.000260300241998
0.000260334166557
0.000260367844226
0.000260401276825
0.000260434465295
0.000260467409688
0.000260500109188
0.000260532562170
0.000260564766309
0.000260596718704
0.000260628416043
0.000260659854782
0.000260691031331
0.000260721942254
0.000260752584448
0.000260782955323
0.000260813052947
0.000260842876167
0.000260872424693
0.000260901699145
0.000260930701058
0.000260959432843
0.000260987897707
0.000261016099546
0.000261044042794
0.000261071732257
0.000261099172926
0.000261126369782
0.000261153327608
0.000261180050797
0.000261206543196
0.000261232807962
0.000261258847456
0.000261284663174
0.000261310255713
0.000261335624788
0.000261360769277
0.000261385687315
0.000261410376416
0.000261434833623
0.000261459055682
0.000261483039227
0.000261506780970
0.000261530277887
0.000261553527386
0.000261576527468
0.000261599276844
0.000261621775027
0.000261644022388
0.000261666020168
0.000261687770451
0.000261709276100
0.000261730540658
0.000261751568212
0.000261772363244
0.000261792930453
0.000261813274580
0.000261833400223
0.000261853311663
0.000261873012713
0.000261892506579
0.000261911795757
0.000261930881964
0.000261949766099
0.000261968448252
0.000261986927739
0.000262005203181
0.000262023272609
0.000262041133596
0.000262058783410
0.000262076219177
0.000262093438049
0.000262110437374
0.000262127214844
0.000262143768635
0.000262160097522
0.000262176200959
0.000262192079129
0.000262207732964
0.000262223164124
0.000262238374943
0.000262253368349
0.000262268147752
0.000262282716915
0.000262297079805
0.000262311240447
0.000262325202766
0.000262338970441
0.000262352546777
0.000262365934587
0.000262379136108
0.000262392152936
0.000262404986003
0.000262417635570
0.000262430101264
0.000262442382138
0.000262454476755
0.000262466383294
0.000262478099675
0.000262489623687
0.000262500953124
0.000262512085915
0.000262523020249
0.000262533754682
0.000262544288223
0.000262554620399
0.000262564751296
0.000262574681568
0.000262584412424
0.000262593945582
0.000262603283208
0.000262612427830
0.000262621382236
0.000262630149365
0.000262638732193
0.000262647133618
0.000262655356353
0.000262663402827
0.000262671275109
0.000262678974841
0.000262686503202
0.000262693860885
0.000262701048108
0.000262708064634
0.000262714909823
0.000262721582697
0.000262728082012
0.000262734406352
0.000262740554219
0.000262746524126
0.000262752314690
0.000262757924710
0.000262763353241
0.000262768599645
0.000262773663633
0.000262778545284
0.000262783245043
0.000262787763708
0.000262792102394
0.000262796262481
0.000262800245558
0.000262804053351
0.000262807687650
0.000262811150235
0.000262814442804
0.000262817566906
0.000262820523892
0.000262823314862
0.000262825940643
0.000262828401768
0.000262830698480
0.000262832830741
0.000262834798259
0.000262836600529
0.000262838236873
0.000262839706499
0.000262841008549
0.000262842142161
0.000262843106519
0.000262843900898
0.000262844524713
0.000262844977538
0.000262845259138
0.000262845369468
0.000262845308680
0.000262845077101
0.000262844675215
0.000262844103630
0.000262843363043
0.000262842454194
0.000262841377828
0.000262840134653
0.000262838725299
0.000262837150289
0.000262835410010
0.000262833504702
0.000262831434444
0.000262829199161
0.000262826798628
0.000262824232495
0.000262821500307
0.000262818601535
0.000262815535609
0.000262812301952
0.000262808900010
0.000262805329286
0.000262801589362
0.000262797679920
0.000262793600754
0.000262789351774
0.000262784933003
0.000262780344568
0.000262775586680
0.000262770659609
0.000262765563658
0.000262760299131
0.000262754866300
0.000262749265371
0.000262743496458
0.000262737559556
0.000262731454527
0.000262725181080
0.000262718738776
0.000262712127031
0.000262705345125
0.000262698392229
0.000262691267427
0.000262683969752
0.000262676498219
0.000262668851865
0.000262661029780
0.000262653031143
0.000262644855255
0.000262636501552
0.000262627969630
0.000262619259245
0.000262610370316
0.000262601302912
0.000262592057234
0.000262582633585
0.000262573032344
0.000262563253923
0.000262553298727
0.000262543167113
0.000262532859350
0.000262522375578
0.000262511715779
0.000262500879747
0.000262489867073
0.000262478677134
0.000262467309098
0.000262455761928
0.000262444034410
0.000262432125180
0.000262420032757
0.000262407755593
0.000262395292113
0.000262382640767
0.000262369800075
0.000262356768670
0.000262343545341
0.000262330129057
0.000262316519001
0.000262302714573
0.000262288715401
0.000262274521330
0.000262260132406
0.000262245548851
0.000262230771024
0.000262215799386
0.000262200634445
0.000262185276715
0.000262169726658
0.000262153984642
0.000262138050889
0.000262121925441
0.000262105608122
0.000262089098519
0.000262072395966
0.000262055499544
0.000262038408087
0.000262021120199
0.000262003634291
0.000261985948609
0.000261968061283
0.000261949970380
0.000261931673950
0.000261913170082
0.000261894456959
0.000261875532898
0.000261856396399
0.000261837046175
0.000261817481180
0.000261797700620
0.000261777703962
0.000261757490925
0.000261737061466
0.000261716415750
0.000261695554118
0.000261674477045
0.000261653185088
0.000261631678836
0.000261609958858
0.000261588025646
0.000261565879566
0.000261543520811
0.000261520949362
0.000261498164954
0.000261475167060
0.000261451954870
0.000261428527303
0.000261404883009
0.000261381020392
0.000261356937648
0.000261332632801
0.000261308103750
0.000261283348326
0.000261258364349
0.000261233149680
0.000261207702283
0.000261182020278
0.000261156101983
0.000261129945962
0.000261103551050
0.000261076916378
0.000261050041381
0.000261022925798
0.000260995569657
0.000260967973249
0.000260940137095
0.000260912061895
0.000260883748479
0.000260855197744
0.000260826410592
0.000260797387861
0.000260768130264
0.000260738638328
0.000260708912341
0.000260678952305
0.000260648757903
0.000260618328479
0.000260587663027
0.000260556760200
0.000260525618330
0.000260494235461
0.000260462609398
0.000260430737763
0.000260398618063
0.000260366247761
0.000260333624356
0.000260300745459
0.000260267608866
0.000260234212630
0.000260200555119
0.000260166635067
0.000260132451611
0.000260098004307
0.000260063293138
0.000260028318496
0.000259993081153
0.000259957582210
0.000259921823035
0.000259885805189
0.000259849530335
0.000259813000150
0.000259776216229
0.000259739179991
0.000259701892589
0.000259664354838
0.000259626567145
0.000259588529462
0.000259550241255
0.000259511701500
0.000259472908687
0.000259433860860
0.000259394555670
0.000259354990446
0.000259315162285
0.000259275068151
0.000259234704988
0.000259194069831
0.000259153159919
0.000259111972802
0.000259070506438
0.000259028759272
