0.000168755525207
0.000168763031600
0.000168770548802
0.000168778073751
0.000168785603800
0.000168793136771
0.000168800670986
0.000168808205287
0.000168815739031
0.000168823272072
0.000168830804732
0.000168838337752
0.000168845872235
0.000168853409576
0.000168860951393
0.000168868499436
0.000168876055508
0.000168883621373
0.000168891198673
0.000168898788843
0.000168906393039
0.000168914012070
0.000168921646353
0.000168929295873
0.000168936960169
0.000168944638332
0.000168952329030
0.000168960030545
0.000168967740823
0.000168975457547
0.000168983178209
0.000168990900195
0.000168998620868
0.000169006337642
0.000169014048063
0.000169021749867
0.000169029441030
0.000169037119807
0.000169044784755
0.000169052434739
0.000169060068931
0.000169067686792
0.000169075288052
0.000169082872672
0.000169090440815
0.000169097992799
0.000169105529057
0.000169113050094
0.000169120556443
0.000169128048623
0.000169135527101
0.000169142992250
0.000169150444320
0.000169157883404
0.000169165309423
0.000169172722101
0.000169180120966
0.000169187505347
0.000169194874388
0.000169202227068
0.000169209562231
0.000169216878624
0.000169224174939
0.000169231449862
0.000169238702112
0.000169245930491
0.000169253133915
0.000169260311446
0.000169267462308
0.000169274585895
0.000169281681762
0.000169288749612
0.000169295789270
0.000169302800647
0.000169309783700
0.000169316738396
0.000169323664667
0.000169330562379
0.000169337431294
0.000169344271050
0.000169351081145
0.000169357860930
0.000169364609605
0.000169371326234
0.000169378009752
0.000169384658991
0.000169391272703
0.000169397849586
0.000169404388315
0.000169410887578
0.000169417346106
0.000169423762708
0.000169430136308
0.000169436465976
0.000169442750960
0.000169448990715
0.000169455184923
0.000169461333508
0.000169467436647
0.000169473494758
0.000169479508492
0.000169485478697
0.000169491406382
0.000169497292665
0.000169503138706
0.000169508945645
0.000169514714525
0.000169520446221
0.000169526141372
0.000169531800322
0.000169537423070
0.000169543009236
0.000169548558043
0.000169554068315
0.000169559538498
0.000169564966690
0.000169570350692
0.000169575688067
0.000169580976215
0.000169586212446
0.000169591394068
0.000169596518463
0.000169601583174
0.000169606585974
0.000169611524942
0.000169616398520
0.000169621205566
0.000169625945389
0.000169630617784
0.000169635223034
0.000169639761914
0.000169644235670
0.000169648645982
0.000169652994911
0.000169657284831
0.000169661518346
0.000169665698190
0.000169669827120
0.000169673907806
0.000169677942711
0.000169681933982
0.000169685883344
0.000169689792010
0.000169693660604
0.000169697489116
0.000169701276866
0.000169705022511
0.000169708724065
0.000169712378953
0.000169715984085
0.000169719535952
0.000169723030737
0.000169726464441
0.000169729833012
0.000169733132479
0.000169736359082
0.000169739509398
0.000169742580448
0.000169745569801
0.000169748475654
0.000169751296892
0.000169754033131
0.000169756684736
0.000169759252816
0.000169761739196
0.000169764146364
0.000169766477398
0.000169768735865
0.000169770925707
0.000169773051109
0.000169775116349
0.000169777125648
0.000169779083009
0.000169780992065
0.000169782855931
0.000169784677079
0.000169786457222
0.000169788197239
0.000169789897115
0.000169791555929
0.000169793171864
0.000169794742255
0.000169796263678
0.000169797732052
0.000169799142780
0.000169800490904
0.000169801771267
0.000169802978697
0.000169804108174
0.000169805155004
0.000169806114977
0.000169806984510
0.000169807760765
0.000169808441748
0.000169809026383
0.000169809514548
0.000169809907091
0.000169810205809
0.000169810413399
0.000169810533382
0.000169810569990
0.000169810528040
0.000169810412778
0.000169810229705
0.000169809984393
0.000169809682294
0.000169809328548
0.000169808927799
0.000169808484019
0.000169808000364
0.000169807479047
0.000169806921248
0.000169806327057
0.000169805695468
0.000169805024396
0.000169804310747
0.000169803550524
0.000169802738959
0.000169801870679
0.000169800939896
0.000169799940601
0.000169798866778
0.000169797712607
0.000169796472666
0.000169795142113
0.000169793716855
0.000169792193686
0.000169790570400
0.000169788845869
0.000169787020087
0.000169785094183
0.000169783070392
0.000169780951996
0.000169778743227
0.000169776449140
0.000169774075460
0.000169771628400
0.000169769114463
0.000169766540231
0.000169763912146
0.000169761236293
0.000169758518191
0.000169755762604
0.000169752973369
0.000169750153260
0.000169747303892
0.000169744425655
0.000169741517702
0.000169738577978
0.000169735603291
0.000169732589426
0.000169729531296
0.000169726423122
0.000169723258636
0.000169720031305
0.000169716734557
0.000169713362006
0.000169709907680
0.000169706366221
0.000169702733067
0.000169699004616
0.000169695178346
0.000169691252907
0.000169687228177
0.000169683105278
0.000169678886548
0.000169674575484
0.000169670176642
0.000169665695501
0.000169661138301
0.000169656511852
0.000169651823321
0.000169647080005
0.000169642289098
0.000169637457455
0.000169632591369
0.000169627696359
0.000169622776992
0.000169617836723
0.000169612877787
0.000169607901125
0.000169602906357
0.000169597891807
0.000169592854564
0.000169587790595
0.000169582694898
0.000169577561676
0.000169572384555
0.000169567156804
0.000169561871575
0.000169556522143
0.000169551102136
0.000169545605757
0.000169540027985
0.000169534364744
0.000169528613047
0.000169522771104
0.000169516838393
0.000169510815689
0.000169504705056
0.000169498509795
0.000169492234358
0.000169485884218
0.000169479465716
0.000169472985867
0.000169466452150
0.000169459872277
0.000169453253954
0.000169446604637
0.000169439931293
0.000169433240182
0.000169426536656
0.000169419824984
0.000169413108227
0.000169406388143
0.000169399665140
0.000169392938281
0.000169386205330
0.000169379462846
0.000169372706318
0.000169365930333
0.000169359128777
0.000169352295056
0.000169345422329
0.000169338503749
0.000169331532699
0.000169324503025
0.000169317409243
0.000169310246731
0.000169303011885
0.000169295702257
0.000169288316639
0.000169280855122
0.000169273319110
0.000169265711297
0.000169258035596
0.000169250297042
0.000169242501647
0.000169234656227
0.000169226768208
0.000169218845395
0.000169210895742
0.000169202927107
0.000169194947008
0.000169186962389
0.000169178979410
0.000169171003254
0.000169163037972
0.000169155086369
0.000169147149928
0.000169139228784
0.000169131321742
0.000169123426338
0.000169115538952
0.000169107654945
0.000169099768840
0.000169091874522
0.000169083965456
0.000169076034926
0.000169068076258
0.000169060083062
0.000169052049444
0.000169043970211
0.000169035841052
0.000169027658689
0.000169019420999
0.000169011127098
0.000169002777392
0.000168994373585
0.000168985918647
0.000168977416746
0.000168968873138
0.000168960294025
0.000168951686378
0.000168943057737
0.000168934415983
0.000168925769113
0.000168917124988
0.000168908491102
0.000168899874356
0.000168891280847
0.000168882715695
0.000168874182892
0.000168865685202
0.000168857224090
0.000168848799708
0.000168840410914
0.000168832055344
0.000168823729515
0.000168815428965
0.000168807148429
0.000168798882028
0.000168790623480
0.000168782366327
0.000168774104149
0.000168765830793
0.000168757540580
0.000168749228503
0.000168740890397
0.000168732523096
0.000168724124545
