0.000276532758317
0.000276594881751
0.000276656927276
0.000276718891377
0.000276780770197
0.000276842559470
0.000276904254476
0.000276965850017
0.000277027340427
0.000277088719602
0.000277149981052
0.000277211117986
0.000277272123402
0.000277332990200
0.000277393711297
0.000277454279743
0.000277514688841
0.000277574932248
0.000277635004063
0.000277694898901
0.000277754611939
0.000277814138934
0.000277873476221
0.000277932620683
0.000277991569691
0.000278050321027
0.000278108872790
0.000278167223280
0.000278225370883
0.000278283313952
0.000278341050686
0.000278398579024
0.000278455896558
0.000278513000455
0.000278569887413
0.000278626553639
0.000278682994855
0.000278739206331
0.000278795182942
0.000278850919251
0.000278906409609
0.000278961648265
0.000279016629488
0.000279071347689
0.000279125797537
0.000279179974066
0.000279233872766
0.000279287489652
0.000279340821314
0.000279393864932
0.000279446618273
0.000279499079657
0.000279551247895
0.000279603122212
0.000279654702144
0.000279705987425
0.000279756977869
0.000279807673246
0.000279858073163
0.000279908176962
0.000279957983623
0.000280007491701
0.000280056699273
0.000280105603927
0.000280154202765
0.000280202492439
0.000280250469218
0.000280298129063
0.000280345467731
0.000280392480889
0.000280439164233
0.000280485513603
0.000280531525103
0.000280577195200
0.000280622520813
0.000280667499372
0.000280712128866
0.000280756407855
0.000280800335458
0.000280843911314
0.000280887135522
0.000280930008560
0.000280972531178
0.000281014704295
0.000281056528876
0.000281098005818
0.000281139135838
0.000281179919372
0.000281220356496
0.000281260446860
0.000281300189655
0.000281339583599
0.000281378626952
0.000281417317557
0.000281455652901
0.000281493630198
0.000281531246488
0.000281568498742
0.000281605383975
0.000281641899357
0.000281678042312
0.000281713810615
0.000281749202462
0.000281784216524
0.000281818851977
0.000281853108512
0.000281886986314
0.000281920486018
0.000281953608651
0.000281986355549
0.000282018728261
0.000282050728446
0.000282082357770
0.000282113617795
0.000282144509887
0.000282175035129
0.000282205194252
0.000282234987589
0.000282264415051
0.000282293476118
0.000282322169870
0.000282350495022
0.000282378449991
0.000282406032973
0.000282433242033
0.000282460075201
0.000282486530570
0.000282512606391
0.000282538301160
0.000282563613687
0.000282588543160
0.000282613089176
0.000282637251764
0.000282661031377
0.000282684428869
0.000282707445450
0.000282730082622
0.000282752342108
0.000282774225762
0.000282795735483
0.000282816873122
0.000282837640398
0.000282858038818
0.000282878069614
0.000282897733694
0.000282917031614
0.000282935963565
0.000282954529384
0.000282972728580
0.000282990560383
0.000283008023803
0.000283025117698
0.000283041840855
0.000283058192070
0.000283074170223
0.000283089774357
0.000283105003736
0.000283119857901
0.000283134336702
0.000283148440319
0.000283162169264
0.000283175524366
0.000283188506739
0.000283201117736
0.000283213358893
0.000283225231862
0.000283236738341
0.000283247880001
0.000283258658417
0.000283269075007
0.000283279130977
0.000283288827282
0.000283298164600
0.000283307143320
0.000283315763548
0.000283324025128
0.000283331927676
0.000283339470627
0.000283346653287
0.000283353474893
0.000283359934678
0.000283366031932
0.000283371766052
0.000283377136600
0.000283382143333
0.000283386786237
0.000283391065536
0.000283394981693
0.000283398535400
0.000283401727549
0.000283404559198
0.000283407031525
0.000283409145777
0.000283410903216
0.000283412305067
0.000283413352462
0.000283414046399
0.000283414387702
0.000283414376994
0.000283414014682
0.000283413300953
0.000283412235785
0.000283410818965
0.000283409050122
0.000283406928764
0.000283404454325
0.000283401626212
0.000283398443850
0.000283394906731
0.000283391014456
0.000283386766761
0.000283382163547
0.000283377204893
0.000283371891056
0.000283366222466
0.000283360199707
0.000283353823490
0.000283347094620
0.000283340013951
0.000283332582351
0.000283324800650
0.000283316669607
0.000283308189863
0.000283299361919
0.000283290186106
0.000283280662576
0.000283270791301
0.000283260572073
0.000283250004532
0.000283239088186
0.000283227822449
0.000283216206678
0.000283204240219
0.000283191922449
0.000283179252815
0.000283166230875
0.000283152856324
0.000283139129016
0.000283125048978
0.000283110616410
0.000283095831679
0.000283080695293
0.000283065207886
0.000283049370172
0.000283033182912
0.000283016646871
0.000282999762770
0.000282982531250
0.000282964952831
0.000282947027883
0.000282928756597
0.000282910138981
0.000282891174847
0.000282871863827
0.000282852205384
0.000282832198847
0.000282811843444
0.000282791138346
0.000282770082712
0.000282748675740
0.000282726916715
0.000282704805049
0.000282682340317
0.000282659522291
0.000282636350950
0.000282612826492
0.000282588949329
0.000282564720066
0.000282540139480
0.000282515208479
0.000282489928061
0.000282464299265
0.000282438323118
0.000282412000589
0.000282385332535
0.000282358319662
0.000282330962489
0.000282303261324
0.000282275216248
0.000282246827118
0.000282218093572
0.000282189015058
0.000282159590868
0.000282129820179
0.000282099702109
0.000282069235772
0.000282038420337
0.000282007255084
0.000281975739461
0.000281943873127
0.000281911655986
0.000281879088219
0.000281846170286
0.000281812902931
0.000281779287162
0.000281745324223
0.000281711015555
0.000281676362739
0.000281641367450
0.000281606031382
0.000281570356197
0.000281534343457
0.000281497994569
0.000281461310742
0.000281424292944
0.000281386941884
0.000281349257996
0.000281311241449
0.000281272892163
0.000281234209848
0.000281195194045
0.000281155844189
0.000281116159670
0.000281076139906
0.000281035784414
0.000280995092874
0.000280954065194
0.000280912701563
0.000280871002491
0.000280828968832
0.000280786601799
0.000280743902953
0.000280700874185
0.000280657517676
0.000280613835848
0.000280569831300
0.000280525506743
0.000280480864922
0.000280435908539
0.000280390640188
0.000280345062283
0.000280299177004
0.000280252986252
0.000280206491622
0.000280159694390
0.000280112595522
0.000280065195690
0.000280017495322
0.000279969494647
0.000279921193769
0.000279872592742
0.000279823691650
0.000279774490694
0.000279724990269
0.000279675191039
0.000279625094000
0.000279574700528
0.000279524012416
0.000279473031880
0.000279421761563
0.000279370204508
0.000279318364113
0.000279266244080
0.000279213848341
0.000279161180976
0.000279108246129
0.000279055047916
0.000279001590341
0.000278947877216
0.000278893912093
0.000278839698204
0.000278785238430
0.000278730535283
0.000278675590901
0.000278620407080
0.000278564985312
0.000278509326849
0.000278453432777
0.000278397304104
0.000278340941853
0.000278284347165
0.000278227521385
0.000278170466157
0.000278113183495
0.000278055675842
0.000277997946119
0.000277939997736
0.000277881834600
0.000277823461086
0.000277764881993
0.000277706102487
0.000277647128013
0.000277587964212
0.000277528616816
0.000277469091547
0.000277409394016
0.000277349529632
0.000277289503513
0.000277229320426
0.000277168984736
0.000277108500381
0.000277047870869
0.000276987099302
0.000276926188419
0.000276865140659
0.000276803958249
0.000276742643296
0.000276681197897
0.000276619624245
0.000276557924740
0.000276496102087
