0.000268673582759
0.000268731615765
0.000268789303016
0.000268846640010
0.000268903622304
0.000268960245700
0.000269016506431
0.000269072401312
0.000269127927876
0.000269183084474
0.000269237870326
0.000269292285548
0.000269346331120
0.000269400008824
0.000269453321139
0.000269506271106
0.000269558862167
0.000269611097983
0.000269662982253
0.000269714518521
0.000269765710000
0.000269816559413
0.000269867068861
0.000269917239717
0.000269967072561
0.000270016567159
0.000270065722467
0.000270114536698
0.000270163007400
0.000270211131590
0.000270258905899
0.000270306326739
0.000270353390489
0.000270400093671
0.000270446433130
0.000270492406189
0.000270538010790
0.000270583245598
0.000270628110075
0.000270672604511
0.000270716730021
0.000270760488498
0.000270803882532
0.000270846915296
0.000270889590409
0.000270931911773
0.000270973883404
0.000271015509261
0.000271056793075
0.000271097738200
0.000271138347474
0.000271178623114
0.000271218566646
0.000271258178856
0.000271297459794
0.000271336408801
0.000271375024580
0.000271413305289
0.000271451248665
0.000271488852172
0.000271526113149
0.000271563028976
0.000271599597232
0.000271635815840
0.000271671683200
0.000271707198292
0.000271742360756
0.000271777170938
0.000271811629899
0.000271845739394
0.000271879501815
0.000271912920106
0.000271945997655
0.000271978738163
0.000272011145507
0.000272043223586
0.000272074976183
0.000272106406828
0.000272137518670
0.000272168314385
0.000272198796092
0.000272228965308
0.000272258822931
0.000272288369246
0.000272317603972
0.000272346526325
0.000272375135109
0.000272403428831
0.000272431405813
0.000272459064331
0.000272486402740
0.000272513419603
0.000272540113797
0.000272566484615
0.000272592531840
0.000272618255790
0.000272643657348
0.000272668737954
0.000272693499572
0.000272717944641
0.000272742075993
0.000272765896764
0.000272789410285
0.000272812619972
0.000272835529212
0.000272858141255
0.000272880459112
0.000272902485474
0.000272924222635
0.000272945672452
0.000272966836311
0.000272987715129
0.000273008309365
0.000273028619067
0.000273048643921
0.000273068383334
0.000273087836508
0.000273107002542
0.000273125880523
0.000273144469619
0.000273162769170
0.000273180778762
0.000273198498293
0.000273215928017
0.000273233068572
0.000273249920992
0.000273266486691
0.000273282767440
0.000273298765316
0.000273314482647
0.000273329921944
0.000273345085824
0.000273359976932
0.000273374597866
0.000273388951104
0.000273403038943
0.000273416863437
0.000273430426366
0.000273443729200
0.000273456773092
0.000273469558877
0.000273482087092
0.000273494358001
0.000273506371638
0.000273518127858
0.000273529626394
0.000273540866914
0.000273551849085
0.000273562572630
0.000273573037382
0.000273583243329
0.000273593190651
0.000273602879744
0.000273612311235
0.000273621485979
0.000273630405053
0.000273639069733
0.000273647481463
0.000273655641820
0.000273663552472
0.000273671215130
0.000273678631510
0.000273685803284
0.000273692732042
0.000273699419261
0.000273705866273
0.000273712074245
0.000273718044170
0.000273723776855
0.000273729272933
0.000273734532867
0.000273739556970
0.000273744345427
0.000273748898323
0.000273753215672
0.000273757297452
0.000273761143631
0.000273764754198
0.000273768129194
0.000273771268723
0.000273774172979
0.000273776842249
0.000273779276918
0.000273781477470
0.000273783444477
0.000273785178588
0.000273786680514
0.000273787951010
0.000273788990856
0.000273789800835
0.000273790381717
0.000273790734244
0.000273790859108
0.000273790756945
0.000273790428325
0.000273789873744
0.000273789093622
0.000273788088305
0.000273786858066
0.000273785403112
0.000273783723590
0.000273781819603
0.000273779691211
0.000273777338453
0.000273774761350
0.000273771959918
0.000273768934177
0.000273765684159
0.000273762209905
0.000273758511476
0.000273754588945
0.000273750442393
0.000273746071907
0.000273741477572
0.000273736659461
0.000273731617631
0.000273726352112
0.000273720862905
0.000273715149975
0.000273709213253
0.000273703052630
0.000273696667962
0.000273690059076
0.000273683225766
0.000273676167810
0.000273668884968
0.000273661376993
0.000273653643640
0.000273645684669
0.000273637499856
0.000273629088997
0.000273620451913
0.000273611588452
0.000273602498491
0.000273593181935
0.000273583638709
0.000273573868755
0.000273563872024
0.000273553648456
0.000273543197976
0.000273532520475
0.000273521615795
0.000273510483717
0.000273499123949
0.000273487536113
0.000273475719742
0.000273463674278
0.000273451399066
0.000273438893368
0.000273426156365
0.000273413187174
0.000273399984859
0.000273386548453
0.000273372876973
0.000273358969445
0.000273344824924
0.000273330442509
0.000273315821368
0.000273300960753
0.000273285860008
0.000273270518585
0.000273254936045
0.000273239112058
0.000273223046394
0.000273206738915
0.000273190189554
0.000273173398294
0.000273156365140
0.000273139090087
0.000273121573093
0.000273103814040
0.000273085812710
0.000273067568753
0.000273049081666
0.000273030350777
0.000273011375231
0.000272992153995
0.000272972685857
0.000272952969444
0.000272933003241
0.000272912785619
0.000272892314873
0.000272871589256
0.000272850607021
0.000272829366469
0.000272807865987
0.000272786104087
0.000272764079450
0.000272741790947
0.000272719237667
0.000272696418928
0.000272673334278
0.000272649983491
0.000272626366542
0.000272602483578
0.000272578334880
0.000272553920812
0.000272529241765
0.000272504298104
0.000272479090102
0.000272453617888
0.000272427881394
0.000272401880309
0.000272375614046
0.000272349081721
0.000272322282141
0.000272295213811
0.000272267874954
0.000272240263540
0.000272212377338
0.000272184213966
0.000272155770960
0.000272127045843
0.000272098036201
0.000272068739756
0.000272039154434
0.000272009278432
0.000271979110268
0.000271948648818
0.000271917893344
0.000271886843498
0.000271855499307
0.000271823861148
0.000271791929693
0.000271759705850
0.000271727190684
0.000271694385332
0.000271661290907
0.000271627908409
0.000271594238634
0.000271560282094
0.000271526038941
0.000271491508922
0.000271456691337
0.000271421585026
0.000271386188378
0.000271350499357
0.000271314515553
0.000271278234251
0.000271241652515
0.000271204767290
0.000271167575506
0.000271130074187
0.000271092260562
0.000271054132172
0.000271015686952
0.000270976923313
0.000270937840194
0.000270898437093
0.000270858714073
0.000270818671736
0.000270778311185
0.000270737633940
0.000270696641854
0.000270655336998
0.000270613721538
0.000270571797609
0.000270529567182
0.000270487031943
0.000270444193184
0.000270401051706
0.000270357607753
0.000270313860967
0.000270269810370
0.000270225454383
0.000270180790864
0.000270135817186
0.000270090530332
0.000270044927012
0.000269999003800
0.000269952757272
0.000269906184159
0.000269859281489
0.000269812046715
0.000269764477834
0.000269716573477
0.000269668332975
0.000269619756385
0.000269570844496
0.000269521598787
0.000269472021357
0.000269422114831
0.000269371882226
0.000269321326815
0.000269270451959
0.000269219260951
0.000269167756851
0.000269115942335
0.000269063819562
0.000269011390066
0.000268958654677
0.000268905613475
0.000268852265782
0.000268798610188
0.000268744644618
0.000268690366427
0.000268635772532
0.000268580859555
0.000268525623996
0.000268470062407
0.000268414171569
