0.000288823117060
0.000288898777155
0.000288974459005
0.000289050154783
0.000289125856489
0.000289201555958
0.000289277244878
0.000289352914817
0.000289428557259
0.000289504163646
0.000289579725423
0.000289655234083
0.000289730681216
0.000289806058549
0.000289881357987
0.000289956571644
0.000290031691865
0.000290106711243
0.000290181622621
0.000290256419092
0.000290331093980
0.000290405640821
0.000290480053335
0.000290554325394
0.000290628450981
0.000290702424154
0.000290776239012
0.000290849889656
0.000290923370160
0.000290996674547
0.000291069796767
0.000291142730690
0.000291215470099
0.000291288008693
0.000291360340099
0.000291432457887
0.000291504355593
0.000291576026744
0.000291647464886
0.000291718663618
0.000291789616619
0.000291860317677
0.000291930760719
0.000292000939831
0.000292070849274
0.000292140483503
0.000292209837167
0.000292278905114
0.000292347682383
0.000292416164198
0.000292484345952
0.000292552223188
0.000292619791578
0.000292687046903
0.000292753985029
0.000292820601882
0.000292886893430
0.000292952855664
0.000293018484577
0.000293083776155
0.000293148726363
0.000293213331142
0.000293277586405
0.000293341488037
0.000293405031905
0.000293468213860
0.000293531029757
0.000293593475465
0.000293655546884
0.000293717239965
0.000293778550730
0.000293839475288
0.000293900009857
0.000293960150775
0.000294019894521
0.000294079237721
0.000294138177159
0.000294196709781
0.000294254832695
0.000294312543170
0.000294369838628
0.000294426716634
0.000294483174886
0.000294539211195
0.000294594823468
0.000294650009690
0.000294704767902
0.000294759096180
0.000294812992615
0.000294866455295
0.000294919482288
0.000294972071630
0.000295024221314
0.000295075929287
0.000295127193451
0.000295178011664
0.000295228381754
0.000295278301529
0.000295327768798
0.000295376781386
0.000295425337162
0.000295473434059
0.000295521070097
0.000295568243408
0.000295614952249
0.000295661195028
0.000295706970310
0.000295752276826
0.000295797113479
0.000295841479340
0.000295885373638
0.000295928795752
0.000295971745186
0.000296014221552
0.000296056224542
0.000296097753899
0.000296138809389
0.000296179390772
0.000296219497775
0.000296259130067
0.000296298287240
0.000296336968798
0.000296375174142
0.000296412902577
0.000296450153312
0.000296486925475
0.000296523218126
0.000296559030288
0.000296594360966
0.000296629209182
0.000296663574003
0.000296697454573
0.000296730850141
0.000296763760089
0.000296796183950
0.000296828121425
0.000296859572393
0.000296890536913
0.000296921015214
0.000296951007689
0.000296980514870
0.000297009537404
0.000297038076020
0.000297066131500
0.000297093704636
0.000297120796200
0.000297147406906
0.000297173537384
0.000297199188148
0.000297224359586
0.000297249051938
0.000297273265304
0.000297296999636
0.000297320254762
0.000297343030397
0.000297365326171
0.000297387141661
0.000297408476421
0.000297429330021
0.000297449702080
0.000297469592301
0.000297489000500
0.000297507926632
0.000297526370811
0.000297544333321
0.000297561814619
0.000297578815334
0.000297595336252
0.000297611378295
0.000297626942499
0.000297642029978
0.000297656641889
0.000297670779396
0.000297684443630
0.000297697635651
0.000297710356422
0.000297722606773
0.000297734387385
0.000297745698774
0.000297756541288
0.000297766915103
0.000297776820241
0.000297786256584
0.000297795223896
0.000297803721858
0.000297811750099
0.000297819308232
0.000297826395892
0.000297833012769
0.000297839158645
0.000297844833421
0.000297850037136
0.000297854769987
0.000297859032337
0.000297862824709
0.000297866147784
0.000297869002380
0.000297871389428
0.000297873309947
0.000297874765003
0.000297875755679
0.000297876283031
0.000297876348056
0.000297875951656
0.000297875094606
0.000297873777534
0.000297872000899
0.000297869764984
0.000297867069894
0.000297863915559
0.000297860301752
0.000297856228104
0.000297851694138
0.000297846699294
0.000297841242968
0.000297835324548
0.000297828943455
0.000297822099170
0.000297814791278
0.000297807019484
0.000297798783645
0.000297790083777
0.000297780920063
0.000297771292852
0.000297761202646
0.000297750650083
0.000297739635914
0.000297728160968
0.000297716226117
0.000297703832241
0.000297690980189
0.000297677670740
0.000297663904569
0.000297649682219
0.000297635004071
0.000297619870334
0.000297604281032
0.000297588236000
0.000297571734899
0.000297554777223
0.000297537362331
0.000297519489470
0.000297501157816
0.000297482366512
0.000297463114709
0.000297443401609
0.000297423226504
0.000297402588813
0.000297381488111
0.000297359924154
0.000297337896888
0.000297315406463
0.000297292453221
0.000297269037685
0.000297245160537
0.000297220822587
0.000297196024737
0.000297170767939
0.000297145053151
0.000297118881293
0.000297092253208
0.000297065169615
0.000297037631084
0.000297009638005
0.000296981190571
0.000296952288775
0.000296922932405
0.000296893121064
0.000296862854191
0.000296832131092
0.000296800950984
0.000296769313036
0.000296737216424
0.000296704660381
0.000296671644242
0.000296638167499
0.000296604229834
0.000296569831152
0.000296534971608
0.000296499651609
0.000296463871821
0.000296427633150
0.000296390936722
0.000296353783846
0.000296316175972
0.000296278114639
0.000296239601426
0.000296200637895
0.000296161225535
0.000296121365717
0.000296081059646
0.000296040308333
0.000295999112570
0.000295957472916
0.000295915389706
0.000295872863066
0.000295829892936
0.000295786479120
0.000295742621330
0.000295698319246
0.000295653572576
0.000295608381122
0.000295562744841
0.000295516663896
0.000295470138709
0.000295423169996
0.000295375758788
0.000295327906443
0.000295279614642
0.000295230885364
0.000295181720859
0.000295132123598
0.000295082096219
0.000295031641465
0.000294980762119
0.000294929460937
0.000294877740583
0.000294825603576
0.000294773052241
0.000294720088673
0.000294666714718
0.000294612931967
0.000294558741767
0.000294504145246
0.000294449143358
0.000294393736934
0.000294337926745
0.000294281713578
0.000294225098300
0.000294168081941
0.000294110665754
0.000294052851277
0.000293994640384
0.000293936035312
0.000293877038682
0.000293817653500
0.000293757883138
0.000293697731304
0.000293637201988
0.000293576299409
0.000293515027938
0.000293453392032
0.000293391396149
0.000293329044679
0.000293266341873
0.000293203291791
0.000293139898251
0.000293076164803
0.000293012094720
0.000292947691005
0.000292882956414
0.000292817893501
0.000292752504676
0.000292686792273
0.000292620758629
0.000292554406165
0.000292487737467
0.000292420755363
0.000292353462989
0.000292285863849
0.000292217961845
0.000292149761304
0.000292081266980
0.000292012484033
0.000291943417996
0.000291874074722
0.000291804460317
0.000291734581066
0.000291664443349
0.000291594053557
0.000291523418013
0.000291452542892
0.000291381434167
0.000291310097554
0.000291238538481
0.000291166762082
0.000291094773199
0.000291022576412
0.000290950176086
0.000290877576431
0.000290804781577
0.000290731795654
0.000290658622883
0.000290585267654
0.000290511734612
0.000290438028722
0.000290364155328
0.000290290120189
0.000290215929498
0.000290141589885
0.000290067108393
0.000289992492440
0.000289917749761
0.000289842888340
0.000289767916330
0.000289692841963
0.000289617673470
0.000289542418992
0.000289467086507
0.000289391683768
0.000289316218251
