0.000175055772279
0.000175060892420
0.000175066040639
0.000175071215558
0.000175076415790
0.000175081639963
0.000175086886750
0.000175092154891
0.000175097443224
0.000175102750701
0.000175108076415
0.000175113419610
0.000175118779693
0.000175124156239
0.000175129548988
0.000175134957836
0.000175140382819
0.000175145824092
0.000175151281897
0.000175156756534
0.000175162248316
0.000175167757537
0.000175173284424
0.000175178829100
0.000175184391549
0.000175189971582
0.000175195568811
0.000175201182638
0.000175206812238
0.000175212456564
0.000175218114359
0.000175223784171
0.000175229464380
0.000175235153237
0.000175240848898
0.000175246549472
0.000175252253066
0.000175257957833
0.000175263662020
0.000175269364009
0.000175275062364
0.000175280755857
0.000175286443504
0.000175292124578
0.000175297798626
0.000175303465465
0.000175309125178
0.000175314778089
0.000175320424739
0.000175326065846
0.000175331702258
0.000175337334901
0.000175342964721
0.000175348592626
0.000175354219423
0.000175359845763
0.000175365472089
0.000175371098589
0.000175376725161
0.000175382351393
0.000175387976545
0.000175393599552
0.000175399219041
0.000175404833354
0.000175410440588
0.000175416038644
0.000175421625279
0.000175427198174
0.000175432754996
0.000175438293467
0.000175443811427
0.000175449306899
0.000175454778141
0.000175460223699
0.000175465642441
0.000175471033586
0.000175476396719
0.000175481731790
0.000175487039107
0.000175492319308
0.000175497573323
0.000175502802327
0.000175508007680
0.000175513190856
0.000175518353376
0.000175523496727
0.000175528622284
0.000175533731244
0.000175538824551
0.000175543902841
0.000175548966393
0.000175554015098
0.000175559048438
0.000175564065486
0.000175569064915
0.000175574045034
0.000175579003824
0.000175583939003
0.000175588848085
0.000175593728462
0.000175598577480
0.000175603392525
0.000175608171101
0.000175612910909
0.000175617609917
0.000175622266422
0.000175626879101
0.000175631447043
0.000175635969776
0.000175640447270
0.000175644879929
0.000175649268566
0.000175653614358
0.000175657918798
0.000175662183623
0.000175666410737
0.000175670602131
0.000175674759790
0.000175678885607
0.000175682981294
0.000175687048300
0.000175691087744
0.000175695100350
0.000175699086407
0.000175703045735
0.000175706977685
0.000175710881135
0.000175714754528
0.000175718595907
0.000175722402980
0.000175726173190
0.000175729903797
0.000175733591967
0.000175737234868
0.000175740829761
0.000175744374091
0.000175747865568
0.000175751302248
0.000175754682585
0.000175758005487
0.000175761270343
0.000175764477039
0.000175767625954
0.000175770717941
0.000175773754283
0.000175776736646
0.000175779667006
0.000175782547567
0.000175785380675
0.000175788168721
0.000175790914039
0.000175793618813
0.000175796284984
0.000175798914164
0.000175801507567
0.000175804065949
0.000175806589571
0.000175809078177
0.000175811530993
0.000175813946746
0.000175816323702
0.000175818659720
0.000175820952329
0.000175823198804
0.000175825396266
0.000175827541778
0.000175829632447
0.000175831665524
0.000175833638501
0.000175835549191
0.000175837395811
0.000175839177032
0.000175840892033
0.000175842540520
0.000175844122735
0.000175845639445
0.000175847091910
0.000175848481837
0.000175849811308
0.000175851082712
0.000175852298641
0.000175853461804
0.000175854574912
0.000175855640583
0.000175856661230
0.000175857638976
0.000175858575563
0.000175859472282
0.000175860329922
0.000175861148734
0.000175861928413
0.000175862668110
0.000175863366455
0.000175864021604
0.000175864631308
0.000175865192987
0.000175865703828
0.000175866160884
0.000175866561178
0.000175866901814
0.000175867180079
0.000175867393542
0.000175867540139
0.000175867618252
0.000175867626763
0.000175867565099
0.000175867433249
0.000175867231774
0.000175866961778
0.000175866624881
0.000175866223156
0.000175865759055
0.000175865235330
0.000175864654927
0.000175864020882
0.000175863336213
0.000175862603808
0.000175861826320
0.000175861006069
0.000175860144955
0.000175859244389
0.000175858305240
0.000175857327802
0.000175856311782
0.000175855256316
0.000175854159994
0.000175853020919
0.000175851836777
0.000175850604921
0.000175849322475
0.000175847986436
0.000175846593791
0.000175845141627
0.000175843627241
0.000175842048242
0.000175840402641
0.000175838688929
0.000175836906135
0.000175835053869
0.000175833132342
0.000175831142367
0.000175829085332
0.000175826963166
0.000175824778272
0.000175822533449
0.000175820231800
0.000175817876627
0.000175815471315
0.000175813019219
0.000175810523547
0.000175807987246
0.000175805412900
0.000175802802642
0.000175800158079
0.000175797480235
0.000175794769523
0.000175792025731
0.000175789248035
0.000175786435036
0.000175783584814
0.000175780695008
0.000175777762906
0.000175774785549
0.000175771759849
0.000175768682705
0.000175765551125
0.000175762362343
0.000175759113922
0.000175755803860
0.000175752430664
0.000175748993420
0.000175745491836
0.000175741926262
0.000175738297694
0.000175734607751
0.000175730858630
0.000175727053039
0.000175723194116
0.000175719285329
0.000175715330360
0.000175711332990
0.000175707296967
0.000175703225886
0.000175699123067
0.000175694991445
0.000175690833469
0.000175686651026
0.000175682445380
0.000175678217134
0.000175673966220
0.000175669691906
0.000175665392837
0.000175661067091
0.000175656712262
0.000175652325554
0.000175647903896
0.000175643444063
0.000175638942807
0.000175634396979
0.000175629803663
0.000175625160290
0.000175620464745
0.000175615715457
0.000175610911475
0.000175606052514
0.000175601138985
0.000175596171998
0.000175591153342
0.000175586085436
0.000175580971266
0.000175575814293
0.000175570618348
0.000175565387510
0.000175560125978
0.000175554837936
0.000175549527415
0.000175544198163
0.000175538853527
0.000175533496339
0.000175528128835
0.000175522752580
0.000175517368433
0.000175511976520
0.000175506576252
0.000175501166355
0.000175495744934
0.000175490309553
0.000175484857340
0.000175479385101
0.000175473889459
0.000175468366983
0.000175462814329
0.000175457228381
0.000175451606374
0.000175445946017
0.000175440245588
0.000175434504021
0.000175428720960
0.000175422896796
0.000175417032674
0.000175411130475
0.000175405192770
0.000175399222751
0.000175393224140
0.000175387201078
0.000175381157993
0.000175375099469
0.000175369030096
0.000175362954327
0.000175356876338
0.000175350799891
0.000175344728223
0.000175338663945
0.000175332608968
0.000175326564448
0.000175320530770
0.000175314507548
0.000175308493657
0.000175302487297
0.000175296486074
0.000175290487106
0.000175284487144
0.000175278482708
0.000175272470234
0.000175266446217
0.000175260407359
0.000175254350705
0.000175248273771
0.000175242174653
0.000175236052116
0.000175229905665
0.000175223735580
0.000175217542934
0.000175211329580
0.000175205098105
0.000175198851767
0.000175192594400
0.000175186330303
0.000175180064111
0.000175173800651
0.000175167544794
0.000175161301305
0.000175155074693
0.000175148869076
0.000175142688053
0.000175136534601
0.000175130410992
0.000175124318734
0.000175118258541
0.000175112230335
0.000175106233267
0.000175100265778
0.000175094325673
0.000175088410227
0.000175082516301
0.000175076640482
0.000175070779222
0.000175064928988
0.000175059086409
0.000175053248421
0.000175047412391
