0.002006315833033
0.002006409299347
0.002006569502345
0.002006791799563
0.002007068859693
0.002007390963902
0.002007746414294
0.002008122031980
0.002008503723122
0.002008877088195
0.002009228047683
0.002009543456542
0.002009811680147
0.002010023106026
0.002010170568395
0.002010249666321
0.002010258960927
0.002010200042416
0.002010077463393
0.002009898540918
0.002009673035551
0.002009412721170
0.002009130864240
0.002008841635335
0.002008559478809
0.002008298468504
0.002008071678112
0.002007890594271
0.002007764598718
0.002007700542851
0.002007702434031
0.002007771248073
0.002007904876831
0.002008098213778
0.002008343374360
0.002008630041891
0.002008945924092
0.002009277300406
0.002009609636049
0.002009928235686
0.002010218907719
0.002010468609557
0.002010666044928
0.002010802186308
0.002010870698733
0.002010868245522
0.002010794661635
0.002010652986184
0.002010449351862
0.002010192735425
0.002009894579558
0.002009568302253
0.002009228714930
0.002008891374678
0.002008571899117
0.002008285274151
0.002008045185405
0.002007863403223
0.002007749248934
0.002007709166577
0.002007746419778
0.002007860927997
0.002008049250250
0.002008304717910
0.002008617711602
0.002008976070743
0.002009365618366
0.002009770778633
0.002010175260206
0.002010562775592
0.002010917764796
0.002011226091255
0.002011475679106
0.002011657063234
0.002011763827290
0.002011792909682
0.002011744763312
0.002011623361212
0.002011436047045
0.002011193236306
0.002010907980697
0.002010595414316
0.002010272105592
0.002009955343256
0.002009662387675
0.002009409720598
0.002009212326605
0.002009083038298
0.002009031974640
0.002009066097853
0.002009188909131
0.002009400297411
0.002009696548657
0.002010070516061
0.002010511944367
0.002011007934642
0.002011543529467
0.002012102393024
0.002012667556170
0.002013222193486
0.002013750397606
0.002014237916028
0.002014672816982
0.002015046053823
0.002015351901648
0.002015588245296
0.002015756704235
0.002015862586916
0.002015914674584
0.002015924841992
0.002015907529640
0.002015879088706
0.002015857025495
0.002015859176739
0.002015902850206
0.002016003966703
0.002016176239613
0.002016430426514
0.002016773684382
0.002017209055321
0.002017735104096
0.002018345722015
0.002019030104379
0.002019772900993
0.002020554531507
0.002021351649977
0.002022137736307
0.002022883786509
0.002023559069150
0.002024131912366
0.002024570484251
0.002024843529722
0.002024921028740
0.002024774744323
0.002024378633683
0.002023709102040
0.002022745085876
0.002021467960267
0.002019861273173
0.002017910317773
0.002015601561778
0.002012921959751
0.002009858180550
0.002006395786721
0.002002518405884
0.001998206935659
0.001993438823385
0.001988187459847
0.001982421722447
0.001976105697915
0.001969198608024
0.001961654953974
0.001953424886679
0.001944454801300
0.001934688145472
0.001924066422208
0.001912530360620
0.001900021220961
0.001886482195048
0.001871859859407
0.001856105636398
0.001839177218369
0.001821039911505
0.001801667859354
0.001781045111030
0.001759166505330
0.001736038349495
0.001711678879426
0.001686118496758
0.001659399786697
0.001631577328672
0.001602717319237
0.001572897032938
0.001542204151772
0.001510735997138
0.001478598699755
0.001445906342721
0.001412780110799
0.001379347475228
0.001345741438034
0.001312099853204
0.001278564834561
0.001245282252026
0.001212401309634
0.001180074190593
0.001148455747209
0.001117703207114
0.001087975862196
0.001059434703328
0.001032241962546
0.001006560524991
0.000982553175698
0.000960381651126
0.000940205472150
0.000922180543708
0.000906457516265
0.000893179915221
0.000882482055992
0.000874486774261
0.000869303012276
0.000867023312699
0.000867721280755
0.000871449083041
0.000878235056803
0.000888081506616
0.000900962765897
0.000916823598517
0.000935578010893
0.000957108537479
0.000981266052678
0.001007870150258
0.001036710117601
0.001067546517172
0.001100113371781
0.001134120934183
0.001169259005784
0.001205200754256
0.001241606966169
0.001278130658818
0.001314421965562
0.001350133201587
0.001384924012162
0.001418466503352
0.001450450255750
0.001480587125010
0.001508615738615
0.001534305606130
0.001557460769794
0.001577922933404
0.001595574019447
0.001610338117101
0.001622182796417
0.001631119776448
0.001637204946868
0.001640537753389
0.001641259966859
0.001639553864088
0.001635639855090
0.001629773596657
0.001622242635934
0.001613362630170
0.001603473190306
0.001592933396689
0.001582117035350
0.001571407603224
0.001561193130609
0.001551860869516
0.001543791897321
0.001537355686658
0.001532904694710
0.001530769028049
0.001531251242820
0.001534621344178
0.001541112053203
0.001550914413769
0.001564173815545
0.001580986512119
0.001601396714663
0.001625394341248
0.001652913499293
0.001683831773620
0.001717970384605
0.001755095270065
0.001794919130588
0.001837104461147
0.001881267572243
0.001926983581877
0.001973792335842
0.002021205188803
0.002068712553082
0.002115792096944
0.002161917450199
0.002206567253161
0.002249234366295
0.002289435043068
0.002326717858468
0.002360672180963
0.002390935976872
0.002417202743647
0.002439227382361
0.002456830839936
0.002469903377804
0.002478406355339
0.002482372452836
0.002481904298926
0.002477171510154
0.002468406194625
0.002455897015805
0.002439981955325
0.002421039953538
0.002399481642196
0.002375739413701
0.002350257094739
0.002323479507779
0.002295842211194
0.002267761707142
0.002239626395677
0.002211788533932
0.002184557431117
0.002158194074156
0.002132907336161
0.002108851871743
0.002086127751059
0.002064781829902
0.002044810798082
0.002026165794381
0.002008758425559
0.001992467980724
0.001977149592686
0.001962643065957
0.001948782068047
0.001935403367553
0.001922355799742
0.001909508648126
0.001896759148759
0.001884038852132
0.001871318614780
0.001858612037759
0.001845977220753
0.001833516756763
0.001821375951518
0.001809739311743
0.001798825405339
0.001788880252273
0.001780169455753
0.001772969327206
0.001767557294308
0.001764201907472
0.001763152775984
0.001764630769752
0.001768818816220
0.001775853604682
0.001785818482455
0.001798737790191
0.001814572838170
0.001833219673396
0.001854508730266
0.001878206397674
0.001904018474448
0.001931595425154
0.001960539291541
0.001990412063058
0.002020745264687
0.002051050483326
0.002080830526106
0.002109590886454
0.002136851186625
0.002162156269133
0.002185086623697
0.002205267860337
0.002222378972219
0.002236159172508
0.002246413136335
0.002253014530362
0.002255907766543
0.002255107971604
0.002250699217733
0.002242831111060
0.002231713881169
0.002217612155574
0.002200837636611
0.002181740923553
0.002160702739406
0.002138124829306
0.002114420795920
0.002090007126933
0.002065294651342
0.002040680635713
0.002016541700008
0.001993227696375
0.001971056654852
0.001950310858898
0.001931234072507
0.001914029900984
0.001898861230588
0.001885850659575
0.001875081805615
0.001866601353090
0.001860421688854
0.001856523967087
0.001854861442756
0.001855362918798
0.001857936163878
0.001862471174659
0.001868843178122
0.001876915294385
0.001886540807506
0.001897565019728
0.001909826692142
0.001923159100696
0.001937390759671
0.001952345884239
0.001967844678668
0.001983703546572
0.001999735323953
0.002015749634524
0.002031553460001
0.002046952006159
0.002061749928947
0.002075752964644
0.002088769984854
