0.000271329186471
0.000271390088333
0.000271450714420
0.000271511061050
0.000271571125368
0.000271630905368
0.000271690399873
0.000271749608479
0.000271808531458
0.000271867169635
0.000271925524232
0.000271983596705
0.000272041388558
0.000272098901173
0.000272156135632
0.000272213092563
0.000272269772018
0.000272326173367
0.000272382295240
0.000272438135501
0.000272493691267
0.000272548958961
0.000272603934405
0.000272658612943
0.000272712989591
0.000272767059200
0.000272820816630
0.000272874256932
0.000272927375507
0.000272980168263
0.000273032631739
0.000273084763201
0.000273136560705
0.000273188023120
0.000273239150116
0.000273289942109
0.000273340400176
0.000273390525935
0.000273440321407
0.000273489788851
0.000273538930600
0.000273587748889
0.000273636245695
0.000273684422585
0.000273732280601
0.000273779820157
0.000273827040981
0.000273873942091
0.000273920521805
0.000273966777789
0.000274012707142
0.000274058306505
0.000274103572194
0.000274148500356
0.000274193087122
0.000274237328774
0.000274281221891
0.000274324763494
0.000274367951157
0.000274410783097
0.000274453258235
0.000274495376219
0.000274537137408
0.000274578542836
0.000274619594131
0.000274660293412
0.000274700643167
0.000274740646110
0.000274780305032
0.000274819622652
0.000274858601475
0.000274897243662
0.000274935550916
0.000274973524406
0.000275011164702
0.000275048471760
0.000275085444926
0.000275122082974
0.000275158384182
0.000275194346418
0.000275229967261
0.000275265244124
0.000275300174392
0.000275334755557
0.000275368985347
0.000275402861844
0.000275436383580
0.000275469549614
0.000275502359582
0.000275534813716
0.000275566912835
0.000275598658312
0.000275630052010
0.000275661096200
0.000275691793453
0.000275722146535
0.000275752158276
0.000275781831455
0.000275811168682
0.000275840172292
0.000275868844259
0.000275897186127
0.000275925198964
0.000275952883345
0.000275980239359
0.000276007266639
0.000276033964417
0.000276060331595
0.000276086366841
0.000276112068678
0.000276137435598
0.000276162466162
0.000276187159098
0.000276211513395
0.000276235528370
0.000276259203731
0.000276282539611
0.000276305536583
0.000276328195655
0.000276350518239
0.000276372506108
0.000276394161332
0.000276415486201
0.000276436483143
0.000276457154634
0.000276477503108
0.000276497530875
0.000276517240045
0.000276536632467
0.000276555709676
0.000276574472870
0.000276592922889
0.000276611060227
0.000276628885054
0.000276646397253
0.000276663596475
0.000276680482199
0.000276697053802
0.000276713310631
0.000276729252071
0.000276744877617
0.000276760186927
0.000276775179874
0.000276789856578
0.000276804217433
0.000276818263112
0.000276831994559
0.000276845412973
0.000276858519772
0.000276871316553
0.000276883805042
0.000276895987039
0.000276907864365
0.000276919438800
0.000276930712041
0.000276941685649
0.000276952361016
0.000276962739337
0.000276972821598
0.000276982608565
0.000276992100799
0.000277001298665
0.000277010202362
0.000277018811957
0.000277027127418
0.000277035148658
0.000277042875577
0.000277050308094
0.000277057446191
0.000277064289937
0.000277070839512
0.000277077095223
0.000277083057514
0.000277088726961
0.000277094104269
0.000277099190251
0.000277103985817
0.000277108491941
0.000277112709641
0.000277116639945
0.000277120283867
0.000277123642380
0.000277126716395
0.000277129506739
0.000277132014145
0.000277134239245
0.000277136182568
0.000277137844540
0.000277139225501
0.000277140325708
0.000277141145361
0.000277141684615
0.000277141943599
0.000277141922437
0.000277141621261
0.000277141040229
0.000277140179530
0.000277139039393
0.000277137620091
0.000277135921937
0.000277133945281
0.000277131690498
0.000277129157982
0.000277126348132
0.000277123261337
0.000277119897969
0.000277116258362
0.000277112342813
0.000277108151565
0.000277103684808
0.000277098942673
0.000277093925238
0.000277088632529
0.000277083064529
0.000277077221189
0.000277071102439
0.000277064708200
0.000277058038399
0.000277051092980
0.000277043871912
0.000277036375205
0.000277028602906
0.000277020555107
0.000277012231942
0.000277003633580
0.000276994760220
0.000276985612076
0.000276976189368
0.000276966492302
0.000276956521061
0.000276946275785
0.000276935756560
0.000276924963406
0.000276913896266
0.000276902555003
0.000276890939393
0.000276879049131
0.000276866883830
0.000276854443033
0.000276841726225
0.000276828732843
0.000276815462298
0.000276801913987
0.000276788087317
0.000276773981720
0.000276759596671
0.000276744931702
0.000276729986417
0.000276714760496
0.000276699253706
0.000276683465894
0.000276667396986
0.000276651046981
0.000276634415934
0.000276617503942
0.000276600311126
0.000276582837611
0.000276565083505
0.000276547048877
0.000276528733738
0.000276510138024
0.000276491261578
0.000276472104142
0.000276452665345
0.000276432944704
0.000276412941620
0.000276392655387
0.000276372085202
0.000276351230180
0.000276330089367
0.000276308661772
0.000276286946381
0.000276264942186
0.000276242648215
0.000276220063548
0.000276197187347
0.000276174018875
0.000276150557509
0.000276126802753
0.000276102754245
0.000276078411756
0.000276053775186
0.000276028844549
0.000276003619961
0.000275978101616
0.000275952289762
0.000275926184670
0.000275899786608
0.000275873095806
0.000275846112429
0.000275818836546
0.000275791268104
0.000275763406911
0.000275735252619
0.000275706804711
0.000275678062507
0.000275649025161
0.000275619691684
0.000275590060957
0.000275560131763
0.000275529902820
0.000275499372819
0.000275468540466
0.000275437404522
0.000275405963849
0.000275374217444
0.000275342164478
0.000275309804320
0.000275277136559
0.000275244161018
0.000275210877750
0.000275177287033
0.000275143389350
0.000275109185361
0.000275074675863
0.000275039861750
0.000275004743961
0.000274969323426
0.000274933601012
0.000274897577470
0.000274861253389
0.000274824629150
0.000274787704895
0.000274750480504
0.000274712955585
0.000274675129479
0.000274637001272
0.000274598569833
0.000274559833848
0.000274520791884
0.000274481442441
0.000274441784028
0.000274401815230
0.000274361534778
0.000274320941619
0.000274280034968
0.000274238814362
0.000274197279694
0.000274155431231
0.000274113269619
0.000274070795872
0.000274028011335
0.000273984917644
0.000273941516663
0.000273897810408
0.000273853800972
0.000273809490434
0.000273764880773
0.000273719973787
0.000273674771016
0.000273629273676
0.000273583482613
0.000273537398271
0.000273491020681
0.000273444349474
0.000273397383910
0.000273350122930
0.000273302565232
0.000273254709349
0.000273206553754
0.000273158096956
0.000273109337614
0.000273060274630
0.000273010907250
0.000272961235141
0.000272911258453
0.000272860977864
0.000272810394592
0.000272759510396
0.000272708327538
0.000272656848729
0.000272605077052
0.000272553015867
0.000272500668697
0.000272448039110
0.000272395130600
0.000272341946462
0.000272288489685
0.000272234762855
0.000272180768076
0.000272126506920
0.000272071980400
0.000272017188974
0.000271962132577
0.000271906810683
0.000271851222389
0.000271795366524
0.000271739241778
0.000271682846830
0.000271626180494
0.000271569241854
0.000271512030393
0.000271454546099
0.000271396789563
0.000271338762035
0.000271280465458
0.000271221902472
0.000271163076379
0.000271103991078
0.000271044650977
0.000270985060871
