0.000176881836864
0.000176898990908
0.000176916101290
0.000176933173934
0.000176950214975
0.000176967230577
0.000176984226764
0.000177001209256
0.000177018183319
0.000177035153637
0.000177052124195
0.000177069098184
0.000177086077922
0.000177103064796
0.000177120059214
0.000177137060587
0.000177154067312
0.000177171076790
0.000177188085451
0.000177205088803
0.000177222081509
0.000177239057478
0.000177256009981
0.000177272931790
0.000177289815337
0.000177306652883
0.000177323436709
0.000177340159302
0.000177356813544
0.000177373392900
0.000177389891581
0.000177406304694
0.000177422628363
0.000177438859820
0.000177454997466
0.000177471040891
0.000177486990867
0.000177502849303
0.000177518619176
0.000177534304424
0.000177549909829
0.000177565440874
0.000177580903585
0.000177596304364
0.000177611649815
0.000177626946557
0.000177642201051
0.000177657419408
0.000177672607221
0.000177687769388
0.000177702909954
0.000177718031972
0.000177733137375
0.000177748226878
0.000177763299913
0.000177778354592
0.000177793387709
0.000177808394789
0.000177823370169
0.000177838307125
0.000177853198037
0.000177868034582
0.000177882807959
0.000177897509130
0.000177912129076
0.000177926659047
0.000177941090807
0.000177955416868
0.000177969630689
0.000177983726854
0.000177997701208
0.000178011550955
0.000178025274722
0.000178038872570
0.000178052345978
0.000178065697779
0.000178078932067
0.000178092054068
0.000178105069987
0.000178117986823
0.000178130812168
0.000178143553990
0.000178156220394
0.000178168819388
0.000178181358636
0.000178193845216
0.000178206285396
0.000178218684419
0.000178231046313
0.000178243373739
0.000178255667872
0.000178267928328
0.000178280153139
0.000178292338783
0.000178304480262
0.000178316571227
0.000178328604159
0.000178340570583
0.000178352461312
0.000178364266724
0.000178375977040
0.000178387582616
0.000178399074220
0.000178410443293
0.000178421682188
0.000178432784377
0.000178443744616
0.000178454559073
0.000178465225413
0.000178475742840
0.000178486112094
0.000178496335407
0.000178506416419
0.000178516360062
0.000178526172403
0.000178535860462
0.000178545432000
0.000178554895292
0.000178564258874
0.000178573531287
0.000178582720812
0.000178591835212
0.000178600881482
0.000178609865619
0.000178618792422
0.000178627665321
0.000178636486256
0.000178645255597
0.000178653972119
0.000178662633030
0.000178671234050
0.000178679769542
0.000178688232686
0.000178696615694
0.000178704910052
0.000178713106780
0.000178721196712
0.000178729170761
0.000178737020189
0.000178744736850
0.000178752313414
0.000178759743558
0.000178767022119
0.000178774145219
0.000178781110340
0.000178787916371
0.000178794563607
0.000178801053718
0.000178807389680
0.000178813575671
0.000178819616939
0.000178825519640
0.000178831290652
0.000178836937369
0.000178842467479
0.000178847888727
0.000178853208681
0.000178858434499
0.000178863572699
0.000178868628958
0.000178873607929
0.000178878513094
0.000178883346655
0.000178888109468
0.000178892801021
0.000178897419463
0.000178901961673
0.000178906423376
0.000178910799287
0.000178915083298
0.000178919268672
0.000178923348262
0.000178927314731
0.000178931160768
0.000178934879296
0.000178938463668
0.000178941907835
0.000178945206493
0.000178948355209
0.000178951350514
0.000178954189966
0.000178956872197
0.000178959396915
0.000178961764899
0.000178963977955
0.000178966038851
0.000178967951232
0.000178969719506
0.000178971348720
0.000178972844404
0.000178974212414
0.000178975458756
0.000178976589404
0.000178977610126
0.000178978526304
0.000178979342778
0.000178980063700
0.000178980692415
0.000178981231376
0.000178981682081
0.000178982045051
0.000178982319839
0.000178982505074
0.000178982598529
0.000178982597219
0.000178982497517
0.000178982295278
0.000178981985982
0.000178981564869
0.000178981027074
0.000178980367762
0.000178979582247
0.000178978666100
0.000178977615250
0.000178976426066
0.000178975095434
0.000178973620815
0.000178972000293
0.000178970232613
0.000178968317206
0.000178966254193
0.000178964044387
0.000178961689268
0.000178959190946
0.000178956552110
0.000178953775954
0.000178950866091
0.000178947826450
0.000178944661172
0.000178941374485
0.000178937970589
0.000178934453539
0.000178930827131
0.000178927094809
0.000178923259581
0.000178919323952
0.000178915289881
0.000178911158753
0.000178906931373
0.000178902607972
0.000178898188232
0.000178893671319
0.000178889055927
0.000178884340321
0.000178879522394
0.000178874599716
0.000178869569590
0.000178864429110
0.000178859175219
0.000178853804769
0.000178848314587
0.000178842701546
0.000178836962636
0.000178831095041
0.000178825096218
0.000178818963972
0.000178812696531
0.000178806292608
0.000178799751458
0.000178793072915
0.000178786257415
0.000178779306001
0.000178772220301
0.000178765002498
0.000178757655272
0.000178750181730
0.000178742585325
0.000178734869766
0.000178727038921
0.000178719096723
0.000178711047074
0.000178702893759
0.000178694640359
0.000178686290180
0.000178677846187
0.000178669310942
0.000178660686556
0.000178651974644
0.000178643176291
0.000178634292024
0.000178625321793
0.000178616264960
0.000178607120308
0.000178597886055
0.000178588559890
0.000178579139022
0.000178569620252
0.000178560000060
0.000178550274708
0.000178540440357
0.000178530493197
0.000178520429577
0.000178510246141
0.000178499939948
0.000178489508593
0.000178478950303
0.000178468264008
0.000178457449398
0.000178446506949
0.000178435437916
0.000178424244309
0.000178412928844
0.000178401494866
0.000178389946264
0.000178378287368
0.000178366522836
0.000178354657537
0.000178342696430
0.000178330644442
0.000178318506352
0.000178306286673
0.000178293989543
0.000178281618623
0.000178269177003
0.000178256667121
0.000178244090696
0.000178231448671
0.000178218741185
0.000178205967564
0.000178193126328
0.000178180215243
0.000178167231379
0.000178154171209
0.000178141030729
0.000178127805597
0.000178114491289
0.000178101083270
0.000178087577162
0.000178073968914
0.000178060254958
0.000178046432352
0.000178032498891
0.000178018453203
0.000178004294803
0.000177990024119
0.000177975642491
0.000177961152129
0.000177946556054
0.000177931858009
0.000177917062350
0.000177902173930
0.000177887197956
0.000177872139861
0.000177857005150
0.000177841799266
0.000177826527449
0.000177811194599
0.000177795805157
0.000177780362987
0.000177764871281
0.000177749332472
0.000177733748174
0.000177718119142
0.000177702445253
0.000177686725525
0.000177670958154
0.000177655140588
0.000177639269625
0.000177623341539
0.000177607352228
0.000177591297380
0.000177575172645
0.000177558973814
0.000177542696993
0.000177526338763
0.000177509896325
0.000177493367611
0.000177476751376
0.000177460047250
0.000177443255758
0.000177426378308
0.000177409417143
0.000177392375269
0.000177375256360
0.000177358064641
0.000177340804758
0.000177323481643
0.000177306100370
0.000177288666016
0.000177271183527
0.000177253657586
0.000177236092499
0.000177218492083
0.000177200859583
0.000177183197590
0.000177165507988
0.000177147791917
0.000177130049760
0.000177112281152
0.000177094485018
0.000177076659625
0.000177058802675
0.000177040911407
0.000177022982725
0.000177005013344
0.000176986999935
0.000176968939288
0.000176950828465
0.000176932664940
0.000176914446726
0.000176896172480
