0.000346761903855
0.000346905813561
0.000347050513711
0.000347195977716
0.000347342179131
0.000347489091712
0.000347636689457
0.000347784946629
0.000347933837762
0.000348083337648
0.000348233421309
0.000348384063953
0.000348535240917
0.000348686927604
0.000348839099413
0.000348991731671
0.000349144799566
0.000349298278093
0.000349452142006
0.000349606365791
0.000349760923648
0.000349915789499
0.000350070937011
0.000350226339636
0.000350381970665
0.000350537803301
0.000350693810736
0.000350849966238
0.000351006243234
0.000351162615394
0.000351319056708
0.000351475541547
0.000351632044715
0.000351788541479
0.000351945007582
0.000352101419237
0.000352257753105
0.000352413986248
0.000352570096079
0.000352726060291
0.000352881856785
0.000353037463595
0.000353192858817
0.000353348020535
0.000353502926773
0.000353657555445
0.000353811884338
0.000353965891097
0.000354119553244
0.000354272848203
0.000354425753354
0.000354578246090
0.000354730303900
0.000354881904443
0.000355033025641
0.000355183645761
0.000355333743492
0.000355483298016
0.000355632289063
0.000355780696947
0.000355928502587
0.000356075687507
0.000356222233816
0.000356368124171
0.000356513341725
0.000356657870060
0.000356801693117
0.000356944795112
0.000357087160465
0.000357228773724
0.000357369619501
0.000357509682419
0.000357648947081
0.000357787398047
0.000357925019836
0.000358061796941
0.000358197713871
0.000358332755196
0.000358466905617
0.000358600150033
0.000358732473624
0.000358863861925
0.000358994300905
0.000359123777032
0.000359252277326
0.000359379789405
0.000359506301502
0.000359631802477
0.000359756281804
0.000359879729537
0.000360002136272
0.000360123493082
0.000360243791457
0.000360363023226
0.000360481180485
0.000360598255523
0.000360714240754
0.000360829128665
0.000360942911768
0.000361055582571
0.000361167133567
0.000361277557237
0.000361386846067
0.000361494992587
0.000361601989416
0.000361707829320
0.000361812505277
0.000361916010545
0.000362018338722
0.000362119483815
0.000362219440289
0.000362318203106
0.000362415767757
0.000362512130274
0.000362607287222
0.000362701235687
0.000362793973238
0.000362885497880
0.000362975808003
0.000363064902311
0.000363152779762
0.000363239439494
0.000363324880764
0.000363409102892
0.000363492105207
0.000363573887016
0.000363654447576
0.000363733786090
0.000363811901708
0.000363888793549
0.000363964460733
0.000364038902423
0.000364112117872
0.000364184106480
0.000364254867848
0.000364324401830
0.000364392708584
0.000364459788604
0.000364525642758
0.000364590272293
0.000364653678851
0.000364715864445
0.000364776831447
0.000364836582547
0.000364895120711
0.000364952449126
0.000365008571151
0.000365063490250
0.000365117209944
0.000365169733755
0.000365221065160
0.000365271207559
0.000365320164246
0.000365367938395
0.000365414533059
0.000365459951182
0.000365504195613
0.000365547269138
0.000365589174518
0.000365629914523
0.000365669491981
0.000365707909813
0.000365745171073
0.000365781278979
0.000365816236938
0.000365850048560
0.000365882717662
0.000365914248263
0.000365944644572
0.000365973910960
0.000366002051932
0.000366029072086
0.000366054976079
0.000366079768579
0.000366103454226
0.000366126037594
0.000366147523158
0.000366167915262
0.000366187218105
0.000366205435725
0.000366222571998
0.000366238630638
0.000366253615214
0.000366267529168
0.000366280375836
0.000366292158473
0.000366302880286
0.000366312544459
0.000366321154174
0.000366328712639
0.000366335223098
0.000366340688844
0.000366345113220
0.000366348499617
0.000366350851464
0.000366352172212
0.000366352465316
0.000366351734210
0.000366349982283
0.000366347212855
0.000366343429152
0.000366338634286
0.000366332831236
0.000366326022837
0.000366318211768
0.000366309400553
0.000366299591563
0.000366288787019
0.000366276989010
0.000366264199501
0.000366250420353
0.000366235653338
0.000366219900157
0.000366203162453
0.000366185441821
0.000366166739821
0.000366147057973
0.000366126397768
0.000366104760650
0.000366082148020
0.000366058561216
0.000366034001504
0.000366008470063
0.000365981967976
0.000365954496211
0.000365926055618
0.000365896646924
0.000365866270725
0.000365834927497
0.000365802617596
0.000365769341271
0.000365735098680
0.000365699889901
0.000365663714953
0.000365626573809
0.000365588466417
0.000365549392712
0.000365509352622
0.000365468346082
0.000365426373030
0.000365383433405
0.000365339527138
0.000365294654143
0.000365248814297
0.000365202007423
0.000365154233274
0.000365105491509
0.000365055781683
0.000365005103227
0.000364953455448
0.000364900837520
0.000364847248493
0.000364792687303
0.000364737152786
0.000364680643707
0.000364623158783
0.000364564696716
0.000364505256224
0.000364444836080
0.000364383435134
0.000364321052349
0.000364257686817
0.000364193337779
0.000364128004629
0.000364061686917
0.000363994384337
0.000363926096712
0.000363856823970
0.000363786566114
0.000363715323189
0.000363643095244
0.000363569882302
0.000363495684326
0.000363420501193
0.000363344332676
0.000363267178433
0.000363189038010
0.000363109910850
0.000363029796317
0.000362948693726
0.000362866602385
0.000362783521641
0.000362699450932
0.000362614389841
0.000362528338146
0.000362441295870
0.000362353263320
0.000362264241122
0.000362174230241
0.000362083231989
0.000361991248023
0.000361898280327
0.000361804331183
0.000361709403134
0.000361613498934
0.000361516621496
0.000361418773839
0.000361319959032
0.000361220180145
0.000361119440212
0.000361017742197
0.000360915088978
0.000360811483345
0.000360706928015
0.000360601425653
0.000360494978922
0.000360387590530
0.000360279263297
0.000360170000220
0.000360059804546
0.000359948679838
0.000359836630044
0.000359723659546
0.000359609773208
0.000359494976396
0.000359379275000
0.000359262675419
0.000359145184545
0.000359026809720
0.000358907558691
0.000358787439539
0.000358666460616
0.000358544630470
0.000358421957773
0.000358298451256
0.000358174119655
0.000358048971662
0.000357923015902
0.000357796260924
0.000357668715207
0.000357540387187
0.000357411285304
0.000357281418059
0.000357150794081
0.000357019422213
0.000356887311583
0.000356754471694
0.000356620912490
0.000356486644427
0.000356351678521
0.000356216026382
0.000356079700234
0.000355942712903
0.000355805077805
0.000355666808894
0.000355527920610
0.000355388427805
0.000355248345662
0.000355107689615
0.000354966475256
0.000354824718260
0.000354682434316
0.000354539639063
0.000354396348056
0.000354252576742
0.000354108340460
0.000353963654459
0.000353818533937
0.000353672994102
0.000353527050232
0.000353380717763
0.000353234012373
0.000353086950063
0.000352939547243
0.000352791820800
0.000352643788158
0.000352495467323
0.000352346876899
0.000352198036092
0.000352048964690
0.000351899683023
0.000351750211901
0.000351600572543
0.000351450786490
0.000351300875511
0.000351150861510
0.000351000766437
0.000350850612205
0.000350700420620
0.000350550213330
0.000350400011792
0.000350249837260
0.000350099710796
0.000349949653299
0.000349799685554
0.000349649828301
0.000349500102303
0.000349350528437
0.000349201127774
0.000349051921664
0.000348902931806
0.000348754180314
0.000348605689756
0.000348457483188
0.000348309584151
0.000348162016659
0.000348014805163
0.000347867974494
0.000347721549792
0.000347575556421
0.000347430019882
