0.000239792963890
0.000239820374755
0.000239847659372
0.000239874818263
0.000239901851215
0.000239928757311
0.000239955534983
0.000239982182098
0.000240008696060
0.000240035073924
0.000240061312529
0.000240087408628
0.000240113359017
0.000240139160662
0.000240164810813
0.000240190307101
0.000240215647618
0.000240240830979
0.000240265856357
0.000240290723496
0.000240315432704
0.000240339984823
0.000240364381182
0.000240388623523
0.000240412713930
0.000240436654735
0.000240460448422
0.000240484097531
0.000240507604559
0.000240530971875
0.000240554201632
0.000240577295701
0.000240600255613
0.000240623082519
0.000240645777162
0.000240668339871
0.000240690770564
0.000240713068771
0.000240735233666
0.000240757264112
0.000240779158714
0.000240800915877
0.000240822533875
0.000240844010912
0.000240865345190
0.000240886534974
0.000240907578648
0.000240928474773
0.000240949222128
0.000240969819756
0.000240990266985
0.000241010563453
0.000241030709113
0.000241050704236
0.000241070549396
0.000241090245453
0.000241109793523
0.000241129194940
0.000241148451220
0.000241167564007
0.000241186535027
0.000241205366036
0.000241224058766
0.000241242614876
0.000241261035902
0.000241279323214
0.000241297477974
0.000241315501106
0.000241333393267
0.000241351154830
0.000241368785874
0.000241386286182
0.000241403655253
0.000241420892315
0.000241437996359
0.000241454966170
0.000241471800372
0.000241488497481
0.000241505055959
0.000241521474274
0.000241537750961
0.000241553884680
0.000241569874275
0.000241585718823
0.000241601417681
0.000241616970518
0.000241632377337
0.000241647638494
0.000241662754687
0.000241677726949
0.000241692556621
0.000241707245306
0.000241721794829
0.000241736207171
0.000241750484402
0.000241764628614
0.000241778641845
0.000241792526004
0.000241806282802
0.000241819913688
0.000241833419794
0.000241846801889
0.000241860060351
0.000241873195153
0.000241886205858
0.000241899091644
0.000241911851332
0.000241924483440
0.000241936986241
0.000241949357840
0.000241961596256
0.000241973699509
0.000241985665705
0.000241997493126
0.000242009180307
0.000242020726107
0.000242032129765
0.000242043390940
0.000242054509740
0.000242065486725
0.000242076322894
0.000242087019656
0.000242097578781
0.000242108002336
0.000242118292609
0.000242128452019
0.000242138483029
0.000242148388043
0.000242158169318
0.000242167828870
0.000242177368398
0.000242186789214
0.000242196092194
0.000242205277743
0.000242214345784
0.000242223295763
0.000242232126680
0.000242240837133
0.000242249425385
0.000242257889441
0.000242266227143
0.000242274436260
0.000242282514599
0.000242290460094
0.000242298270907
0.000242305945506
0.000242313482738
0.000242320881883
0.000242328142686
0.000242335265373
0.000242342250647
0.000242349099657
0.000242355813959
0.000242362395448
0.000242368846283
0.000242375168799
0.000242381365414
0.000242387438525
0.000242393390415
0.000242399223159
0.000242404938541
0.000242410537984
0.000242416022496
0.000242421392631
0.000242426648477
0.000242431789657
0.000242436815353
0.000242441724353
0.000242446515107
0.000242451185803
0.000242455734450
0.000242460158972
0.000242464457302
0.000242468627469
0.000242472667693
0.000242476576454
0.000242480352559
0.000242483995195
0.000242487503953
0.000242490878849
0.000242494120313
0.000242497229170
0.000242500206599
0.000242503054078
0.000242505773321
0.000242508366196
0.000242510834652
0.000242513180630
0.000242515405983
0.000242517512402
0.000242519501344
0.000242521373980
0.000242523131148
0.000242524773326
0.000242526300623
0.000242527712782
0.000242529009200
0.000242530188967
0.000242531250911
0.000242532193659
0.000242533015703
0.000242533715465
0.000242534291374
0.000242534741930
0.000242535065766
0.000242535261706
0.000242535328805
0.000242535266382
0.000242535074039
0.000242534751670
0.000242534299448
0.000242533717814
0.000242533007438
0.000242532169187
0.000242531204075
0.000242530113214
0.000242528897760
0.000242527558861
0.000242526097604
0.000242524514975
0.000242522811810
0.000242520988774
0.000242519046333
0.000242516984743
0.000242514804051
0.000242512504097
0.000242510084537
0.000242507544862
0.000242504884433
0.000242502102511
0.000242499198296
0.000242496170963
0.000242493019697
0.000242489743725
0.000242486342344
0.000242482814941
0.000242479161005
0.000242475380141
0.000242471472066
0.000242467436610
0.000242463273701
0.000242458983356
0.000242454565660
0.000242450020753
0.000242445348807
0.000242440550009
0.000242435624546
0.000242430572588
0.000242425394279
0.000242420089730
0.000242414659013
0.000242409102165
0.000242403419188
0.000242397610057
0.000242391674727
0.000242385613147
0.000242379425264
0.000242373111038
0.000242366670445
0.000242360103487
0.000242353410190
0.000242346590601
0.000242339644788
0.000242332572824
0.000242325374778
0.000242318050697
0.000242310600591
0.000242303024415
0.000242295322052
0.000242287493299
0.000242279537857
0.000242271455324
0.000242263245197
0.000242254906875
0.000242246439672
0.000242237842832
0.000242229115555
0.000242220257021
0.000242211266423
0.000242202142997
0.000242192886053
0.000242183495010
0.000242173969420
0.000242164308996
0.000242154513621
0.000242144583367
0.000242134518491
0.000242124319429
0.000242113986780
0.000242103521283
0.000242092923779
0.000242082195177
0.000242071336402
0.000242060348353
0.000242049231845
0.000242037987566
0.000242026616029
0.000242015117532
0.000242003492130
0.000241991739609
0.000241979859480
0.000241967850984
0.000241955713103
0.000241943444594
0.000241931044026
0.000241918509831
0.000241905840363
0.000241893033961
0.000241880089014
0.000241867004030
0.000241853777694
0.000241840408928
0.000241826896933
0.000241813241231
0.000241799441680
0.000241785498488
0.000241771412202
0.000241757183683
0.000241742814072
0.000241728304738
0.000241713657212
0.000241698873119
0.000241683954097
0.000241668901720
0.000241653717417
0.000241638402397
0.000241622957584
0.000241607383562
0.000241591680536
0.000241575848305
0.000241559886261
0.000241543793395
0.000241527568337
0.000241511209393
0.000241494714619
0.000241478081888
0.000241461308979
0.000241444393665
0.000241427333806
0.000241410127437
0.000241392772849
0.000241375268661
0.000241357613878
0.000241339807934
0.000241321850712
0.000241303742551
0.000241285484226
0.000241267076915
0.000241248522143
0.000241229821717
0.000241210977636
0.000241191992004
0.000241172866931
0.000241153604436
0.000241134206346
0.000241114674215
0.000241095009242
0.000241075212214
0.000241055283460
0.000241035222830
0.000241015029695
0.000240994702962
0.000240974241122
0.000240953642304
0.000240932904356
0.000240912024929
0.000240891001581
0.000240869831873
0.000240848513479
0.000240827044277
0.000240805422441
0.000240783646518
0.000240761715487
0.000240739628798
0.000240717386398
0.000240694988724
0.000240672436687
0.000240649731622
0.000240626875234
0.000240603869516
0.000240580716663
0.000240557418968
0.000240533978726
0.000240510398124
0.000240486679151
0.000240462823503
0.000240438832511
0.000240414707081
0.000240390447654
0.000240366054186
0.000240341526153
0.000240316862572
0.000240292062048
0.000240267122837
0.000240242042920
0.000240216820095
0.000240191452074
0.000240165936584
0.000240140271461
0.000240114454751
0.000240088484784
