0.000175520042227
0.000175525117369
0.000175530234084
0.000175535392812
0.000175540593563
0.000175545835898
0.000175551118918
0.000175556441280
0.000175561801214
0.000175567196555
0.000175572624799
0.000175578083147
0.000175583568580
0.000175589077919
0.000175594607898
0.000175600155238
0.000175605716711
0.000175611289208
0.000175616869802
0.000175622455802
0.000175628044801
0.000175633634729
0.000175639223882
0.000175644810961
0.000175650395091
0.000175655975841
0.000175661553226
0.000175667127702
0.000175672700151
0.000175678271845
0.000175683844403
0.000175689419731
0.000175694999950
0.000175700587312
0.000175706184112
0.000175711792587
0.000175717414820
0.000175723052650
0.000175728707577
0.000175734380692
0.000175740072611
0.000175745783431
0.000175751512697
0.000175757259399
0.000175763021978
0.000175768798353
0.000175774585966
0.000175780381837
0.000175786182641
0.000175791984786
0.000175797784501
0.000175803577939
0.000175809361270
0.000175815130788
0.000175820883010
0.000175826614775
0.000175832323331
0.000175838006423
0.000175843662354
0.000175849290042
0.000175854889051
0.000175860459602
0.000175866002559
0.000175871519392
0.000175877012121
0.000175882483222
0.000175887935534
0.000175893372133
0.000175898796201
0.000175904210896
0.000175909619210
0.000175915023842
0.000175920427077
0.000175925830689
0.000175931235851
0.000175936643080
0.000175942052200
0.000175947462331
0.000175952871902
0.000175958278691
0.000175963679879
0.000175969072132
0.000175974451697
0.000175979814506
0.000175985156300
0.000175990472752
0.000175995759603
0.000176001012785
0.000176006228554
0.000176011403603
0.000176016535169
0.000176021621124
0.000176026660036
0.000176031651218
0.000176036594741
0.000176041491419
0.000176046342771
0.000176051150949
0.000176055918641
0.000176060648954
0.000176065345278
0.000176070011141
0.000176074650057
0.000176079265375
0.000176083860142
0.000176088436970
0.000176092997929
0.000176097544463
0.000176102077327
0.000176106596553
0.000176111101444
0.000176115590594
0.000176120061929
0.000176124512778
0.000176128939955
0.000176133339864
0.000176137708613
0.000176142042142
0.000176146336347
0.000176150587222
0.000176154790977
0.000176158944172
0.000176163043821
0.000176167087494
0.000176171073390
0.000176175000396
0.000176178868113
0.000176182676859
0.000176186427642
0.000176190122106
0.000176193762448
0.000176197351319
0.000176200891700
0.000176204386769
0.000176207839757
0.000176211253814
0.000176214631869
0.000176217976507
0.000176221289866
0.000176224573552
0.000176227828577
0.000176231055322
0.000176234253532
0.000176237422325
0.000176240560234
0.000176243665261
0.000176246734957
0.000176249766509
0.000176252756839
0.000176255702716
0.000176258600862
0.000176261448068
0.000176264241299
0.000176266977796
0.000176269655172
0.000176272271485
0.000176274825302
0.000176277315743
0.000176279742504
0.000176282105851
0.000176284406601
0.000176286646075
0.000176288826023
0.000176290948543
0.000176293015980
0.000176295030807
0.000176296995519
0.000176298912511
0.000176300783971
0.000176302611786
0.000176304397464
0.000176306142066
0.000176307846178
0.000176309509888
0.000176311132794
0.000176312714037
0.000176314252337
0.000176315746064
0.000176317193307
0.000176318591952
0.000176319939776
0.000176321234527
0.000176322474013
0.000176323656185
0.000176324779208
0.000176325841527
0.000176326841926
0.000176327779560
0.000176328653994
0.000176329465204
0.000176330213580
0.000176330899901
0.000176331525295
0.000176332091189
0.000176332599237
0.000176333051241
0.000176333449066
0.000176333794545
0.000176334089391
0.000176334335110
0.000176334532925
0.000176334683721
0.000176334787992
0.000176334845830
0.000176334856912
0.000176334820526
0.000176334735606
0.000176334600788
0.000176334414481
0.000176334174942
0.000176333880363
0.000176333528955
0.000176333119029
0.000176332649074
0.000176332117823
0.000176331524305
0.000176330867894
0.000176330148331
0.000176329365742
0.000176328520634
0.000176327613881
0.000176326646697
0.000176325620588
0.000176324537305
0.000176323398770
0.000176322207007
0.000176320964058
0.000176319671895
0.000176318332341
0.000176316946979
0.000176315517080
0.000176314043539
0.000176312526825
0.000176310966949
0.000176309363455
0.000176307715432
0.000176306021549
0.000176304280108
0.000176302489123
0.000176300646404
0.000176298749659
0.000176296796602
0.000176294785056
0.000176292713056
0.000176290578942
0.000176288381434
0.000176286119702
0.000176283793401
0.000176281402702
0.000176278948292
0.000176276431361
0.000176273853567
0.000176271216985
0.000176268524041
0.000176265777435
0.000176262980051
0.000176260134860
0.000176257244817
0.000176254312761
0.000176251341307
0.000176248332751
0.000176245288983
0.000176242211405
0.000176239100874
0.000176235957663
0.000176232781437
0.000176229571266
0.000176226325652
0.000176223042585
0.000176219719628
0.000176216354012
0.000176212942755
0.000176209482789
0.000176205971093
0.000176202404825
0.000176198781445
0.000176195098830
0.000176191355370
0.000176187550041
0.000176183682459
0.000176179752905
0.000176175762327
0.000176171712318
0.000176167605073
0.000176163443318
0.000176159230231
0.000176154969341
0.000176150664417
0.000176146319354
0.000176141938044
0.000176137524254
0.000176133081504
0.000176128612950
0.000176124121277
0.000176119608611
0.000176115076438
0.000176110525558
0.000176105956054
0.000176101367289
0.000176096757935
0.000176092126021
0.000176087469020
0.000176082783947
0.000176078067483
0.000176073316115
0.000176068526280
0.000176063694512
0.000176058817591
0.000176053892675
0.000176048917420
0.000176043890077
0.000176038809570
0.000176033675545
0.000176028488395
0.000176023249252
0.000176017959966
0.000176012623047
0.000176007241595
0.000176001819209
0.000175996359880
0.000175990867873
0.000175985347604
0.000175979803505
0.000175974239893
0.000175968660842
0.000175963070056
0.000175957470759
0.000175951865594
0.000175946256542
0.000175940644862
0.000175935031061
0.000175929414881
0.000175923795322
0.000175918170689
0.000175912538669
0.000175906896428
0.000175901240730
0.000175895568073
0.000175889874827
0.000175884157389
0.000175878412323
0.000175872636495
0.000175866827202
0.000175860982272
0.000175855100156
0.000175849179984
0.000175843221609
0.000175837225622
0.000175831193340
0.000175825126784
0.000175819028619
0.000175812902092
0.000175806750945
0.000175800579315
0.000175794391624
0.000175788192457
0.000175781986439
0.000175775778102
0.000175769571762
0.000175763371390
0.000175757180502
0.000175751002056
0.000175744838366
0.000175738691043
0.000175732560954
0.000175726448206
0.000175720352164
0.000175714271489
0.000175708204206
0.000175702147787
0.000175696099263
0.000175690055344
0.000175684012547
0.000175677967335
0.000175671916247
0.000175665856031
0.000175659783761
0.000175653696949
0.000175647593632
0.000175641472457
0.000175635332729
0.000175629174459
0.000175622998382
0.000175616805955
0.000175610599341
0.000175604381369
0.000175598155475
0.000175591925628
0.000175585696234
0.000175579472027
0.000175573257944
0.000175567058997
0.000175560880128
0.000175554726075
0.000175548601230
0.000175542509516
0.000175536454270
0.000175530438150
0.000175524463063
0.000175518530115
0.000175512639597
