0.000246308018462
0.000246340096892
0.000246371983533
0.000246403680066
0.000246435188464
0.000246466510900
0.000246497649648
0.000246528606979
0.000246559385057
0.000246589985842
0.000246620411007
0.000246650661861
0.000246680739302
0.000246710643781
0.000246740375292
0.000246769933386
0.000246799317206
0.000246828525543
0.000246857556906
0.000246886409610
0.000246915081870
0.000246943571897
0.000246971877996
0.000246999998655
0.000247027932625
0.000247055678984
0.000247083237187
0.000247110607090
0.000247137788966
0.000247164783487
0.000247191591700
0.000247218214976
0.000247244654956
0.000247270913475
0.000247296992481
0.000247322893959
0.000247348619838
0.000247374171920
0.000247399551802
0.000247424760813
0.000247449799970
0.000247474669943
0.000247499371038
0.000247523903205
0.000247548266053
0.000247572458892
0.000247596480786
0.000247620330616
0.000247644007154
0.000247667509141
0.000247690835366
0.000247713984741
0.000247736956362
0.000247759749571
0.000247782363997
0.000247804799577
0.000247827056572
0.000247849135558
0.000247871037406
0.000247892763244
0.000247914314416
0.000247935692422
0.000247956898858
0.000247977935353
0.000247998803505
0.000248019504817
0.000248040040646
0.000248060412152
0.000248080620266
0.000248100665657
0.000248120548728
0.000248140269614
0.000248159828193
0.000248179224122
0.000248198456866
0.000248217525755
0.000248236430033
0.000248255168918
0.000248273741661
0.000248292147605
0.000248310386230
0.000248328457199
0.000248346360387
0.000248364095899
0.000248381664080
0.000248399065499
0.000248416300937
0.000248433371357
0.000248450277861
0.000248467021650
0.000248483603973
0.000248500026084
0.000248516289190
0.000248532394410
0.000248548342740
0.000248564135021
0.000248579771919
0.000248595253915
0.000248610581296
0.000248625754173
0.000248640772488
0.000248655636042
0.000248670344526
0.000248684897562
0.000248699294737
0.000248713535650
0.000248727619950
0.000248741547378
0.000248755317796
0.000248768931213
0.000248782387801
0.000248795687904
0.000248808832029
0.000248821820837
0.000248834655114
0.000248847335747
0.000248859863684
0.000248872239893
0.000248884465331
0.000248896540895
0.000248908467399
0.000248920245541
0.000248931875883
0.000248943358841
0.000248954694681
0.000248965883523
0.000248976925355
0.000248987820054
0.000248998567405
0.000249009167140
0.000249019618964
0.000249029922591
0.000249040077777
0.000249050084353
0.000249059942250
0.000249069651525
0.000249079212372
0.000249088625136
0.000249097890306
0.000249107008512
0.000249115980505
0.000249124807126
0.000249133489284
0.000249142027908
0.000249150423914
0.000249158678162
0.000249166791417
0.000249174764317
0.000249182597350
0.000249190290827
0.000249197844886
0.000249205259484
0.000249212534417
0.000249219669336
0.000249226663783
0.000249233517221
0.000249240229079
0.000249246798792
0.000249253225843
0.000249259509805
0.000249265650372
0.000249271647394
0.000249277500894
0.000249283211085
0.000249288778371
0.000249294203345
0.000249299486772
0.000249304629562
0.000249309632741
0.000249314497410
0.000249319224697
0.000249323815706
0.000249328271473
0.000249332592910
0.000249336780769
0.000249340835595
0.000249344757708
0.000249348547180
0.000249352203836
0.000249355727260
0.000249359116820
0.000249362371703
0.000249365490956
0.000249368473539
0.000249371318387
0.000249374024462
0.000249376590814
0.000249379016635
0.000249381301305
0.000249383444427
0.000249385445858
0.000249387305722
0.000249389024411
0.000249390602573
0.000249392041093
0.000249393341054
0.000249394503695
0.000249395530356
0.000249396422417
0.000249397181240
0.000249397808100
0.000249398304124
0.000249398670238
0.000249398907115
0.000249399015138
0.000249398994378
0.000249398844582
0.000249398565179
0.000249398155305
0.000249397613839
0.000249396939451
0.000249396130665
0.000249395185931
0.000249394103694
0.000249392882467
0.000249391520908
0.000249390017876
0.000249388372490
0.000249386584168
0.000249384652654
0.000249382578028
0.000249380360708
0.000249378001422
0.000249375501181
0.000249372861225
0.000249370082971
0.000249367167944
0.000249364117704
0.000249360933770
0.000249357617549
0.000249354170263
0.000249350592884
0.000249346886087
0.000249343050201
0.000249339085192
0.000249334990649
0.000249330765798
0.000249326409524
0.000249321920416
0.000249317296825
0.000249312536935
0.000249307638834
0.000249302600603
0.000249297420395
0.000249292096515
0.000249286627487
0.000249281012122
0.000249275249556
0.000249269339286
0.000249263281183
0.000249257075489
0.000249250722794
0.000249244224007
0.000249237580301
0.000249230793056
0.000249223863788
0.000249216794071
0.000249209585462
0.000249202239424
0.000249194757245
0.000249187139976
0.000249179388375
0.000249171502856
0.000249163483463
0.000249155329858
0.000249147041319
0.000249138616766
0.000249130054798
0.000249121353741
0.000249112511720
0.000249103526725
0.000249094396697
0.000249085119606
0.000249075693532
0.000249066116735
0.000249056387722
0.000249046505298
0.000249036468603
0.000249026277131
0.000249015930742
0.000249005429646
0.000248994774381
0.000248983965775
0.000248973004894
0.000248961892984
0.000248950631405
0.000248939221559
0.000248927664819
0.000248915962461
0.000248904115595
0.000248892125110
0.000248879991619
0.000248867715427
0.000248855296503
0.000248842734471
0.000248830028615
0.000248817177898
0.000248804180996
0.000248791036344
0.000248777742190
0.000248764296663
0.000248750697835
0.000248736943791
0.000248723032697
0.000248708962861
0.000248694732785
0.000248680341210
0.000248665787147
0.000248651069903
0.000248636189083
0.000248621144591
0.000248605936613
0.000248590565595
0.000248575032206
0.000248559337297
0.000248543481854
0.000248527466946
0.000248511293671
0.000248494963098
0.000248478476218
0.000248461833893
0.000248445036805
0.000248428085425
0.000248410979981
0.000248393720436
0.000248376306480
0.000248358737534
0.000248341012756
0.000248323131070
0.000248305091193
0.000248286891676
0.000248268530944
0.000248250007349
0.000248231319213
0.000248212464881
0.000248193442766
0.000248174251391
0.000248154889430
0.000248135355737
0.000248115649376
0.000248095769639
0.000248075716062
0.000248055488425
0.000248035086756
0.000248014511318
0.000247993762593
0.000247972841257
0.000247951748149
0.000247930484232
0.000247909050550
0.000247887448179
0.000247865678181
0.000247843741547
0.000247821639156
0.000247799371720
0.000247776939752
0.000247754343526
0.000247731583056
0.000247708658076
0.000247685568039
0.000247662312115
0.000247638889211
0.000247615297991
0.000247591536911
0.000247567604255
0.000247543498190
0.000247519216813
0.000247494758211
0.000247470120519
0.000247445301985
0.000247420301026
0.000247395116284
0.000247369746681
0.000247344191454
0.000247318450195
0.000247292522866
0.000247266409805
0.000247240111716
0.000247213629648
0.000247186964950
0.000247160119216
0.000247133094222
0.000247105891846
0.000247078513987
0.000247050962473
0.000247023238983
0.000246995344956
0.000246967281522
0.000246939049439
0.000246910649039
0.000246882080197
0.000246853342317
0.000246824434333
0.000246795354730
0.000246766101589
0.000246736672645
0.000246707065362
0.000246677277025
0.000246647304841
0.000246617146046
0.000246586798018
