0.000272185016692
0.000272245908972
0.000272306577523
0.000272367021699
0.000272427241003
0.000272487234953
0.000272547002961
0.000272606544212
0.000272665857558
0.000272724941432
0.000272783793778
0.000272842412020
0.000272900793041
0.000272958933209
0.000273016828419
0.000273074474162
0.000273131865624
0.000273188997793
0.000273245865584
0.000273302463962
0.000273358788076
0.000273414833375
0.000273470595714
0.000273526071444
0.000273581257476
0.000273636151321
0.000273690751100
0.000273745055528
0.000273799063871
0.000273852775877
0.000273906191681
0.000273959311702
0.000274012136522
0.000274064666759
0.000274116902943
0.000274168845396
0.000274220494125
0.000274271848736
0.000274322908366
0.000274373671642
0.000274424136668
0.000274474301042
0.000274524161897
0.000274573715972
0.000274622959696
0.000274671889301
0.000274720500935
0.000274768790789
0.000274816755216
0.000274864390847
0.000274911694694
0.000274958664232
0.000275005297463
0.000275051592951
0.000275097549834
0.000275143167807
0.000275188447082
0.000275233388318
0.000275277992539
0.000275322261029
0.000275366195221
0.000275409796581
0.000275453066487
0.000275496006121
0.000275538616369
0.000275580897744
0.000275622850319
0.000275664473700
0.000275705767006
0.000275746728896
0.000275787357602
0.000275827650996
0.000275867606677
0.000275907222065
0.000275946494513
0.000275985421415
0.000276024000319
0.000276062229028
0.000276100105690
0.000276137628871
0.000276174797604
0.000276211611421
0.000276248070356
0.000276284174926
0.000276319926091
0.000276355325185
0.000276390373845
0.000276425073910
0.000276459427326
0.000276493436039
0.000276527101891
0.000276560426533
0.000276593411335
0.000276626057323
0.000276658365133
0.000276690334988
0.000276721966693
0.000276753259659
0.000276784212944
0.000276814825317
0.000276845095330
0.000276875021410
0.000276904601953
0.000276933835413
0.000276962720403
0.000276991255766
0.000277019440654
0.000277047274576
0.000277074757435
0.000277101889542
0.000277128671612
0.000277155104733
0.000277181190331
0.000277206930101
0.000277232325944
0.000277257379879
0.000277282093964
0.000277306470207
0.000277330510487
0.000277354216484
0.000277377589615
0.000277400630993
0.000277423341400
0.000277445721275
0.000277467770730
0.000277489489572
0.000277510877354
0.000277531933429
0.000277552657019
0.000277573047292
0.000277593103434
0.000277612824727
0.000277632210613
0.000277651260758
0.000277669975088
0.000277688353828
0.000277706397509
0.000277724106971
0.000277741483339
0.000277758527993
0.000277775242520
0.000277791628658
0.000277807688232
0.000277823423091
0.000277838835036
0.000277853925758
0.000277868696788
0.000277883149443
0.000277897284796
0.000277911103658
0.000277924606569
0.000277937793813
0.000277950665439
0.000277963221301
0.000277975461106
0.000277987384466
0.000277998990963
0.000278010280204
0.000278021251884
0.000278031905833
0.000278042242061
0.000278052260788
0.000278061962464
0.000278071347771
0.000278080417616
0.000278089173111
0.000278097615537
0.000278105746303
0.000278113566896
0.000278121078828
0.000278128283584
0.000278135182566
0.000278141777045
0.000278148068125
0.000278154056707
0.000278159743472
0.000278165128874
0.000278170213143
0.000278174996306
0.000278179478212
0.000278183658577
0.000278187537021
0.000278191113131
0.000278194386503
0.000278197356801
0.000278200023801
0.000278202387430
0.000278204447799
0.000278206205219
0.000278207660209
0.000278208813490
0.000278209665964
0.000278210218689
0.000278210472834
0.000278210429640
0.000278210090360
0.000278209456219
0.000278208528351
0.000278207307762
0.000278205795284
0.000278203991545
0.000278201896950
0.000278199511671
0.000278196835648
0.000278193868606
0.000278190610086
0.000278187059475
0.000278183216056
0.000278179079060
0.000278174647716
0.000278169921310
0.000278164899236
0.000278159581038
0.000278153966448
0.000278148055412
0.000278141848105
0.000278135344927
0.000278128546492
0.000278121453601
0.000278114067206
0.000278106388363
0.000278098418179
0.000278090157756
0.000278081608132
0.000278072770231
0.000278063644807
0.000278054232410
0.000278044533348
0.000278034547674
0.000278024275172
0.000278013715371
0.000278002867558
0.000277991730816
0.000277980304061
0.000277968586097
0.000277956575673
0.000277944271540
0.000277931672516
0.000277918777541
0.000277905585728
0.000277892096405
0.000277878309147
0.000277864223790
0.000277849840437
0.000277835159446
0.000277820181403
0.000277804907086
0.000277789337416
0.000277773473398
0.000277757316066
0.000277740866411
0.000277724125326
0.000277707093549
0.000277689771606
0.000277672159780
0.000277654258079
0.000277636066220
0.000277617583633
0.000277598809470
0.000277579742636
0.000277560381826
0.000277540725576
0.000277520772321
0.000277500520460
0.000277479968417
0.000277459114713
0.000277437958019
0.000277416497213
0.000277394731422
0.000277372660052
0.000277350282804
0.000277327599676
0.000277304610947
0.000277281317154
0.000277257719048
0.000277233817542
0.000277209613654
0.000277185108443
0.000277160302939
0.000277135198086
0.000277109794673
0.000277084093289
0.000277058094276
0.000277031797700
0.000277005203331
0.000276978310643
0.000276951118823
0.000276923626797
0.000276895833264
0.000276867736749
0.000276839335657
0.000276810628340
0.000276781613162
0.000276752288567
0.000276722653139
0.000276692705669
0.000276662445191
0.000276631871031
0.000276600982821
0.000276569780512
0.000276538264371
0.000276506434953
0.000276474293074
0.000276441839763
0.000276409076207
0.000276376003688
0.000276342623519
0.000276308936977
0.000276274945240
0.000276240649329
0.000276206050052
0.000276171147971
0.000276135943368
0.000276100436232
0.000276064626256
0.000276028512854
0.000275992095181
0.000275955372179
0.000275918342623
0.000275881005184
0.000275843358490
0.000275805401198
0.000275767132061
0.000275728549994
0.000275689654128
0.000275650443869
0.000275610918927
0.000275571079345
0.000275530925507
0.000275490458138
0.000275449678276
0.000275408587251
0.000275367186628
0.000275325478162
0.000275283463727
0.000275241145256
0.000275198524667
0.000275155603800
0.000275112384347
0.000275068867803
0.000275025055413
0.000274980948143
0.000274936546653
0.000274891851295
0.000274846862120
0.000274801578901
0.000274756001174
0.000274710128285
0.000274663959456
0.000274617493852
0.000274570730657
0.000274523669148
0.000274476308768
0.000274428649195
0.000274380690398
0.000274332432688
0.000274283876746
0.000274235023641
0.000274185874833
0.000274136432156
0.000274086697785
0.000274036674190
0.000273986364081
0.000273935770335
0.000273884895920
0.000273833743822
0.000273782316957
0.000273730618101
0.000273678649820
0.000273626414409
0.000273573913850
0.000273521149777
0.000273468123468
0.000273414835852
0.000273361287525
0.000273307478801
0.000273253409763
0.000273199080338
0.000273144490375
0.000273089639732
0.000273034528370
0.000272979156433
0.000272923524337
0.000272867632836
0.000272811483079
0.000272755076655
0.000272698415613
0.000272641502463
0.000272584340162
0.000272526932077
0.000272469281930
0.000272411393727
0.000272353271676
0.000272294920096
0.000272236343321
0.000272177545601
0.000272118531011
0.000272059303367
0.000271999866157
0.000271940222482
0.000271880375025
