0.000169267843833
0.000169273698816
0.000169279553363
0.000169285403695
0.000169291246983
0.000169297081406
0.000169302906183
0.000169308721575
0.000169314528847
0.000169320330202
0.000169326128680
0.000169331928030
0.000169337732553
0.000169343546931
0.000169349376041
0.000169355224762
0.000169361097792
0.000169366999466
0.000169372933597
0.000169378903339
0.000169384911079
0.000169390958353
0.000169397045802
0.000169403173154
0.000169409339238
0.000169415542022
0.000169421778681
0.000169428045680
0.000169434338876
0.000169440653631
0.000169446984938
0.000169453327552
0.000169459676122
0.000169466025333
0.000169472370034
0.000169478705373
0.000169485026920
0.000169491330777
0.000169497613677
0.000169503873069
0.000169510107167
0.000169516314995
0.000169522496388
0.000169528651973
0.000169534783125
0.000169540891886
0.000169546980874
0.000169553053159
0.000169559112137
0.000169565161388
0.000169571204531
0.000169577245089
0.000169583286356
0.000169589331281
0.000169595382371
0.000169601441609
0.000169607510393
0.000169613589498
0.000169619679059
0.000169625778564
0.000169631886872
0.000169638002242
0.000169644122377
0.000169650244476
0.000169656365304
0.000169662481262
0.000169668588479
0.000169674682897
0.000169680760376
0.000169686816799
0.000169692848172
0.000169698850736
0.000169704821068
0.000169710756165
0.000169716653533
0.000169722511243
0.000169728327973
0.000169734103034
0.000169739836361
0.000169745528491
0.000169751180515
0.000169756794010
0.000169762370963
0.000169767913675
0.000169773424664
0.000169778906566
0.000169784362036
0.000169789793657
0.000169795203854
0.000169800594818
0.000169805968443
0.000169811326270
0.000169816669444
0.000169821998675
0.000169827314218
0.000169832615856
0.000169837902891
0.000169843174150
0.000169848428004
0.000169853662390
0.000169858874856
0.000169864062612
0.000169869222599
0.000169874351565
0.000169879446154
0.000169884503000
0.000169889518822
0.000169894490520
0.000169899415267
0.000169904290579
0.000169909114392
0.000169913885100
0.000169918601589
0.000169923263248
0.000169927869961
0.000169932422081
0.000169936920395
0.000169941366067
0.000169945760587
0.000169950105705
0.000169954403360
0.000169958655621
0.000169962864615
0.000169967032466
0.000169971161234
0.000169975252850
0.000169979309066
0.000169983331396
0.000169987321065
0.000169991278966
0.000169995205617
0.000169999101128
0.000170002965184
0.000170006797032
0.000170010595491
0.000170014358967
0.000170018085499
0.000170021772806
0.000170025418354
0.000170029019436
0.000170032573253
0.000170036077005
0.000170039527975
0.000170042923608
0.000170046261585
0.000170049539886
0.000170052756826
0.000170055911097
0.000170059001779
0.000170062028346
0.000170064990655
0.000170067888935
0.000170070723755
0.000170073495996
0.000170076206816
0.000170078857612
0.000170081449977
0.000170083985653
0.000170086466488
0.000170088894379
0.000170091271222
0.000170093598848
0.000170095878968
0.000170098113112
0.000170100302571
0.000170102448344
0.000170104551099
0.000170106611133
0.000170108628357
0.000170110602294
0.000170112532087
0.000170114416526
0.000170116254095
0.000170118043022
0.000170119781341
0.000170121466963
0.000170123097740
0.000170124671535
0.000170126186284
0.000170127640047
0.000170129031056
0.000170130357748
0.000170131618796
0.000170132813125
0.000170133939928
0.000170134998668
0.000170135989087
0.000170136911203
0.000170137765304
0.000170138551947
0.000170139271942
0.000170139926337
0.000170140516395
0.000170141043562
0.000170141509431
0.000170141915695
0.000170142264094
0.000170142556362
0.000170142794161
0.000170142979031
0.000170143112329
0.000170143195187
0.000170143228473
0.000170143212764
0.000170143148338
0.000170143035169
0.000170142872946
0.000170142661086
0.000170142398776
0.000170142084996
0.000170141718567
0.000170141298185
0.000170140822454
0.000170140289928
0.000170139699134
0.000170139048603
0.000170138336900
0.000170137562644
0.000170136724538
0.000170135821395
0.000170134852169
0.000170133815984
0.000170132712166
0.000170131540274
0.000170130300121
0.000170128991801
0.000170127615696
0.000170126172480
0.000170124663109
0.000170123088800
0.000170121450998
0.000170119751334
0.000170117991573
0.000170116173563
0.000170114299172
0.000170112370239
0.000170110388517
0.000170108355630
0.000170106273032
0.000170104141979
0.000170101963503
0.000170099738400
0.000170097467215
0.000170095150238
0.000170092787502
0.000170090378781
0.000170087923593
0.000170085421207
0.000170082870649
0.000170080270721
0.000170077620017
0.000170074916956
0.000170072159820
0.000170069346801
0.000170066476061
0.000170063545792
0.000170060554286
0.000170057500008
0.000170054381663
0.000170051198259
0.000170047949156
0.000170044634112
0.000170041253305
0.000170037807342
0.000170034297247
0.000170030724442
0.000170027090707
0.000170023398128
0.000170019649037
0.000170015845953
0.000170011991507
0.000170008088377
0.000170004139217
0.000170000146596
0.000169996112932
0.000169992040432
0.000169987931040
0.000169983786385
0.000169979607733
0.000169975395949
0.000169971151463
0.000169966874250
0.000169962563815
0.000169958219199
0.000169953838999
0.000169949421399
0.000169944964233
0.000169940465049
0.000169935921204
0.000169931329957
0.000169926688586
0.000169921994494
0.000169917245325
0.000169912439064
0.000169907574135
0.000169902649472
0.000169897664575
0.000169892619548
0.000169887515106
0.000169882352568
0.000169877133820
0.000169871861269
0.000169866537776
0.000169861166573
0.000169855751180
0.000169850295304
0.000169844802743
0.000169839277283
0.000169833722596
0.000169828142138
0.000169822539057
0.000169816916096
0.000169811275515
0.000169805619019
0.000169799947694
0.000169794261972
0.000169788561609
0.000169782845683
0.000169777112624
0.000169771360262
0.000169765585911
0.000169759786463
0.000169753958513
0.000169748098496
0.000169742202834
0.000169736268086
0.000169730291096
0.000169724269130
0.000169718199997
0.000169712082151
0.000169705914762
0.000169699697766
0.000169693431880
0.000169687118595
0.000169680760134
0.000169674359397
0.000169667919873
0.000169661445544
0.000169654940768
0.000169648410161
0.000169641858459
0.000169635290391
0.000169628710541
0.000169622123217
0.000169615532325
0.000169608941254
0.000169602352770
0.000169595768929
0.000169589191016
0.000169582619493
0.000169576053994
0.000169569493333
0.000169562935554
0.000169556378006
0.000169549817451
0.000169543250195
0.000169536672244
0.000169530079470
0.000169523467792
0.000169516833346
0.000169510172660
0.000169503482803
0.000169496761516
0.000169490007318
0.000169483219577
0.000169476398548
0.000169469545381
0.000169462662093
0.000169455751511
0.000169448817189
0.000169441863303
0.000169434894521
0.000169427915871
0.000169420932589
0.000169413949967
0.000169406973196
0.000169400007221
0.000169393056587
0.000169386125311
0.000169379216761
0.000169372333553
0.000169365477475
0.000169358649434
0.000169351849434
0.000169345076585
0.000169338329150
0.000169331604619
0.000169324899819
0.000169318211054
0.000169311534262
0.000169304865197
0.000169298199615
0.000169291533467
0.000169284863074
0.000169278185303
0.000169271497701
0.000169264798618
0.000169258087285
0.000169251363859
0.000169244629435
0.000169237886018
