0.000193583225978
0.000193620369869
0.000193657321730
0.000193694069755
0.000193730604930
0.000193766921279
0.000193803016025
0.000193838889627
0.000193874545725
0.000193909990968
0.000193945234740
0.000193980288810
0.000194015166892
0.000194049884158
0.000194084456711
0.000194118901038
0.000194153233468
0.000194187469644
0.000194221624043
0.000194255709533
0.000194289736998
0.000194323715038
0.000194357649733
0.000194391544495
0.000194425399989
0.000194459214141
0.000194492982208
0.000194526696932
0.000194560348749
0.000194593926064
0.000194627415574
0.000194660802650
0.000194694071740
0.000194727206815
0.000194760191827
0.000194793011169
0.000194825650131
0.000194858095330
0.000194890335106
0.000194922359858
0.000194954162323
0.000194985737772
0.000195017084119
0.000195048201948
0.000195079094433
0.000195109767179
0.000195140227975
0.000195170486473
0.000195200553811
0.000195230442185
0.000195260164403
0.000195289733423
0.000195319161911
0.000195348461809
0.000195377643957
0.000195406717761
0.000195435690913
0.000195464569186
0.000195493356293
0.000195522053806
0.000195550661152
0.000195579175659
0.000195607592665
0.000195635905680
0.000195664106584
0.000195692185877
0.000195720132957
0.000195747936421
0.000195775584399
0.000195803064887
0.000195830366101
0.000195857476815
0.000195884386692
0.000195911086590
0.000195937568832
0.000195963827437
0.000195989858283
0.000196015659222
0.000196041230116
0.000196066572802
0.000196091690985
0.000196116590062
0.000196141276886
0.000196165759467
0.000196190046649
0.000196214147744
0.000196238072173
0.000196261829098
0.000196285427086
0.000196308873802
0.000196332175747
0.000196355338053
0.000196378364330
0.000196401256581
0.000196424015172
0.000196446638854
0.000196469124847
0.000196491468957
0.000196513665740
0.000196535708684
0.000196557590428
0.000196579302991
0.000196600838005
0.000196622186970
0.000196643341494
0.000196664293537
0.000196685035644
0.000196705561165
0.000196725864450
0.000196745941022
0.000196765787714
0.000196785402771
0.000196804785898
0.000196823938268
0.000196842862466
0.000196861562389
0.000196880043088
0.000196898310561
0.000196916371507
0.000196934233051
0.000196951902445
0.000196969386765
0.000196986692617
0.000197003825865
0.000197020791386
0.000197037592883
0.000197054232734
0.000197070711913
0.000197087029959
0.000197103185010
0.000197119173887
0.000197134992226
0.000197150634649
0.000197166094962
0.000197181366375
0.000197196441736
0.000197211313757
0.000197225975246
0.000197240419323
0.000197254639620
0.000197268630465
0.000197282387041
0.000197295905523
0.000197309183192
0.000197322218510
0.000197335011179
0.000197347562157
0.000197359873637
0.000197371948998
0.000197383792705
0.000197395410177
0.000197406807612
0.000197417991778
0.000197428969779
0.000197439748786
0.000197450335771
0.000197460737228
0.000197470958909
0.000197481005583
0.000197490880826
0.000197500586863
0.000197510124458
0.000197519492862
0.000197528689828
0.000197537711679
0.000197546553440
0.000197555209011
0.000197563671391
0.000197571932919
0.000197579985546
0.000197587821103
0.000197595431570
0.000197602809330
0.000197609947405
0.000197616839658
0.000197623480964
0.000197629867357
0.000197635996125
0.000197641865887
0.000197647476619
0.000197652829656
0.000197657927660
0.000197662774548
0.000197667375393
0.000197671736293
0.000197675864202
0.000197679766739
0.000197683451965
0.000197686928141
0.000197690203462
0.000197693285792
0.000197696182387
0.000197698899639
0.000197701442832
0.000197703815939
0.000197706021450
0.000197708060266
0.000197709931636
0.000197711633168
0.000197713160896
0.000197714509411
0.000197715672043
0.000197716641095
0.000197717408105
0.000197717964141
0.000197718300102
0.000197718407016
0.000197718276332
0.000197717900177
0.000197717271598
0.000197716384752
0.000197715235064
0.000197713819338
0.000197712135831
0.000197710184279
0.000197707965891
0.000197705483303
0.000197702740503
0.000197699742713
0.000197696496262
0.000197693008411
0.000197689287166
0.000197685341068
0.000197681178954
0.000197676809713
0.000197672242025
0.000197667484103
0.000197662543433
0.000197657426531
0.000197652138727
0.000197646683974
0.000197641064714
0.000197635281774
0.000197629334340
0.000197623219976
0.000197616934709
0.000197610473165
0.000197603828769
0.000197596993971
0.000197589960518
0.000197582719740
0.000197575262842
0.000197567581201
0.000197559666630
0.000197551511637
0.000197543109634
0.000197534455114
0.000197525543792
0.000197516372690
0.000197506940195
0.000197497246072
0.000197487291442
0.000197477078728
0.000197466611577
0.000197455894752
0.000197444934004
0.000197433735926
0.000197422307786
0.000197410657343
0.000197398792651
0.000197386721848
0.000197374452942
0.000197361993584
0.000197349350858
0.000197336531071
0.000197323539562
0.000197310380542
0.000197297056965
0.000197283570442
0.000197269921201
0.000197256108098
0.000197242128675
0.000197227979270
0.000197213655173
0.000197199150809
0.000197184459958
0.000197169575990
0.000197154492098
0.000197139201537
0.000197123697841
0.000197107975020
0.000197092027727
0.000197075851393
0.000197059442325
0.000197042797775
0.000197025915972
0.000197008796131
0.000196991438434
0.000196973843992
0.000196956014796
0.000196937953647
0.000196919664080
0.000196901150282
0.000196882416992
0.000196863469398
0.000196844313022
0.000196824953597
0.000196805396935
0.000196785648786
0.000196765714694
0.000196745599859
0.000196725308996
0.000196704846215
0.000196684214916
0.000196663417705
0.000196642456345
0.000196621331738
0.000196600043939
0.000196578592205
0.000196556975075
0.000196535190473
0.000196513235834
0.000196491108237
0.000196468804542
0.000196446321523
0.000196423655989
0.000196400804885
0.000196377765378
0.000196354534910
0.000196331111240
0.000196307492463
0.000196283677006
0.000196259663629
0.000196235451401
0.000196211039693
0.000196186428159
0.000196161616736
0.000196136605636
0.000196111395356
0.000196085986688
0.000196060380724
0.000196034578869
0.000196008582841
0.000195982394664
0.000195956016650
0.000195929451370
0.000195902701612
0.000195875770330
0.000195848660586
0.000195821375493
0.000195793918155
0.000195766291614
0.000195738498809
0.000195710542543
0.000195682425465
0.000195654150056
0.000195625718636
0.000195597133363
0.000195568396246
0.000195539509141
0.000195510473749
0.000195481291605
0.000195451964040
0.000195422492151
0.000195392876741
0.000195363118264
0.000195333216763
0.000195303171812
0.000195272982472
0.000195242647260
0.000195212164144
0.000195181530562
0.000195150743471
0.000195119799429
0.000195088694696
0.000195057425363
0.000195025987495
0.000194994377287
0.000194962591213
0.000194930626179
0.000194898479659
0.000194866149808
0.000194833635557
0.000194800936688
0.000194768053868
0.000194734988675
0.000194701743590
0.000194668321968
0.000194634727998
0.000194600966639
0.000194567043547
0.000194532964983
0.000194498737715
0.000194464368901
0.000194429865957
0.000194395236415
0.000194360487766
0.000194325627277
0.000194290661816
0.000194255597655
0.000194220440274
0.000194185194177
0.000194149862713
0.000194114447933
0.000194078950463
0.000194043369439
0.000194007702470
0.000193971945672
0.000193936093748
0.000193900140125
0.000193864077146
