0.000195185889113
0.000195223842306
0.000195261686242
0.000195299443171
0.000195337134472
0.000195374779990
0.000195412397417
0.000195450001726
0.000195487604672
0.000195525214392
0.000195562835109
0.000195600466948
0.000195638105883
0.000195675743810
0.000195713368746
0.000195750965151
0.000195788514352
0.000195825995079
0.000195863384060
0.000195900656688
0.000195937787720
0.000195974751991
0.000196011525120
0.000196048084189
0.000196084408374
0.000196120479513
0.000196156282591
0.000196191806138
0.000196227042526
0.000196261988151
0.000196296643520
0.000196331013206
0.000196365105711
0.000196398933207
0.000196432511180
0.000196465857987
0.000196498994317
0.000196531942597
0.000196564726335
0.000196597369424
0.000196629895438
0.000196662326921
0.000196694684704
0.000196726987269
0.000196759250172
0.000196791485559
0.000196823701777
0.000196855903101
0.000196888089589
0.000196920257064
0.000196952397221
0.000196984497874
0.000197016543305
0.000197048514729
0.000197080390845
0.000197112148456
0.000197143763140
0.000197175209947
0.000197206464104
0.000197237501704
0.000197268300361
0.000197298839812
0.000197329102451
0.000197359073780
0.000197388742774
0.000197418102141
0.000197447148485
0.000197475882352
0.000197504308182
0.000197532434144
0.000197560271880
0.000197587836145
0.000197615144373
0.000197642216156
0.000197669072669
0.000197695736048
0.000197722228734
0.000197748572810
0.000197774789343
0.000197800897757
0.000197826915253
0.000197852856292
0.000197878732166
0.000197904550667
0.000197930315857
0.000197956027959
0.000197981683371
0.000198007274783
0.000198032791420
0.000198058219381
0.000198083542062
0.000198108740661
0.000198133794734
0.000198158682789
0.000198183382898
0.000198207873305
0.000198232133025
0.000198256142394
0.000198279883587
0.000198303341059
0.000198326501929
0.000198349356279
0.000198371897372
0.000198394121781
0.000198416029434
0.000198437623564
0.000198458910578
0.000198479899839
0.000198500603375
0.000198521035507
0.000198541212428
0.000198561151719
0.000198580871837
0.000198600391565
0.000198619729471
0.000198638903355
0.000198657929737
0.000198676823372
0.000198695596834
0.000198714260157
0.000198732820563
0.000198751282281
0.000198769646456
0.000198787911149
0.000198806071445
0.000198824119630
0.000198842045457
0.000198859836483
0.000198877478447
0.000198894955705
0.000198912251676
0.000198929349313
0.000198946231560
0.000198962881803
0.000198979284289
0.000198995424519
0.000199011289586
0.000199026868475
0.000199042152302
0.000199057134501
0.000199071810944
0.000199086180004
0.000199100242558
0.000199114001918
0.000199127463711
0.000199140635695
0.000199153527519
0.000199166150439
0.000199178516982
0.000199190640585
0.000199202535207
0.000199214214922
0.000199225693520
0.000199236984117
0.000199248098784
0.000199259048224
0.000199269841483
0.000199280485723
0.000199290986060
0.000199301345460
0.000199311564702
0.000199321642414
0.000199331575161
0.000199341357589
0.000199350982619
0.000199360441678
0.000199369724958
0.000199378821696
0.000199387720462
0.000199396409458
0.000199404876808
0.000199413110836
0.000199421100342
0.000199428834844
0.000199436304814
0.000199443501876
0.000199450418988
0.000199457050587
0.000199463392703
0.000199469443038
0.000199475201005
0.000199480667724
0.000199485845986
0.000199490740162
0.000199495356077
0.000199499700846
0.000199503782671
0.000199507610609
0.000199511194322
0.000199514543803
0.000199517669109
0.000199520580087
0.000199523286116
0.000199525795869
0.000199528117109
0.000199530256502
0.000199532219485
0.000199534010160
0.000199535631230
0.000199537083970
0.000199538368240
0.000199539482518
0.000199540423970
0.000199541188536
0.000199541771045
0.000199542165336
0.000199542364406
0.000199542360562
0.000199542145586
0.000199541710916
0.000199541047830
0.000199540147635
0.000199539001870
0.000199537602497
0.000199535942103
0.000199534014078
0.000199531812794
0.000199529333756
0.000199526573728
0.000199523530828
0.000199520204590
0.000199516595982
0.000199512707391
0.000199508542557
0.000199504106475
0.000199499405263
0.000199494445995
0.000199489236513
0.000199483785219
0.000199478100861
0.000199472192315
0.000199466068361
0.000199459737483
0.000199453207668
0.000199446486229
0.000199439579641
0.000199432493406
0.000199425231927
0.000199417798415
0.000199410194814
0.000199402421751
0.000199394478509
0.000199386363033
0.000199378071955
0.000199369600660
0.000199360943372
0.000199352093283
0.000199343042705
0.000199333783258
0.000199324306079
0.000199314602058
0.000199304662091
0.000199294477333
0.000199284039460
0.000199273340915
0.000199262375141
0.000199251136782
0.000199239621849
0.000199227827850
0.000199215753872
0.000199203400611
0.000199190770359
0.000199177866946
0.000199164695632
0.000199151262969
0.000199137576620
0.000199123645164
0.000199109477872
0.000199095084472
0.000199080474909
0.000199065659097
0.000199050646681
0.000199035446802
0.000199020067874
0.000199004517373
0.000198988801654
0.000198972925783
0.000198956893397
0.000198940706602
0.000198924365898
0.000198907870154
0.000198891216615
0.000198874400965
0.000198857417432
0.000198840258936
0.000198822917290
0.000198805383427
0.000198787647675
0.000198769700044
0.000198751530533
0.000198733129441
0.000198714487669
0.000198695597009
0.000198676450397
0.000198657042134
0.000198637368061
0.000198617425687
0.000198597214258
0.000198576734776
0.000198555989972
0.000198534984217
0.000198513723402
0.000198492214767
0.000198470466710
0.000198448488556
0.000198426290317
0.000198403882435
0.000198381275516
0.000198358480063
0.000198335506213
0.000198312363482
0.000198289060527
0.000198265604919
0.000198242002953
0.000198218259476
0.000198194377759
0.000198170359405
0.000198146204307
0.000198121910648
0.000198097474960
0.000198072892228
0.000198048156045
0.000198023258820
0.000197998192014
0.000197972946419
0.000197947512461
0.000197921880504
0.000197896041169
0.000197869985636
0.000197843705924
0.000197817195142
0.000197790447701
0.000197763459481
0.000197736227943
0.000197708752197
0.000197681033011
0.000197653072775
0.000197624875422
0.000197596446298
0.000197567792011
0.000197538920240
0.000197509839525
0.000197480559044
0.000197451088374
0.000197421437245
0.000197391615304
0.000197361631871
0.000197331495707
0.000197301214803
0.000197270796181
0.000197240245718
0.000197209568002
0.000197178766224
0.000197147842102
0.000197116795853
0.000197085626206
0.000197054330465
0.000197022904612
0.000196991343459
0.000196959640838
0.000196927789819
0.000196895782957
0.000196863612554
0.000196831270928
0.000196798750671
0.000196766044900
0.000196733147479
0.000196700053210
0.000196666757990
0.000196633258921
0.000196599554382
0.000196565644056
0.000196531528915
0.000196497211166
0.000196462694171
0.000196427982330
0.000196393080950
0.000196357996088
0.000196322734393
0.000196287302929
0.000196251709004
0.000196215959992
0.000196180063162
0.000196144025509
0.000196107853597
0.000196071553412
0.000196035130226
0.000195998588486
0.000195961931718
0.000195925162456
0.000195888282208
0.000195851291439
0.000195814189597
0.000195776975169
0.000195739645766
0.000195702198243
0.000195664628838
0.000195626933335
0.000195589107242
0.000195551145964
0.000195513044989
