0.000766183853605
0.000762952773179
0.000759821338718
0.000756788722783
0.000753853983195
0.000751016067946
0.000748273820200
0.000745625983378
0.000743071206300
0.000740608048392
0.000738234984927
0.000735950412299
0.000733752653319
0.000731639962529
0.000729610531518
0.000727662494244
0.000725793932343
0.000724002880440
0.000722287331426
0.000720645241727
0.000719074536524
0.000717573114943
0.000716138855188
0.000714769619610
0.000713463259704
0.000712217621015
0.000711030547945
0.000709899888446
0.000708823498581
0.000707799246958
0.000706825019006
0.000705898721093
0.000705018284485
0.000704181669131
0.000703386867271
0.000702631906870
0.000701914854876
0.000701233820298
0.000700586957113
0.000699972466994
0.000699388601875
0.000698833666336
0.000698306019832
0.000697804078744
0.000697326318264
0.000696871274115
0.000696437544090
0.000696023789421
0.000695628735965
0.000695251175210
0.000694889965092
0.000694544030619
0.000694212364315
0.000693894026456
0.000693588145130
0.000693293916099
0.000693010602483
0.000692737534259
0.000692474107597
0.000692219784026
0.000691974089452
0.000691736613023
0.000691507005871
0.000691284979715
0.000691070305357
0.000690862811060
0.000690662380831
0.000690468952600
0.000690282516307
0.000690103111908
0.000689930827288
0.000689765796095
0.000689608195498
0.000689458243867
0.000689316198383
0.000689182352583
0.000689057033845
0.000688940600816
0.000688833440797
0.000688735967095
0.000688648616338
0.000688571845778
0.000688506130588
0.000688451961156
0.000688409840394
0.000688380281066
0.000688363803146
0.000688360931211
0.000688372191875
0.000688398111270
0.000688439212580
0.000688496013625
0.000688569024504
0.000688658745298
0.000688765663828
0.000688890253488
0.000689032971132
0.000689194255038
0.000689374522945
0.000689574170163
0.000689793567774
0.000690033060916
0.000690292967160
0.000690573574993
0.000690875142400
0.000691197895560
0.000691542027653
0.000691907697786
0.000692295030039
0.000692704112623
0.000693134997166
0.000693587698110
0.000694062192228
0.000694558418241
0.000695076276560
0.000695615629113
0.000696176299284
0.000696758071945
0.000697360693579
0.000697983872496
0.000698627279139
0.000699290546478
0.000699973270495
0.000700675010757
0.000701395291080
0.000702133600282
0.000702889393037
0.000703662090806
0.000704451082875
0.000705255727471
0.000706075352968
0.000706909259176
0.000707756718705
0.000708616978400
0.000709489260831
0.000710372765849
0.000711266672178
0.000712170139043
0.000713082307830
0.000714002303763
0.000714929237598
0.000715862207316
0.000716800299828
0.000717742592674
0.000718688155719
0.000719636052845
0.000720585343640
0.000721535085080
0.000722484333207
0.000723432144803
0.000724377579058
0.000725319699236
0.000726257574325
0.000727190280686
0.000728116903677
0.000729036539261
0.000729948295586
0.000730851294528
0.000731744673194
0.000732627585371
0.000733499202925
0.000734358717124
0.000735205339901
0.000736038305033
0.000736856869250
0.000737660313250
0.000738447942648
0.000739219088830
0.000739973109736
0.000740709390564
0.000741427344407
0.000742126412811
0.000742806066277
0.000743465804698
0.000744105157741
0.000744723685164
0.000745320977086
0.000745896654197
0.000746450367907
0.000746981800447
0.000747490664893
0.000747976705136
0.000748439695782
0.000748879441978
0.000749295779167
0.000749688572770
0.000750057717792
0.000750403138356
0.000750724787163
0.000751022644890
0.000751296719520
0.000751547045613
0.000751773683537
0.000751976718639
0.000752156260388
0.000752312441485
0.000752445416945
0.000752555363161
0.000752642476946
0.000752706974571
0.000752749090784
0.000752769077824
0.000752767204429
0.000752743754827
0.000752699027728
0.000752633335304
0.000752547002158
0.000752440364294
0.000752313768069
0.000752167569155
0.000752002131487
0.000751817826224
0.000751615030710
0.000751394127453
0.000751155503118
0.000750899547544
0.000750626652790
0.000750337212212
0.000750031619584
0.000749710268251
0.000749373550329
0.000749021855958
0.000748655572587
0.000748275084320
0.000747880771295
0.000747473009118
0.000747052168334
0.000746618613942
0.000746172704948
0.000745714793968
0.000745245226856
0.000744764342386
0.000744272471965
0.000743769939399
0.000743257060693
0.000742734143910
0.000742201489068
0.000741659388098
0.000741108124855
0.000740547975176
0.000739979207004
0.000739402080560
0.000738816848571
0.000738223756552
0.000737623043129
0.000737014940411
0.000736399674404
0.000735777465451
0.000735148528712
0.000734513074659
0.000733871309601
0.000733223436220
0.000732569654123
0.000731910160411
0.000731245150253
0.000730574817474
0.000729899355161
0.000729218956270
0.000728533814256
0.000727844123719
0.000727150081056
0.000726451885135
0.000725749737989
0.000725043845507
0.000724334418151
0.000723621671669
0.000722905827813
0.000722187115047
0.000721465769251
0.000720742034404
0.000720016163237
0.000719288417865
0.000718559070376
0.000717828403382
0.000717096710526
0.000716364296942
0.000715631479670
0.000714898588022
0.000714165963905
0.000713433962100
0.000712702950503
0.000711973310329
0.000711245436282
0.000710519736695
0.000709796633642
0.000709076563021
0.000708359974612
0.000707647332101
0.000706939113081
0.000706235809009
0.000705537925132
0.000704845980367
0.000704160507131
0.000703482051125
0.000702811171053
0.000702148438294
0.000701494436501
0.000700849761148
0.000700215019014
0.000699590827610
0.000698977814549
0.000698376616876
0.000697787880347
0.000697212258677
0.000696650412752
0.000696103009827
0.000695570722696
0.000695054228860
0.000694554209671
0.000694071349487
0.000693606334811
0.000693159853426
0.000692732593532
0.000692325242868
0.000691938487831
0.000691573012586
0.000691229498160
0.000690908621526
0.000690611054677
0.000690337463682
0.000690088507737
0.000689864838205
0.000689667097662
0.000689495918935
0.000689351924155
0.000689235723826
0.000689147915913
0.000689089084958
0.000689059801236
0.000689060619943
0.000689092080429
0.000689154705485
0.000689249000671
0.000689375453693
0.000689534533840
0.000689726691453
0.000689952357459
0.000690211942941
0.000690505838750
0.000690834415164
0.000691198021590
0.000691596986302
0.000692031616222
0.000692502196746
0.000693008991606
0.000693552242793
0.000694132170510
0.000694748973194
0.000695402827579
0.000696093888825
0.000696822290701
0.000697588145829
0.000698391545987
0.000699232562475
0.000700111246536
0.000701027629836
0.000701981724993
0.000702973526159
0.000704003009645
0.000705070134592
0.000706174843670
0.000707317063821
0.000708496707027
0.000709713671102
0.000710967840515
0.000712259087230
0.000713587271571
0.000714952243103
0.000716353841534
0.000717791897638
0.000719266234181
0.000720776666883
0.000722323005371
0.000723905054158
0.000725522613620
0.000727175480980
0.000728863451284
0.000730586318382
0.000732343875882
0.000734135918095
0.000735962240957
0.000737822642916
0.000739716925788
0.000741644895572
0.000743606363223
0.000745601145378
0.000747629065031
0.000749689952153
0.000751783644264
0.000753909986944
0.000756068834290
0.000758260049318
0.000760483504301
0.000762739081053
0.000765026671150
0.000767346176090
0.000769697507387
0.000772080586601
0.000774495345295
0.000776941724919
0.000779419676624
