0.000175839130710
0.000175844456985
0.000175849807638
0.000175855176249
0.000175860556663
0.000175865943179
0.000175871330727
0.000175876715027
0.000175882092720
0.000175887461460
0.000175892819984
0.000175898168135
0.000175903506855
0.000175908838132
0.000175914164921
0.000175919491025
0.000175924820945
0.000175930159713
0.000175935512696
0.000175940885389
0.000175946283203
0.000175951711249
0.000175957174134
0.000175962675767
0.000175968219190
0.000175973806441
0.000175979438445
0.000175985114950
0.000175990834504
0.000175996594474
0.000176002391114
0.000176008219670
0.000176014074527
0.000176019949382
0.000176025837452
0.000176031731690
0.000176037625021
0.000176043510565
0.000176049381869
0.000176055233105
0.000176061059262
0.000176066856294
0.000176072621239
0.000176078352304
0.000176084048902
0.000176089711649
0.000176095342320
0.000176100943767
0.000176106519795
0.000176112075008
0.000176117614626
0.000176123144284
0.000176128669803
0.000176134196972
0.000176139731312
0.000176145277865
0.000176150840982
0.000176156424151
0.000176162029849
0.000176167659429
0.000176173313052
0.000176178989665
0.000176184687018
0.000176190401734
0.000176196129417
0.000176201864791
0.000176207601889
0.000176213334244
0.000176219055116
0.000176224757712
0.000176230435418
0.000176236082012
0.000176241691864
0.000176247260115
0.000176252782817
0.000176258257055
0.000176263681010
0.000176269054004
0.000176274376488
0.000176279650003
0.000176284877095
0.000176290061200
0.000176295206497
0.000176300317738
0.000176305400056
0.000176310458761
0.000176315499133
0.000176320526214
0.000176325544608
0.000176330558302
0.000176335570511
0.000176340583544
0.000176345598717
0.000176350616294
0.000176355635473
0.000176360654412
0.000176365670294
0.000176370679427
0.000176375677376
0.000176380659119
0.000176385619231
0.000176390552066
0.000176395451951
0.000176400313380
0.000176405131190
0.000176409900724
0.000176414617974
0.000176419279692
0.000176423883480
0.000176428427840
0.000176432912193
0.000176437336875
0.000176441703086
0.000176446012822
0.000176450268778
0.000176454474224
0.000176458632867
0.000176462748700
0.000176466825838
0.000176470868359
0.000176474880138
0.000176478864704
0.000176482825101
0.000176486763771
0.000176490682466
0.000176494582184
0.000176498463136
0.000176502324742
0.000176506165662
0.000176509983851
0.000176513776640
0.000176517540847
0.000176521272887
0.000176524968915
0.000176528624957
0.000176532237047
0.000176535801363
0.000176539314345
0.000176542772802
0.000176546174004
0.000176549515749
0.000176552796413
0.000176556014975
0.000176559171025
0.000176562264743
0.000176565296867
0.000176568268641
0.000176571181741
0.000176574038197
0.000176576840302
0.000176579590511
0.000176582291344
0.000176584945280
0.000176587554665
0.000176590121619
0.000176592647959
0.000176595135136
0.000176597584186
0.000176599995698
0.000176602369806
0.000176604706196
0.000176607004128
0.000176609262485
0.000176611479820
0.000176613654430
0.000176615784418
0.000176617867779
0.000176619902466
0.000176621886469
0.000176623817872
0.000176625694915
0.000176627516035
0.000176629279904
0.000176630985450
0.000176632631873
0.000176634218641
0.000176635745487
0.000176637212395
0.000176638619572
0.000176639967427
0.000176641256532
0.000176642487593
0.000176643661406
0.000176644778825
0.000176645840721
0.000176646847943
0.000176647801293
0.000176648701491
0.000176649549152
0.000176650344773
0.000176651088723
0.000176651781237
0.000176652422425
0.000176653012283
0.000176653550710
0.000176654037528
0.000176654472510
0.000176654855397
0.000176655185925
0.000176655463845
0.000176655688931
0.000176655860995
0.000176655979886
0.000176656045490
0.000176656057719
0.000176656016500
0.000176655921761
0.000176655773418
0.000176655571357
0.000176655315424
0.000176655005414
0.000176654641068
0.000176654222071
0.000176653748054
0.000176653218605
0.000176652633275
0.000176651991596
0.000176651293096
0.000176650537316
0.000176649723828
0.000176648852256
0.000176647922293
0.000176646933719
0.000176645886422
0.000176644780408
0.000176643615817
0.000176642392936
0.000176641112200
0.000176639774196
0.000176638379659
0.000176636929459
0.000176635424584
0.000176633866117
0.000176632255199
0.000176630593000
0.000176628880671
0.000176627119304
0.000176625309888
0.000176623453270
0.000176621550114
0.000176619600878
0.000176617605785
0.000176615564820
0.000176613477723
0.000176611344001
0.000176609162948
0.000176606933675
0.000176604655145
0.000176602326212
0.000176599945675
0.000176597512319
0.000176595024966
0.000176592482523
0.000176589884025
0.000176587228674
0.000176584515874
0.000176581745264
0.000176578916732
0.000176576030438
0.000176573086813
0.000176570086563
0.000176567030652
0.000176563920286
0.000176560756884
0.000176557542036
0.000176554277462
0.000176550964959
0.000176547606346
0.000176544203405
0.000176540757825
0.000176537271149
0.000176533744719
0.000176530179644
0.000176526576763
0.000176522936624
0.000176519259480
0.000176515545292
0.000176511793744
0.000176508004270
0.000176504176088
0.000176500308245
0.000176496399662
0.000176492449182
0.000176488455627
0.000176484417838
0.000176480334732
0.000176476205337
0.000176472028832
0.000176467804582
0.000176463532163
0.000176459211378
0.000176454842277
0.000176450425159
0.000176445960570
0.000176441449298
0.000176436892350
0.000176432290940
0.000176427646449
0.000176422960394
0.000176418234389
0.000176413470103
0.000176408669212
0.000176403833359
0.000176398964110
0.000176394062920
0.000176389131102
0.000176384169801
0.000176379179981
0.000176374162412
0.000176369117677
0.000176364046170
0.000176358948116
0.000176353823582
0.000176348672501
0.000176343494687
0.000176338289866
0.000176333057686
0.000176327797747
0.000176322509612
0.000176317192830
0.000176311846947
0.000176306471527
0.000176301066160
0.000176295630484
0.000176290164196
0.000176284667069
0.000176279138964
0.000176273579847
0.000176267989801
0.000176262369036
0.000176256717897
0.000176251036873
0.000176245326597
0.000176239587845
0.000176233821536
0.000176228028723
0.000176222210586
0.000176216368420
0.000176210503627
0.000176204617698
0.000176198712197
0.000176192788749
0.000176186849014
0.000176180894669
0.000176174927380
0.000176168948777
0.000176162960417
0.000176156963755
0.000176150960109
0.000176144950619
0.000176138936218
0.000176132917596
0.000176126895180
0.000176120869111
0.000176114839237
0.000176108805115
0.000176102766025
0.000176096720994
0.000176090668836
0.000176084608200
0.000176078537626
0.000176072455614
0.000176066360690
0.000176060251484
0.000176054126798
0.000176047985676
0.000176041827472
0.000176035651900
0.000176029459085
0.000176023249596
0.000176017024468
0.000176010785207
0.000176004533787
0.000175998272619
0.000175992004518
0.000175985732646
0.000175979460437
0.000175973191519
0.000175966929617
0.000175960678445
0.000175954441600
0.000175948222447
0.000175942024008
0.000175935848863
0.000175929699054
0.000175923576013
0.000175917480504
0.000175911412593
0.000175905371643
0.000175899356331
0.000175893364702
0.000175887394240
0.000175881441968
0.000175875504570
0.000175869578520
0.000175863660239
0.000175857746241
0.000175851833287
0.000175845918539
0.000175839999692
0.000175834075098
