0.000179711040650
0.000179731502533
0.000179751903928
0.000179772243870
0.000179792522254
0.000179812739798
0.000179832897981
0.000179852998942
0.000179873045355
0.000179893040287
0.000179912987039
0.000179932888987
0.000179952749418
0.000179972571380
0.000179992357543
0.000180012110079
0.000180031830564
0.000180051519906
0.000180071178289
0.000180090805153
0.000180110399191
0.000180129958373
0.000180149479990
0.000180168960716
0.000180188396699
0.000180207783654
0.000180227116987
0.000180246391918
0.000180265603626
0.000180284747387
0.000180303818727
0.000180322813562
0.000180341728333
0.000180360560130
0.000180379306786
0.000180397966952
0.000180416540144
0.000180435026746
0.000180453427988
0.000180471745878
0.000180489983107
0.000180508142916
0.000180526228949
0.000180544245071
0.000180562195190
0.000180580083071
0.000180597912153
0.000180615685388
0.000180633405091
0.000180651072830
0.000180668689333
0.000180686254436
0.000180703767070
0.000180721225266
0.000180738626212
0.000180755966319
0.000180773241327
0.000180790446426
0.000180807576390
0.000180824625732
0.000180841588860
0.000180858460245
0.000180875234579
0.000180891906940
0.000180908472939
0.000180924928865
0.000180941271804
0.000180957499738
0.000180973611625
0.000180989607436
0.000181005488171
0.000181021255829
0.000181036913341
0.000181052464471
0.000181067913678
0.000181083265940
0.000181098526563
0.000181113700965
0.000181128794448
0.000181143811974
0.000181158757948
0.000181173636019
0.000181188448911
0.000181203198283
0.000181217884637
0.000181232507264
0.000181247064238
0.000181261552456
0.000181275967719
0.000181290304852
0.000181304557861
0.000181318720107
0.000181332784516
0.000181346743786
0.000181360590612
0.000181374317905
0.000181387919006
0.000181401387889
0.000181414719345
0.000181427909146
0.000181440954178
0.000181453852547
0.000181466603651
0.000181479208209
0.000181491668252
0.000181503987075
0.000181516169141
0.000181528219942
0.000181540145828
0.000181551953790
0.000181563651220
0.000181575245649
0.000181586744469
0.000181598154653
0.000181609482485
0.000181620733308
0.000181631911303
0.000181643019308
0.000181654058678
0.000181665029209
0.000181675929110
0.000181686755034
0.000181697502165
0.000181708164362
0.000181718734339
0.000181729203893
0.000181739564157
0.000181749805875
0.000181759919691
0.000181769896433
0.000181779727398
0.000181789404617
0.000181798921098
0.000181808271043
0.000181817450025
0.000181826455133
0.000181835285065
0.000181843940183
0.000181852422512
0.000181860735693
0.000181868884886
0.000181876876620
0.000181884718596
0.000181892419456
0.000181899988503
0.000181907435398
0.000181914769839
0.000181922001229
0.000181929138339
0.000181936189003
0.000181943159819
0.000181950055905
0.000181956880694
0.000181963635791
0.000181970320888
0.000181976933752
0.000181983470274
0.000181989924592
0.000181996289260
0.000182002555488
0.000182008713415
0.000182014752418
0.000182020661448
0.000182026429374
0.000182032045330
0.000182037499048
0.000182042781176
0.000182047883561
0.000182052799501
0.000182057523946
0.000182062053660
0.000182066387325
0.000182070525586
0.000182074471049
0.000182078228206
0.000182081803321
0.000182085204245
0.000182088440187
0.000182091521437
0.000182094459053
0.000182097264508
0.000182099949331
0.000182102524723
0.000182105001192
0.000182107388193
0.000182109693805
0.000182111924447
0.000182114084648
0.000182116176881
0.000182118201463
0.000182120156534
0.000182122038102
0.000182123840165
0.000182125554905
0.000182127172936
0.000182128683601
0.000182130075317
0.000182131335938
0.000182132453143
0.000182133414813
0.000182134209412
0.000182134826337
0.000182135256241
0.000182135491316
0.000182135525530
0.000182135354806
0.000182134977153
0.000182134392729
0.000182133603845
0.000182132614905
0.000182131432284
0.000182130064153
0.000182128520234
0.000182126811522
0.000182124949954
0.000182122948043
0.000182120818495
0.000182118573811
0.000182116225887
0.000182113785635
0.000182111262626
0.000182108664776
0.000182105998086
0.000182103266443
0.000182100471489
0.000182097612572
0.000182094686762
0.000182091688958
0.000182088612053
0.000182085447171
0.000182082183962
0.000182078810934
0.000182075315825
0.000182071685992
0.000182067908807
0.000182063972047
0.000182059864272
0.000182055575162
0.000182051095836
0.000182046419111
0.000182041539714
0.000182036454441
0.000182031162254
0.000182025664318
0.000182019963969
0.000182014066627
0.000182007979643
0.000182001712096
0.000181995274523
0.000181988678619
0.000181981936888
0.000181975062269
0.000181968067746
0.000181960965946
0.000181953768755
0.000181946486946
0.000181939129845
0.000181931705040
0.000181924218151
0.000181916672659
0.000181909069811
0.000181901408595
0.000181893685793
0.000181885896103
0.000181878032328
0.000181870085625
0.000181862045805
0.000181853901664
0.000181845641346
0.000181837252719
0.000181828723752
0.000181820042883
0.000181811199365
0.000181802183588
0.000181792987359
0.000181783604139
0.000181774029234
0.000181764259934
0.000181754295587
0.000181744137631
0.000181733789547
0.000181723256776
0.000181712546564
0.000181701667760
0.000181690630565
0.000181679446243
0.000181668126789
0.000181656684584
0.000181645132020
0.000181633481142
0.000181621743282
0.000181609928723
0.000181598046397
0.000181586103623
0.000181574105903
0.000181562056773
0.000181549957725
0.000181537808193
0.000181525605603
0.000181513345491
0.000181501021679
0.000181488626493
0.000181476151037
0.000181463585481
0.000181450919386
0.000181438142030
0.000181425242734
0.000181412211187
0.000181399037751
0.000181385713732
0.000181372231636
0.000181358585382
0.000181344770468
0.000181330784106
0.000181316625299
0.000181302294879
0.000181287795489
0.000181273131512
0.000181258308966
0.000181243335333
0.000181228219358
0.000181212970807
0.000181197600189
0.000181182118460
0.000181166536711
0.000181150865845
0.000181135116272
0.000181119297610
0.000181103418419
0.000181087485969
0.000181071506050
0.000181055482838
0.000181039418809
0.000181023314708
0.000181007169574
0.000180990980820
0.000180974744353
0.000180958454741
0.000180942105409
0.000180925688867
0.000180909196952
0.000180892621081
0.000180875952511
0.000180859182595
0.000180842303028
0.000180825306081
0.000180808184813
0.000180790933270
0.000180773546645
0.000180756021418
0.000180738355459
0.000180720548098
0.000180702600154
0.000180684513928
0.000180666293151
0.000180647942899
0.000180629469462
0.000180610880181
0.000180592183253
0.000180573387510
0.000180554502177
0.000180535536628
0.000180516500122
0.000180497401568
0.000180478249284
0.000180459050792
0.000180439812636
0.000180420540236
0.000180401237777
0.000180381908140
0.000180362552873
0.000180343172196
0.000180323765041
0.000180304329132
0.000180284861080
0.000180265356514
0.000180245810222
0.000180226216311
0.000180206568378
0.000180186859688
0.000180167083362
0.000180147232557
0.000180127300655
0.000180107281444
0.000180087169288
0.000180066959291
0.000180046647447
0.000180026230760
0.000180005707351
0.000179985076534
0.000179964338857
0.000179943496112
0.000179922551313
0.000179901508631
0.000179880373301
0.000179859151500
0.000179837850189
0.000179816476944
0.000179795039768
0.000179773546889
0.000179752006564
