0.000172488887694
0.000172493958038
0.000172499047308
0.000172504154265
0.000172509277977
0.000172514417838
0.000172519573574
0.000172524745232
0.000172529933172
0.000172535138032
0.000172540360693
0.000172545602232
0.000172550863863
0.000172556146879
0.000172561452580
0.000172566782211
0.000172572136891
0.000172577517553
0.000172582924884
0.000172588359280
0.000172593820807
0.000172599309171
0.000172604823703
0.000172610363358
0.000172615926724
0.000172621512043
0.000172627117240
0.000172632739971
0.000172638377671
0.000172644027614
0.000172649686976
0.000172655352906
0.000172661022594
0.000172666693346
0.000172672362649
0.000172678028238
0.000172683688154
0.000172689340793
0.000172694984945
0.000172700619821
0.000172706245063
0.000172711860742
0.000172717467341
0.000172723065720
0.000172728657070
0.000172734242850
0.000172739824723
0.000172745404469
0.000172750983910
0.000172756564821
0.000172762148849
0.000172767737436
0.000172773331744
0.000172778932601
0.000172784540448
0.000172790155302
0.000172795776742
0.000172801403894
0.000172807035447
0.000172812669671
0.000172818304458
0.000172823937364
0.000172829565675
0.000172835186474
0.000172840796715
0.000172846393307
0.000172851973199
0.000172857533459
0.000172863071362
0.000172868584460
0.000172874070656
0.000172879528254
0.000172884956007
0.000172890353144
0.000172895719380
0.000172901054915
0.000172906360405
0.000172911636927
0.000172916885920
0.000172922109120
0.000172927308478
0.000172932486077
0.000172937644037
0.000172942784430
0.000172947909185
0.000172953020009
0.000172958118312
0.000172963205142
0.000172968281140
0.000172973346497
0.000172978400936
0.000172983443706
0.000172988473593
0.000172993488943
0.000172998487701
0.000173003467464
0.000173008425542
0.000173013359034
0.000173018264908
0.000173023140086
0.000173027981534
0.000173032786349
0.000173037551843
0.000173042275624
0.000173046955662
0.000173051590350
0.000173056178539
0.000173060719572
0.000173065213290
0.000173069660019
0.000173074060551
0.000173078416092
0.000173082728212
0.000173086998769
0.000173091229831
0.000173095423589
0.000173099582268
0.000173103708039
0.000173107802929
0.000173111868742
0.000173115906993
0.000173119918838
0.000173123905035
0.000173127865903
0.000173131801306
0.000173135710643
0.000173139592862
0.000173143446482
0.000173147269629
0.000173151060092
0.000173154815375
0.000173158532781
0.000173162209480
0.000173165842600
0.000173169429310
0.000173172966910
0.000173176452907
0.000173179885098
0.000173183261631
0.000173186581059
0.000173189842382
0.000173193045070
0.000173196189066
0.000173199274781
0.000173202303063
0.000173205275154
0.000173208192639
0.000173211057375
0.000173213871416
0.000173216636935
0.000173219356139
0.000173222031187
0.000173224664109
0.000173227256734
0.000173229810624
0.000173232327015
0.000173234806775
0.000173237250366
0.000173239657827
0.000173242028766
0.000173244362366
0.000173246657406
0.000173248912293
0.000173251125111
0.000173253293672
0.000173255415590
0.000173257488347
0.000173259509379
0.000173261476155
0.000173263386255
0.000173265237453
0.000173267027785
0.000173268755612
0.000173270419669
0.000173272019105
0.000173273553499
0.000173275022872
0.000173276427673
0.000173277768758
0.000173279047348
0.000173280264981
0.000173281423454
0.000173282524751
0.000173283570975
0.000173284564269
0.000173285506748
0.000173286400421
0.000173287247127
0.000173288048472
0.000173288805775
0.000173289520028
0.000173290191856
0.000173290821501
0.000173291408809
0.000173291953230
0.000173292453840
0.000173292909365
0.000173293318220
0.000173293678563
0.000173293988356
0.000173294245429
0.000173294447561
0.000173294592547
0.000173294678280
0.000173294702823
0.000173294664472
0.000173294561817
0.000173294393783
0.000173294159674
0.000173293859182
0.000173293492402
0.000173293059817
0.000173292562285
0.000173292000996
0.000173291377436
0.000173290693331
0.000173289950588
0.000173289151233
0.000173288297342
0.000173287390980
0.000173286434130
0.000173285428634
0.000173284376135
0.000173283278029
0.000173282135421
0.000173280949088
0.000173279719460
0.000173278446608
0.000173277130239
0.000173275769713
0.000173274364063
0.000173272912034
0.000173271412130
0.000173269862663
0.000173268261826
0.000173266607751
0.000173264898585
0.000173263132558
0.000173261308047
0.000173259423639
0.000173257478181
0.000173255470821
0.000173253401039
0.000173251268667
0.000173249073891
0.000173246817246
0.000173244499597
0.000173242122112
0.000173239686221
0.000173237193576
0.000173234645995
0.000173232045410
0.000173229393811
0.000173226693185
0.000173223945457
0.000173221152442
0.000173218315784
0.000173215436917
0.000173212517020
0.000173209556988
0.000173206557408
0.000173203518547
0.000173200440351
0.000173197322453
0.000173194164195
0.000173190964659
0.000173187722712
0.000173184437052
0.000173181106264
0.000173177728882
0.000173174303450
0.000173170828581
0.000173167303015
0.000173163725670
0.000173160095684
0.000173156412452
0.000173152675649
0.000173148885246
0.000173145041513
0.000173141145014
0.000173137196593
0.000173133197348
0.000173129148607
0.000173125051887
0.000173120908856
0.000173116721288
0.000173112491019
0.000173108219894
0.000173103909727
0.000173099562245
0.000173095179054
0.000173090761591
0.000173086311089
0.000173081828555
0.000173077314740
0.000173072770134
0.000173068194958
0.000173063589171
0.000173058952489
0.000173054284408
0.000173049584239
0.000173044851143
0.000173040084184
0.000173035282370
0.000173030444702
0.000173025570225
0.000173020658070
0.000173015707491
0.000173010717903
0.000173005688907
0.000173000620311
0.000172995512140
0.000172990364645
0.000172985178304
0.000172979953811
0.000172974692064
0.000172969394152
0.000172964061332
0.000172958695001
0.000172953296672
0.000172947867939
0.000172942410444
0.000172936925844
0.000172931415772
0.000172925881804
0.000172920325422
0.000172914747987
0.000172909150706
0.000172903534613
0.000172897900549
0.000172892249159
0.000172886580881
0.000172880895956
0.000172875194440
0.000172869476218
0.000172863741031
0.000172857988501
0.000172852218163
0.000172846429493
0.000172840621941
0.000172834794963
0.000172828948047
0.000172823080742
0.000172817192679
0.000172811283595
0.000172805353350
0.000172799401945
0.000172793429532
0.000172787436427
0.000172781423116
0.000172775390259
0.000172769338694
0.000172763269427
0.000172757183630
0.000172751082625
0.000172744967865
0.000172738840913
0.000172732703415
0.000172726557067
0.000172720403586
0.000172714244670
0.000172708081969
0.000172701917046
0.000172695751351
0.000172689586194
0.000172683422719
0.000172677261891
0.000172671104483
0.000172664951070
0.000172658802028
0.000172652657540
0.000172646517606
0.000172640382052
0.000172634250556
0.000172628122663
0.000172621997813
0.000172615875371
0.000172609754657
0.000172603634984
0.000172597515692
0.000172591396193
0.000172585276006
0.000172579154798
0.000172573032423
0.000172566908956
0.000172560784721
0.000172554660310
0.000172548536603
0.000172542414764
0.000172536296240
0.000172530182740
0.000172524076210
0.000172517978794
0.000172511892793
0.000172505820610
0.000172499764694
0.000172493727484
0.000172487711348
0.000172481718527
0.000172475751080
0.000172469810834
