0.001232658315189
0.001223602512379
0.001214407986724
0.001205089755667
0.001195662810603
0.001186142084709
0.001176542421366
0.001166878543284
0.001157165022371
0.001147416250423
0.001137646410703
0.001127869450465
0.001118099054479
0.001108348619623
0.001098631230579
0.001088959636691
0.001079346230026
0.001069803024679
0.001060341637352
0.001050973269255
0.001041708689336
0.001032558218885
0.001023531717514
0.001014638570541
0.001005887677785
0.000997287443781
0.000988845769412
0.000980570044972
0.000972467144636
0.000964543422350
0.000956804709109
0.000949256311625
0.000941903012351
0.000934749070848
0.000927798226472
0.000921053702334
0.000914518210525
0.000908193958555
0.000902082656968
0.000896185528102
0.000890503315937
0.000885036297004
0.000879784292277
0.000874746680035
0.000869922409603
0.000865310015945
0.000860907635044
0.000856713020005
0.000852723557829
0.000848936286799
0.000845347914411
0.000841954835794
0.000838753152554
0.000835738691984
0.000832907026571
0.000830253493749
0.000827773215823
0.000825461120018
0.000823311958580
0.000821320328883
0.000819480693467
0.000817787399967
0.000816234700868
0.000814816773030
0.000813527736935
0.000812361675602
0.000811312653123
0.000810374732767
0.000809541994608
0.000808808552640
0.000808168571322
0.000807616281537
0.000807145995901
0.000806752123413
0.000806429183399
0.000806171818731
0.000805974808285
0.000805833078633
0.000805741714925
0.000805695970971
0.000805691278488
0.000805723255510
0.000805787713957
0.000805880666350
0.000805998331665
0.000806137140350
0.000806293738470
0.000806464991022
0.000806647984398
0.000806840028033
0.000807038655217
0.000807241623125
0.000807446912044
0.000807652723848
0.000807857479715
0.000808059817134
0.000808258586211
0.000808452845303
0.000808641856025
0.000808825077633
0.000809002160849
0.000809172941129
0.000809337431436
0.000809495814540
0.000809648434878
0.000809795790032
0.000809938521834
0.000810077407169
0.000810213348481
0.000810347364053
0.000810480578073
0.000810614210550
0.000810749567091
0.000810888028601
0.000811031040937
0.000811180104547
0.000811336764134
0.000811502598392
0.000811679209834
0.000811868214758
0.000812071233376
0.000812289880148
0.000812525754351
0.000812780430900
0.000813055451470
0.000813352315929
0.000813672474121
0.000814017318012
0.000814388174221
0.000814786296970
0.000815212861455
0.000815668957659
0.000816155584632
0.000816673645229
0.000817223941341
0.000817807169611
0.000818423917646
0.000819074660738
0.000819759759079
0.000820479455498
0.000821233873694
0.000822023016977
0.000822846767512
0.000823704886056
0.000824597012186
0.000825522665005
0.000826481244317
0.000827472032261
0.000828494195388
0.000829546787167
0.000830628750904
0.000831738923058
0.000832876036931
0.000834038726719
0.000835225531899
0.000836434901930
0.000837665201246
0.000838914714521
0.000840181652181
0.000841464156128
0.000842760305679
0.000844068123655
0.000845385582630
0.000846710611297
0.000848041100928
0.000849374911901
0.000850709880274
0.000852043824378
0.000853374551400
0.000854699863942
0.000856017566522
0.000857325472001
0.000858621407911
0.000859903222667
0.000861168791630
0.000862416023024
0.000863642863661
0.000864847304478
0.000866027385860
0.000867181202731
0.000868306909403
0.000869402724162
0.000870466933587
0.000871497896585
0.000872494048129
0.000873453902692
0.000874376057369
0.000875259194683
0.000876102085062
0.000876903588989
0.000877662658823
0.000878378340283
0.000879049773613
0.000879676194399
0.000880256934080
0.000880791420127
0.000881279175910
0.000881719820256
0.000882113066715
0.000882458722523
0.000882756687296
0.000883006951446
0.000883209594342
0.000883364782224
0.000883472765876
0.000883533878084
0.000883548530882
0.000883517212603
0.000883440484746
0.000883318978693
0.000883153392252
0.000882944486095
0.000882693080058
0.000882400049354
0.000882066320703
0.000881692868399
0.000881280710328
0.000880830903969
0.000880344542373
0.000879822750158
0.000879266679533
0.000878677506351
0.000878056426231
0.000877404650751
0.000876723403718
0.000876013917553
0.000875277429777
0.000874515179629
0.000873728404815
0.000872918338411
0.000872086205913
0.000871233222460
0.000870360590227
0.000869469496002
0.000868561108948
0.000867636578565
0.000866697032847
0.000865743576646
0.000864777290246
0.000863799228143
0.000862810418042
0.000861811860068
0.000860804526182
0.000859789359811
0.000858767275694
0.000857739159912
0.000856705870140
0.000855668236071
0.000854627060040
0.000853583117820
0.000852537159591
0.000851489911069
0.000850442074790
0.000849394331536
0.000848347341891
0.000847301747926
0.000846258174990
0.000845217233600
0.000844179521428
0.000843145625357
0.000842116123603
0.000841091587895
0.000840072585683
0.000839059682381
0.000838053443624
0.000837054437515
0.000836063236867
0.000835080421414
0.000834106579984
0.000833142312619
0.000832188232629
0.000831244968570
0.000830313166140
0.000829393489963
0.000828486625284
0.000827593279530
0.000826714183757
0.000825850093957
0.000825001792226
0.000824170087789
0.000823355817863
0.000822559848374
0.000821783074499
0.000821026421048
0.000820290842675
0.000819577323918
0.000818886879053
0.000818220551790
0.000817579414778
0.000816964568940
0.000816377142633
0.000815818290640
0.000815289192983
0.000814791053586
0.000814325098766
0.000813892575579
0.000813494750018
0.000813132905071
0.000812808338652
0.000812522361406
0.000812276294405
0.000812071466744
0.000811909213043
0.000811790870862
0.000811717778060
0.000811691270075
0.000811712677174
0.000811783321654
0.000811904515017
0.000812077555142
0.000812303723440
0.000812584282026
0.000812920470915
0.000813313505243
0.000813764572538
0.000814274830047
0.000814845402129
0.000815477377732
0.000816171807958
0.000816929703726
0.000817752033555
0.000818639721463
0.000819593644994
0.000820614633393
0.000821703465918
0.000822860870310
0.000824087521422
0.000825384040012
0.000826750991703
0.000828188886122
0.000829698176202
0.000831279257673
0.000832932468720
0.000834658089828
0.000836456343798
0.000838327395941
0.000840271354441
0.000842288270897
0.000844378141026
0.000846540905526
0.000848776451105
0.000851084611648
0.000853465169542
0.000855917857127
0.000858442358276
0.000861038310100
0.000863705304756
0.000866442891350
0.000869250577935
0.000872127833572
0.000875074090465
0.000878088746129
0.000881171165603
0.000884320683681
0.000887536607143
0.000890818216984
0.000894164770615
0.000897575504028
0.000901049633905
0.000904586359663
0.000908184865417
0.000911844321849
0.000915563887965
0.000919342712735
0.000923179936598
0.000927074692819
0.000931026108696
0.000935033306587
0.000939095404772
0.000943211518113
0.000947380758531
0.000951602235263
0.000955875054911
0.000960198321274
0.000964571134939
0.000968992592655
0.000973461786456
0.000977977802548
0.000982539719957
0.000987146608920
0.000991797529046
0.000996491527227
0.001001227635312
0.001006004867545
0.001010822217780
0.001015678656468
0.001020573127442
0.001025504544491
0.001030471787752
0.001035473699923
0.001040509082313
0.001045576690742
0.001050675231314
0.001055803356070
0.001060959658540
0.001066142669224
0.001071350851005
0.001076582594515
0.001081836213494
0.001087109940131
0.001092401920440
