0.000200297231250
0.000200307091981
0.000200316955429
0.000200326825705
0.000200336706450
0.000200346600669
0.000200356510596
0.000200366437592
0.000200376382073
0.000200386343489
0.000200396320326
0.000200406310154
0.000200416309716
0.000200426315034
0.000200436321559
0.000200446324330
0.000200456318153
0.000200466297788
0.000200476258130
0.000200486194393
0.000200496102267
0.000200505978064
0.000200515818832
0.000200525622442
0.000200535387635
0.000200545114043
0.000200554802162
0.000200564453303
0.000200574069503
0.000200583653413
0.000200593208158
0.000200602737188
0.000200612244113
0.000200621732538
0.000200631205894
0.000200640667293
0.000200650119380
0.000200659564225
0.000200669003220
0.000200678437023
0.000200687865518
0.000200697287814
0.000200706702269
0.000200716106550
0.000200725497711
0.000200734872300
0.000200744226482
0.000200753556176
0.000200762857200
0.000200772125416
0.000200781356872
0.000200790547938
0.000200799695420
0.000200808796660
0.000200817849612
0.000200826852893
0.000200835805805
0.000200844708330
0.000200853561099
0.000200862365335
0.000200871122774
0.000200879835566
0.000200888506168
0.000200897137218
0.000200905731410
0.000200914291371
0.000200922819543
0.000200931318070
0.000200939788706
0.000200948232734
0.000200956650914
0.000200965043440
0.000200973409932
0.000200981749442
0.000200990060487
0.000200998341099
0.000201006588895
0.000201014801160
0.000201022974942
0.000201031107155
0.000201039194690
0.000201047234510
0.000201055223762
0.000201063159859
0.000201071040567
0.000201078864061
0.000201086628978
0.000201094334441
0.000201101980065
0.000201109565950
0.000201117092643
0.000201124561098
0.000201131972609
0.000201139328739
0.000201146631234
0.000201153881944
0.000201161082727
0.000201168235366
0.000201175341489
0.000201182402495
0.000201189419492
0.000201196393248
0.000201203324158
0.000201210212217
0.000201217057023
0.000201223857784
0.000201230613343
0.000201237322217
0.000201243982647
0.000201250592658
0.000201257150127
0.000201263652852
0.000201270098630
0.000201276485326
0.000201282810939
0.000201289073673
0.000201295271978
0.000201301404603
0.000201307470618
0.000201313469437
0.000201319400817
0.000201325264848
0.000201331061934
0.000201336792754
0.000201342458223
0.000201348059438
0.000201353597624
0.000201359074068
0.000201364490067
0.000201369846860
0.000201375145580
0.000201380387196
0.000201385572475
0.000201390701944
0.000201395775865
0.000201400794221
0.000201405756707
0.000201410662740
0.000201415511475
0.000201420301828
0.000201425032514
0.000201429702086
0.000201434308988
0.000201438851602
0.000201443328306
0.000201447737529
0.000201452077797
0.000201456347789
0.000201460546373
0.000201464672639
0.000201468725931
0.000201472705853
0.000201476612280
0.000201480445347
0.000201484205439
0.000201487893162
0.000201491509310
0.000201495054828
0.000201498530766
0.000201501938231
0.000201505278334
0.000201508552147
0.000201511760651
0.000201514904693
0.000201517984947
0.000201521001880
0.000201523955734
0.000201526846499
0.000201529673916
0.000201532437478
0.000201535136438
0.000201537769838
0.000201540336538
0.000201542835253
0.000201545264604
0.000201547623162
0.000201549909505
0.000201552122270
0.000201554260204
0.000201556322214
0.000201558307403
0.000201560215110
0.000201562044931
0.000201563796736
0.000201565470669
0.000201567067140
0.000201568586814
0.000201570030571
0.000201571399480
0.000201572694745
0.000201573917663
0.000201575069560
0.000201576151745
0.000201577165445
0.000201578111758
0.000201578991599
0.000201579805663
0.000201580554382
0.000201581237912
0.000201581856108
0.000201582408529
0.000201582894449
0.000201583312875
0.000201583662585
0.000201583942176
0.000201584150111
0.000201584284786
0.000201584344594
0.000201584327992
0.000201584233566
0.000201584060097
0.000201583806613
0.000201583472434
0.000201583057211
0.000201582560943
0.000201581983985
0.000201581327043
0.000201580591147
0.000201579777620
0.000201578888025
0.000201577924107
0.000201576887729
0.000201575780792
0.000201574605164
0.000201573362602
0.000201572054679
0.000201570682713
0.000201569247717
0.000201567750343
0.000201566190856
0.000201564569112
0.000201562884558
0.000201561136248
0.000201559322878
0.000201557442831
0.000201555494243
0.000201553475079
0.000201551383217
0.000201549216541
0.000201546973033
0.000201544650863
0.000201542248479
0.000201539764679
0.000201537198674
0.000201534550138
0.000201531819231
0.000201529006613
0.000201526113426
0.000201523141264
0.000201520092123
0.000201516968327
0.000201513772448
0.000201510507207
0.000201507175373
0.000201503779655
0.000201500322597
0.000201496806472
0.000201493233196
0.000201489604240
0.000201485920576
0.000201482182627
0.000201478390246
0.000201474542717
0.000201470638784
0.000201466676689
0.000201462654253
0.000201458568954
0.000201454418042
0.000201450198649
0.000201445907917
0.000201441543126
0.000201437101816
0.000201432581903
0.000201427981784
0.000201423300417
0.000201418537385
0.000201413692936
0.000201408767986
0.000201403764112
0.000201398683498
0.000201393528871
0.000201388303402
0.000201383010602
0.000201377654182
0.000201372237928
0.000201366765545
0.000201361240528
0.000201355666018
0.000201350044684
0.000201344378616
0.000201338669243
0.000201332917274
0.000201327122672
0.000201321284649
0.000201315401705
0.000201309471681
0.000201303491856
0.000201297459054
0.000201291369787
0.000201285220394
0.000201279007212
0.000201272726730
0.000201266375750
0.000201259951536
0.000201253451943
0.000201246875527
0.000201240221624
0.000201233490403
0.000201226682876
0.000201219800887
0.000201212847057
0.000201205824697
0.000201198737700
0.000201191590400
0.000201184387417
0.000201177133488
0.000201169833292
0.000201162491273
0.000201155111478
0.000201147697401
0.000201140251855
0.000201132776866
0.000201125273598
0.000201117742312
0.000201110182365
0.000201102592237
0.000201094969605
0.000201087311439
0.000201079614133
0.000201071873666
0.000201064085770
0.000201056246120
0.000201048350522
0.000201040395103
0.000201032376482
0.000201024291931
0.000201016139503
0.000201007918133
0.000200999627707
0.000200991269084
0.000200982844088
0.000200974355454
0.000200965806743
0.000200957202221
0.000200948546704
0.000200939845396
0.000200931103690
0.000200922326981
0.000200913520465
0.000200904688951
0.000200895836688
0.000200886967211
0.000200878083220
0.000200869186483
0.000200860277786
0.000200851356913
0.000200842422672
0.000200833472957
0.000200824504846
0.000200815514738
0.000200806498506
0.000200797451685
0.000200788369666
0.000200779247899
0.000200770082094
0.000200760868410
0.000200751603632
0.000200742285315
0.000200732911906
0.000200723482819
0.000200713998485
0.000200704460352
0.000200694870842
0.000200685233283
0.000200675551790
0.000200665831124
0.000200656076527
0.000200646293533
0.000200636487772
0.000200626664774
0.000200616829768
0.000200606987510
0.000200597142109
0.000200587296902
0.000200577454337
0.000200567615909
0.000200557782125
0.000200547952508
0.000200538125641
0.000200528299247
0.000200518470303
0.000200508635184
0.000200498789829
0.000200488929919
0.000200479051076
0.000200469149051
0.000200459219913
0.000200449260224
0.000200439267189
0.000200429238784
0.000200419173852
