0.001894028736993
0.001892697744046
0.001891280148051
0.001889808059992
0.001888315066017
0.001886835473930
0.001885403538200
0.001884052680926
0.001882814726394
0.001881719166686
0.001880792475190
0.001880057483910
0.001879532839135
0.001879232548325
0.001879165629126
0.001879335869161
0.001879741702813
0.001880376208599
0.001881227228011
0.001882277604003
0.001883505534516
0.001884885033854
0.001886386492184
0.001887977321189
0.001889622671819
0.001891286208409
0.001892930921991
0.001894519964676
0.001896017486330
0.001897389454618
0.001898604439713
0.001899634345645
0.001900455071342
0.001901047085881
0.001901395904295
0.001901492452447
0.001901333311884
0.001900920838255
0.001900263149681
0.001899373984373
0.001898272429759
0.001896982528307
0.001895532768045
0.001893955468472
0.001892286074990
0.001890562377164
0.001888823667971
0.001887109862656
0.001885460596887
0.001883914324532
0.001882507435541
0.001881273414130
0.001880242056740
0.001879438768008
0.001878883951423
0.001878592509297
0.001878573464349
0.001878829712565
0.001879357914089
0.001880148525853
0.001881185976500
0.001882448980916
0.001883910988536
0.001885540756539
0.001887303036109
0.001889159357330
0.001891068895934
0.001892989403094
0.001894878177919
0.001896693061133
0.001898393427763
0.001899941156492
0.001901301553652
0.001902444210642
0.001903343774886
0.001903980616186
0.001904341372509
0.001904419361819
0.001904214849436
0.001903735163536
0.001902994654761
0.001902014499319
0.001900822348474
0.001899451830765
0.001897941916602
0.001896336158072
0.001894681819608
0.001893028917770
0.001891429190476
0.001889935017781
0.001888598317474
0.001887469439475
0.001886596083183
0.001886022261524
0.001885787334514
0.001885925133706
0.001886463196932
0.001887422130333
0.001888815111855
0.001890647547231
0.001892916886012
0.001895612601585
0.001898716335331
0.001902202201315
0.001906037244108
0.001910182038788
0.001914591418740
0.001919215313839
0.001923999678871
0.001928887489836
0.001933819783992
0.001938736718346
0.001943578620684
0.001948287007220
0.001952805541601
0.001957080911229
0.001961063598691
0.001964708528492
0.001967975572185
0.001970829898360
0.001973242157706
0.001975188497392
0.001976650403307
0.001977614373058
0.001978071427062
0.001978016469378
0.001977447514070
0.001976364796781
0.001974769794666
0.001972664180854
0.001970048742126
0.001966922290312
0.001963280599142
0.001959115398761
0.001954413459835
0.001949155798182
0.001943317029068
0.001936864897809
0.001929760010126
0.001921955781823
0.001913398622969
0.001904028366825
0.001893778948432
0.001882579332188
0.001870354681913
0.001857027761080
0.001842520545073
0.001826756021749
0.001809660151289
0.001791163951485
0.001771205670305
0.001749733003941
0.001726705315675
0.001702095808806
0.001675893605777
0.001648105685380
0.001618758630726
0.001587900142387
0.001555600273889
0.001521952350373
0.001487073535868
0.001451105020010
0.001414211801217
0.001376582050130
0.001338426044475
0.001299974674227
0.001261477523931
0.001223200547137
0.001185423355935
0.001148436156425
0.001112536368400
0.001078024974503
0.001045202650421
0.001014365733167
0.000985802089125
0.000959786947101
0.000936578764097
0.000916415192835
0.000899509220126
0.000886045544021
0.000876177255277
0.000870022885011
0.000867663875636
0.000869142526220
0.000874460456495
0.000883577625871
0.000896411935203
0.000912839429791
0.000932695112365
0.000955774364765
0.000981834966857
0.001010599691149
0.001041759441647
0.001074976896084
0.001109890601775
0.001146119467233
0.001183267584512
0.001220929311080
0.001258694535033
0.001296154043757
0.001332904913776
0.001368555838504
0.001402732311103
0.001435081581460
0.001465277309596
0.001493023842373
0.001518060046287
0.001540162636135
0.001559148947483
0.001574879109834
0.001587257587200
0.001596234063104
0.001601803657814
0.001604006476579
0.001602926498612
0.001598689827414
0.001591462333457
0.001581446730161
0.001568879133302
0.001554025162238
0.001537175648666
0.001518642024693
0.001498751466876
0.001477841876385
0.001456256777577
0.001434340217904
0.001412431751367
0.001390861585507
0.001369945968412
0.001349982887356
0.001331248144618
0.001313991868926
0.001298435512828
0.001284769377436
0.001273150696414
0.001263702301108
0.001256511878431
0.001251631822750
0.001249079672745
0.001248839114231
0.001250861520390
0.001255067991953
0.001261351851741
0.001269581540770
0.001279603856934
0.001291247472261
0.001304326660904
0.001318645167484
0.001334000144159
0.001350186084848
0.001366998686405
0.001384238569105
0.001401714792642
0.001419248108679
0.001436673896873
0.001453844738093
0.001470632585952
0.001486930505927
0.001502653959777
0.001517741621754
0.001532155721946
0.001545881920891
0.001558928728139
0.001571326485595
0.001583125944148
0.001594396468992
0.001605223915279
0.001615708220995
0.001625960768273
0.001636101567636
0.001646256321867
0.001656553427277
0.001667120970158
0.001678083775104
0.001689560559758
0.001701661247429
0.001714484485008
0.001728115408795
0.001742623695309
0.001758061928055
0.001774464304653
0.001791845701858
0.001810201108930
0.001829505432704
0.001849713670714
0.001870761441933
0.001892565858256
0.001915026713928
0.001938027964698
0.001961439463807
0.001985118917912
0.002008914022923
0.002032664737375
0.002056205649528
0.002079368393838
0.002101984072707
0.002123885640609
0.002144910209606
0.002164901237956
0.002183710566901
0.002201200274619
0.002217244320788
0.002231729960028
0.002244558907589
0.002255648245929
0.002264931066190
0.002272356843855
0.002277891553018
0.002281517528600
0.002283233090382
0.002283051946812
0.002281002400207
0.002277126377952
0.002271478316793
0.002264123929049
0.002255138880740
0.002244607412062
0.002232620930420
0.002219276605408
0.002204675993671
0.002188923719570
0.002172126235096
0.002154390679532
0.002135823856103
0.002116531339282
0.002096616722703
0.002076181013777
0.002055322177244
0.002034134826153
0.002012710055073
0.001991135406988
0.001969494962221
0.001947869534961
0.001926336960715
0.001904972456061
0.001883849030799
0.001863037931646
0.001842609096362
0.001822631597314
0.001803174054202
0.001784304996825
0.001766093160375
0.001748607697753
0.001731918295794
0.001716095184903
0.001701209034538
0.001687330729989
0.001674531029079
0.001662880100558
0.001652446949092
0.001643298734761
0.001635499997779
0.001629111801783
0.001624190811291
0.001620788320920
0.001618949255516
0.001618711161550
0.001620103210864
0.001623145238181
0.001627846833655
0.001634206511189
0.001642210972260
0.001651834483626
0.001663038385553
0.001675770745141
0.001689966166982
0.001705545770825
0.001722417343161
0.001740475666749
0.001759603029201
0.001779669908723
0.001800535832250
0.001822050398344
0.001844054454563
0.001866381416530
0.001888858713636
0.001911309344346
0.001933553522370
0.001955410393558
0.001976699802349
0.001997244085870
0.002016869873427
0.002035409869101
0.002052704595436
0.002068604076858
0.002082969442329
0.002095674427944
0.002106606761550
0.002115669413129
0.002122781696427
0.002127880209284
0.002130919602115
0.002131873166111
0.002130733234884
0.002127511395378
0.002122238506041
0.002114964522276
0.002105758131227
0.002094706199820
0.002081913041806
0.002067499511220
