0.001384699123949
0.001400437286666
0.001416049271761
0.001431487465723
0.001446704701166
0.001461654418721
0.001476290826244
0.001490569054753
0.001504445310477
0.001517877022465
0.001530822985187
0.001543243495614
0.001555100484247
0.001566357639642
0.001576980525969
0.001586936693182
0.001596195779423
0.001604729605304
0.001612512259736
0.001619520177044
0.001625732205096
0.001631129664254
0.001635696396973
0.001639418807908
0.001642285894443
0.001644289267583
0.001645423163196
0.001645684443632
0.001645072589773
0.001643589683621
0.001641240381565
0.001638031878497
0.001633973862993
0.001629078463802
0.001623360187929
0.001616835850617
0.001609524497574
0.001601447319822
0.001592627561558
0.001583090421450
0.001572862947828
0.001561973928218
0.001550453773717
0.001538334398710
0.001525649096441
0.001512432410959
0.001498720006000
0.001484548531315
0.001469955487021
0.001454979086517
0.001439658118506
0.001424031808694
0.001408139681689
0.001392021423660
0.001375716746269
0.001359265252405
0.001342706304228
0.001326078894011
0.001309421518249
0.001292772055504
0.001276167648416
0.001259644590280
0.001243238216597
0.001226982801949
0.001210911462536
0.001195056064679
0.001179447139573
0.001164113804540
0.001149083690984
0.001134382879253
0.001120035840552
0.001106065386033
0.001092492623148
0.001079336919340
0.001066615873079
0.001054345292258
0.001042539179908
0.001031209727165
0.001020367313406
0.001010020513417
0.001000176111457
0.000990839122032
0.000982012817172
0.000973698759991
0.000965896844271
0.000958605339788
0.000951820943102
0.000945538833473
0.000939752733585
0.000934454974725
0.000929636566046
0.000925287267558
0.000921395666436
0.000917949256285
0.000914934518928
0.000912337008347
0.000910141436352
0.000908331759586
0.000906891267448
0.000905802670556
0.000905048189332
0.000904609642342
0.000904468533990
0.000904606141211
0.000905003598796
0.000905641982996
0.000906502393080
0.000907566030523
0.000908814275516
0.000910228760518
0.000911791440583
0.000913484660215
0.000915291216513
0.000917194418418
0.000919178141875
0.000921226880742
0.000923325793318
0.000925460744376
0.000927618342619
0.000929785973479
0.000931951827234
0.000934104922415
0.000936235124509
0.000938333159990
0.000940390625712
0.000942399993752
0.000944354611767
0.000946248698996
0.000948077338011
0.000949836462377
0.000951522840368
0.000953134054922
0.000954668480018
0.000956125253688
0.000957504247872
0.000958806035350
0.000960031853983
0.000961183568520
0.000962263630217
0.000963275034536
0.000964221277180
0.000965106308747
0.000965934488256
0.000966710535830
0.000967439484789
0.000968126633432
0.000968777496753
0.000969397758358
0.000969993222823
0.000970569768732
0.000971133302634
0.000971689714123
0.000972244832275
0.000972804383619
0.000973373951847
0.000973958939427
0.000974564531292
0.000975195660745
0.000975856977727
0.000976552819552
0.000977287184237
0.000978063706492
0.000978885636470
0.000979755821310
0.000980676689530
0.000981650238293
0.000982678023544
0.000983761153019
0.000984900282097
0.000986095612462
0.000987346893506
0.000988653426424
0.000990014070903
0.000991427254324
0.000992890983366
0.000994402857902
0.000995960087062
0.000997559507329
0.000999197602533
0.001000870525594
0.001002574121863
0.001004303953906
0.001006055327557
0.001007823319095
0.001009602803345
0.001011388482564
0.001013174915912
0.001014956549337
0.001016727745717
0.001018482815056
0.001020216044588
0.001021921728606
0.001023594197860
0.001025227848362
0.001026817169447
0.001028356770955
0.001029841409389
0.001031266012930
0.001032625705195
0.001033915827629
0.001035131960439
0.001036269941989
0.001037325886578
0.001038296200534
0.001039177596590
0.001039967106472
0.001040662091694
0.001041260252518
0.001041759635070
0.001042158636621
0.001042456009020
0.001042650860316
0.001042742654571
0.001042731209927
0.001042616694948
0.001042399623309
0.001042080846882
0.001041661547298
0.001041143226077
0.001040527693385
0.001039817055542
0.001039013701372
0.001038120287491
0.001037139722663
0.001036075151315
0.001034929936348
0.001033707641348
0.001032412012310
0.001031046959005
0.001029616536099
0.001028124924130
0.001026576410469
0.001024975370365
0.001023326248176
0.001021633538900
0.001019901770098
0.001018135484301
0.001016339222000
0.001014517505295
0.001012674822293
0.001010815612319
0.001008944252021
0.001007065042418
0.001005182196961
0.001003299830631
0.001001421950146
0.000999552445273
0.000997695081290
0.000995853492611
0.000994031177565
0.000992231494344
0.000990457658094
0.000988712739144
0.000986999662339
0.000985321207446
0.000983680010599
0.000982078566734
0.000980519232973
0.000979004232886
0.000977535661603
0.000976115491678
0.000974745579674
0.000973427673370
0.000972163419548
0.000970954372259
0.000969802001507
0.000968707702276
0.000967672803803
0.000966698579031
0.000965786254156
0.000964937018185
0.000964152032426
0.000963432439824
0.000962779374079
0.000962193968459
0.000961677364238
0.000961230718702
0.000960855212645
0.000960552057311
0.000960322500722
0.000960167833350
0.000960089393082
0.000960088569466
0.000960166807177
0.000960325608711
0.000960566536267
0.000960891212817
0.000961301322356
0.000961798609324
0.000962384877214
0.000963061986369
0.000963831850984
0.000964696435327
0.000965657749216
0.000966717842768
0.000967878800456
0.000969142734521
0.000970511777770
0.000971988075821
0.000973573778827
0.000975271032760
0.000977081970288
0.000979008701322
0.000981053303293
0.000983217811219
0.000985504207634
0.000987914412442
0.000990450272761
0.000993113552828
0.000995905924019
0.000998828955051
0.001001884102432
0.001005072701200
0.001008395956018
0.001011854932669
0.001015450549999
0.001019183572352
0.001023054602533
0.001027064075335
0.001031212251672
0.001035499213316
0.001039924858302
0.001044488896979
0.001049190848745
0.001054030039469
0.001059005599601
0.001064116462963
0.001069361366232
0.001074738849085
0.001080247254996
0.001085884732667
0.001091649238056
0.001097538536984
0.001103550208260
0.001109681647321
0.001115930070301
0.001122292518512
0.001128765863272
0.001135346811031
0.001142031908742
0.001148817549420
0.001155699977836
0.001162675296282
0.001169739470368
0.001176888334777
0.001184117598946
0.001191422852599
0.001198799571103
0.001206243120588
0.001213748762793
0.001221311659586
0.001228926877133
0.001236589389674
0.001244294082866
0.001252035756683
0.001259809127835
0.001267608831691
0.001275429423701
0.001283265380294
0.001291111099261
0.001298960899632
0.001306809021040
0.001314649622608
0.001322476781375
0.001330284490294
0.001338066655837
0.001345817095262
0.001353529533578
0.001361197600280
0.001368814825905
0.001376374638479
0.001383870359933
0.001391295202551
0.001398642265541
0.001405904531793
0.001413074864927
0.001420146006695
0.001427110574838
0.001433961061471
0.001440689832091
0.001447289125288
0.001453751053248
0.001460067603127
0.001466230639385
0.001472231907156
0.001478063036738
0.001483715549267
0.001489180863659
0.001494450304881
0.001499515113606
0.001504366457324
0.001508995442931
0.001513393130864
0.001517550550787
0.001521458718870
0.001525108656658
0.001528491411537
0.001531598078796
0.001534419825239
0.001536947914351
0.001539173732944
