0.000262011130335
0.000262058775853
0.000262106104384
0.000262153117000
0.000262199815055
0.000262246200137
0.000262292274020
0.000262338038592
0.000262383495791
0.000262428647533
0.000262473495645
0.000262518041795
0.000262562287438
0.000262606233769
0.000262649881684
0.000262693231758
0.000262736284242
0.000262779039064
0.000262821495852
0.000262863653972
0.000262905512568
0.000262947070625
0.000262988327026
0.000263029280629
0.000263069930328
0.000263110275130
0.000263150314222
0.000263190047023
0.000263229473245
0.000263268592921
0.000263307406440
0.000263345914549
0.000263384118355
0.000263422019300
0.000263459619124
0.000263496919824
0.000263533923584
0.000263570632715
0.000263607049579
0.000263643176512
0.000263679015752
0.000263714569371
0.000263749839214
0.000263784826849
0.000263819533531
0.000263853960176
0.000263888107359
0.000263921975317
0.000263955563972
0.000263988872971
0.000264021901727
0.000264054649488
0.000264087115393
0.000264119298549
0.000264151198104
0.000264182813315
0.000264214143621
0.000264245188697
0.000264275948511
0.000264306423354
0.000264336613872
0.000264366521067
0.000264396146291
0.000264425491226
0.000264454557841
0.000264483348343
0.000264511865116
0.000264540110654
0.000264568087484
0.000264595798096
0.000264623244869
0.000264650430007
0.000264677355482
0.000264704022987
0.000264730433904
0.000264756589283
0.000264782489840
0.000264808135962
0.000264833527738
0.000264858664990
0.000264883547323
0.000264908174185
0.000264932544929
0.000264956658882
0.000264980515416
0.000265004114013
0.000265027454331
0.000265050536256
0.000265073359949
0.000265095925877
0.000265118234830
0.000265140287927
0.000265162086605
0.000265183632587
0.000265204927853
0.000265225974580
0.000265246775091
0.000265267331790
0.000265287647091
0.000265307723355
0.000265327562828
0.000265347167581
0.000265366539464
0.000265385680066
0.000265404590690
0.000265423272339
0.000265441725715
0.000265459951228
0.000265477949028
0.000265495719031
0.000265513260971
0.000265530574448
0.000265547658989
0.000265564514106
0.000265581139356
0.000265597534405
0.000265613699072
0.000265629633381
0.000265645337592
0.000265660812229
0.000265676058086
0.000265691076231
0.000265705867988
0.000265720434913
0.000265734778757
0.000265748901422
0.000265762804912
0.000265776491274
0.000265789962548
0.000265803220711
0.000265816267627
0.000265829105003
0.000265841734352
0.000265854156968
0.000265866373903
0.000265878385965
0.000265890193717
0.000265901797493
0.000265913197417
0.000265924393438
0.000265935385364
0.000265946172909
0.000265956755736
0.000265967133509
0.000265977305935
0.000265987272813
0.000265997034068
0.000266006589786
0.000266015940233
0.000266025085875
0.000266034027374
0.000266042765589
0.000266051301556
0.000266059636464
0.000266067771629
0.000266075708455
0.000266083448397
0.000266090992921
0.000266098343462
0.000266105501394
0.000266112467989
0.000266119244397
0.000266125831619
0.000266132230491
0.000266138441684
0.000266144465693
0.000266150302851
0.000266155953340
0.000266161417210
0.000266166694401
0.000266171784775
0.000266176688143
0.000266181404297
0.000266185933043
0.000266190274227
0.000266194427763
0.000266198393650
0.000266202171990
0.000266205762994
0.000266209166984
0.000266212384390
0.000266215415737
0.000266218261631
0.000266220922740
0.000266223399771
0.000266225693450
0.000266227804494
0.000266229733598
0.000266231481409
0.000266233048515
0.000266234435430
0.000266235642589
0.000266236670344
0.000266237518960
0.000266238188626
0.000266238679457
0.000266238991508
0.000266239124782
0.000266239079248
0.000266238854855
0.000266238451543
0.000266237869260
0.000266237107975
0.000266236167680
0.000266235048404
0.000266233750205
0.000266232273179
0.000266230617444
0.000266228783137
0.000266226770397
0.000266224579356
0.000266222210122
0.000266219662764
0.000266216937303
0.000266214033700
0.000266210951852
0.000266207691590
0.000266204252679
0.000266200634830
0.000266196837706
0.000266192860939
0.000266188704146
0.000266184366945
0.000266179848976
0.000266175149916
0.000266170269497
0.000266165207520
0.000266159963862
0.000266154538484
0.000266148931433
0.000266143142837
0.000266137172894
0.000266131021860
0.000266124690030
0.000266118177710
0.000266111485195
0.000266104612734
0.000266097560505
0.000266090328582
0.000266082916907
0.000266075325274
0.000266067553306
0.000266059600450
0.000266051465973
0.000266043148976
0.000266034648403
0.000266025963076
0.000266017091719
0.000266008033003
0.000265998785587
0.000265989348161
0.000265979719493
0.000265969898471
0.000265959884140
0.000265949675735
0.000265939272703
0.000265928674716
0.000265917881676
0.000265906893708
0.000265895711138
0.000265884334469
0.000265872764334
0.000265861001455
0.000265849046583
0.000265836900442
0.000265824563666
0.000265812036740
0.000265799319941
0.000265786413293
0.000265773316524
0.000265760029040
0.000265746549911
0.000265732877876
0.000265719011356
0.000265704948495
0.000265690687199
0.000265676225205
0.000265661560144
0.000265646689624
0.000265631611305
0.000265616322979
0.000265600822647
0.000265585108586
0.000265569179403
0.000265553034075
0.000265536671980
0.000265520092902
0.000265503297016
0.000265486284866
0.000265469057311
0.000265451615467
0.000265433960621
0.000265416094152
0.000265398017427
0.000265379731708
0.000265361238052
0.000265342537219
0.000265323629598
0.000265304515135
0.000265285193292
0.000265265663020
0.000265245922760
0.000265225970464
0.000265205803640
0.000265185419422
0.000265164814658
0.000265143986007
0.000265122930057
0.000265101643442
0.000265080122958
0.000265058365677
0.000265036369054
0.000265014131006
0.000264991649985
0.000264968925020
0.000264945955736
0.000264922742344
0.000264899285608
0.000264875586783
0.000264851647528
0.000264827469799
0.000264803055730
0.000264778407499
0.000264753527186
0.000264728416642
0.000264703077354
0.000264677510335
0.000264651716022
0.000264625694214
0.000264599444024
0.000264572963869
0.000264546251495
0.000264519304027
0.000264492118056
0.000264464689745
0.000264437014965
0.000264409089437
0.000264380908892
0.000264352469226
0.000264323766657
0.000264294797861
0.000264265560092
0.000264236051284
0.000264206270116
0.000264176216043
0.000264145889300
0.000264115290862
0.000264084422378
0.000264053286066
0.000264021884582
0.000263990220874
0.000263958298005
0.000263926118990
0.000263893686607
0.000263861003242
0.000263828070726
0.000263794890219
0.000263761462101
0.000263727785919
0.000263693860356
0.000263659683249
0.000263625251644
0.000263590561893
0.000263555609772
0.000263520390646
0.000263484899636
0.000263449131813
0.000263413082391
0.000263376746912
0.000263340121424
0.000263303202639
0.000263265988051
0.000263228476037
0.000263190665903
0.000263152557899
0.000263114153187
0.000263075453768
0.000263036462370
0.000262997182306
0.000262957617292
0.000262917771263
0.000262877648159
0.000262837251722
0.000262796585296
0.000262755651641
0.000262714452777
0.000262672989860
0.000262631263096
0.000262589271703
0.000262547013913
0.000262504487025
0.000262461687499
0.000262418611094
0.000262375253032
0.000262331608197
0.000262287671343
0.000262243437316
0.000262198901271
0.000262154058871
0.000262108906477
0.000262063441292
