0.000384444601836
0.000384593468253
0.000384744800986
0.000384898566872
0.000385054731896
0.000385213261244
0.000385374119363
0.000385537270031
0.000385702676432
0.000385870301222
0.000386040106603
0.000386212054384
0.000386386106027
0.000386562222692
0.000386740365254
0.000386920494316
0.000387102570197
0.000387286552908
0.000387472402125
0.000387660077135
0.000387849536788
0.000388040739449
0.000388233642938
0.000388428204491
0.000388624380725
0.000388822127615
0.000389021400491
0.000389222154047
0.000389424342381
0.000389627919035
0.000389832837069
0.000390039049135
0.000390246507570
0.000390455164492
0.000390664971896
0.000390875881749
0.000391087846074
0.000391300817024
0.000391514746940
0.000391729588388
0.000391945294179
0.000392161817368
0.000392379111230
0.000392597129224
0.000392815824943
0.000393035152044
0.000393255064190
0.000393475514975
0.000393696457863
0.000393917846139
0.000394139632865
0.000394361770865
0.000394584212720
0.000394806910794
0.000395029817275
0.000395252884239
0.000395476063732
0.000395699307863
0.000395922568911
0.000396145799435
0.000396368952377
0.000396591981164
0.000396814839799
0.000397037482930
0.000397259865900
0.000397481944782
0.000397703676378
0.000397925018207
0.000398145928461
0.000398366365953
0.000398586290040
0.000398805660546
0.000399024437674
0.000399242581926
0.000399460054027
0.000399676814863
0.000399892825437
0.000400108046847
0.000400322440284
0.000400535967060
0.000400748588653
0.000400960266775
0.000401170963464
0.000401380641177
0.000401589262903
0.000401796792269
0.000402003193650
0.000402208432256
0.000402412474219
0.000402615286651
0.000402816837675
0.000403017096444
0.000403216033121
0.000403413618844
0.000403609825663
0.000403804626464
0.000403997994879
0.000404189905185
0.000404380332206
0.000404569251221
0.000404756637881
0.000404942468141
0.000405126718216
0.000405309364559
0.000405490383863
0.000405669753085
0.000405847449501
0.000406023450773
0.000406197735036
0.000406370280989
0.000406541068004
0.000406710076216
0.000406877286616
0.000407042681131
0.000407206242678
0.000407367955203
0.000407527803692
0.000407685774162
0.000407841853618
0.000407996030002
0.000408148292108
0.000408298629495
0.000408447032386
0.000408593491566
0.000408737998278
0.000408880544138
0.000409021121055
0.000409159721174
0.000409296336837
0.000409430960569
0.000409563585085
0.000409694203324
0.000409822808492
0.000409949394130
0.000410073954190
0.000410196483111
0.000410316975903
0.000410435428222
0.000410551836432
0.000410666197654
0.000410778509800
0.000410888771580
0.000410996982493
0.000411103142797
0.000411207253452
0.000411309316059
0.000411409332776
0.000411507306233
0.000411603239435
0.000411697135679
0.000411788998468
0.000411878831438
0.000411966638301
0.000412052422806
0.000412136188714
0.000412217939795
0.000412297679843
0.000412375412704
0.000412451142320
0.000412524872779
0.000412596608375
0.000412666353661
0.000412734113507
0.000412799893141
0.000412863698191
0.000412925534700
0.000412985409138
0.000413043328386
0.000413099299718
0.000413153330758
0.000413205429425
0.000413255603880
0.000413303862455
0.000413350213584
0.000413394665738
0.000413437227366
0.000413477906835
0.000413516712395
0.000413553652141
0.000413588734006
0.000413621965748
0.000413653354964
0.000413682909110
0.000413710635525
0.000413736541468
0.000413760634156
0.000413782920794
0.000413803408612
0.000413822104889
0.000413839016974
0.000413854152290
0.000413867518334
0.000413879122667
0.000413888972887
0.000413897076607
0.000413903441410
0.000413908074814
0.000413910984233
0.000413912176931
0.000413911659991
0.000413909440284
0.000413905524445
0.000413899918860
0.000413892629658
0.000413883662720
0.000413873023684
0.000413860717967
0.000413846750784
0.000413831127175
0.000413813852025
0.000413794930089
0.000413774366012
0.000413752164334
0.000413728329504
0.000413702865870
0.000413675777674
0.000413647069035
0.000413616743928
0.000413584806159
0.000413551259336
0.000413516106847
0.000413479351838
0.000413440997189
0.000413401045510
0.000413359499131
0.000413316360112
0.000413271630254
0.000413225311120
0.000413177404064
0.000413127910263
0.000413076830751
0.000413024166458
0.000412969918238
0.000412914086904
0.000412856673244
0.000412797678040
0.000412737102069
0.000412674946098
0.000412611210872
0.000412545897089
0.000412479005370
0.000412410536227
0.000412340490027
0.000412268866959
0.000412195667003
0.000412120889904
0.000412044535167
0.000411966602046
0.000411887089558
0.000411805996503
0.000411723321500
0.000411639063030
0.000411553219490
0.000411465789254
0.000411376770727
0.000411286162417
0.000411193962981
0.000411100171280
0.000411004786415
0.000410907807754
0.000410809234945
0.000410709067908
0.000410607306826
0.000410503952107
0.000410399004351
0.000410292464297
0.000410184332772
0.000410074610638
0.000409963298747
0.000409850397895
0.000409735908796
0.000409619832063
0.000409502168212
0.000409382917674
0.000409262080835
0.000409139658078
0.000409015649855
0.000408890056751
0.000408762879575
0.000408634119433
0.000408503777817
0.000408371856674
0.000408238358473
0.000408103286255
0.000407966643661
0.000407828434954
0.000407688665009
0.000407547339290
0.000407404463813
0.000407260045089
0.000407114090064
0.000406966606043
0.000406817600627
0.000406667081642
0.000406515057082
0.000406361535065
0.000406206523806
0.000406050031603
0.000405892066856
0.000405732638089
0.000405571754007
0.000405409423559
0.000405245656018
0.000405080461071
0.000404913848909
0.000404745830317
0.000404576416760
0.000404405620456
0.000404233454428
0.000404059932549
0.000403885069554
0.000403708881038
0.000403531383431
0.000403352593950
0.000403172530542
0.000402991211807
0.000402808656915
0.000402624885526
0.000402439917705
0.000402253773850
0.000402066474629
0.000401878040937
0.000401688493869
0.000401497854716
0.000401306144985
0.000401113386427
0.000400919601105
0.000400724811450
0.000400529040353
0.000400332311245
0.000400134648181
0.000399936075928
0.000399736620030
0.000399536306869
0.000399335163703
0.000399133218684
0.000398930500857
0.000398727040135
0.000398522867256
0.000398318013723
0.000398112511724
0.000397906394052
0.000397699694013
0.000397492445338
0.000397284682094
0.000397076438618
0.000396867749450
0.000396658649296
0.000396449172998
0.000396239355537
0.000396029232044
0.000395818837837
0.000395608208470
0.000395397379789
0.000395186388010
0.000394975269779
0.000394764062250
0.000394552803142
0.000394341530788
0.000394130284176
0.000393919102968
0.000393708027493
0.000393497098737
0.000393286358299
0.000393075848339
0.000392865611510
0.000392655690878
0.000392446129836
0.000392236972020
0.000392028261220
0.000391820041308
0.000391612356165
0.000391405249631
0.000391198765466
0.000390992947328
0.000390787838773
0.000390583483261
0.000390379924188
0.000390177204919
0.000389975368837
0.000389774459395
0.000389574520159
0.000389375594865
0.000389177727450
0.000388980962087
0.000388785343199
0.000388590915463
0.000388397723794
0.000388205813321
0.000388015229342
0.000387826017271
0.000387638222576
0.000387451890706
0.000387267067021
0.000387083796718
0.000386902124762
0.000386722095823
0.000386543754226
0.000386367143907
0.000386192308385
0.000386019290744
