0.000264010761986
0.000264061244167
0.000264111407599
0.000264161247873
0.000264210760377
0.000264259940514
0.000264308783929
0.000264357286716
0.000264405445610
0.000264453258153
0.000264500722817
0.000264547839092
0.000264594607523
0.000264641029698
0.000264687108189
0.000264732846454
0.000264778248686
0.000264823319643
0.000264868064438
0.000264912488327
0.000264956596483
0.000265000393778
0.000265043884579
0.000265087072569
0.000265129960605
0.000265172550605
0.000265214843491
0.000265256839170
0.000265298536566
0.000265339933699
0.000265381027805
0.000265421815487
0.000265462292906
0.000265502455986
0.000265542300626
0.000265581822926
0.000265621019390
0.000265659887118
0.000265698423969
0.000265736628688
0.000265774500993
0.000265812041612
0.000265849252283
0.000265886135697
0.000265922695405
0.000265958935680
0.000265994861349
0.000266030477606
0.000266065789799
0.000266100803218
0.000266135522891
0.000266169953385
0.000266204098639
0.000266237961822
0.000266271545230
0.000266304850225
0.000266337877216
0.000266370625687
0.000266403094265
0.000266435280829
0.000266467182657
0.000266498796587
0.000266530119215
0.000266561147092
0.000266591876924
0.000266622305765
0.000266652431193
0.000266682251462
0.000266711765614
0.000266740973568
0.000266769876150
0.000266798475099
0.000266826773013
0.000266854773267
0.000266882479897
0.000266909897442
0.000266937030779
0.000266963884935
0.000266990464898
0.000267016775432
0.000267042820902
0.000267068605124
0.000267094131241
0.000267119401626
0.000267144417833
0.000267169180573
0.000267193689745
0.000267217944484
0.000267241943267
0.000267265684027
0.000267289164306
0.000267312381418
0.000267335332619
0.000267358015283
0.000267380427070
0.000267402566074
0.000267424430951
0.000267446021028
0.000267467336362
0.000267488377781
0.000267509146879
0.000267529645976
0.000267549878048
0.000267569846624
0.000267589555662
0.000267609009400
0.000267628212206
0.000267647168417
0.000267665882184
0.000267684357329
0.000267702597219
0.000267720604662
0.000267738381830
0.000267755930219
0.000267773250628
0.000267790343183
0.000267807207382
0.000267823842177
0.000267840246072
0.000267856417242
0.000267872353670
0.000267888053284
0.000267903514100
0.000267918734352
0.000267933712620
0.000267948447926
0.000267962939821
0.000267977188434
0.000267991194500
0.000268004959356
0.000268018484911
0.000268031773581
0.000268044828215
0.000268057651988
0.000268070248290
0.000268082620602
0.000268094772373
0.000268106706899
0.000268118427208
0.000268129935972
0.000268141235420
0.000268152327285
0.000268163212773
0.000268173892552
0.000268184366770
0.000268194635094
0.000268204696776
0.000268214550723
0.000268224195600
0.000268233629926
0.000268242852182
0.000268251860921
0.000268260654862
0.000268269232986
0.000268277594609
0.000268285739440
0.000268293667617
0.000268301379725
0.000268308876787
0.000268316160237
0.000268323231871
0.000268330093786
0.000268336748298
0.000268343197860
0.000268349444967
0.000268355492068
0.000268361341476
0.000268366995290
0.000268372455327
0.000268377723070
0.000268382799633
0.000268387685738
0.000268392381719
0.000268396887538
0.000268401202819
0.000268405326896
0.000268409258876
0.000268412997709
0.000268416542260
0.000268419891391
0.000268423044032
0.000268425999256
0.000268428756334
0.000268431314788
0.000268433674425
0.000268435835359
0.000268437798009
0.000268439563091
0.000268441131591
0.000268442504720
0.000268443683865
0.000268444670530
0.000268445466270
0.000268446072627
0.000268446491063
0.000268446722904
0.000268446769290
0.000268446631130
0.000268446309075
0.000268445803503
0.000268445114512
0.000268444241933
0.000268443185351
0.000268441944135
0.000268440517487
0.000268438904485
0.000268437104142
0.000268435115458
0.000268432937474
0.000268430569329
0.000268428010299
0.000268425259835
0.000268422317591
0.000268419183437
0.000268415857459
0.000268412339955
0.000268408631406
0.000268404732451
0.000268400643842
0.000268396366401
0.000268391900968
0.000268387248353
0.000268382409285
0.000268377384368
0.000268372174045
0.000268366778568
0.000268361197976
0.000268355432092
0.000268349480517
0.000268343342648
0.000268337017700
0.000268330504732
0.000268323802689
0.000268316910445
0.000268309826847
0.000268302550762
0.000268295081124
0.000268287416972
0.000268279557490
0.000268271502030
0.000268263250132
0.000268254801531
0.000268246156155
0.000268237314109
0.000268228275649
0.000268219041153
0.000268209611076
0.000268199985904
0.000268190166110
0.000268180152098
0.000268169944164
0.000268159542453
0.000268148946921
0.000268138157316
0.000268127173161
0.000268115993749
0.000268104618152
0.000268093045238
0.000268081273699
0.000268069302089
0.000268057128866
0.000268044752439
0.000268032171220
0.000268019383674
0.000268006388372
0.000267993184026
0.000267979769534
0.000267966144005
0.000267952306778
0.000267938257426
0.000267923995753
0.000267909521771
0.000267894835678
0.000267879937809
0.000267864828595
0.000267849508505
0.000267833977989
0.000267818237420
0.000267802287036
0.000267786126897
0.000267769756832
0.000267753176417
0.000267736384950
0.000267719381444
0.000267702164635
0.000267684732998
0.000267667084786
0.000267649218063
0.000267631130764
0.000267612820749
0.000267594285868
0.000267575524024
0.000267556533235
0.000267537311693
0.000267517857816
0.000267498170284
0.000267478248074
0.000267458090470
0.000267437697067
0.000267417067753
0.000267396202682
0.000267375102231
0.000267353766944
0.000267332197468
0.000267310394483
0.000267288358627
0.000267266090425
0.000267243590221
0.000267220858111
0.000267197893903
0.000267174697070
0.000267151266734
0.000267127601657
0.000267103700256
0.000267079560624
0.000267055180582
0.000267030557724
0.000267005689492
0.000266980573248
0.000266955206353
0.000266929586249
0.000266903710536
0.000266877577046
0.000266851183904
0.000266824529578
0.000266797612916
0.000266770433164
0.000266742989960
0.000266715283325
0.000266687313616
0.000266659081479
0.000266630587779
0.000266601833518
0.000266572819753
0.000266543547501
0.000266514017652
0.000266484230884
0.000266454187586
0.000266423887798
0.000266393331163
0.000266362516898
0.000266331443788
0.000266300110194
0.000266268514086
0.000266236653093
0.000266204524568
0.000266172125667
0.000266139453442
0.000266106504930
0.000266073277258
0.000266039767730
0.000266005973922
0.000265971893755
0.000265937525558
0.000265902868112
0.000265867920677
0.000265832682991
0.000265797155254
0.000265761338086
0.000265725232467
0.000265688839656
0.000265652161108
0.000265615198362
0.000265577952947
0.000265540426266
0.000265502619505
0.000265464533538
0.000265426168852
0.000265387525490
0.000265348603016
0.000265309400494
0.000265269916503
0.000265230149164
0.000265190096195
0.000265149754980
0.000265109122659
0.000265068196226
0.000265026972640
0.000264985448929
0.000264943622308
0.000264901490271
0.000264859050688
0.000264816301876
0.000264773242655
0.000264729872379
0.000264686190947
0.000264642198786
0.000264597896810
0.000264553286358
0.000264508369114
0.000264463147008
0.000264417622103
0.000264371796489
0.000264325672155
0.000264279250890
0.000264232534171
0.000264185523082
0.000264138218244
0.000264090619771
0.000264042727241
0.000263994539706
