0.000168670418843
0.000168677581942
0.000168684733984
0.000168691870492
0.000168698988087
0.000168706084570
0.000168713158968
0.000168720211537
0.000168727243739
0.000168734258166
0.000168741258432
0.000168748249033
0.000168755235172
0.000168762222558
0.000168769217195
0.000168776225152
0.000168783252346
0.000168790304326
0.000168797386073
0.000168804501828
0.000168811654955
0.000168818847825
0.000168826081745
0.000168833356924
0.000168840672471
0.000168848026425
0.000168855415820
0.000168862836771
0.000168870284587
0.000168877753898
0.000168885238796
0.000168892732996
0.000168900229994
0.000168907723234
0.000168915206278
0.000168922672973
0.000168930117609
0.000168937535068
0.000168944920962
0.000168952271746
0.000168959584810
0.000168966858539
0.000168974092347
0.000168981286669
0.000168988442925
0.000168995563449
0.000169002651377
0.000169009710523
0.000169016745217
0.000169023760142
0.000169030760147
0.000169037750075
0.000169044734586
0.000169051717994
0.000169058704127
0.000169065696205
0.000169072696739
0.000169079707460
0.000169086729272
0.000169093762230
0.000169100805537
0.000169107857572
0.000169114915927
0.000169121977467
0.000169129038409
0.000169136094412
0.000169143140684
0.000169150172097
0.000169157183320
0.000169164168954
0.000169171123675
0.000169178042376
0.000169184920309
0.000169191753217
0.000169198537454
0.000169205270079
0.000169211948941
0.000169218572722
0.000169225140957
0.000169231654026
0.000169238113110
0.000169244520124
0.000169250877620
0.000169257188678
0.000169263456776
0.000169269685656
0.000169275879185
0.000169282041221
0.000169288175482
0.000169294285434
0.000169300374176
0.000169306444363
0.000169312498119
0.000169318536983
0.000169324561866
0.000169330573017
0.000169336570011
0.000169342551751
0.000169348516482
0.000169354461825
0.000169360384827
0.000169366282027
0.000169372149541
0.000169377983157
0.000169383778455
0.000169389530921
0.000169395236086
0.000169400889648
0.000169406487606
0.000169412026372
0.000169417502880
0.000169422914661
0.000169428259909
0.000169433537514
0.000169438747068
0.000169443888851
0.000169448963792
0.000169453973403
0.000169458919708
0.000169463805149
0.000169468632495
0.000169473404737
0.000169478124992
0.000169482796399
0.000169487422031
0.000169492004804
0.000169496547394
0.000169501052161
0.000169505521084
0.000169509955696
0.000169514357037
0.000169518725607
0.000169523061345
0.000169527363606
0.000169531631169
0.000169535862255
0.000169540054563
0.000169544205334
0.000169548311419
0.000169552369377
0.000169556375578
0.000169560326315
0.000169564217922
0.000169568046884
0.000169571809948
0.000169575504217
0.000169579127222
0.000169582676992
0.000169586152080
0.000169589551594
0.000169592875185
0.000169596123034
0.000169599295819
0.000169602394664
0.000169605421094
0.000169608376964
0.000169611264404
0.000169614085751
0.000169616843478
0.000169619540128
0.000169622178246
0.000169624760310
0.000169627288658
0.000169629765422
0.000169632192465
0.000169634571310
0.000169636903093
0.000169639188514
0.000169641427803
0.000169643620702
0.000169645766467
0.000169647863884
0.000169649911303
0.000169651906697
0.000169653847726
0.000169655731822
0.000169657556271
0.000169659318310
0.000169661015212
0.000169662644371
0.000169664203374
0.000169665690063
0.000169667102582
0.000169668439412
0.000169669699389
0.000169670881719
0.000169671985968
0.000169673012062
0.000169673960265
0.000169674831168
0.000169675625661
0.000169676344911
0.000169676990335
0.000169677563561
0.000169678066401
0.000169678500799
0.000169678868787
0.000169679172429
0.000169679413760
0.000169679594728
0.000169679717126
0.000169679782535
0.000169679792271
0.000169679747341
0.000169679648405
0.000169679495765
0.000169679289358
0.000169679028769
0.000169678713254
0.000169678341782
0.000169677913078
0.000169677425672
0.000169676877958
0.000169676268243
0.000169675594792
0.000169674855879
0.000169674049816
0.000169673174991
0.000169672229890
0.000169671213119
0.000169670123430
0.000169668959736
0.000169667721134
0.000169666406927
0.000169665016645
0.000169663550069
0.000169662007248
0.000169660388516
0.000169658694500
0.000169656926118
0.000169655084569
0.000169653171306
0.000169651188007
0.000169649136524
0.000169647018832
0.000169644836971
0.000169642592980
0.000169640288842
0.000169637926420
0.000169635507417
0.000169633033323
0.000169630505396
0.000169627924632
0.000169625291755
0.000169622607214
0.000169619871180
0.000169617083557
0.000169614243984
0.000169611351845
0.000169608406286
0.000169605406218
0.000169602350342
0.000169599237162
0.000169596065015
0.000169592832103
0.000169589536535
0.000169586176380
0.000169582749728
0.000169579254753
0.000169575689785
0.000169572053386
0.000169568344411
0.000169564562075
0.000169560705999
0.000169556776247
0.000169552773342
0.000169548698270
0.000169544552458
0.000169540337740
0.000169536056307
0.000169531710646
0.000169527303471
0.000169522837641
0.000169518316093
0.000169513741756
0.000169509117484
0.000169504445987
0.000169499729760
0.000169494971034
0.000169490171717
0.000169485333347
0.000169480457051
0.000169475543511
0.000169470592934
0.000169465605035
0.000169460579036
0.000169455513665
0.000169450407189
0.000169445257453
0.000169440061941
0.000169434817854
0.000169429522206
0.000169424171937
0.000169418764022
0.000169413295605
0.000169407764110
0.000169402167360
0.000169396503679
0.000169390771967
0.000169384971769
0.000169379103307
0.000169373167487
0.000169367165891
0.000169361100732
0.000169354974798
0.000169348791370
0.000169342554134
0.000169336267077
0.000169329934379
0.000169323560299
0.000169317149063
0.000169310704752
0.000169304231195
0.000169297731861
0.000169291209769
0.000169284667395
0.000169278106600
0.000169271528569
0.000169264933761
0.000169258321891
0.000169251691927
0.000169245042112
0.000169238370020
0.000169231672631
0.000169224946438
0.000169218187573
0.000169211391956
0.000169204555457
0.000169197674059
0.000169190744028
0.000169183762069
0.000169176725472
0.000169169632230
0.000169162481135
0.000169155271839
0.000169148004886
0.000169140681711
0.000169133304602
0.000169125876644
0.000169118401623
0.000169110883922
0.000169103328395
0.000169095740224
0.000169088124776
0.000169080487454
0.000169072833542
0.000169065168060
0.000169057495621
0.000169049820297
0.000169042145505
0.000169034473896
0.000169026807280
0.000169019146560
0.000169011491704
0.000169003841746
0.000168996194811
0.000168988548188
0.000168980898423
0.000168973241454
0.000168965572765
0.000168957887563
0.000168950180981
0.000168942448268
0.000168934684994
0.000168926887239
0.000168919051755
0.000168911176115
0.000168903258821
0.000168895299377
0.000168887298324
0.000168879257238
0.000168871178690
0.000168863066168
0.000168854923976
0.000168846757102
0.000168838571068
0.000168830371767
0.000168822165290
0.000168813957750
0.000168805755100
0.000168797562970
0.000168789386499
0.000168781230187
0.000168773097765
0.000168764992086
0.000168756915036
0.000168748867484
0.000168740849255
0.000168732859149
0.000168724894982
0.000168716953680
0.000168709031399
0.000168701123677
0.000168693225621
0.000168685332105
0.000168677437988
0.000168669538329
0.000168661628604
0.000168653704900
0.000168645764084
0.000168637803952
