0.000329399898624
0.000329555865989
0.000329711792322
0.000329867660675
0.000330023454167
0.000330179155971
0.000330334749308
0.000330490217442
0.000330645543677
0.000330800711357
0.000330955703869
0.000331110504654
0.000331265097214
0.000331419465128
0.000331573592064
0.000331727461803
0.000331881058248
0.000332034365445
0.000332187367598
0.000332340049077
0.000332492394433
0.000332644388395
0.000332796015875
0.000332947261962
0.000333098111914
0.000333248551145
0.000333398565213
0.000333548139802
0.000333697260709
0.000333845913829
0.000333994085141
0.000334141760707
0.000334288926658
0.000334435569206
0.000334581674646
0.000334727229365
0.000334872219868
0.000335016632788
0.000335160454914
0.000335303673218
0.000335446274874
0.000335588247283
0.000335729578092
0.000335870255213
0.000336010266829
0.000336149601401
0.000336288247665
0.000336426194625
0.000336563431539
0.000336699947898
0.000336835733404
0.000336970777946
0.000337105071571
0.000337238604459
0.000337371366900
0.000337503349277
0.000337634542051
0.000337764935756
0.000337894520999
0.000338023288468
0.000338151228947
0.000338278333341
0.000338404592697
0.000338529998238
0.000338654541390
0.000338778213820
0.000338901007458
0.000339022914525
0.000339143927553
0.000339264039398
0.000339383243245
0.000339501532602
0.000339618901295
0.000339735343445
0.000339850853444
0.000339965425928
0.000340079055740
0.000340191737895
0.000340303467548
0.000340414239959
0.000340524050469
0.000340632894475
0.000340740767417
0.000340847664777
0.000340953582077
0.000341058514894
0.000341162458878
0.000341265409782
0.000341367363493
0.000341468316063
0.000341568263748
0.000341667203044
0.000341765130713
0.000341862043814
0.000341957939717
0.000342052816116
0.000342146671028
0.000342239502788
0.000342331310030
0.000342422091663
0.000342511846837
0.000342600574910
0.000342688275402
0.000342774947959
0.000342860592313
0.000342945208241
0.000343028795540
0.000343111354003
0.000343192883403
0.000343273383493
0.000343352854007
0.000343431294678
0.000343508705260
0.000343585085558
0.000343660435466
0.000343734755003
0.000343808044348
0.000343880303881
0.000343951534211
0.000344021736202
0.000344090910989
0.000344159059982
0.000344226184871
0.000344292287603
0.000344357370370
0.000344421435570
0.000344484485777
0.000344546523695
0.000344607552119
0.000344667573885
0.000344726591838
0.000344784608787
0.000344841627481
0.000344897650590
0.000344952680689
0.000345006720261
0.000345059771703
0.000345111837348
0.000345162919488
0.000345213020411
0.000345262142430
0.000345310287929
0.000345357459394
0.000345403659450
0.000345448890887
0.000345493156685
0.000345536460020
0.000345578804272
0.000345620193012
0.000345660629993
0.000345700119120
0.000345738664418
0.000345776269996
0.000345812940005
0.000345848678599
0.000345883489891
0.000345917377917
0.000345950346607
0.000345982399759
0.000346013541021
0.000346043773889
0.000346073101708
0.000346101527681
0.000346129054894
0.000346155686339
0.000346181424948
0.000346206273627
0.000346230235289
0.000346253312889
0.000346275509456
0.000346296828110
0.000346317272087
0.000346336844740
0.000346355549542
0.000346373390078
0.000346390370025
0.000346406493128
0.000346421763172
0.000346436183946
0.000346449759205
0.000346462492639
0.000346474387832
0.000346485448234
0.000346495677138
0.000346505077659
0.000346513652723
0.000346521405068
0.000346528337246
0.000346534451639
0.000346539750480
0.000346544235876
0.000346547909839
0.000346550774318
0.000346552831229
0.000346554082484
0.000346554530016
0.000346554175796
0.000346553021852
0.000346551070265
0.000346548323175
0.000346544782769
0.000346540451260
0.000346535330874
0.000346529423818
0.000346522732252
0.000346515258261
0.000346507003828
0.000346497970802
0.000346488160881
0.000346477575592
0.000346466216280
0.000346454084105
0.000346441180041
0.000346427504884
0.000346413059269
0.000346397843687
0.000346381858509
0.000346365104010
0.000346347580392
0.000346329287815
0.000346310226413
0.000346290396317
0.000346269797666
0.000346248430619
0.000346226295354
0.000346203392071
0.000346179720979
0.000346155282287
0.000346130076189
0.000346104102841
0.000346077362349
0.000346049854743
0.000346021579962
0.000345992537837
0.000345962728079
0.000345932150266
0.000345900803845
0.000345868688122
0.000345835802275
0.000345802145354
0.000345767716298
0.000345732513945
0.000345696537049
0.000345659784300
0.000345622254338
0.000345583945770
0.000345544857186
0.000345504987170
0.000345464334309
0.000345422897202
0.000345380674460
0.000345337664707
0.000345293866576
0.000345249278705
0.000345203899730
0.000345157728277
0.000345110762953
0.000345063002340
0.000345014444986
0.000344965089401
0.000344914934053
0.000344863977364
0.000344812217713
0.000344759653432
0.000344706282815
0.000344652104119
0.000344597115570
0.000344541315370
0.000344484701703
0.000344427272742
0.000344369026656
0.000344309961616
0.000344250075800
0.000344189367399
0.000344127834619
0.000344065475688
0.000344002288855
0.000343938272395
0.000343873424612
0.000343807743842
0.000343741228456
0.000343673876867
0.000343605687531
0.000343536658959
0.000343466789716
0.000343396078431
0.000343324523804
0.000343252124605
0.000343178879684
0.000343104787971
0.000343029848472
0.000342954060275
0.000342877422539
0.000342799934492
0.000342721595428
0.000342642404692
0.000342562361677
0.000342481465818
0.000342399716581
0.000342317113464
0.000342233655989
0.000342149343708
0.000342064176204
0.000341978153097
0.000341891274060
0.000341803538826
0.000341714947212
0.000341625499133
0.000341535194627
0.000341444033871
0.000341352017204
0.000341259145144
0.000341165418402
0.000341070837891
0.000340975404735
0.000340879120266
0.000340781986018
0.000340684003717
0.000340585175264
0.000340485502718
0.000340384988268
0.000340283634215
0.000340181442947
0.000340078416912
0.000339974558608
0.000339869870562
0.000339764355326
0.000339658015473
0.000339550853604
0.000339442872359
0.000339334074435
0.000339224462614
0.000339114039790
0.000339002809004
0.000338890773478
0.000338777936647
0.000338664302195
0.000338549874082
0.000338434656562
0.000338318654203
0.000338201871892
0.000338084314828
0.000337965988516
0.000337846898742
0.000337727051548
0.000337606453195
0.000337485110131
0.000337363028943
0.000337240216325
0.000337116679035
0.000336992423870
0.000336867457636
0.000336741787136
0.000336615419161
0.000336488360496
0.000336360617935
0.000336232198305
0.000336103108500
0.000335973355519
0.000335842946515
0.000335711888841
0.000335580190095
0.000335447858169
0.000335314901283
0.000335181328019
0.000335047147336
0.000334912368586
0.000334777001501
0.000334641056185
0.000334504543077
0.000334367472921
0.000334229856709
0.000334091705637
0.000333953031044
0.000333813844355
0.000333674157034
0.000333533980536
0.000333393326271
0.000333252205580
0.000333110629723
0.000332968609882
0.000332826157179
0.000332683282701
0.000332539997545
0.000332396312865
0.000332252239932
0.000332107790187
0.000331962975307
0.000331817807257
0.000331672298335
0.000331526461215
0.000331380308964
0.000331233855061
0.000331087113382
0.000330940098186
0.000330792824074
0.000330645305945
0.000330497558934
0.000330349598349
0.000330201439600
0.000330053098132
