0.001294986319483
0.001310644101802
0.001326563233117
0.001342693295172
0.001358982877348
0.001375379766830
0.001391831141786
0.001408283766769
0.001424684189504
0.001440978938270
0.001457114719031
0.001473038611529
0.001488698263524
0.001504042082386
0.001519019423273
0.001533580773117
0.001547677929701
0.001561264175092
0.001574294442744
0.001586725477616
0.001598515988673
0.001609626793165
0.001620020952137
0.001629663896654
0.001638523544242
0.001646570405140
0.001653777677956
0.001660121334399
0.001665580192795
0.001670135980144
0.001673773382545
0.001676480083841
0.001678246792412
0.001679067256081
0.001678938265167
0.001677859643739
0.001675834229218
0.001672867840486
0.001668969234725
0.001664150053256
0.001658424756683
0.001651810549704
0.001644327295967
0.001635997423428
0.001626845820651
0.001616899724579
0.001606188600299
0.001594744013372
0.001582599495320
0.001569790402893
0.001556353771757
0.001542328165257
0.001527753518947
0.001512670981564
0.001497122753145
0.001481151921007
0.001464802294282
0.001448118237721
0.001431144505466
0.001413926075495
0.001396507985402
0.001378935170203
0.001361252302810
0.001343503637802
0.001325732859105
0.001307982932174
0.001290295961225
0.001272713052044
0.001255274180894
0.001238018069951
0.001220982069739
0.001204202048931
0.001187712291900
0.001171545404324
0.001155732227139
0.001140301759085
0.001125281088030
0.001110695331260
0.001096567584821
0.001082918882013
0.001069768161055
0.001057132241914
0.001045025812244
0.001033461422350
0.001022449489029
0.001011998308130
0.001002114075617
0.000992800916892
0.000984060924100
0.000975894201104
0.000968298915796
0.000961271359372
0.000954806012184
0.000948895615750
0.000943531250490
0.000938702418732
0.000934397132516
0.000930602005720
0.000927302349998
0.000924482274034
0.000922124785592
0.000920211895848
0.000918724725482
0.000917643611999
0.000916948217779
0.000916617638321
0.000916630510186
0.000916965118144
0.000917599501031
0.000918511555858
0.000919679139713
0.000921080169030
0.000922692715809
0.000924495100401
0.000926465980503
0.000928584436012
0.000930830049443
0.000933182981629
0.000935624042433
0.000938134756278
0.000940697422275
0.000943295168802
0.000945912002392
0.000948532850833
0.000951143600395
0.000953731127153
0.000956283322385
0.000958789112051
0.000961238470410
0.000963622427842
0.000965933072968
0.000968163549200
0.000970308045875
0.000972361784143
0.000974320997821
0.000976182909425
0.000977945701636
0.000979608484459
0.000981171258354
0.000982634873642
0.000984000986487
0.000985272011790
0.000986451073311
0.000987541951360
0.000988549028403
0.000989477232932
0.000990331981929
0.000991119122289
0.000991844871530
0.000992515758144
0.000993138561907
0.000993720254487
0.000994267940662
0.000994788800468
0.000995290032552
0.000995778799050
0.000996262172228
0.000996747083173
0.000997240272752
0.000997748245087
0.000998277223731
0.000998833110749
0.000999421448864
0.001000047386812
0.001000715648044
0.001001430502859
0.001002195744065
0.001003014666226
0.001003890048524
0.001004824141253
0.001005818655957
0.001006874759161
0.001007993069667
0.001009173659352
0.001010416057377
0.001011719257713
0.001013081729876
0.001014501432732
0.001015975831231
0.001017501915919
0.001019076225054
0.001020694869143
0.001022353557714
0.001024047628122
0.001025772076185
0.001027521588416
0.001029290575665
0.001031073207904
0.001032863449964
0.001034655097973
0.001036441816266
0.001038217174558
0.001039974685125
0.001041707839809
0.001043410146595
0.001045075165591
0.001046696544183
0.001048268051193
0.001049783609859
0.001051237329464
0.001052623535468
0.001053936797995
0.001055171958541
0.001056324154797
0.001057388843466
0.001058361821001
0.001059239242176
0.001060017636422
0.001060693921892
0.001061265417206
0.001061729850858
0.001062085368281
0.001062330536567
0.001062464346872
0.001062486214530
0.001062395976926
0.001062193889196
0.001061880617816
0.001061457232165
0.001060925194169
0.001060286346119
0.001059542896787
0.001058697405958
0.001057752767511
0.001056712191183
0.001055579183162
0.001054357525648
0.001053051255532
0.001051664642339
0.001050202165592
0.001048668491734
0.001047068450773
0.001045407012778
0.001043689264386
0.001041920385454
0.001040105625994
0.001038250283527
0.001036359680982
0.001034439145263
0.001032493986600
0.001030529478799
0.001028550840474
0.001026563217383
0.001024571665921
0.001022581137864
0.001020596466424
0.001018622353653
0.001016663359265
0.001014723890882
0.001012808195739
0.001010920353850
0.001009064272636
0.001007243683008
0.001005462136873
0.001003723006047
0.001002029482518
0.001000384580036
0.000998791136942
0.000997251820213
0.000995769130625
0.000994345408969
0.000992982843247
0.000991683476759
0.000990449216987
0.000989281845191
0.000988183026619
0.000987154321224
0.000986197194797
0.000985313030404
0.000984503140030
0.000983768776306
0.000983111144245
0.000982531412854
0.000982030726534
0.000981610216173
0.000981271009828
0.000981014242915
0.000980841067818
0.000980752662844
0.000980750240443
0.000980835054648
0.000981008407659
0.000981271655534
0.000981626212944
0.000982073556960
0.000982615229842
0.000983252840817
0.000983988066837
0.000984822652305
0.000985758407783
0.000986797207688
0.000987940986987
0.000989191736925
0.000990551499809
0.000992022362884
0.000993606451347
0.000995305920539
0.000997122947381
0.000999059721103
0.001001118433330
0.001003301267607
0.001005610388417
0.001008047929789
0.001010615983560
0.001013316587387
0.001016151712579
0.001019123251844
0.001022233007034
0.001025482676962
0.001028873845385
0.001032407969221
0.001036086367075
0.001039910208161
0.001043880501660
0.001047998086600
0.001052263622307
0.001056677579473
0.001061240231904
0.001065951648963
0.001070811688781
0.001075819992231
0.001080975977713
0.001086278836761
0.001091727530486
0.001097320786860
0.001103057098854
0.001108934723411
0.001114951681245
0.001121105757462
0.001127394502964
0.001133815236609
0.001140365048098
0.001147040801538
0.001153839139641
0.001160756488498
0.001167789062880
0.001174932872000
0.001182183725677
0.001189537240829
0.001196988848235
0.001204533799502
0.001212167174155
0.001219883886797
0.001227678694271
0.001235546202755
0.001243480874733
0.001251477035786
0.001259528881143
0.001267630481943
0.001275775791162
0.001283958649159
0.001292172788802
0.001300411840143
0.001308669334612
0.001316938708699
0.001325213307130
0.001333486385493
0.001341751112339
0.001350000570754
0.001358227759400
0.001366425593068
0.001374586902746
0.001382704435264
0.001390770852526
0.001398778730420
0.001406720557426
0.001414588733019
0.001422375565915
0.001430073272259
0.001437673973816
0.001445169696279
0.001452552367754
0.001459813817544
0.001466945775313
0.001473939870732
0.001480787633701
0.001487480495260
0.001494009789269
0.001500366754966
0.001506542540502
0.001512528207533
0.001518314736972
0.001523893035991
0.001529253946334
0.001534388254050
0.001539286700691
0.001543939996051
0.001548338832502
0.001552473900973
0.001556335908609
0.001559915598141
0.001563203768978
0.001566191300027
0.001568869174241
0.001571228504857
0.001573260563310
0.001574956808758
0.001576308919172
0.001577308823904
0.001577948737659
0.001578221195761
