0.000238218176869
0.000238244621948
0.000238270925276
0.000238297086755
0.000238323106576
0.000238348985205
0.000238374723354
0.000238400321948
0.000238425782076
0.000238451104946
0.000238476291826
0.000238501343991
0.000238526262666
0.000238551048977
0.000238575703898
0.000238600228220
0.000238624622513
0.000238648887108
0.000238673022087
0.000238697027282
0.000238720902284
0.000238744646467
0.000238768259014
0.000238791738954
0.000238815085206
0.000238838296623
0.000238861372039
0.000238884310323
0.000238907110417
0.000238929771384
0.000238952292444
0.000238974673002
0.000238996912675
0.000239019011298
0.000239040968936
0.000239062785873
0.000239084462603
0.000239105999803
0.000239127398307
0.000239148659069
0.000239169783125
0.000239190771549
0.000239211625411
0.000239232345735
0.000239252933460
0.000239273389406
0.000239293714241
0.000239313908465
0.000239333972390
0.000239353906133
0.000239373709623
0.000239393382602
0.000239412924649
0.000239432335199
0.000239451613569
0.000239470758998
0.000239489770676
0.000239508647786
0.000239527389537
0.000239545995202
0.000239564464150
0.000239582795876
0.000239600990021
0.000239619046390
0.000239636964964
0.000239654745897
0.000239672389519
0.000239689896317
0.000239707266921
0.000239724502077
0.000239741602622
0.000239758569449
0.000239775403475
0.000239792105605
0.000239808676704
0.000239825117556
0.000239841428848
0.000239857611140
0.000239873664852
0.000239889590250
0.000239905387445
0.000239921056394
0.000239936596908
0.000239952008669
0.000239967291246
0.000239982444127
0.000239997466738
0.000240012358480
0.000240027118759
0.000240041747015
0.000240056242750
0.000240070605561
0.000240084835154
0.000240098931366
0.000240112894178
0.000240126723715
0.000240140420251
0.000240153984195
0.000240167416085
0.000240180716559
0.000240193886342
0.000240206926211
0.000240219836968
0.000240232619411
0.000240245274302
0.000240257802341
0.000240270204139
0.000240282480197
0.000240294630894
0.000240306656471
0.000240318557031
0.000240330332540
0.000240341982835
0.000240353507638
0.000240364906576
0.000240376179204
0.000240387325031
0.000240398343550
0.000240409234267
0.000240419996729
0.000240430630553
0.000240441135451
0.000240451511245
0.000240461757886
0.000240471875463
0.000240481864199
0.000240491724454
0.000240501456710
0.000240511061554
0.000240520539658
0.000240529891750
0.000240539118586
0.000240548220922
0.000240557199476
0.000240566054908
0.000240574787785
0.000240583398561
0.000240591887564
0.000240600254979
0.000240608500845
0.000240616625059
0.000240624627383
0.000240632507461
0.000240640264838
0.000240647898989
0.000240655409348
0.000240662795337
0.000240670056405
0.000240677192054
0.000240684201876
0.000240691085573
0.000240697842980
0.000240704474085
0.000240710979032
0.000240717358121
0.000240723611805
0.000240729740674
0.000240735745432
0.000240741626868
0.000240747385826
0.000240753023169
0.000240758539738
0.000240763936317
0.000240769213597
0.000240774372144
0.000240779412373
0.000240784334526
0.000240789138663
0.000240793824656
0.000240798392197
0.000240802840808
0.000240807169869
0.000240811378641
0.000240815466306
0.000240819432004
0.000240823274881
0.000240826994123
0.000240830589009
0.000240834058942
0.000240837403486
0.000240840622394
0.000240843715623
0.000240846683347
0.000240849525955
0.000240852244039
0.000240854838375
0.000240857309891
0.000240859659630
0.000240861888704
0.000240863998248
0.000240865989363
0.000240867863073
0.000240869620267
0.000240871261665
0.000240872787773
0.000240874198862
0.000240875494947
0.000240876675783
0.000240877740870
0.000240878689470
0.000240879520640
0.000240880233267
0.000240880826116
0.000240881297887
0.000240881647269
0.000240881873002
0.000240881973934
0.000240881949078
0.000240881797656
0.000240881519140
0.000240881113284
0.000240880580134
0.000240879920037
0.000240879133628
0.000240878221806
0.000240877185699
0.000240876026615
0.000240874745986
0.000240873345304
0.000240871826054
0.000240870189644
0.000240868437340
0.000240866570204
0.000240864589041
0.000240862494355
0.000240860286321
0.000240857964769
0.000240855529185
0.000240852978721
0.000240850312232
0.000240847528314
0.000240844625365
0.000240841601645
0.000240838455354
0.000240835184701
0.000240831787990
0.000240828263686
0.000240824610484
0.000240820827368
0.000240816913658
0.000240812869039
0.000240808693578
0.000240804387722
0.000240799952284
0.000240795388402
0.000240790697497
0.000240785881202
0.000240780941298
0.000240775879627
0.000240770698011
0.000240765398167
0.000240759981627
0.000240754449663
0.000240748803226
0.000240743042894
0.000240737168843
0.000240731180826
0.000240725078180
0.000240718859841
0.000240712524386
0.000240706070087
0.000240699494976
0.000240692796925
0.000240685973731
0.000240679023210
0.000240671943280
0.000240664732053
0.000240657387907
0.000240649909559
0.000240642296113
0.000240634547101
0.000240626662494
0.000240618642708
0.000240610488580
0.000240602201331
0.000240593782509
0.000240585233920
0.000240576557546
0.000240567755456
0.000240558829712
0.000240549782276
0.000240540614916
0.000240531329131
0.000240521926072
0.000240512406493
0.000240502770708
0.000240493018572
0.000240483149480
0.000240473162383
0.000240463055832
0.000240452828025
0.000240442476884
0.000240432000130
0.000240421395377
0.000240410660226
0.000240399792358
0.000240388789629
0.000240377650149
0.000240366372361
0.000240354955099
0.000240343397628
0.000240331699672
0.000240319861419
0.000240307883505
0.000240295766987
0.000240283513284
0.000240271124121
0.000240258601444
0.000240245947336
0.000240233163924
0.000240220253288
0.000240207217363
0.000240194057859
0.000240180776184
0.000240167373381
0.000240153850079
0.000240140206468
0.000240126442280
0.000240112556804
0.000240098548903
0.000240084417065
0.000240070159454
0.000240055773981
0.000240041258389
0.000240026610334
0.000240011827475
0.000239996907568
0.000239981848544
0.000239966648587
0.000239951306204
0.000239935820273
0.000239920190083
0.000239904415355
0.000239888496244
0.000239872433328
0.000239856227578
0.000239839880308
0.000239823393123
0.000239806767845
0.000239790006437
0.000239773110922
0.000239756083298
0.000239738925457
0.000239721639107
0.000239704225703
0.000239686686390
0.000239669021955
0.000239651232795
0.000239633318902
0.000239615279858
0.000239597114855
0.000239578822718
0.000239560401952
0.000239541850792
0.000239523167272
0.000239504349293
0.000239485394697
0.000239466301349
0.000239447067211
0.000239427690413
0.000239408169320
0.000239388502593
0.000239368689229
0.000239348728599
0.000239328620468
0.000239308364999
0.000239287962750
0.000239267414644
0.000239246721942
0.000239225886188
0.000239204909156
0.000239183792784
0.000239162539101
0.000239141150151
0.000239119627922
0.000239097974267
0.000239076190837
0.000239054279018
0.000239032239880
0.000239010074131
0.000238987782089
0.000238965363664
0.000238942818358
0.000238920145278
0.000238897343161
0.000238874410413
0.000238851345169
0.000238828145349
0.000238804808735
0.000238781333051
0.000238757716042
0.000238733955562
0.000238710049650
0.000238685996614
0.000238661795093
0.000238637444117
0.000238612943153
0.000238588292133
0.000238563491469
0.000238538542047
0.000238513445208
