0.000174755222393
0.000174760401708
0.000174765595221
0.000174770799919
0.000174776013366
0.000174781233752
0.000174786459914
0.000174791691344
0.000174796928170
0.000174802171122
0.000174807421471
0.000174812680960
0.000174817951705
0.000174823236093
0.000174828536669
0.000174833856016
0.000174839196639
0.000174844560851
0.000174849950675
0.000174855367757
0.000174860813296
0.000174866288000
0.000174871792056
0.000174877325126
0.000174882886364
0.000174888474441
0.000174894087596
0.000174899723690
0.000174905380274
0.000174911054651
0.000174916743955
0.000174922445219
0.000174928155446
0.000174933871675
0.000174939591044
0.000174945310854
0.000174951028616
0.000174956742106
0.000174962449401
0.000174968148917
0.000174973839429
0.000174979520087
0.000174985190416
0.000174990850304
0.000174996499978
0.000175002139969
0.000175007771063
0.000175013394247
0.000175019010648
0.000175024621465
0.000175030227911
0.000175035831149
0.000175041432237
0.000175047032087
0.000175052631427
0.000175058230773
0.000175063830417
0.000175069430418
0.000175075030602
0.000175080630567
0.000175086229692
0.000175091827154
0.000175097421932
0.000175103012830
0.000175108598489
0.000175114177402
0.000175119747935
0.000175125308352
0.000175130856834
0.000175136391517
0.000175141910518
0.000175147411979
0.000175152894098
0.000175158355175
0.000175163793642
0.000175169208099
0.000175174597337
0.000175179960362
0.000175185296400
0.000175190604903
0.000175195885540
0.000175201138186
0.000175206362903
0.000175211559919
0.000175216729602
0.000175221872434
0.000175226988992
0.000175232079917
0.000175237145898
0.000175242187647
0.000175247205875
0.000175252201274
0.000175257174487
0.000175262126085
0.000175267056535
0.000175271966170
0.000175276855163
0.000175281723490
0.000175286570912
0.000175291396955
0.000175296200896
0.000175300981761
0.000175305738342
0.000175310469205
0.000175315172733
0.000175319847154
0.000175324490598
0.000175329101137
0.000175333676845
0.000175338215845
0.000175342716357
0.000175347176744
0.000175351595543
0.000175355971497
0.000175360303575
0.000175364590989
0.000175368833202
0.000175373029930
0.000175377181142
0.000175381287052
0.000175385348111
0.000175389364986
0.000175393338544
0.000175397269820
0.000175401159983
0.000175405010294
0.000175408822063
0.000175412596587
0.000175416335102
0.000175420038718
0.000175423708367
0.000175427344749
0.000175430948290
0.000175434519105
0.000175438056979
0.000175441561362
0.000175445031372
0.000175448465822
0.000175451863251
0.000175455221970
0.000175458540113
0.000175461815698
0.000175465046684
0.000175468231029
0.000175471366749
0.000175474451968
0.000175477484962
0.000175480464202
0.000175483388389
0.000175486256476
0.000175489067695
0.000175491821572
0.000175494517933
0.000175497156911
0.000175499738938
0.000175502264733
0.000175504735278
0.000175507151788
0.000175509515667
0.000175511828457
0.000175514091781
0.000175516307279
0.000175518476537
0.000175520601026
0.000175522682034
0.000175524720613
0.000175526717532
0.000175528673243
0.000175530587866
0.000175532461175
0.000175534292617
0.000175536081328
0.000175537826167
0.000175539525759
0.000175541178540
0.000175542782810
0.000175544336782
0.000175545838636
0.000175547286564
0.000175548678819
0.000175550013757
0.000175551289876
0.000175552505852
0.000175553660573
0.000175554753165
0.000175555783021
0.000175556749817
0.000175557653523
0.000175558494411
0.000175559273046
0.000175559990274
0.000175560647193
0.000175561245115
0.000175561785524
0.000175562270018
0.000175562700251
0.000175563077869
0.000175563404454
0.000175563681460
0.000175563910167
0.000175564091638
0.000175564226690
0.000175564315869
0.000175564359449
0.000175564357425
0.000175564309530
0.000175564215248
0.000175564073839
0.000175563884362
0.000175563645709
0.000175563356629
0.000175563015764
0.000175562621679
0.000175562172899
0.000175561667940
0.000175561105354
0.000175560483760
0.000175559801893
0.000175559058642
0.000175558253088
0.000175557384544
0.000175556452583
0.000175555457061
0.000175554398132
0.000175553276249
0.000175552092153
0.000175550846854
0.000175549541599
0.000175548177829
0.000175546757135
0.000175545281203
0.000175543751762
0.000175542170534
0.000175540539182
0.000175538859270
0.000175537132219
0.000175535359279
0.000175533541499
0.000175531679707
0.000175529774494
0.000175527826199
0.000175525834902
0.000175523800420
0.000175521722304
0.000175519599851
0.000175517432111
0.000175515217909
0.000175512955876
0.000175510644486
0.000175508282100
0.000175505867027
0.000175503397583
0.000175500872152
0.000175498289262
0.000175495647638
0.000175492946269
0.000175490184451
0.000175487361829
0.000175484478418
0.000175481534616
0.000175478531197
0.000175475469293
0.000175472350365
0.000175469176159
0.000175465948662
0.000175462670041
0.000175459342588
0.000175455968658
0.000175452550606
0.000175449090728
0.000175445591199
0.000175442054014
0.000175438480935
0.000175434873436
0.000175431232662
0.000175427559383
0.000175423853968
0.000175420116363
0.000175416346086
0.000175412542237
0.000175408703519
0.000175404828285
0.000175400914594
0.000175396960283
0.000175392963057
0.000175388920578
0.000175384830571
0.000175380690918
0.000175376499755
0.000175372255556
0.000175367957211
0.000175363604074
0.000175359196009
0.000175354733404
0.000175350217173
0.000175345648738
0.000175341029989
0.000175336363241
0.000175331651161
0.000175326896702
0.000175322103018
0.000175317273374
0.000175312411059
0.000175307519287
0.000175302601103
0.000175297659296
0.000175292696309
0.000175287714160
0.000175282714375
0.000175277697934
0.000175272665235
0.000175267616076
0.000175262549662
0.000175257464634
0.000175252359119
0.000175247230813
0.000175242077069
0.000175236895014
0.000175231681672
0.000175226434096
0.000175221149497
0.000175215825373
0.000175210459622
0.000175205050641
0.000175199597402
0.000175194099512
0.000175188557241
0.000175182971529
0.000175177343968
0.000175171676763
0.000175165972666
0.000175160234907
0.000175154467090
0.000175148673094
0.000175142856956
0.000175137022754
0.000175131174481
0.000175125315924
0.000175119450548
0.000175113581386
0.000175107710942
0.000175101841105
0.000175095973091
0.000175090107405
0.000175084243822
0.000175078381409
0.000175072518562
0.000175066653085
0.000175060782281
0.000175054903078
0.000175049012166
0.000175043106146
0.000175037181683
0.000175031235664
0.000175025265339
0.000175019268448
0.000175013243335
0.000175007189024
0.000175001105279
0.000174994992630
0.000174988852368
0.000174982686516
0.000174976497773
0.000174970289429
0.000174964065272
0.000174957829468
0.000174951586436
0.000174945340712
0.000174939096809
0.000174932859078
0.000174926631577
0.000174920417937
0.000174914221254
0.000174908043990
0.000174901887896
0.000174895753961
0.000174889642391
0.000174883552609
0.000174877483297
0.000174871432463
0.000174865397539
0.000174859375500
0.000174853363010
0.000174847356580
0.000174841352732
0.000174835348164
0.000174829339912
0.000174823325490
0.000174817303011
0.000174811271290
0.000174805229906
0.000174799179236
0.000174793120463
0.000174787055544
0.000174780987152
0.000174774918598
0.000174768853718
0.000174762796761
0.000174756752244
0.000174750724819
0.000174744719120
