0.000319723915386
0.000319862904864
0.000320001772032
0.000320140503361
0.000320279085650
0.000320417506005
0.000320555751815
0.000320693810707
0.000320831670501
0.000320969319154
0.000321106744700
0.000321243935195
0.000321380878655
0.000321517563012
0.000321653976066
0.000321790105456
0.000321925938640
0.000322061462895
0.000322196665320
0.000322331532865
0.000322466052369
0.000322600210612
0.000322733994371
0.000322867390494
0.000323000385964
0.000323132967972
0.000323265123985
0.000323396841805
0.000323528109618
0.000323658916026
0.000323789250077
0.000323919101260
0.000324048459499
0.000324177315124
0.000324305658827
0.000324433481607
0.000324560774707
0.000324687529540
0.000324813737615
0.000324939390465
0.000325064479578
0.000325188996337
0.000325312931976
0.000325436277543
0.000325559023892
0.000325681161678
0.000325802681383
0.000325923573355
0.000326043827858
0.000326163435145
0.000326282385526
0.000326400669458
0.000326518277626
0.000326635201017
0.000326751430998
0.000326866959377
0.000326981778440
0.000327095880989
0.000327209260344
0.000327321910332
0.000327433825262
0.000327544999871
0.000327655429263
0.000327765108833
0.000327874034185
0.000327982201040
0.000328089605155
0.000328196242238
0.000328302107878
0.000328407197492
0.000328511506279
0.000328615029205
0.000328717761003
0.000328819696191
0.000328920829121
0.000329021154030
0.000329120665119
0.000329219356637
0.000329317222969
0.000329414258728
0.000329510458840
0.000329605818626
0.000329700333860
0.000329794000823
0.000329886816323
0.000329978777707
0.000330069882843
0.000330160130083
0.000330249518210
0.000330338046362
0.000330425713952
0.000330512520574
0.000330598465906
0.000330683549624
0.000330767771310
0.000330851130383
0.000330933626037
0.000331015257208
0.000331096022554
0.000331175920458
0.000331254949058
0.000331333106294
0.000331410389968
0.000331486797826
0.000331562327645
0.000331636977322
0.000331710744970
0.000331783628996
0.000331855628181
0.000331926741736
0.000331996969340
0.000332066311168
0.000332134767879
0.000332202340602
0.000332269030886
0.000332334840643
0.000332399772070
0.000332463827562
0.000332527009623
0.000332589320769
0.000332650763446
0.000332711339943
0.000332771052331
0.000332829902415
0.000332887891698
0.000332945021381
0.000333001292366
0.000333056705297
0.000333111260605
0.000333164958575
0.000333217799424
0.000333269783385
0.000333320910787
0.000333371182145
0.000333420598225
0.000333469160114
0.000333516869259
0.000333563727500
0.000333609737077
0.000333654900617
0.000333699221107
0.000333742701844
0.000333785346373
0.000333827158414
0.000333868141780
0.000333908300297
0.000333947637721
0.000333986157663
0.000334023863526
0.000334060758455
0.000334096845304
0.000334132126616
0.000334166604630
0.000334200281299
0.000334233158329
0.000334265237229
0.000334296519373
0.000334327006071
0.000334356698638
0.000334385598466
0.000334413707088
0.000334441026236
0.000334467557878
0.000334493304252
0.000334518267876
0.000334542451543
0.000334565858301
0.000334588491418
0.000334610354337
0.000334631450613
0.000334651783854
0.000334671357657
0.000334690175537
0.000334708240873
0.000334725556851
0.000334742126429
0.000334757952300
0.000334773036884
0.000334787382326
0.000334800990508
0.000334813863082
0.000334826001499
0.000334837407063
0.000334848080980
0.000334858024413
0.000334867238529
0.000334875724556
0.000334883483815
0.000334890517760
0.000334896827989
0.000334902416261
0.000334907284486
0.000334911434715
0.000334914869109
0.000334917589909
0.000334919599395
0.000334920899841
0.000334921493473
0.000334921382423
0.000334920568688
0.000334919054105
0.000334916840318
0.000334913928766
0.000334910320679
0.000334906017077
0.000334901018790
0.000334895326474
0.000334888940639
0.000334881861685
0.000334874089933
0.000334865625663
0.000334856469141
0.000334846620651
0.000334836080514
0.000334824849105
0.000334812926858
0.000334800314266
0.000334787011872
0.000334773020253
0.000334758340002
0.000334742971702
0.000334726915901
0.000334710173086
0.000334692743659
0.000334674627915
0.000334655826029
0.000334636338042
0.000334616163859
0.000334595303252
0.000334573755862
0.000334551521223
0.000334528598768
0.000334504987860
0.000334480687806
0.000334455697885
0.000334430017367
0.000334403645526
0.000334376581660
0.000334348825092
0.000334320375174
0.000334291231285
0.000334261392816
0.000334230859161
0.000334199629696
0.000334167703762
0.000334135080641
0.000334101759540
0.000334067739576
0.000334033019761
0.000333997598997
0.000333961476075
0.000333924649682
0.000333887118408
0.000333848880769
0.000333809935222
0.000333770280193
0.000333729914099
0.000333688835380
0.000333647042517
0.000333604534056
0.000333561308622
0.000333517364929
0.000333472701789
0.000333427318098
0.000333381212834
0.000333334385036
0.000333286833783
0.000333238558165
0.000333189557258
0.000333139830093
0.000333089375628
0.000333038192730
0.000332986280152
0.000332933636526
0.000332880260360
0.000332826150046
0.000332771303873
0.000332715720050
0.000332659396740
0.000332602332086
0.000332544524259
0.000332485971487
0.000332426672100
0.000332366624559
0.000332305827486
0.000332244279684
0.000332181980151
0.000332118928079
0.000332055122851
0.000331990564023
0.000331925251298
0.000331859184494
0.000331792363511
0.000331724788286
0.000331656458754
0.000331587374812
0.000331517536285
0.000331446942897
0.000331375594259
0.000331303489858
0.000331230629061
0.000331157011133
0.000331082635262
0.000331007500589
0.000330931606256
0.000330854951450
0.000330777535450
0.000330699357678
0.000330620417743
0.000330540715479
0.000330460250977
0.000330379024604
0.000330297037014
0.000330214289146
0.000330130782209
0.000330046517656
0.000329961497154
0.000329875722538
0.000329789195770
0.000329701918883
0.000329613893941
0.000329525122989
0.000329435608021
0.000329345350946
0.000329254353576
0.000329162617616
0.000329070144673
0.000328976936277
0.000328882993909
0.000328788319046
0.000328692913203
0.000328596777991
0.000328499915169
0.000328402326697
0.000328304014783
0.000328204981923
0.000328105230933
0.000328004764968
0.000327903587527
0.000327801702446
0.000327699113880
0.000327595826273
0.000327491844316
0.000327387172903
0.000327281817074
0.000327175781968
0.000327069072768
0.000326961694659
0.000326853652785
0.000326744952225
0.000326635597975
0.000326525594948
0.000326414947981
0.000326303661860
0.000326191741353
0.000326079191254
0.000325966016436
0.000325852221901
0.000325737812836
0.000325622794664
0.000325507173088
0.000325390954131
0.000325274144156
0.000325156749885
0.000325038778395
0.000324920237107
0.000324801133759
0.000324681476375
0.000324561273215
0.000324440532730
0.000324319263505
0.000324197474213
0.000324075173558
0.000323952370240
0.000323829072914
0.000323705290174
0.000323581030536
0.000323456302447
0.000323331114291
0.000323205474422
0.000323079391197
0.000322952873023
0.000322825928400
0.000322698565979
0.000322570794606
0.000322442623367
0.000322314061630
0.000322185119069
0.000322055805682
0.000321926131796
0.000321796108062
0.000321665745428
0.000321535055115
0.000321404048577
0.000321272737450
0.000321141133509
0.000321009248609
0.000320877094645
0.000320744683503
0.000320612027022
0.000320479136972
