0.000191275570009
0.000191309396763
0.000191343125907
0.000191376754220
0.000191410278355
0.000191443694955
0.000191477000770
0.000191510192765
0.000191543268212
0.000191576224780
0.000191609060584
0.000191641774236
0.000191674364857
0.000191706832082
0.000191739176042
0.000191771397328
0.000191803496958
0.000191835476311
0.000191867337077
0.000191899081187
0.000191930710742
0.000191962227935
0.000191993634976
0.000192024934004
0.000192056126999
0.000192087215691
0.000192118201471
0.000192149085299
0.000192179867621
0.000192210548296
0.000192241126536
0.000192271600872
0.000192301969132
0.000192332228464
0.000192362375370
0.000192392405785
0.000192422315176
0.000192452098668
0.000192481751193
0.000192511267647
0.000192540643056
0.000192569872737
0.000192598952450
0.000192627878533
0.000192656648007
0.000192685258658
0.000192713709088
0.000192741998726
0.000192770127819
0.000192798097382
0.000192825909135
0.000192853565411
0.000192881069053
0.000192908423298
0.000192935631656
0.000192962697784
0.000192989625366
0.000193016417988
0.000193043079019
0.000193069611503
0.000193096018049
0.000193122300733
0.000193148461012
0.000193174499649
0.000193200416644
0.000193226211201
0.000193251881699
0.000193277425698
0.000193302839970
0.000193328120560
0.000193353262873
0.000193378261795
0.000193403111834
0.000193427807284
0.000193452342406
0.000193476711606
0.000193500909622
0.000193524931693
0.000193548773709
0.000193572432342
0.000193595905137
0.000193619190567
0.000193642288058
0.000193665197967
0.000193687921533
0.000193710460789
0.000193732818457
0.000193754997813
0.000193777002551
0.000193798836629
0.000193820504122
0.000193842009076
0.000193863355371
0.000193884546590
0.000193905585910
0.000193926475998
0.000193947218927
0.000193967816105
0.000193988268220
0.000194008575203
0.000194028736208
0.000194048749613
0.000194068613041
0.000194088323406
0.000194107876976
0.000194127269471
0.000194146496177
0.000194165552077
0.000194184432012
0.000194203130838
0.000194221643601
0.000194239965702
0.000194258093056
0.000194276022231
0.000194293750557
0.000194311276218
0.000194328598290
0.000194345716750
0.000194362632451
0.000194379347050
0.000194395862908
0.000194412182967
0.000194428310605
0.000194444249473
0.000194460003337
0.000194475575918
0.000194490970746
0.000194506191018
0.000194521239494
0.000194536118394
0.000194550829332
0.000194565373266
0.000194579750471
0.000194593960532
0.000194608002358
0.000194621874209
0.000194635573746
0.000194649098087
0.000194662443891
0.000194675607440
0.000194688584750
0.000194701371685
0.000194713964082
0.000194726357887
0.000194738549293
0.000194750534873
0.000194762311714
0.000194773877528
0.000194785230749
0.000194796370606
0.000194807297157
0.000194818011297
0.000194828514721
0.000194838809859
0.000194848899763
0.000194858787982
0.000194868478392
0.000194877975027
0.000194887281892
0.000194896402783
0.000194905341112
0.000194914099756
0.000194922680926
0.000194931086071
0.000194939315815
0.000194947369920
0.000194955247299
0.000194962946044
0.000194970463494
0.000194977796325
0.000194984940655
0.000194991892173
0.000194998646270
0.000195005198185
0.000195011543150
0.000195017676537
0.000195023594007
0.000195029291648
0.000195034766107
0.000195040014719
0.000195045035609
0.000195049827785
0.000195054391204
0.000195058726813
0.000195062836556
0.000195066723347
0.000195070391006
0.000195073844158
0.000195077088093
0.000195080128592
0.000195082971727
0.000195085623636
0.000195088090290
0.000195090377251
0.000195092489446
0.000195094430955
0.000195096204828
0.000195097812941
0.000195099255897
0.000195100532973
0.000195101642123
0.000195102580023
0.000195103342173
0.000195103923035
0.000195104316210
0.000195104514644
0.000195104510854
0.000195104297169
0.000195103865972
0.000195103209940
0.000195102322283
0.000195101196952
0.000195099828848
0.000195098213984
0.000195096349639
0.000195094234470
0.000195091868585
0.000195089253590
0.000195086392582
0.000195083290108
0.000195079952073
0.000195076385604
0.000195072598870
0.000195068600858
0.000195064401113
0.000195060009445
0.000195055435619
0.000195050689023
0.000195045778348
0.000195040711269
0.000195035494164
0.000195030131858
0.000195024627427
0.000195018982054
0.000195013194952
0.000195007263360
0.000195001182601
0.000194994946215
0.000194988546153
0.000194981973026
0.000194975216397
0.000194968265113
0.000194961107655
0.000194953732506
0.000194946128508
0.000194938285214
0.000194930193223
0.000194921844473
0.000194913232508
0.000194904352693
0.000194895202384
0.000194885781044
0.000194876090303
0.000194866133954
0.000194855917898
0.000194845450018
0.000194834740001
0.000194823799091
0.000194812639803
0.000194801275576
0.000194789720390
0.000194777988355
0.000194766093282
0.000194754048243
0.000194741865154
0.000194729554370
0.000194717124332
0.000194704581266
0.000194691928947
0.000194679168547
0.000194666298567
0.000194653314854
0.000194640210714
0.000194626977108
0.000194613602922
0.000194600075318
0.000194586380129
0.000194572502304
0.000194558426377
0.000194544136950
0.000194529619171
0.000194514859198
0.000194499844622
0.000194484564864
0.000194469011503
0.000194453178554
0.000194437062676
0.000194420663307
0.000194403982720
0.000194387026008
0.000194369800985
0.000194352318008
0.000194334589730
0.000194316630773
0.000194298457345
0.000194280086797
0.000194261537132
0.000194242826489
0.000194223972605
0.000194204992278
0.000194185900848
0.000194166711709
0.000194147435881
0.000194128081644
0.000194108654258
0.000194089155779
0.000194069584973
0.000194049937344
0.000194030205260
0.000194010378186
0.000193990443012
0.000193970384458
0.000193950185557
0.000193929828177
0.000193909293591
0.000193888563049
0.000193867618361
0.000193846442449
0.000193825019871
0.000193803337294
0.000193781383905
0.000193759151746
0.000193736635977
0.000193713835049
0.000193690750781
0.000193667388354
0.000193643756202
0.000193619865823
0.000193595731483
0.000193571369858
0.000193546799588
0.000193522040767
0.000193497114386
0.000193472041737
0.000193446843795
0.000193421540604
0.000193396150672
0.000193370690414
0.000193345173647
0.000193319611160
0.000193294010379
0.000193268375136
0.000193242705543
0.000193216997997
0.000193191245292
0.000193165436855
0.000193139559077
0.000193113595750
0.000193087528578
0.000193061337743
0.000193035002530
0.000193008501956
0.000192981815412
0.000192954923291
0.000192927807575
0.000192900452376
0.000192872844411
0.000192844973407
0.000192816832412
0.000192788418021
0.000192759730500
0.000192730773809
0.000192701555527
0.000192672086672
0.000192642381426
0.000192612456764
0.000192582332007
0.000192552028295
0.000192521568006
0.000192490974127
0.000192460269596
0.000192429476649
0.000192398616163
0.000192367707049
0.000192336765691
0.000192305805459
0.000192274836321
0.000192243864547
0.000192212892543
0.000192181918793
0.000192150937934
0.000192119940946
0.000192088915455
0.000192057846143
0.000192026715236
0.000191995503069
0.000191964188700
0.000191932750555
0.000191901167082
0.000191869417399
0.000191837481918
0.000191805342916
0.000191772985059
0.000191740395845
0.000191707565979
0.000191674489638
0.000191641164665
0.000191607592638
0.000191573778859
0.000191539732221
0.000191505464992
