0.000263158680040
0.000263207919655
0.000263256842109
0.000263305445260
0.000263353726960
0.000263401685173
0.000263449318084
0.000263496624192
0.000263543602396
0.000263590252050
0.000263636573009
0.000263682565639
0.000263728230812
0.000263773569872
0.000263818584587
0.000263863277074
0.000263907649713
0.000263951705055
0.000263995445712
0.000264038874261
0.000264081993137
0.000264124804543
0.000264167310371
0.000264209512137
0.000264251410939
0.000264293007434
0.000264334301836
0.000264375293936
0.000264415983151
0.000264456368577
0.000264496449072
0.000264536223338
0.000264575690016
0.000264614847784
0.000264653695446
0.000264692232020
0.000264730456809
0.000264768369461
0.000264805970010
0.000264843258900
0.000264880236986
0.000264916905520
0.000264953266116
0.000264989320704
0.000265025071462
0.000265060520750
0.000265095671025
0.000265130524763
0.000265165084375
0.000265199352136
0.000265233330109
0.000265267020097
0.000265300423592
0.000265333541754
0.000265366375398
0.000265398925001
0.000265431190726
0.000265463172460
0.000265494869867
0.000265526282446
0.000265557409603
0.000265588250722
0.000265618805233
0.000265649072681
0.000265679052787
0.000265708745495
0.000265738151010
0.000265767269824
0.000265796102726
0.000265824650797
0.000265852915397
0.000265880898131
0.000265908600814
0.000265936025425
0.000265963174051
0.000265990048832
0.000266016651906
0.000266042985353
0.000266069051145
0.000266094851101
0.000266120386849
0.000266145659805
0.000266170671154
0.000266195421847
0.000266219912608
0.000266244143951
0.000266268116210
0.000266291829574
0.000266315284123
0.000266338479881
0.000266361416853
0.000266384095075
0.000266406514653
0.000266428675796
0.000266450578852
0.000266472224319
0.000266493612868
0.000266514745339
0.000266535622745
0.000266556246258
0.000266576617194
0.000266596736989
0.000266616607177
0.000266636229360
0.000266655605176
0.000266674736275
0.000266693624285
0.000266712270786
0.000266730677289
0.000266748845210
0.000266766775864
0.000266784470443
0.000266801930020
0.000266819155546
0.000266836147856
0.000266852907674
0.000266869435637
0.000266885732299
0.000266901798159
0.000266917633674
0.000266933239280
0.000266948615408
0.000266963762501
0.000266978681028
0.000266993371491
0.000267007834441
0.000267022070478
0.000267036080262
0.000267049864510
0.000267063424002
0.000267076759582
0.000267089872154
0.000267102762682
0.000267115432187
0.000267127881742
0.000267140112466
0.000267152125514
0.000267163922070
0.000267175503333
0.000267186870508
0.000267198024793
0.000267208967362
0.000267219699355
0.000267230221864
0.000267240535921
0.000267250642487
0.000267260542445
0.000267270236588
0.000267279725616
0.000267289010133
0.000267298090647
0.000267306967569
0.000267315641220
0.000267324111842
0.000267332379607
0.000267340444632
0.000267348307001
0.000267355966785
0.000267363424065
0.000267370678957
0.000267377731636
0.000267384582362
0.000267391231494
0.000267397679511
0.000267403927020
0.000267409974763
0.000267415823610
0.000267421474554
0.000267426928695
0.000267432187215
0.000267437251354
0.000267442122378
0.000267446801547
0.000267451290076
0.000267455589107
0.000267459699670
0.000267463622658
0.000267467358801
0.000267470908648
0.000267474272551
0.000267477450668
0.000267480442960
0.000267483249207
0.000267485869029
0.000267488301914
0.000267490547255
0.000267492604388
0.000267494472643
0.000267496151383
0.000267497640058
0.000267498938242
0.000267500045672
0.000267500962279
0.000267501688206
0.000267502223821
0.000267502569711
0.000267502726673
0.000267502695686
0.000267502477880
0.000267502074492
0.000267501486818
0.000267500716159
0.000267499763769
0.000267498630799
0.000267497318249
0.000267495826924
0.000267494157394
0.000267492309972
0.000267490284694
0.000267488081315
0.000267485699320
0.000267483137942
0.000267480396195
0.000267477472917
0.000267474366822
0.000267471076558
0.000267467600768
0.000267463938156
0.000267460087545
0.000267456047933
0.000267451818540
0.000267447398844
0.000267442788602
0.000267437987863
0.000267432996958
0.000267427816479
0.000267422447251
0.000267416890276
0.000267411146689
0.000267405217686
0.000267399104462
0.000267392808148
0.000267386329737
0.000267379670034
0.000267372829603
0.000267365808723
0.000267358607364
0.000267351225170
0.000267343661463
0.000267335915255
0.000267327985275
0.000267319870018
0.000267311567790
0.000267303076778
0.000267294395112
0.000267285520941
0.000267276452497
0.000267267188170
0.000267257726555
0.000267248066512
0.000267238207188
0.000267228148047
0.000267217888868
0.000267207429734
0.000267196771005
0.000267185913276
0.000267174857324
0.000267163604046
0.000267152154392
0.000267140509293
0.000267128669596
0.000267116635994
0.000267104408972
0.000267091988756
0.000267079375280
0.000267066568161
0.000267053566688
0.000267040369834
0.000267026976271
0.000267013384410
0.000266999592439
0.000266985598387
0.000266971400184
0.000266956995726
0.000266942382948
0.000266927559889
0.000266912524749
0.000266897275945
0.000266881812150
0.000266866132319
0.000266850235703
0.000266834121847
0.000266817790572
0.000266801241943
0.000266784476233
0.000266767493863
0.000266750295350
0.000266732881245
0.000266715252067
0.000266697408250
0.000266679350082
0.000266661077662
0.000266642590864
0.000266623889305
0.000266604972338
0.000266585839046
0.000266566488251
0.000266546918537
0.000266527128285
0.000266507115708
0.000266486878902
0.000266466415900
0.000266445724721
0.000266424803430
0.000266403650182
0.000266382263271
0.000266360641164
0.000266338782528
0.000266316686250
0.000266294351435
0.000266271777407
0.000266248963688
0.000266225909974
0.000266202616101
0.000266179082006
0.000266155307687
0.000266131293162
0.000266107038423
0.000266082543404
0.000266057807944
0.000266032831760
0.000266007614433
0.000265982155386
0.000265956453886
0.000265930509044
0.000265904319821
0.000265877885047
0.000265851203438
0.000265824273623
0.000265797094168
0.000265769663602
0.000265741980451
0.000265714043261
0.000265685850618
0.000265657401177
0.000265628693668
0.000265599726912
0.000265570499824
0.000265541011412
0.000265511260773
0.000265481247084
0.000265450969589
0.000265420427589
0.000265389620428
0.000265358547480
0.000265327208138
0.000265295601806
0.000265263727897
0.000265231585821
0.000265199174992
0.000265166494826
0.000265133544740
0.000265100324156
0.000265066832503
0.000265033069213
0.000264999033727
0.000264964725483
0.000264930143919
0.000264895288464
0.000264860158526
0.000264824753488
0.000264789072696
0.000264753115444
0.000264716880972
0.000264680368448
0.000264643576970
0.000264606505552
0.000264569153131
0.000264531518566
0.000264493600645
0.000264455398103
0.000264416909636
0.000264378133929
0.000264339069678
0.000264299715626
0.000264260070596
0.000264220133521
0.000264179903477
0.000264139379709
0.000264098561652
0.000264057448945
0.000264016041432
0.000263974339160
0.000263932342359
0.000263890051416
0.000263847466841
0.000263804589222
0.000263761419174
0.000263717957291
0.000263674204086
0.000263630159940
0.000263585825058
0.000263541199419
0.000263496282749
0.000263451074500
0.000263405573833
0.000263359779631
0.000263313690515
0.000263267304872
0.000263220620910
0.000263173636710
