0.000215258637705
0.000215273608397
0.000215288564204
0.000215303503352
0.000215318423176
0.000215333320219
0.000215348190365
0.000215363028997
0.000215377831160
0.000215392591744
0.000215407305663
0.000215421968030
0.000215436574323
0.000215451120527
0.000215465603265
0.000215480019897
0.000215494368585
0.000215508648334
0.000215522859001
0.000215537001263
0.000215551076561
0.000215565087016
0.000215579035317
0.000215592924590
0.000215606758255
0.000215620539872
0.000215634272985
0.000215647960976
0.000215661606917
0.000215675213453
0.000215688782692
0.000215702316126
0.000215715814574
0.000215729278156
0.000215742706287
0.000215756097708
0.000215769450531
0.000215782762309
0.000215796030126
0.000215809250701
0.000215822420500
0.000215835535857
0.000215848593094
0.000215861588643
0.000215874519158
0.000215887381619
0.000215900173423
0.000215912892456
0.000215925537150
0.000215938106514
0.000215950600149
0.000215963018238
0.000215975361512
0.000215987631204
0.000215999828974
0.000216011956832
0.000216024017039
0.000216036012008
0.000216047944200
0.000216059816021
0.000216071629721
0.000216083387310
0.000216095090477
0.000216106740527
0.000216118338329
0.000216129884292
0.000216141378342
0.000216152819926
0.000216164208033
0.000216175541221
0.000216186817670
0.000216198035234
0.000216209191515
0.000216220283937
0.000216231309826
0.000216242266500
0.000216253151346
0.000216263961908
0.000216274695958
0.000216285351565
0.000216295927150
0.000216306421526
0.000216316833931
0.000216327164033
0.000216337411927
0.000216347578119
0.000216357663486
0.000216367669227
0.000216377596812
0.000216387447906
0.000216397224301
0.000216406927842
0.000216416560348
0.000216426123544
0.000216435618990
0.000216445048021
0.000216454411695
0.000216463710751
0.000216472945579
0.000216482116199
0.000216491222255
0.000216500263023
0.000216509237428
0.000216518144078
0.000216526981304
0.000216535747217
0.000216544439767
0.000216553056811
0.000216561596184
0.000216570055775
0.000216578433594
0.000216586727838
0.000216594936950
0.000216603059665
0.000216611095049
0.000216619042519
0.000216626901852
0.000216634673181
0.000216642356974
0.000216649954008
0.000216657465324
0.000216664892178
0.000216672235981
0.000216679498246
0.000216686680516
0.000216693784305
0.000216700811036
0.000216707761981
0.000216714638212
0.000216721440558
0.000216728169565
0.000216734825476
0.000216741408216
0.000216747917390
0.000216754352296
0.000216760711945
0.000216766995102
0.000216773200324
0.000216779326017
0.000216785370492
0.000216791332032
0.000216797208950
0.000216802999654
0.000216808702699
0.000216814316838
0.000216819841058
0.000216825274614
0.000216830617036
0.000216835868144
0.000216841028033
0.000216846097059
0.000216851075812
0.000216855965080
0.000216860765807
0.000216865479047
0.000216870105919
0.000216874647553
0.000216879105045
0.000216883479409
0.000216887771537
0.000216891982162
0.000216896111831
0.000216900160880
0.000216904129426
0.000216908017360
0.000216911824359
0.000216915549897
0.000216919193273
0.000216922753643
0.000216926230057
0.000216929621502
0.000216932926943
0.000216936145369
0.000216939275832
0.000216942317482
0.000216945269593
0.000216948131588
0.000216950903050
0.000216953583724
0.000216956173513
0.000216958672468
0.000216961080772
0.000216963398713
0.000216965626660
0.000216967765040
0.000216969814304
0.000216971774906
0.000216973647275
0.000216975431797
0.000216977128796
0.000216978738518
0.000216980261128
0.000216981696705
0.000216983045239
0.000216984306645
0.000216985480767
0.000216986567399
0.000216987566301
0.000216988477218
0.000216989299907
0.000216990034153
0.000216990679791
0.000216991236724
0.000216991704927
0.000216992084460
0.000216992375463
0.000216992578147
0.000216992692779
0.000216992719667
0.000216992659127
0.000216992511465
0.000216992276942
0.000216991955752
0.000216991547994
0.000216991053659
0.000216990472613
0.000216989804595
0.000216989049215
0.000216988205969
0.000216987274250
0.000216986253377
0.000216985142622
0.000216983941243
0.000216982648518
0.000216981263786
0.000216979786485
0.000216978216179
0.000216976552601
0.000216974795669
0.000216972945513
0.000216971002484
0.000216968967155
0.000216966840315
0.000216964622953
0.000216962316223
0.000216959921412
0.000216957439887
0.000216954873042
0.000216952222237
0.000216949488737
0.000216946673649
0.000216943777867
0.000216940802019
0.000216937746431
0.000216934611098
0.000216931395673
0.000216928099468
0.000216924721474
0.000216921260398
0.000216917714707
0.000216914082693
0.000216910362540
0.000216906552403
0.000216902650492
0.000216898655144
0.000216894564913
0.000216890378629
0.000216886095471
0.000216881715011
0.000216877237250
0.000216872662640
0.000216867992082
0.000216863226911
0.000216858368858
0.000216853419998
0.000216848382675
0.000216843259424
0.000216838052869
0.000216832765622
0.000216827400175
0.000216821958797
0.000216816443436
0.000216810855630
0.000216805196435
0.000216799466376
0.000216793665415
0.000216787792943
0.000216781847804
0.000216775828333
0.000216769732423
0.000216763557612
0.000216757301184
0.000216750960282
0.000216744532035
0.000216738013676
0.000216731402668
0.000216724696821
0.000216717894387
0.000216710994154
0.000216703995507
0.000216696898472
0.000216689703736
0.000216682412636
0.000216675027126
0.000216667549712
0.000216659983372
0.000216652331446
0.000216644597514
0.000216636785258
0.000216628898321
0.000216620940161
0.000216612913912
0.000216604822259
0.000216596667323
0.000216588450577
0.000216580172784
0.000216571833964
0.000216563433393
0.000216554969637
0.000216546440611
0.000216537843668
0.000216529175714
0.000216520433340
0.000216511612966
0.000216502710996
0.000216493723976
0.000216484648740
0.000216475482552
0.000216466223231
0.000216456869249
0.000216447419809
0.000216437874895
0.000216428235285
0.000216418502540
0.000216408678955
0.000216398767483
0.000216388771634
0.000216378695341
0.000216368542819
0.000216358318405
0.000216348026391
0.000216337670857
0.000216327255519
0.000216316783580
0.000216306257610
0.000216295679453
0.000216285050152
0.000216274369928
0.000216263638170
0.000216252853479
0.000216242013734
0.000216231116190
0.000216220157602
0.000216209134368
0.000216198042685
0.000216186878719
0.000216175638762
0.000216164319400
0.000216152917656
0.000216141431119
0.000216129858057
0.000216118197490
0.000216106449247
0.000216094613983
0.000216082693162
0.000216070689019
0.000216058604476
0.000216046443041
0.000216034208683
0.000216021905684
0.000216009538480
0.000215997111498
0.000215984628991
0.000215972094884
0.000215959512628
0.000215946885083
0.000215934214418
0.000215921502047
0.000215908748586
0.000215895953858
0.000215883116915
0.000215870236102
0.000215857309141
0.000215844333243
0.000215831305239
0.000215818221718
0.000215805079180
0.000215791874186
0.000215778603504
0.000215765264249
0.000215751854000
0.000215738370908
0.000215724813773
0.000215711182098
0.000215697476123
0.000215683696813
0.000215669845841
0.000215655925526
0.000215641938753
0.000215627888876
0.000215613779597
0.000215599614837
0.000215585398600
0.000215571134830
0.000215556827281
0.000215542479392
0.000215528094175
0.000215513674128
0.000215499221159
0.000215484736548
0.000215470220925
