0.000169111120639
0.000169119275608
0.000169127414222
0.000169135540000
0.000169143657313
0.000169151771226
0.000169159887324
0.000169168011515
0.000169176149821
0.000169184308164
0.000169192492149
0.000169200706866
0.000169208956701
0.000169217245179
0.000169225574832
0.000169233947107
0.000169242362301
0.000169250819547
0.000169259316825
0.000169267851018
0.000169276417988
0.000169285012694
0.000169293629325
0.000169302261451
0.000169310902198
0.000169319544423
0.000169328180901
0.000169336804512
0.000169345408428
0.000169353986286
0.000169362532363
0.000169371041724
0.000169379510352
0.000169387935264
0.000169396314583
0.000169404647592
0.000169412934742
0.000169421177628
0.000169429378929
0.000169437542306
0.000169445672268
0.000169453774012
0.000169461853227
0.000169469915899
0.000169477968086
0.000169486015706
0.000169494064325
0.000169502118963
0.000169510183918
0.000169518262616
0.000169526357497
0.000169534469928
0.000169542600158
0.000169550747301
0.000169558909355
0.000169567083257
0.000169575264959
0.000169583449539
0.000169591631326
0.000169599804051
0.000169607961010
0.000169616095242
0.000169624199716
0.000169632267512
0.000169640292021
0.000169648267118
0.000169656187340
0.000169664048037
0.000169671845512
0.000169679577117
0.000169687241334
0.000169694837810
0.000169702367354
0.000169709831898
0.000169717234415
0.000169724578806
0.000169731869750
0.000169739112529
0.000169746312838
0.000169753476575
0.000169760609635
0.000169767717703
0.000169774806060
0.000169781879407
0.000169788941711
0.000169795996075
0.000169803044640
0.000169810088522
0.000169817127768
0.000169824161355
0.000169831187213
0.000169838202276
0.000169845202561
0.000169852183274
0.000169859138932
0.000169866063510
0.000169872950605
0.000169879793606
0.000169886585884
0.000169893320977
0.000169899992778
0.000169906595711
0.000169913124900
0.000169919576314
0.000169925946884
0.000169932234589
0.000169938438516
0.000169944558864
0.000169950596931
0.000169956555039
0.000169962436449
0.000169968245220
0.000169973986063
0.000169979664159
0.000169985284981
0.000169990854093
0.000169996376970
0.000170001858808
0.000170007304364
0.000170012717802
0.000170018102568
0.000170023461283
0.000170028795671
0.000170034106498
0.000170039393557
0.000170044655661
0.000170049890678
0.000170055095578
0.000170060266515
0.000170065398929
0.000170070487669
0.000170075527133
0.000170080511434
0.000170085434564
0.000170090290575
0.000170095073762
0.000170099778828
0.000170104401057
0.000170108936452
0.000170113381858
0.000170117735053
0.000170121994805
0.000170126160898
0.000170130234116
0.000170134216195
0.000170138109746
0.000170141918141
0.000170145645384
0.000170149295965
0.000170152874692
0.000170156386536
0.000170159836457
0.000170163229254
0.000170166569412
0.000170169860971
0.000170173107404
0.000170176311521
0.000170179475387
0.000170182600264
0.000170185686572
0.000170188733878
0.000170191740900
0.000170194705539
0.000170197624938
0.000170200495556
0.000170203313271
0.000170206073499
0.000170208771330
0.000170211401682
0.000170213959456
0.000170216439700
0.000170218837766
0.000170221149455
0.000170223371154
0.000170225499943
0.000170227533678
0.000170229471051
0.000170231311609
0.000170233055750
0.000170234704685
0.000170236260376
0.000170237725450
0.000170239103091
0.000170240396925
0.000170241610892
0.000170242749113
0.000170243815765
0.000170244814951
0.000170245750579
0.000170246626257
0.000170247445191
0.000170248210098
0.000170248923132
0.000170249585828
0.000170250199058
0.000170250763006
0.000170251277163
0.000170251740337
0.000170252150693
0.000170252505800
0.000170252802713
0.000170253038061
0.000170253208159
0.000170253309129
0.000170253337031
0.000170253287991
0.000170253158336
0.000170252944713
0.000170252644193
0.000170252254366
0.000170251773404
0.000170251200109
0.000170250533931
0.000170249774961
0.000170248923912
0.000170247982065
0.000170246951215
0.000170245833593
0.000170244631787
0.000170243348653
0.000170241987227
0.000170240550639
0.000170239042024
0.000170237464445
0.000170235820808
0.000170234113798
0.000170232345808
0.000170230518880
0.000170228634656
0.000170226694335
0.000170224698642
0.000170222647810
0.000170220541579
0.000170218379206
0.000170216159495
0.000170213880842
0.000170211541296
0.000170209138632
0.000170206670438
0.000170204134199
0.000170201527394
0.000170198847589
0.000170196092515
0.000170193260142
0.000170190348745
0.000170187356943
0.000170184283731
0.000170181128493
0.000170177891000
0.000170174571399
0.000170171170186
0.000170167688178
0.000170164126476
0.000170160486428
0.000170156769593
0.000170152977697
0.000170149112600
0.000170145176257
0.000170141170678
0.000170137097895
0.000170132959915
0.000170128758688
0.000170124496059
0.000170120173729
0.000170115793216
0.000170111355820
0.000170106862590
0.000170102314305
0.000170097711460
0.000170093054262
0.000170088342642
0.000170083576273
0.000170078754598
0.000170073876872
0.000170068942196
0.000170063949568
0.000170058897921
0.000170053786167
0.000170048613229
0.000170043378071
0.000170038079720
0.000170032717281
0.000170027289950
0.000170021797021
0.000170016237890
0.000170010612065
0.000170004919175
0.000169999158982
0.000169993331393
0.000169987436481
0.000169981474505
0.000169975445922
0.000169969351409
0.000169963191868
0.000169956968433
0.000169950682456
0.000169944335500
0.000169937929307
0.000169931465766
0.000169924946869
0.000169918374670
0.000169911751229
0.000169905078567
0.000169898358621
0.000169891593197
0.000169884783939
0.000169877932298
0.000169871039505
0.000169864106559
0.000169857134209
0.000169850122949
0.000169843073009
0.000169835984357
0.000169828856690
0.000169821689445
0.000169814481802
0.000169807232696
0.000169799940838
0.000169792604746
0.000169785222780
0.000169777793194
0.000169770314195
0.000169762784016
0.000169755200988
0.000169747563618
0.000169739870676
0.000169732121260
0.000169724314871
0.000169716451460
0.000169708531468
0.000169700555846
0.000169692526051
0.000169684444028
0.000169676312172
0.000169668133270
0.000169659910433
0.000169651647015
0.000169643346530
0.000169635012557
0.000169626648649
0.000169618258249
0.000169609844596
0.000169601410654
0.000169592959029
0.000169584491910
0.000169576011011
0.000169567517519
0.000169559012063
0.000169550494687
0.000169541964847
0.000169533421410
0.000169524862693
0.000169516286497
0.000169507690185
0.000169499070762
0.000169490424984
0.000169481749478
0.000169473040877
0.000169464295959
0.000169455511787
0.000169446685850
0.000169437816179
0.000169428901461
0.000169419941118
0.000169410935364
0.000169401885234
0.000169392792580
0.000169383660038
0.000169374490966
0.000169365289360
0.000169356059739
0.000169346807032
0.000169337536430
0.000169328253248
0.000169318962779
0.000169309670144
0.000169300380153
0.000169291097174
0.000169281825008
0.000169272566784
0.000169263324868
0.000169254100791
0.000169244895202
0.000169235707845
0.000169226537560
0.000169217382320
0.000169208239292
0.000169199104930
0.000169189975101
0.000169180845233
0.000169171710483
0.000169162565929
0.000169153406763
0.000169144228495
0.000169135027139
0.000169125799397
0.000169116542807
0.000169107255876
0.000169097938162
0.000169088590334
0.000169079214175
