0.000269238689593
0.000269297570343
0.000269356121134
0.000269414342180
0.000269472233075
0.000269529792778
0.000269587019631
0.000269643911403
0.000269700465370
0.000269756678411
0.000269812547135
0.000269868068007
0.000269923237499
0.000269978052224
0.000270032509075
0.000270086605349
0.000270140338849
0.000270193707962
0.000270246711712
0.000270299349783
0.000270351622507
0.000270403530830
0.000270455076240
0.000270506260682
0.000270557086444
0.000270607556038
0.000270657672065
0.000270707437084
0.000270756853482
0.000270805923361
0.000270854648429
0.000270903029927
0.000270951068566
0.000270998764499
0.000271046117316
0.000271093126074
0.000271139789339
0.000271186105269
0.000271232071707
0.000271277686286
0.000271322946554
0.000271367850099
0.000271412394665
0.000271456578272
0.000271500399313
0.000271543856641
0.000271586949623
0.000271629678183
0.000271672042807
0.000271714044531
0.000271755684897
0.000271796965894
0.000271837889872
0.000271878459452
0.000271918677410
0.000271958546574
0.000271998069710
0.000272037249413
0.000272076088018
0.000272114587512
0.000272152749476
0.000272190575037
0.000272228064853
0.000272265219111
0.000272302037554
0.000272338519524
0.000272374664034
0.000272410469842
0.000272445935545
0.000272481059683
0.000272515840833
0.000272550277717
0.000272584369284
0.000272618114797
0.000272651513893
0.000272684566630
0.000272717273516
0.000272749635506
0.000272781653996
0.000272813330780
0.000272844668003
0.000272875668091
0.000272906333674
0.000272936667501
0.000272966672352
0.000272996350949
0.000273025705875
0.000273054739495
0.000273083453898
0.000273111850842
0.000273139931727
0.000273167697573
0.000273195149026
0.000273222286379
0.000273249109604
0.000273275618406
0.000273301812286
0.000273327690612
0.000273353252698
0.000273378497880
0.000273403425592
0.000273428035442
0.000273452327265
0.000273476301176
0.000273499957606
0.000273523297320
0.000273546321422
0.000273569031342
0.000273591428813
0.000273613515830
0.000273635294601
0.000273656767490
0.000273677936953
0.000273698805471
0.000273719375489
0.000273739649345
0.000273759629223
0.000273779317096
0.000273798714694
0.000273817823472
0.000273836644602
0.000273855178968
0.000273873427179
0.000273891389599
0.000273909066379
0.000273926457501
0.000273943562837
0.000273960382197
0.000273976915392
0.000273993162289
0.000274009122860
0.000274024797228
0.000274040185705
0.000274055288818
0.000274070107321
0.000274084642204
0.000274098894684
0.000274112866189
0.000274126558331
0.000274139972876
0.000274153111698
0.000274165976743
0.000274178569977
0.000274190893341
0.000274202948712
0.000274214737854
0.000274226262390
0.000274237523771
0.000274248523254
0.000274259261896
0.000274269740547
0.000274279959862
0.000274289920315
0.000274299622223
0.000274309065778
0.000274318251081
0.000274327178181
0.000274335847111
0.000274344257927
0.000274352410742
0.000274360305756
0.000274367943278
0.000274375323743
0.000274382447724
0.000274389315931
0.000274395929210
0.000274402288532
0.000274408394974
0.000274414249699
0.000274419853934
0.000274425208940
0.000274430315985
0.000274435176316
0.000274439791129
0.000274444161553
0.000274448288618
0.000274452173251
0.000274455816255
0.000274459218311
0.000274462379975
0.000274465301687
0.000274467983783
0.000274470426506
0.000274472630033
0.000274474594491
0.000274476319977
0.000274477806584
0.000274479054415
0.000274480063602
0.000274480834317
0.000274481366780
0.000274481661262
0.000274481718088
0.000274481537631
0.000274481120306
0.000274480466559
0.000274479576860
0.000274478451686
0.000274477091511
0.000274475496793
0.000274473667964
0.000274471605417
0.000274469309502
0.000274466780518
0.000274464018712
0.000274461024278
0.000274457797362
0.000274454338068
0.000274450646467
0.000274446722604
0.000274442566515
0.000274438178233
0.000274433557800
0.000274428705276
0.000274423620742
0.000274418304306
0.000274412756098
0.000274406976265
0.000274400964963
0.000274394722347
0.000274388248555
0.000274381543696
0.000274374607832
0.000274367440968
0.000274360043037
0.000274352413893
0.000274344553306
0.000274336460959
0.000274328136450
0.000274319579299
0.000274310788960
0.000274301764833
0.000274292506285
0.000274283012664
0.000274273283330
0.000274263317667
0.000274253115114
0.000274242675180
0.000274231997462
0.000274221081662
0.000274209927590
0.000274198535166
0.000274186904418
0.000274175035466
0.000274162928508
0.000274150583786
0.000274138001566
0.000274125182098
0.000274112125580
0.000274098832127
0.000274085301734
0.000274071534251
0.000274057529356
0.000274043286539
0.000274028805100
0.000274014084141
0.000273999122586
0.000273983919190
0.000273968472575
0.000273952781260
0.000273936843701
0.000273920658336
0.000273904223634
0.000273887538135
0.000273870600504
0.000273853409562
0.000273835964325
0.000273818264027
0.000273800308137
0.000273782096359
0.000273763628626
0.000273744905078
0.000273725926029
0.000273706691924
0.000273687203288
0.000273667460664
0.000273647464559
0.000273627215374
0.000273606713351
0.000273585958521
0.000273564950654
0.000273543689233
0.000273522173431
0.000273500402108
0.000273478373818
0.000273456086834
0.000273433539189
0.000273410728722
0.000273387653141
0.000273364310089
0.000273340697221
0.000273316812272
0.000273292653134
0.000273268217921
0.000273243505026
0.000273218513168
0.000273193241418
0.000273167689223
0.000273141856392
0.000273115743081
0.000273089349752
0.000273062677117
0.000273035726071
0.000273008497607
0.000272980992737
0.000272953212399
0.000272925157369
0.000272896828185
0.000272868225070
0.000272839347885
0.000272810196079
0.000272780768681
0.000272751064287
0.000272721081093
0.000272690816924
0.000272660269302
0.000272629435514
0.000272598312700
0.000272566897949
0.000272535188400
0.000272503181336
0.000272470874285
0.000272438265101
0.000272405352035
0.000272372133791
0.000272338609556
0.000272304779013
0.000272270642328
0.000272236200112
0.000272201453365
0.000272166403396
0.000272131051730
0.000272095400005
0.000272059449858
0.000272023202816
0.000271986660184
0.000271949822951
0.000271912691706
0.000271875266573
0.000271837547171
0.000271799532592
0.000271761221414
0.000271722611731
0.000271683701208
0.000271644487160
0.000271604966646
0.000271565136582
0.000271524993855
0.000271484535444
0.000271443758544
0.000271402660669
0.000271361239758
0.000271319494247
0.000271277423130
0.000271235025990
0.000271192303002
0.000271149254912
0.000271105882983
0.000271062188923
0.000271018174786
0.000270973842860
0.000270929195543
0.000270884235212
0.000270838964095
0.000270793384150
0.000270747496955
0.000270701303623
0.000270654804728
0.000270608000270
0.000270560889659
0.000270513471730
0.000270465744789
0.000270417706676
0.000270369354867
0.000270320686576
0.000270271698883
0.000270222388869
0.000270172753748
0.000270122790999
0.000270072498485
0.000270021874554
0.000269970918128
0.000269919628752
0.000269868006624
0.000269816052597
0.000269763768140
0.000269711155283
0.000269658216528
0.000269604954737
0.000269551373014
0.000269497474563
0.000269443262555
0.000269388739984
0.000269333909547
0.000269278773529
0.000269223333709
0.000269167591300
0.000269111546903
0.000269055200502
0.000268998551485
0.000268941598692
