0.000322222485246
0.000322366617783
0.000322510640799
0.000322654539699
0.000322798299770
0.000322941906196
0.000323085344088
0.000323228598512
0.000323371654539
0.000323514497286
0.000323657111966
0.000323799483939
0.000323941598757
0.000324083442209
0.000324225000357
0.000324366259561
0.000324507206498
0.000324647828168
0.000324788111886
0.000324928045270
0.000325067616210
0.000325206812832
0.000325345623459
0.000325484036555
0.000325622040684
0.000325759624452
0.000325896776469
0.000326033485304
0.000326169739456
0.000326305527333
0.000326440837244
0.000326575657399
0.000326709975929
0.000326843780911
0.000326977060403
0.000327109802496
0.000327241995363
0.000327373627316
0.000327504686863
0.000327635162764
0.000327765044081
0.000327894320218
0.000328022980955
0.000328151016469
0.000328278417341
0.000328405174548
0.000328531279445
0.000328656723734
0.000328781499421
0.000328905598763
0.000329029014213
0.000329151738362
0.000329273763879
0.000329395083458
0.000329515689769
0.000329635575420
0.000329754732937
0.000329873154742
0.000329990833163
0.000330107760444
0.000330223928776
0.000330339330336
0.000330453957337
0.000330567802087
0.000330680857044
0.000330793114883
0.000330904568551
0.000331015211319
0.000331125036829
0.000331234039124
0.000331342212669
0.000331449552354
0.000331556053490
0.000331661711781
0.000331766523289
0.000331870484391
0.000331973591718
0.000332075842099
0.000332177232495
0.000332277759940
0.000332377421484
0.000332476214142
0.000332574134859
0.000332671180478
0.000332767347733
0.000332862633246
0.000332957033544
0.000333050545085
0.000333143164301
0.000333234887641
0.000333325711631
0.000333415632928
0.000333504648382
0.000333592755088
0.000333679950439
0.000333766232164
0.000333851598360
0.000333936047506
0.000334019578472
0.000334102190501
0.000334183883193
0.000334264656465
0.000334344510504
0.000334423445719
0.000334501462675
0.000334578562039
0.000334654744521
0.000334730010814
0.000334804361557
0.000334877797289
0.000334950318430
0.000335021925265
0.000335092617945
0.000335162396502
0.000335231260869
0.000335299210922
0.000335366246516
0.000335432367541
0.000335497573969
0.000335561865906
0.000335625243644
0.000335687707703
0.000335749258864
0.000335809898198
0.000335869627077
0.000335928447175
0.000335986360459
0.000336043369167
0.000336099475774
0.000336154682949
0.000336208993511
0.000336262410374
0.000336314936498
0.000336366574836
0.000336417328291
0.000336467199672
0.000336516191669
0.000336564306828
0.000336611547545
0.000336657916062
0.000336703414482
0.000336748044791
0.000336791808881
0.000336834708592
0.000336876745747
0.000336917922192
0.000336958239842
0.000336997700712
0.000337036306956
0.000337074060887
0.000337110964998
0.000337147021973
0.000337182234681
0.000337216606170
0.000337250139648
0.000337282838457
0.000337314706040
0.000337345745904
0.000337375961586
0.000337405356609
0.000337433934449
0.000337461698503
0.000337488652059
0.000337514798276
0.000337540140171
0.000337564680613
0.000337588422320
0.000337611367874
0.000337633519732
0.000337654880242
0.000337675451676
0.000337695236246
0.000337714236136
0.000337732453529
0.000337749890625
0.000337766549667
0.000337782432954
0.000337797542852
0.000337811881797
0.000337825452294
0.000337838256912
0.000337850298268
0.000337861579015
0.000337872101818
0.000337881869336
0.000337890884197
0.000337899148980
0.000337906666192
0.000337913438254
0.000337919467485
0.000337924756094
0.000337929306175
0.000337933119702
0.000337936198536
0.000337938544428
0.000337940159025
0.000337941043885
0.000337941200486
0.000337940630236
0.000337939334485
0.000337937314539
0.000337934571661
0.000337931107085
0.000337926922011
0.000337922017618
0.000337916395050
0.000337910055424
0.000337902999819
0.000337895229269
0.000337886744764
0.000337877547235
0.000337867637554
0.000337857016530
0.000337845684904
0.000337833643347
0.000337820892467
0.000337807432807
0.000337793264847
0.000337778389014
0.000337762805684
0.000337746515187
0.000337729517810
0.000337711813799
0.000337693403362
0.000337674286666
0.000337654463835
0.000337633934943
0.000337612700009
0.000337590758988
0.000337568111765
0.000337544758141
0.000337520697829
0.000337495930444
0.000337470455496
0.000337444272391
0.000337417380427
0.000337389778798
0.000337361466600
0.000337332442844
0.000337302706465
0.000337272256340
0.000337241091308
0.000337209210188
0.000337176611796
0.000337143294967
0.000337109258570
0.000337074501517
0.000337039022777
0.000337002821377
0.000336965896402
0.000336928246985
0.000336889872299
0.000336850771540
0.000336810943904
0.000336770388567
0.000336729104660
0.000336687091243
0.000336644347284
0.000336600871633
0.000336556663014
0.000336511720004
0.000336466041034
0.000336419624388
0.000336372468216
0.000336324570544
0.000336275929302
0.000336226542352
0.000336176407521
0.000336125522640
0.000336073885579
0.000336021494287
0.000335968346827
0.000335914441402
0.000335859776382
0.000335804350318
0.000335748161947
0.000335691210194
0.000335633494152
0.000335575013070
0.000335515766315
0.000335455753344
0.000335394973660
0.000335333426772
0.000335271112148
0.000335208029183
0.000335144177156
0.000335079555206
0.000335014162309
0.000334947997271
0.000334881058726
0.000334813345153
0.000334744854895
0.000334675586197
0.000334605537249
0.000334534706235
0.000334463091386
0.000334390691041
0.000334317503698
0.000334243528065
0.000334168763107
0.000334093208077
0.000334016862542
0.000333939726392
0.000333861799838
0.000333783083398
0.000333703577864
0.000333623284267
0.000333542203825
0.000333460337890
0.000333377687885
0.000333294255248
0.000333210041371
0.000333125047550
0.000333039274943
0.000332952724537
0.000332865397131
0.000332777293329
0.000332688413561
0.000332598758100
0.000332508327110
0.000332417120698
0.000332325138979
0.000332232382143
0.000332138850533
0.000332044544714
0.000331949465543
0.000331853614227
0.000331756992375
0.000331659602026
0.000331561445674
0.000331462526262
0.000331362847168
0.000331262412172
0.000331161225402
0.000331059291278
0.000330956614435
0.000330853199648
0.000330749051753
0.000330644175565
0.000330538575813
0.000330432257076
0.000330325223740
0.000330217479967
0.000330109029686
0.000329999876603
0.000329890024229
0.000329779475929
0.000329668234989
0.000329556304687
0.000329443688384
0.000329330389614
0.000329216412172
0.000329101760204
0.000328986438275
0.000328870451438
0.000328753805271
0.000328636505907
0.000328518560029
0.000328399974856
0.000328280758101
0.000328160917909
0.000328040462783
0.000327919401498
0.000327797743000
0.000327675496313
0.000327552670439
0.000327429274275
0.000327305316533
0.000327180805685
0.000327055749925
0.000326930157152
0.000326804034977
0.000326677390757
0.000326550231647
0.000326422564675
0.000326294396824
0.000326165735137
0.000326036586820
0.000325906959343
0.000325776860541
0.000325646298702
0.000325515282634
0.000325383821722
0.000325251925950
0.000325119605908
0.000324986872769
0.000324853738244
0.000324720214511
0.000324586314135
0.000324452049959
0.000324317434998
0.000324182482328
0.000324047204969
0.000323911615791
0.000323775727418
0.000323639552167
0.000323503101994
0.000323366388479
0.000323229422829
0.000323092215913
0.000322954778315
