0.000256558256892
0.000256599653934
0.000256640774062
0.000256681614149
0.000256722171971
0.000256762446313
0.000256802437029
0.000256842145052
0.000256881572358
0.000256920721872
0.000256959597344
0.000256998203183
0.000257036544259
0.000257074625693
0.000257112452640
0.000257150030062
0.000257187362528
0.000257224454025
0.000257261307802
0.000257297926251
0.000257334310825
0.000257370462008
0.000257406379318
0.000257442061365
0.000257477505944
0.000257512710168
0.000257547670628
0.000257582383575
0.000257616845119
0.000257651051429
0.000257684998934
0.000257718684499
0.000257752105592
0.000257785260414
0.000257818147992
0.000257850768239
0.000257883121965
0.000257915210857
0.000257947037404
0.000257978604801
0.000258009916812
0.000258040977617
0.000258071791634
0.000258102363345
0.000258132697114
0.000258162797017
0.000258192666687
0.000258222309188
0.000258251726914
0.000258280921515
0.000258309893870
0.000258338644088
0.000258367171545
0.000258395474954
0.000258423552466
0.000258451401791
0.000258479020343
0.000258506405391
0.000258533554214
0.000258560464259
0.000258587133280
0.000258613559468
0.000258639741554
0.000258665678886
0.000258691371478
0.000258716820020
0.000258742025870
0.000258766990998
0.000258791717918
0.000258816209586
0.000258840469288
0.000258864500509
0.000258888306803
0.000258911891656
0.000258935258367
0.000258958409926
0.000258981348926
0.000259004077482
0.000259026597183
0.000259048909066
0.000259071013614
0.000259092910780
0.000259114600040
0.000259136080456
0.000259157350764
0.000259178409475
0.000259199254977
0.000259219885645
0.000259240299951
0.000259260496560
0.000259280474421
0.000259300232838
0.000259319771526
0.000259339090639
0.000259358190787
0.000259377073021
0.000259395738805
0.000259414189963
0.000259432428613
0.000259450457097
0.000259468277886
0.000259485893502
0.000259503306427
0.000259520519023
0.000259537533459
0.000259554351652
0.000259570975220
0.000259587405449
0.000259603643283
0.000259619689320
0.000259635543832
0.000259651206795
0.000259666677933
0.000259681956771
0.000259697042694
0.000259711935011
0.000259726633024
0.000259741136087
0.000259755443669
0.000259769555401
0.000259783471119
0.000259797190894
0.000259810715047
0.000259824044152
0.000259837179028
0.000259850120717
0.000259862870450
0.000259875429610
0.000259887799684
0.000259899982213
0.000259911978748
0.000259923790797
0.000259935419784
0.000259946867018
0.000259958133655
0.000259969220689
0.000259980128931
0.000259990859015
0.000260001411400
0.000260011786387
0.000260021984137
0.000260032004700
0.000260041848043
0.000260051514086
0.000260061002728
0.000260070313887
0.000260079447525
0.000260088403678
0.000260097182472
0.000260105784141
0.000260114209037
0.000260122457625
0.000260130530484
0.000260138428290
0.000260146151798
0.000260153701822
0.000260161079208
0.000260168284807
0.000260175319452
0.000260182183930
0.000260188878965
0.000260195405198
0.000260201763182
0.000260207953370
0.000260213976119
0.000260219831696
0.000260225520283
0.000260231041997
0.000260236396898
0.000260241585017
0.000260246606365
0.000260251460959
0.000260256148840
0.000260260670083
0.000260265024820
0.000260269213243
0.000260273235619
0.000260277092285
0.000260280783657
0.000260284310214
0.000260287672497
0.000260290871089
0.000260293906602
0.000260296779656
0.000260299490853
0.000260302040764
0.000260304429902
0.000260306658707
0.000260308727529
0.000260310636618
0.000260312386119
0.000260313976070
0.000260315406408
0.000260316676976
0.000260317787538
0.000260318737792
0.000260319527395
0.000260320155978
0.000260320623169
0.000260320928618
0.000260321072011
0.000260321053091
0.000260320871677
0.000260320527673
0.000260320021079
0.000260319352001
0.000260318520644
0.000260317527319
0.000260316372427
0.000260315056451
0.000260313579935
0.000260311943469
0.000260310147657
0.000260308193095
0.000260306080344
0.000260303809901
0.000260301382170
0.000260298797447
0.000260296055896
0.000260293157535
0.000260290102232
0.000260286889700
0.000260283519501
0.000260279991060
0.000260276303677
0.000260272456547
0.000260268448788
0.000260264279466
0.000260259947627
0.000260255452327
0.000260250792662
0.000260245967804
0.000260240977026
0.000260235819730
0.000260230495467
0.000260225003955
0.000260219345090
0.000260213518947
0.000260207525774
0.000260201365983
0.000260195040124
0.000260188548860
0.000260181892929
0.000260175073106
0.000260168090156
0.000260160944792
0.000260153637628
0.000260146169136
0.000260138539609
0.000260130749131
0.000260122797550
0.000260114684465
0.000260106409221
0.000260097970913
0.000260089368400
0.000260080600332
0.000260071665184
0.000260062561296
0.000260053286924
0.000260043840291
0.000260034219648
0.000260024423331
0.000260014449816
0.000260004297774
0.000259993966118
0.000259983454040
0.000259972761039
0.000259961886931
0.000259950831855
0.000259939596254
0.000259928180848
0.000259916586588
0.000259904814602
0.000259892866130
0.000259880742451
0.000259868444801
0.000259855974305
0.000259843331891
0.000259830518232
0.000259817533675
0.000259804378207
0.000259791051409
0.000259777552452
0.000259763880089
0.000259750032678
0.000259736008217
0.000259721804396
0.000259707418667
0.000259692848320
0.000259678090576
0.000259663142679
0.000259648001994
0.000259632666104
0.000259617132895
0.000259601400634
0.000259585468032
0.000259569334287
0.000259552999107
0.000259536462708
0.000259519725794
0.000259502789508
0.000259485655363
0.000259468325157
0.000259450800871
0.000259433084555
0.000259415178210
0.000259397083670
0.000259378802489
0.000259360335833
0.000259341684399
0.000259322848339
0.000259303827215
0.000259284619978
0.000259265224972
0.000259245639966
0.000259225862209
0.000259205888517
0.000259185715369
0.000259165339032
0.000259144755694
0.000259123961599
0.000259102953193
0.000259081727254
0.000259060281015
0.000259038612271
0.000259016719459
0.000258994601709
0.000258972258872
0.000258949691505
0.000258926900834
0.000258903888675
0.000258880657338
0.000258857209496
0.000258833548045
0.000258809675943
0.000258785596052
0.000258761310978
0.000258736822918
0.000258712133530
0.000258687243817
0.000258662154046
0.000258636863697
0.000258611371439
0.000258585675154
0.000258559771988
0.000258533658437
0.000258507330465
0.000258480783650
0.000258454013345
0.000258427014853
0.000258399783614
0.000258372315380
0.000258344606382
0.000258316653481
0.000258288454290
0.000258260007264
0.000258231311750
0.000258202368006
0.000258173177165
0.000258143741175
0.000258114062685
0.000258084144912
0.000258053991474
0.000258023606201
0.000257992992943
0.000257962155371
0.000257931096782
0.000257899819924
0.000257868326844
0.000257836618759
0.000257804695976
0.000257772557840
0.000257740202729
0.000257707628094
0.000257674830539
0.000257641805941
0.000257608549602
0.000257575056432
0.000257541321148
0.000257507338489
0.000257473103427
0.000257438611376
0.000257403858376
0.000257368841259
0.000257333557776
0.000257298006681
0.000257262187776
0.000257226101907
0.000257189750912
0.000257153137524
0.000257116265234
0.000257079138121
0.000257041760651
0.000257004137462
0.000256966273141
0.000256928171998
0.000256889837857
0.000256851273869
0.000256812482346
0.000256773464644
0.000256734221076
