0.000436398522625
0.000436392621919
0.000436391954881
0.000436396530800
0.000436406357074
0.000436421439183
0.000436441780666
0.000436467383086
0.000436498246016
0.000436534367011
0.000436575741588
0.000436622363210
0.000436674223268
0.000436731311067
0.000436793613815
0.000436861116616
0.000436933802460
0.000437011652225
0.000437094644672
0.000437182756455
0.000437275962120
0.000437374234118
0.000437477542820
0.000437585856526
0.000437699141484
0.000437817361911
0.000437940480007
0.000438068455982
0.000438201248073
0.000438338812568
0.000438481103820
0.000438628074277
0.000438779674492
0.000438935853147
0.000439096557069
0.000439261731244
0.000439431318841
0.000439605261226
0.000439783497980
0.000439965966923
0.000440152604136
0.000440343343988
0.000440538119168
0.000440736860718
0.000440939498073
0.000441145959107
0.000441356170178
0.000441570056184
0.000441787540618
0.000442008545625
0.000442232992067
0.000442460799580
0.000442691886639
0.000442926170618
0.000443163567844
0.000443403993658
0.000443647362462
0.000443893587769
0.000444142582244
0.000444394257747
0.000444648525365
0.000444905295450
0.000445164477645
0.000445425980924
0.000445689713613
0.000445955583433
0.000446223497530
0.000446493362522
0.000446765084536
0.000447038569266
0.000447313722025
0.000447590447809
0.000447868651360
0.000448148237242
0.000448429109908
0.000448711173785
0.000448994333339
0.000449278493162
0.000449563558034
0.000449849432997
0.000450136023420
0.000450423235050
0.000450710974068
0.000450999147129
0.000451287661398
0.000451576424585
0.000451865344961
0.000452154331387
0.000452443293322
0.000452732140850
0.000453020784686
0.000453309136201
0.000453597107442
0.000453884611161
0.000454171560845
0.000454457870758
0.000454743455986
0.000455028232486
0.000455312117150
0.000455595027861
0.000455876883556
0.000456157604297
0.000456437111330
0.000456715327143
0.000456992175530
0.000457267581630
0.000457541471974
0.000457813774510
0.000458084418633
0.000458353335188
0.000458620456479
0.000458885716262
0.000459149049734
0.000459410393516
0.000459669685636
0.000459926865510
0.000460181873924
0.000460434653024
0.000460685146307
0.000460933298624
0.000461179056182
0.000461422366567
0.000461663178763
0.000461901443182
0.000462137111703
0.000462370137705
0.000462600476111
0.000462828083424
0.000463052917763
0.000463274938890
0.000463494108229
0.000463710388881
0.000463923745623
0.000464134144897
0.000464341554791
0.000464545945006
0.000464747286821
0.000464945553045
0.000465140717969
0.000465332757315
0.000465521648187
0.000465707369018
0.000465889899535
0.000466069220721
0.000466245314784
0.000466418165145
0.000466587756421
0.000466754074428
0.000466917106182
0.000467076839910
0.000467233265064
0.000467386372329
0.000467536153642
0.000467682602192
0.000467825712428
0.000467965480048
0.000468101901990
0.000468234976401
0.000468364702609
0.000468491081079
0.000468614113361
0.000468733802034
0.000468850150644
0.000468963163645
0.000469072846328
0.000469179204763
0.000469282245746
0.000469381976738
0.000469478405831
0.000469571541701
0.000469661393590
0.000469747971276
0.000469831285066
0.000469911345786
0.000469988164775
0.000470061753887
0.000470132125488
0.000470199292452
0.000470263268158
0.000470324066477
0.000470381701752
0.000470436188777
0.000470487542767
0.000470535779316
0.000470580914353
0.000470622964097
0.000470661945002
0.000470697873704
0.000470730766965
0.000470760641626
0.000470787514554
0.000470811402604
0.000470832322579
0.000470850291203
0.000470865325098
0.000470877440766
0.000470886654584
0.000470892982797
0.000470896441519
0.000470897046733
0.000470894814296
0.000470889759937
0.000470881899257
0.000470871247726
0.000470857820671
0.000470841633261
0.000470822700489
0.000470801037148
0.000470776657802
0.000470749576756
0.000470719808028
0.000470687365313
0.000470652261959
0.000470614510939
0.000470574124835
0.000470531115821
0.000470485495655
0.000470437275682
0.000470386466835
0.000470333079648
0.000470277124273
0.000470218610495
0.000470157547755
0.000470093945167
0.000470027811543
0.000469959155398
0.000469887984971
0.000469814308224
0.000469738132849
0.000469659466258
0.000469578315580
0.000469494687647
0.000469408588980
0.000469320025781
0.000469229003914
0.000469135528901
0.000469039605920
0.000468941239805
0.000468840435060
0.000468737195875
0.000468631526154
0.000468523429548
0.000468412909495
0.000468299969264
0.000468184612005
0.000468066840793
0.000467946658677
0.000467824068724
0.000467699074057
0.000467571677884
0.000467441883526
0.000467309694429
0.000467175114173
0.000467038146475
0.000466898795180
0.000466757064253
0.000466612957769
0.000466466479903
0.000466317634921
0.000466166427180
0.000466012861132
0.000465856941341
0.000465698672506
0.000465538059499
0.000465375107406
0.000465209821590
0.000465042207747
0.000464872271977
0.000464700020854
0.000464525461499
0.000464348601644
0.000464169449698
0.000463988014796
0.000463804306845
0.000463618336554
0.000463430115452
0.000463239655893
0.000463046971054
0.000462852074916
0.000462654982247
0.000462455708571
0.000462254270143
0.000462050683924
0.000461844967562
0.000461637139383
0.000461427218388
0.000461215224268
0.000461001177430
0.000460785099040
0.000460567011072
0.000460346936371
0.000460124898728
0.000459900922951
0.000459675034945
0.000459447261784
0.000459217631777
0.000458986174529
0.000458752920980
0.000458517903436
0.000458281155582
0.000458042712475
0.000457802610526
0.000457560887463
0.000457317582289
0.000457072735222
0.000456826387643
0.000456578582037
0.000456329361936
0.000456078771875
0.000455826857362
0.000455573664850
0.000455319241739
0.000455063636383
0.000454806898118
0.000454549077303
0.000454290225370
0.000454030394883
0.000453769639600
0.000453508014539
0.000453245576027
0.000452982381754
0.000452718490801
0.000452453963665
0.000452188862252
0.000451923249864
0.000451657191161
0.000451390752104
0.000451123999890
0.000450857002873
0.000450589830472
0.000450322553086
0.000450055242003
0.000449787969319
0.000449520807862
0.000449253831138
0.000448987113282
0.000448720729029
0.000448454753707
0.000448189263238
0.000447924334158
0.000447660043642
0.000447396469543
0.000447133690425
0.000446871785605
0.000446610835177
0.000446350920036
0.000446092121883
0.000445834523217
0.000445578207307
0.000445323258150
0.000445069760409
0.000444817799335
0.000444567460678
0.000444318830589
0.000444071995516
0.000443827042096
0.000443584057052
0.000443343127099
0.000443104338858
0.000442867778780
0.000442633533091
0.000442401687748
0.000442172328414
0.000441945540444
0.000441721408885
0.000441500018487
0.000441281453717
0.000441065798777
0.000440853137621
0.000440643553965
0.000440437131288
0.000440233952826
0.000440034101548
0.000439837660117
0.000439644710842
0.000439455335613
0.000439269615825
0.000439087632287
0.000438909465140
0.000438735193750
0.000438564896623
0.000438398651310
0.000438236534323
0.000438078621066
0.000437924985768
0.000437775701440
0.000437630839836
0.000437490471434
0.000437354665426
0.000437223489716
0.000437097010929
0.000436975294423
0.000436858404302
0.000436746403428
0.000436639353428
0.000436537314699
0.000436440346395
0.000436348506418
0.000436261851386
0.000436180436600
0.000436104316004
