0.000255316856119
0.000255356891760
0.000255396696025
0.000255436267958
0.000255475605823
0.000255514707194
0.000255553569072
0.000255592188038
0.000255630560410
0.000255668682420
0.000255706550395
0.000255744160919
0.000255781511004
0.000255818598222
0.000255855420822
0.000255891977818
0.000255928269039
0.000255964295150
0.000256000057631
0.000256035558727
0.000256070801362
0.000256105789032
0.000256140525662
0.000256175015457
0.000256209262736
0.000256243271762
0.000256277046576
0.000256310590843
0.000256343907712
0.000256376999704
0.000256409868625
0.000256442515510
0.000256474940607
0.000256507143394
0.000256539122625
0.000256570876413
0.000256602402343
0.000256633697600
0.000256664759118
0.000256695583737
0.000256726168364
0.000256756510126
0.000256786606516
0.000256816455520
0.000256846055722
0.000256875406382
0.000256904507485
0.000256933359760
0.000256961964668
0.000256990324353
0.000257018441576
0.000257046319612
0.000257073962128
0.000257101373054
0.000257128556429
0.000257155516257
0.000257182256354
0.000257208780213
0.000257235090883
0.000257261190860
0.000257287082019
0.000257312765558
0.000257338241985
0.000257363511128
0.000257388572178
0.000257413423760
0.000257438064024
0.000257462490761
0.000257486701527
0.000257510693779
0.000257534465013
0.000257558012898
0.000257581335395
0.000257604430876
0.000257627298208
0.000257649936828
0.000257672346785
0.000257694528758
0.000257716484055
0.000257738214567
0.000257759722721
0.000257781011390
0.000257802083798
0.000257822943406
0.000257843593786
0.000257864038495
0.000257884280954
0.000257904324322
0.000257924171399
0.000257943824533
0.000257963285554
0.000257982555734
0.000258001635760
0.000258020525752
0.000258039225284
0.000258057733448
0.000258076048919
0.000258094170053
0.000258112094982
0.000258129821730
0.000258147348319
0.000258164672883
0.000258181793770
0.000258198709635
0.000258215419518
0.000258231922909
0.000258248219788
0.000258264310647
0.000258280196491
0.000258295878816
0.000258311359566
0.000258326641072
0.000258341725977
0.000258356617142
0.000258371317554
0.000258385830217
0.000258400158053
0.000258414303801
0.000258428269933
0.000258442058575
0.000258455671449
0.000258469109830
0.000258482374526
0.000258495465876
0.000258508383768
0.000258521127674
0.000258533696704
0.000258546089676
0.000258558305184
0.000258570341692
0.000258582197616
0.000258593871415
0.000258605361675
0.000258616667189
0.000258627787028
0.000258638720594
0.000258649467668
0.000258660028436
0.000258670403496
0.000258680593853
0.000258690600894
0.000258700426347
0.000258710072224
0.000258719540757
0.000258728834315
0.000258737955330
0.000258746906208
0.000258755689250
0.000258764306576
0.000258772760055
0.000258781051254
0.000258789181392
0.000258797151314
0.000258804961480
0.000258812611968
0.000258820102496
0.000258827432452
0.000258834600945
0.000258841606853
0.000258848448896
0.000258855125699
0.000258861635869
0.000258867978066
0.000258874151072
0.000258880153859
0.000258885985640
0.000258891645921
0.000258897134529
0.000258902451635
0.000258907597759
0.000258912573753
0.000258917380786
0.000258922020293
0.000258926493934
0.000258930803526
0.000258934950981
0.000258938938231
0.000258942767160
0.000258946439535
0.000258949956940
0.000258953320729
0.000258956531973
0.000258959591434
0.000258962499544
0.000258965256398
0.000258967861765
0.000258970315102
0.000258972615593
0.000258974762190
0.000258976753663
0.000258978588661
0.000258980265778
0.000258981783614
0.000258983140847
0.000258984336288
0.000258985368945
0.000258986238067
0.000258986943178
0.000258987484109
0.000258987861000
0.000258988074303
0.000258988124759
0.000258988013369
0.000258987741350
0.000258987310078
0.000258986721035
0.000258985975737
0.000258985075674
0.000258984022242
0.000258982816686
0.000258981460045
0.000258979953110
0.000258978296395
0.000258976490107
0.000258974534147
0.000258972428109
0.000258970171300
0.000258967762768
0.000258965201340
0.000258962485674
0.000258959614312
0.000258956585746
0.000258953398475
0.000258950051072
0.000258946542244
0.000258942870882
0.000258939036109
0.000258935037312
0.000258930874163
0.000258926546624
0.000258922054942
0.000258917399627
0.000258912581417
0.000258907601233
0.000258902460129
0.000258897159225
0.000258891699655
0.000258886082496
0.000258880308713
0.000258874379106
0.000258868294263
0.000258862054524
0.000258855659955
0.000258849110339
0.000258842405173
0.000258835543682
0.000258828524839
0.000258821347408
0.000258814009980
0.000258806511030
0.000258798848974
0.000258791022228
0.000258783029270
0.000258774868695
0.000258766539266
0.000258758039960
0.000258749369999
0.000258740528866
0.000258731516316
0.000258722332366
0.000258712977274
0.000258703451503
0.000258693755680
0.000258683890542
0.000258673856879
0.000258663655473
0.000258653287041
0.000258642752178
0.000258632051310
0.000258621184650
0.000258610152175
0.000258598953599
0.000258587588375
0.000258576055696
0.000258564354514
0.000258552483572
0.000258540441440
0.000258528226565
0.000258515837321
0.000258503272070
0.000258490529215
0.000258477607260
0.000258464504858
0.000258451220854
0.000258437754321
0.000258424104583
0.000258410271219
0.000258396254061
0.000258382053177
0.000258367668834
0.000258353101462
0.000258338351598
0.000258323419831
0.000258308306740
0.000258293012837
0.000258277538507
0.000258261883965
0.000258246049207
0.000258230033991
0.000258213837812
0.000258197459903
0.000258180899241
0.000258164154573
0.000258147224447
0.000258130107257
0.000258112801292
0.000258095304794
0.000258077616018
0.000258059733289
0.000258041655062
0.000258023379968
0.000258004906861
0.000257986234847
0.000257967363305
0.000257948291887
0.000257929020516
0.000257909549356
0.000257889878774
0.000257870009296
0.000257849941544
0.000257829676171
0.000257809213797
0.000257788554940
0.000257767699956
0.000257746648982
0.000257725401901
0.000257703958303
0.000257682317481
0.000257660478423
0.000257638439837
0.000257616200176
0.000257593757685
0.000257571110458
0.000257548256496
0.000257525193783
0.000257501920349
0.000257478434343
0.000257454734097
0.000257430818182
0.000257406685451
0.000257382335077
0.000257357766566
0.000257332979758
0.000257307974813
0.000257282752177
0.000257257312536
0.000257231656751
0.000257205785790
0.000257179700647
0.000257153402261
0.000257126891437
0.000257100168771
0.000257073234583
0.000257046088871
0.000257018731271
0.000256991161045
0.000256963377079
0.000256935377911
0.000256907161764
0.000256878726609
0.000256850070229
0.000256821190305
0.000256792084493
0.000256762750520
0.000256733186265
0.000256703389841
0.000256673359661
0.000256643094497
0.000256612593520
0.000256581856318
0.000256550882901
0.000256519673681
0.000256488229433
0.000256456551238
0.000256424640413
0.000256392498420
0.000256360126774
0.000256327526946
0.000256294700261
0.000256261647807
0.000256228370354
0.000256194868288
0.000256161141563
0.000256127189673
0.000256093011651
0.000256058606090
0.000256023971187
0.000255989104801
0.000255954004541
0.000255918667855
0.000255883092136
0.000255847274828
0.000255811213529
0.000255774906095
0.000255738350720
0.000255701546018
0.000255664491067
0.000255627185450
0.000255589629257
0.000255551823074
0.000255513767944
