0.000260253987473
0.000260299507464
0.000260344732350
0.000260389659586
0.000260434286839
0.000260478612107
0.000260522633823
0.000260566350939
0.000260609762988
0.000260652870112
0.000260695673071
0.000260738173214
0.000260780372432
0.000260822273081
0.000260863877883
0.000260905189821
0.000260946212015
0.000260986947594
0.000261027399579
0.000261067570760
0.000261107463599
0.000261147080137
0.000261186421931
0.000261225490012
0.000261264284864
0.000261302806432
0.000261341054156
0.000261379027024
0.000261416723649
0.000261454142359
0.000261491281307
0.000261528138582
0.000261564712322
0.000261601000830
0.000261637002678
0.000261672716795
0.000261708142543
0.000261743279770
0.000261778128837
0.000261812690628
0.000261846966526
0.000261880958374
0.000261914668413
0.000261948099201
0.000261981253526
0.000262014134297
0.000262046744449
0.000262079086835
0.000262111164132
0.000262142978752
0.000262174532773
0.000262205827882
0.000262236865337
0.000262267645951
0.000262298170100
0.000262328437740
0.000262358448457
0.000262388201521
0.000262417695965
0.000262446930663
0.000262475904424
0.000262504616084
0.000262533064592
0.000262561249099
0.000262589169024
0.000262616824119
0.000262644214509
0.000262671340714
0.000262698203658
0.000262724804649
0.000262751145354
0.000262777227746
0.000262803054043
0.000262828626643
0.000262853948039
0.000262879020746
0.000262903847220
0.000262928429787
0.000262952770577
0.000262976871472
0.000263000734060
0.000263024359615
0.000263047749079
0.000263070903069
0.000263093821892
0.000263116505582
0.000263138953941
0.000263161166589
0.000263183143034
0.000263204882730
0.000263226385148
0.000263247649836
0.000263268676484
0.000263289464973
0.000263310015413
0.000263330328176
0.000263350403907
0.000263370243530
0.000263389848228
0.000263409219426
0.000263428358748
0.000263447267977
0.000263465949002
0.000263484403764
0.000263502634202
0.000263520642201
0.000263538429544
0.000263555997868
0.000263573348636
0.000263590483109
0.000263607402332
0.000263624107136
0.000263640598138
0.000263656875764
0.000263672940267
0.000263688791766
0.000263704430279
0.000263719855769
0.000263735068182
0.000263750067494
0.000263764853750
0.000263779427098
0.000263793787819
0.000263807936347
0.000263821873280
0.000263835599384
0.000263849115583
0.000263862422946
0.000263875522659
0.000263888416002
0.000263901104307
0.000263913588930
0.000263925871210
0.000263937952441
0.000263949833837
0.000263961516508
0.000263973001446
0.000263984289511
0.000263995381424
0.000264006277777
0.000264016979033
0.000264027485551
0.000264037797599
0.000264047915383
0.000264057839072
0.000264067568825
0.000264077104825
0.000264086447298
0.000264095596542
0.000264104552942
0.000264113316988
0.000264121889279
0.000264130270522
0.000264138461527
0.000264146463191
0.000264154276481
0.000264161902403
0.000264169341979
0.000264176596213
0.000264183666061
0.000264190552408
0.000264197256034
0.000264203777607
0.000264210117659
0.000264216276591
0.000264222254668
0.000264228052029
0.000264233668706
0.000264239104643
0.000264244359722
0.000264249433793
0.000264254326704
0.000264259038333
0.000264263568616
0.000264267917578
0.000264272085350
0.000264276072195
0.000264279878510
0.000264283504839
0.000264286951863
0.000264290220392
0.000264293311343
0.000264296225717
0.000264298964563
0.000264301528943
0.000264303919890
0.000264306138371
0.000264308185245
0.000264310061228
0.000264311766867
0.000264313302512
0.000264314668312
0.000264315864204
0.000264316889925
0.000264317745029
0.000264318428910
0.000264318940839
0.000264319280004
0.000264319445554
0.000264319436642
0.000264319252480
0.000264318892376
0.000264318355779
0.000264317642311
0.000264316751796
0.000264315684280
0.000264314440033
0.000264313019551
0.000264311423543
0.000264309652903
0.000264307708674
0.000264305592011
0.000264303304121
0.000264300846215
0.000264298219447
0.000264295424853
0.000264292463302
0.000264289335446
0.000264286041680
0.000264282582114
0.000264278956559
0.000264275164522
0.000264271205223
0.000264267077613
0.000264262780420
0.000264258312189
0.000264253671346
0.000264248856255
0.000264243865286
0.000264238696882
0.000264233349621
0.000264227822275
0.000264222113857
0.000264216223665
0.000264210151304
0.000264203896705
0.000264197460122
0.000264190842113
0.000264184043515
0.000264177065394
0.000264169908991
0.000264162575658
0.000264155066779
0.000264147383696
0.000264139527632
0.000264131499615
0.000264123300414
0.000264114930480
0.000264106389906
0.000264097678398
0.000264088795265
0.000264079739430
0.000264070509449
0.000264061103560
0.000264051519733
0.000264041755743
0.000264031809243
0.000264021677849
0.000264011359228
0.000264000851175
0.000263990151697
0.000263979259082
0.000263968171955
0.000263956889323
0.000263945410604
0.000263933735633
0.000263921864657
0.000263909798304
0.000263897537535
0.000263885083587
0.000263872437892
0.000263859601991
0.000263846577443
0.000263833365726
0.000263819968143
0.000263806385737
0.000263792619211
0.000263778668867
0.000263764534560
0.000263750215672
0.000263735711109
0.000263721019314
0.000263706138306
0.000263691065737
0.000263675798960
0.000263660335118
0.000263644671236
0.000263628804322
0.000263612731470
0.000263596449959
0.000263579957339
0.000263563251519
0.000263546330825
0.000263529194053
0.000263511840491
0.000263494269930
0.000263476482643
0.000263458479349
0.000263440261150
0.000263421829460
0.000263403185907
0.000263384332232
0.000263365270178
0.000263346001382
0.000263326527265
0.000263306848936
0.000263286967106
0.000263266882021
0.000263246593412
0.000263226100477
0.000263205401873
0.000263184495741
0.000263163379753
0.000263142051174
0.000263120506949
0.000263098743797
0.000263076758322
0.000263054547123
0.000263032106911
0.000263009434614
0.000262986527483
0.000262963383178
0.000262939999838
0.000262916376131
0.000262892511284
0.000262868405086
0.000262844057866
0.000262819470448
0.000262794644082
0.000262769580359
0.000262744281108
0.000262718748282
0.000262692983834
0.000262666989605
0.000262640767200
0.000262614317885
0.000262587642500
0.000262560741382
0.000262533614319
0.000262506260521
0.000262478678623
0.000262450866705
0.000262422822344
0.000262394542681
0.000262366024510
0.000262337264383
0.000262308258724
0.000262279003947
0.000262249496582
0.000262219733388
0.000262189711463
0.000262159428340
0.000262128882061
0.000262098071234
0.000262066995064
0.000262035653355
0.000262004046497
0.000261972175414
0.000261940041494
0.000261907646506
0.000261874992485
0.000261842081621
0.000261808916131
0.000261775498133
0.000261741829528
0.000261707911884
0.000261673746346
0.000261639333550
0.000261604673576
0.000261569765909
0.000261534609436
0.000261499202465
0.000261463542765
0.000261427627639
0.000261391454005
0.000261355018501
0.000261318317600
0.000261281347736
0.000261244105426
0.000261206587397
0.000261168790698
0.000261130712805
0.000261092351706
0.000261053705967
0.000261014774768
0.000260975557919
0.000260936055851
0.000260896269570
0.000260856200602
0.000260815850900
0.000260775222743
0.000260734318622
0.000260693141111
0.000260651692738
0.000260609975863
0.000260567992555
0.000260525744490
0.000260483232858
0.000260440458300
0.000260397420858
0.000260354119959
