0.000483268958078
0.000483176403020
0.000483089846814
0.000483009349032
0.000482934968962
0.000482866765472
0.000482804796861
0.000482749120718
0.000482699793780
0.000482656871781
0.000482620409316
0.000482590459689
0.000482567074767
0.000482550304841
0.000482540198481
0.000482536802396
0.000482540161301
0.000482550317791
0.000482567312218
0.000482591182575
0.000482621964394
0.000482659690646
0.000482704391650
0.000482756094989
0.000482814825435
0.000482880604868
0.000482953452214
0.000483033383372
0.000483120411144
0.000483214545170
0.000483315791855
0.000483424154300
0.000483539632227
0.000483662221906
0.000483791916083
0.000483928703905
0.000484072570855
0.000484223498689
0.000484381465377
0.000484546445064
0.000484718408028
0.000484897320659
0.000485083145453
0.000485275841008
0.000485475362045
0.000485681659431
0.000485894680216
0.000486114367678
0.000486340661372
0.000486573497181
0.000486812807367
0.000487058520623
0.000487310562118
0.000487568853536
0.000487833313110
0.000488103855650
0.000488380392564
0.000488662831873
0.000488951078230
0.000489245032926
0.000489544593918
0.000489849655841
0.000490160110045
0.000490475844639
0.000490796744541
0.000491122691553
0.000491453564447
0.000491789239063
0.000492129588426
0.000492474482875
0.000492823790197
0.000493177375775
0.000493535102729
0.000493896832067
0.000494262422826
0.000494631732205
0.000495004615693
0.000495380927181
0.000495760519064
0.000496143242333
0.000496528946648
0.000496917480411
0.000497308690825
0.000497702423954
0.000498098524777
0.000498496837256
0.000498897204396
0.000499299468329
0.000499703470401
0.000500109051276
0.000500516051058
0.000500924309418
0.000501333665746
0.000501743959301
0.000502155029383
0.000502566715492
0.000502978857503
0.000503391295828
0.000503803871573
0.000504216426686
0.000504628804087
0.000505040847789
0.000505452402994
0.000505863316188
0.000506273435200
0.000506682609270
0.000507090689089
0.000507497526845
0.000507902976256
0.000508306892609
0.000508709132802
0.000509109555390
0.000509508020643
0.000509904390616
0.000510298529223
0.000510690302333
0.000511079577868
0.000511466225913
0.000511850118830
0.000512231131378
0.000512609140823
0.000512984027054
0.000513355672684
0.000513723963140
0.000514088786744
0.000514450034775
0.000514807601511
0.000515161384265
0.000515511283399
0.000515857202322
0.000516199047481
0.000516536728345
0.000516870157377
0.000517199250010
0.000517523924621
0.000517844102506
0.000518159707870
0.000518470667813
0.000518776912333
0.000519078374335
0.000519374989650
0.000519666697057
0.000519953438316
0.000520235158195
0.000520511804511
0.000520783328148
0.000521049683092
0.000521310826435
0.000521566718388
0.000521817322265
0.000522062604469
0.000522302534449
0.000522537084657
0.000522766230488
0.000522989950206
0.000523208224865
0.000523421038229
0.000523628376682
0.000523830229141
0.000524026586971
0.000524217443908
0.000524402795981
0.000524582641449
0.000524756980745
0.000524925816423
0.000525089153119
0.000525246997513
0.000525399358299
0.000525546246157
0.000525687673718
0.000525823655538
0.000525954208057
0.000526079349558
0.000526199100113
0.000526313481523
0.000526422517249
0.000526526232331
0.000526624653301
0.000526717808086
0.000526805725911
0.000526888437195
0.000526965973445
0.000527038367154
0.000527105651701
0.000527167861259
0.000527225030704
0.000527277195538
0.000527324391816
0.000527366656084
0.000527404025319
0.000527436536888
0.000527464228496
0.000527487138149
0.000527505304115
0.000527518764886
0.000527527559138
0.000527531725684
0.000527531303434
0.000527526331336
0.000527516848326
0.000527502893264
0.000527484504869
0.000527461721657
0.000527434581868
0.000527403123402
0.000527367383748
0.000527327399929
0.000527283208434
0.000527234845174
0.000527182345426
0.000527125743800
0.000527065074204
0.000527000369813
0.000526931663050
0.000526858985575
0.000526782368263
0.000526701841208
0.000526617433706
0.000526529174259
0.000526437090566
0.000526341209523
0.000526241557217
0.000526138158920
0.000526031039090
0.000525920221361
0.000525805728540
0.000525687582604
0.000525565804700
0.000525440415141
0.000525311433412
0.000525178878172
0.000525042767269
0.000524903117744
0.000524759945854
0.000524613267086
0.000524463096183
0.000524309447165
0.000524152333362
0.000523991767441
0.000523827761439
0.000523660326799
0.000523489474408
0.000523315214631
0.000523137557357
0.000522956512037
0.000522772087731
0.000522584293151
0.000522393136712
0.000522198626580
0.000522000770722
0.000521799576964
0.000521595053042
0.000521387206661
0.000521176045551
0.000520961577521
0.000520743810526
0.000520522752715
0.000520298412492
0.000520070798572
0.000519839920037
0.000519605786386
0.000519368407593
0.000519127794154
0.000518883957144
0.000518636908265
0.000518386659903
0.000518133225177
0.000517876617996
0.000517616853117
0.000517353946202
0.000517087913883
0.000516818773816
0.000516546544758
0.000516271246622
0.000515992900551
0.000515711528982
0.000515427155713
0.000515139805969
0.000514849506462
0.000514556285454
0.000514260172809
0.000513961200048
0.000513659400393
0.000513354808808
0.000513047462042
0.000512737398654
0.000512424659049
0.000512109285499
0.000511791322171
0.000511470815145
0.000511147812438
0.000510822364025
0.000510494521862
0.000510164339912
0.000509831874165
0.000509497182673
0.000509160325573
0.000508821365122
0.000508480365724
0.000508137393963
0.000507792518629
0.000507445810749
0.000507097343605
0.000506747192753
0.000506395436037
0.000506042153591
0.000505687427839
0.000505331343485
0.000504973987496
0.000504615449078
0.000504255819645
0.000503895192784
0.000503533664214
0.000503171331746
0.000502808295234
0.000502444656535
0.000502080519465
0.000501715989754
0.000501351175014
0.000500986184699
0.000500621130076
0.000500256124195
0.000499891281862
0.000499526719616
0.000499162555699
0.000498798910029
0.000498435904174
0.000498073661308
0.000497712306173
0.000497351965030
0.000496992765597
0.000496634836984
0.000496278309619
0.000495923315159
0.000495569986403
0.000495218457196
0.000494868862323
0.000494521337411
0.000494176018823
0.000493833043558
0.000493492549152
0.000493154673586
0.000492819555198
0.000492487332603
0.000492158144620
0.000491832130205
0.000491509428386
0.000491190178205
0.000490874518662
0.000490562588658
0.000490254526933
0.000489950472008
0.000489650562115
0.000489354935117
0.000489063728434
0.000488777078943
0.000488495122885
0.000488217995756
0.000487945832198
0.000487678765882
0.000487416929389
0.000487160454097
0.000486909470067
0.000486664105933
0.000486424488799
0.000486190744152
0.000485962995771
0.000485741365659
0.000485525973979
0.000485316938995
0.000485114377028
0.000484918402415
0.000484729127469
0.000484546662445
0.000484371115502
0.000484202592668
0.000484041197793
0.000483887032505
0.000483740196153
0.000483600785753
0.000483468895918
0.000483344618792
0.000483228043977
0.000483119258460
0.000483018346544
0.000482925389775
0.000482840466884
0.000482763653732
0.000482695023264
0.000482634645472
0.000482582587375
0.000482538913005
0.000482503683406
0.000482476956638
0.000482458787800
0.000482449229046
0.000482448329615
0.000482456135859
0.000482472691274
0.000482498036528
0.000482532209485
