0.000323861895425
0.000324009142221
0.000324156289823
0.000324303325346
0.000324450235497
0.000324597006481
0.000324743623954
0.000324890072998
0.000325036338142
0.000325182403408
0.000325328252405
0.000325473868433
0.000325619234624
0.000325764334085
0.000325909150061
0.000326053666080
0.000326197866099
0.000326341734628
0.000326485256823
0.000326628418562
0.000326771206472
0.000326913607931
0.000327055611031
0.000327197204508
0.000327338377645
0.000327479120149
0.000327619422019
0.000327759273398
0.000327898664428
0.000328037585116
0.000328176025214
0.000328313974119
0.000328451420806
0.000328588353787
0.000328724761111
0.000328860630387
0.000328995948854
0.000329130703461
0.000329264880989
0.000329398468172
0.000329531451844
0.000329663819073
0.000329795557300
0.000329926654461
0.000330057099087
0.000330186880380
0.000330315988265
0.000330444413400
0.000330572147166
0.000330699181619
0.000330825509413
0.000330951123708
0.000331076018052
0.000331200186256
0.000331323622262
0.000331446320023
0.000331568273379
0.000331689475964
0.000331809921123
0.000331929601865
0.000332048510834
0.000332166640321
0.000332283982296
0.000332400528467
0.000332516270367
0.000332631199455
0.000332745307226
0.000332858585336
0.000332971025713
0.000333082620674
0.000333193363014
0.000333303246093
0.000333412263882
0.000333520411000
0.000333627682712
0.000333734074910
0.000333839584062
0.000333944207140
0.000334047941537
0.000334150784963
0.000334252735340
0.000334353790691
0.000334453949039
0.000334553208314
0.000334651566273
0.000334749020445
0.000334845568093
0.000334941206203
0.000335035931493
0.000335129740449
0.000335222629377
0.000335314594478
0.000335405631927
0.000335495737966
0.000335584909003
0.000335673141692
0.000335760433028
0.000335846780409
0.000335932181693
0.000336016635239
0.000336100139914
0.000336182695095
0.000336264300637
0.000336344956834
0.000336424664356
0.000336503424177
0.000336581237494
0.000336658105643
0.000336734030019
0.000336809011991
0.000336883052840
0.000336956153700
0.000337028315516
0.000337099539024
0.000337169824745
0.000337239172994
0.000337307583910
0.000337375057502
0.000337441593695
0.000337507192403
0.000337571853585
0.000337635577320
0.000337698363866
0.000337760213721
0.000337821127669
0.000337881106813
0.000337940152601
0.000337998266828
0.000338055451630
0.000338111709462
0.000338167043063
0.000338221455409
0.000338274949659
0.000338327529100
0.000338379197084
0.000338429956969
0.000338479812067
0.000338528765593
0.000338576820630
0.000338623980101
0.000338670246753
0.000338715623153
0.000338760111699
0.000338803714638
0.000338846434097
0.000338888272118
0.000338929230698
0.000338969311840
0.000339008517590
0.000339046850083
0.000339084311582
0.000339120904502
0.000339156631440
0.000339191495183
0.000339225498715
0.000339258645204
0.000339290937994
0.000339322380575
0.000339352976553
0.000339382729616
0.000339411643493
0.000339439721913
0.000339466968566
0.000339493387069
0.000339518980930
0.000339543753526
0.000339567708085
0.000339590847674
0.000339613175196
0.000339634693397
0.000339655404882
0.000339675312127
0.000339694417509
0.000339712723329
0.000339730231844
0.000339746945296
0.000339762865936
0.000339777996050
0.000339792337982
0.000339805894141
0.000339818667016
0.000339830659175
0.000339841873258
0.000339852311972
0.000339861978067
0.000339870874323
0.000339879003520
0.000339886368417
0.000339892971722
0.000339898816066
0.000339903903985
0.000339908237894
0.000339911820071
0.000339914652651
0.000339916737617
0.000339918076797
0.000339918671876
0.000339918524400
0.000339917635793
0.000339916007373
0.000339913640372
0.000339910535959
0.000339906695256
0.000339902119360
0.000339896809359
0.000339890766346
0.000339883991427
0.000339876485728
0.000339868250392
0.000339859286577
0.000339849595447
0.000339839178159
0.000339828035843
0.000339816169592
0.000339803580436
0.000339790269325
0.000339776237112
0.000339761484535
0.000339746012206
0.000339729820601
0.000339712910055
0.000339695280762
0.000339676932780
0.000339657866040
0.000339638080357
0.000339617575449
0.000339596350953
0.000339574406447
0.000339551741466
0.000339528355526
0.000339504248135
0.000339479418811
0.000339453867089
0.000339427592530
0.000339400594715
0.000339372873248
0.000339344427742
0.000339315257808
0.000339285363041
0.000339254742996
0.000339223397172
0.000339191324994
0.000339158525789
0.000339124998778
0.000339090743056
0.000339055757589
0.000339020041213
0.000338983592631
0.000338946410428
0.000338908493083
0.000338869838985
0.000338830446459
0.000338790313788
0.000338749439240
0.000338707821097
0.000338665457672
0.000338622347337
0.000338578488537
0.000338533879801
0.000338488519745
0.000338442407078
0.000338395540586
0.000338347919124
0.000338299541594
0.000338250406923
0.000338200514035
0.000338149861828
0.000338098449143
0.000338046274739
0.000337993337276
0.000337939635298
0.000337885167223
0.000337829931342
0.000337773925826
0.000337717148740
0.000337659598064
0.000337601271720
0.000337542167605
0.000337482283629
0.000337421617748
0.000337360168007
0.000337297932569
0.000337234909746
0.000337171098026
0.000337106496084
0.000337041102791
0.000336974917214
0.000336907938599
0.000336840166360
0.000336771600042
0.000336702239293
0.000336632083827
0.000336561133381
0.000336489387677
0.000336416846389
0.000336343509107
0.000336269375317
0.000336194444384
0.000336118715549
0.000336042187932
0.000335964860553
0.000335886732355
0.000335807802242
0.000335728069122
0.000335647531956
0.000335566189808
0.000335484041895
0.000335401087638
0.000335317326700
0.000335232759023
0.000335147384853
0.000335061204746
0.000334974219577
0.000334886430521
0.000334797839029
0.000334708446798
0.000334618255719
0.000334527267834
0.000334435485280
0.000334342910231
0.000334249544853
0.000334155391255
0.000334060451454
0.000333964727348
0.000333868220706
0.000333770933165
0.000333672866252
0.000333574021406
0.000333474400025
0.000333374003511
0.000333272833338
0.000333170891106
0.000333068178612
0.000332964697906
0.000332860451352
0.000332755441669
0.000332649671969
0.000332543145773
0.000332435867021
0.000332327840055
0.000332219069600
0.000332109560718
0.000331999318758
0.000331888349300
0.000331776658082
0.000331664250939
0.000331551133732
0.000331437312294
0.000331322792375
0.000331207579608
0.000331091679482
0.000330975097338
0.000330857838381
0.000330739907700
0.000330621310314
0.000330502051225
0.000330382135481
0.000330261568247
0.000330140354880
0.000330018500998
0.000329896012546
0.000329772895854
0.000329649157679
0.000329524805236
0.000329399846208
0.000329274288739
0.000329148141415
0.000329021413221
0.000328894113487
0.000328766251827
0.000328637838063
0.000328508882150
0.000328379394101
0.000328249383917
0.000328118861526
0.000327987836730
0.000327856319176
0.000327724318333
0.000327591843498
0.000327458903811
0.000327325508290
0.000327191665886
0.000327057385540
0.000326922676258
0.000326787547182
0.000326652007670
0.000326516067366
0.000326379736262
0.000326243024750
0.000326105943659
0.000325968504273
0.000325830718336
0.000325692598032
0.000325554155951
0.000325415405040
0.000325276358539
0.000325137029912
0.000324997432766
0.000324857580772
0.000324717487592
0.000324577166808
