0.000246679442344
0.000246711834259
0.000246744023487
0.000246776010844
0.000246807797868
0.000246839386740
0.000246870780197
0.000246901981401
0.000246932993806
0.000246963821002
0.000246994466556
0.000247024933860
0.000247055225984
0.000247085345544
0.000247115294593
0.000247145074544
0.000247174686109
0.000247204129288
0.000247233403373
0.000247262506998
0.000247291438209
0.000247320194567
0.000247348773268
0.000247377171282
0.000247405385499
0.000247433412883
0.000247461250615
0.000247488896232
0.000247516347746
0.000247543603739
0.000247570663439
0.000247597526752
0.000247624194282
0.000247650667299
0.000247676947692
0.000247703037884
0.000247728940731
0.000247754659398
0.000247780197222
0.000247805557573
0.000247830743711
0.000247855758651
0.000247880605043
0.000247905285068
0.000247929800361
0.000247954151949
0.000247978340233
0.000248002364986
0.000248026225386
0.000248049920072
0.000248073447228
0.000248096804680
0.000248119990020
0.000248143000723
0.000248165834284
0.000248188488343
0.000248210960806
0.000248233249952
0.000248255354520
0.000248277273775
0.000248299007554
0.000248320556273
0.000248341920922
0.000248363103019
0.000248384104554
0.000248404927902
0.000248425575722
0.000248446050848
0.000248466356173
0.000248486494525
0.000248506468563
0.000248526280667
0.000248545932856
0.000248565426713
0.000248584763342
0.000248603943339
0.000248622966791
0.000248641833300
0.000248660542022
0.000248679091732
0.000248697480904
0.000248715707799
0.000248733770569
0.000248751667354
0.000248769396390
0.000248786956100
0.000248804345184
0.000248821562685
0.000248838608048
0.000248855481152
0.000248872182324
0.000248888712331
0.000248905072353
0.000248921263934
0.000248937288919
0.000248953149380
0.000248968847527
0.000248984385620
0.000248999765880
0.000249014990402
0.000249030061076
0.000249044979523
0.000249059747041
0.000249074364572
0.000249088832679
0.000249103151549
0.000249117321011
0.000249131340566
0.000249145209435
0.000249158926620
0.000249172490968
0.000249185901249
0.000249199156225
0.000249212254732
0.000249225195741
0.000249237978422
0.000249250602199
0.000249263066778
0.000249275372177
0.000249287518733
0.000249299507089
0.000249311338176
0.000249323013174
0.000249334533466
0.000249345900579
0.000249357116124
0.000249368181729
0.000249379098978
0.000249389869345
0.000249400494150
0.000249410974504
0.000249421311285
0.000249431505112
0.000249441556339
0.000249451465057
0.000249461231117
0.000249470854150
0.000249480333610
0.000249489668815
0.000249498859000
0.000249507903364
0.000249516801129
0.000249525551583
0.000249534154132
0.000249542608337
0.000249550913942
0.000249559070902
0.000249567079387
0.000249574939785
0.000249582652692
0.000249590218888
0.000249597639307
0.000249604915003
0.000249612047101
0.000249619036754
0.000249625885098
0.000249632593204
0.000249639162035
0.000249645592418
0.000249651885009
0.000249658040277
0.000249664058499
0.000249669939752
0.000249675683931
0.000249681290761
0.000249686759825
0.000249692090596
0.000249697282472
0.000249702334813
0.000249707246984
0.000249712018388
0.000249716648508
0.000249721136932
0.000249725483385
0.000249729687746
0.000249733750061
0.000249737670546
0.000249741449582
0.000249745087709
0.000249748585599
0.000249751944031
0.000249755163866
0.000249758246001
0.000249761191341
0.000249764000755
0.000249766675042
0.000249769214898
0.000249771620889
0.000249773893426
0.000249776032754
0.000249778038944
0.000249779911893
0.000249781651335
0.000249783256853
0.000249784727903
0.000249786063843
0.000249787263957
0.000249788327496
0.000249789253707
0.000249790041870
0.000249790691330
0.000249791201524
0.000249791572014
0.000249791802501
0.000249791892843
0.000249791843064
0.000249791653356
0.000249791324074
0.000249790855719
0.000249790248924
0.000249789504426
0.000249788623033
0.000249787605594
0.000249786452959
0.000249785165943
0.000249783745287
0.000249782191626
0.000249780505459
0.000249778687125
0.000249776736781
0.000249774654395
0.000249772439739
0.000249770092395
0.000249767611766
0.000249764997094
0.000249762247484
0.000249759361933
0.000249756339368
0.000249753178682
0.000249749878772
0.000249746438583
0.000249742857145
0.000249739133614
0.000249735267299
0.000249731257698
0.000249727104513
0.000249722807667
0.000249718367307
0.000249713783802
0.000249709057724
0.000249704189830
0.000249699181022
0.000249694032316
0.000249688744788
0.000249683319530
0.000249677757593
0.000249672059938
0.000249666227384
0.000249660260565
0.000249654159887
0.000249647925501
0.000249641557278
0.000249635054800
0.000249628417362
0.000249621643979
0.000249614733415
0.000249607684215
0.000249600494749
0.000249593163265
0.000249585687954
0.000249578067006
0.000249570298684
0.000249562381389
0.000249554313722
0.000249546094539
0.000249537723004
0.000249529198621
0.000249520521258
0.000249511691154
0.000249502708909
0.000249493575462
0.000249484292046
0.000249474860132
0.000249465281365
0.000249455557484
0.000249445690234
0.000249435681285
0.000249425532140
0.000249415244057
0.000249404817972
0.000249394254438
0.000249383553578
0.000249372715052
0.000249361738049
0.000249350621293
0.000249339363067
0.000249327961271
0.000249316413477
0.000249304717018
0.000249292869082
0.000249280866817
0.000249268707438
0.000249256388342
0.000249243907211
0.000249231262108
0.000249218451563
0.000249205474633
0.000249192330949
0.000249179020728
0.000249165544772
0.000249151904426
0.000249138101525
0.000249124138306
0.000249110017304
0.000249095741237
0.000249081312870
0.000249066734884
0.000249052009735
0.000249037139531
0.000249022125912
0.000249006969953
0.000248991672086
0.000248976232054
0.000248960648888
0.000248944920916
0.000248929045809
0.000248913020647
0.000248896842022
0.000248880506163
0.000248864009073
0.000248847346690
0.000248830515049
0.000248813510444
0.000248796329587
0.000248778969742
0.000248761428849
0.000248743705615
0.000248725799567
0.000248707711082
0.000248689441369
0.000248670992413
0.000248652366894
0.000248633568057
0.000248614599567
0.000248595465341
0.000248576169355
0.000248556715462
0.000248537107196
0.000248517347599
0.000248497439059
0.000248477383180
0.000248457180679
0.000248436831325
0.000248416333917
0.000248395686306
0.000248374885455
0.000248353927548
0.000248332808128
0.000248311522268
0.000248290064772
0.000248268430382
0.000248246613998
0.000248224610897
0.000248202416930
0.000248180028709
0.000248157443750
0.000248134660590
0.000248111678849
0.000248088499251
0.000248065123598
0.000248041554683
0.000248017796173
0.000247993852441
0.000247969728366
0.000247945429112
0.000247920959886
0.000247896325695
0.000247871531109
0.000247846580040
0.000247821475547
0.000247796219676
0.000247770813349
0.000247745256290
0.000247719547021
0.000247693682890
0.000247667660172
0.000247641474204
0.000247615119572
0.000247588590333
0.000247561880261
0.000247534983107
0.000247507892873
0.000247480604065
0.000247453111940
0.000247425412710
0.000247397503713
0.000247369383535
0.000247341052075
0.000247312510550
0.000247283761448
0.000247254808418
0.000247225656108
0.000247196309958
0.000247166775958
0.000247137060376
0.000247107169475
0.000247077109228
0.000247046885042
0.000247016501511
0.000246985962194
0.000246955269446
