0.001000433944581
0.000992585032820
0.000984815894148
0.000977133652736
0.000969545125668
0.000962056816079
0.000954674907096
0.000947405256574
0.000940253392645
0.000933224510062
0.000926323467340
0.000919554784689
0.000912922642725
0.000906430881958
0.000900083003027
0.000893882167683
0.000887831200499
0.000881932591281
0.000876188498177
0.000870600751445
0.000865170857876
0.000859900005850
0.000854789070982
0.000849838622372
0.000845048929400
0.000840419969069
0.000835951433855
0.000831642740054
0.000827493036580
0.000823501214209
0.000819665915220
0.000815985543422
0.000812458274517
0.000809082066780
0.000805854672023
0.000802773646797
0.000799836363810
0.000797040023519
0.000794381665861
0.000791858182097
0.000789466326717
0.000787202729398
0.000785063906956
0.000783046275285
0.000781146161240
0.000779359814436
0.000777683418951
0.000776113104887
0.000774644959784
0.000773275039852
0.000771999381008
0.000770814009683
0.000769714953399
0.000768698251070
0.000767759963024
0.000766896180724
0.000766103036151
0.000765376710854
0.000764713444621
0.000764109543773
0.000763561389055
0.000763065443099
0.000762618257459
0.000762216479196
0.000761856857007
0.000761536246884
0.000761251617298
0.000761000053919
0.000760778763843
0.000760585079355
0.000760416461212
0.000760270501459
0.000760144925782
0.000760037595404
0.000759946508527
0.000759869801338
0.000759805748574
0.000759752763660
0.000759709398432
0.000759674342438
0.000759646421845
0.000759624597943
0.000759607965266
0.000759595749328
0.000759587304007
0.000759582108563
0.000759579764325
0.000759579991049
0.000759582622976
0.000759587604599
0.000759594986169
0.000759604918948
0.000759617650249
0.000759633518269
0.000759652946747
0.000759676439474
0.000759704574656
0.000759737999184
0.000759777422799
0.000759823612192
0.000759877385051
0.000759939604074
0.000760011170955
0.000760093020381
0.000760186114030
0.000760291434606
0.000760409979919
0.000760542757021
0.000760690776429
0.000760855046438
0.000761036567543
0.000761236327004
0.000761455293544
0.000761694412217
0.000761954599462
0.000762236738343
0.000762541674003
0.000762870209343
0.000763223100928
0.000763601055139
0.000764004724575
0.000764434704706
0.000764891530790
0.000765375675046
0.000765887544098
0.000766427476681
0.000766995741609
0.000767592536013
0.000768217983852
0.000768872134673
0.000769554962660
0.000770266365934
0.000771006166134
0.000771774108258
0.000772569860777
0.000773393016015
0.000774243090795
0.000775119527347
0.000776021694467
0.000776948888935
0.000777900337165
0.000778875197089
0.000779872560264
0.000780891454181
0.000781930844766
0.000782989639064
0.000784066688084
0.000785160789789
0.000786270692230
0.000787395096790
0.000788532661548
0.000789682004726
0.000790841708238
0.000792010321295
0.000793186364095
0.000794368331556
0.000795554697105
0.000796743916501
0.000797934431689
0.000799124674677
0.000800313071417
0.000801498045683
0.000802678022938
0.000803851434165
0.000805016719659
0.000806172332763
0.000807316743524
0.000808448442268
0.000809565943075
0.000810667787134
0.000811752545976
0.000812818824576
0.000813865264300
0.000814890545705
0.000815893391186
0.000816872567454
0.000817826887852
0.000818755214510
0.000819656460322
0.000820529590771
0.000821373625576
0.000822187640174
0.000822970767041
0.000823722196838
0.000824441179393
0.000825127024516
0.000825779102636
0.000826396845274
0.000826979745337
0.000827527357240
0.000828039296849
0.000828515241252
0.000828954928355
0.000829358156306
0.000829724782749
0.000830054723920
0.000830347953578
0.000830604501795
0.000830824453601
0.000831007947494
0.000831155173840
0.000831266373149
0.000831341834257
0.000831381892422
0.000831386927329
0.000831357361038
0.000831293655858
0.000831196312178
0.000831065866244
0.000830902887906
0.000830707978328
0.000830481767674
0.000830224912774
0.000829938094782
0.000829622016824
0.000829277401648
0.000828904989284
0.000828505534722
0.000828079805612
0.000827628580003
0.000827152644120
0.000826652790198
0.000826129814380
0.000825584514679
0.000825017689028
0.000824430133411
0.000823822640092
0.000823195995942
0.000822550980869
0.000821888366360
0.000821208914127
0.000820513374873
0.000819802487163
0.000819076976409
0.000818337553968
0.000817584916353
0.000816819744552
0.000816042703456
0.000815254441403
0.000814455589824
0.000813646763009
0.000812828557979
0.000812001554468
0.000811166315028
0.000810323385238
0.000809473294030
0.000808616554129
0.000807753662601
0.000806885101508
0.000806011338669
0.000805132828516
0.000804250013036
0.000803363322806
0.000802473178086
0.000801579989990
0.000800684161700
0.000799786089729
0.000798886165219
0.000797984775262
0.000797082304242
0.000796179135185
0.000795275651119
0.000794372236430
0.000793469278219
0.000792567167656
0.000791666301319
0.000790767082526
0.000789869922662
0.000788975242476
0.000788083473370
0.000787195058659
0.000786310454800
0.000785430132588
0.000784554578298
0.000783684294780
0.000782819802484
0.000781961640413
0.000781110366990
0.000780266560832
0.000779430821425
0.000778603769682
0.000777786048404
0.000776978322607
0.000776181279745
0.000775395629810
0.000774622105323
0.000773861461209
0.000773114474571
0.000772381944368
0.000771664690985
0.000770963555734
0.000770279400252
0.000769613105830
0.000768965572659
0.000768337719004
0.000767730480289
0.000767144808119
0.000766581669216
0.000766042044270
0.000765526926711
0.000765037321403
0.000764574243238
0.000764138715667
0.000763731769134
0.000763354439443
0.000763007766058
0.000762692790337
0.000762410553718
0.000762162095865
0.000761948452787
0.000761770654938
0.000761629725319
0.000761526677576
0.000761462514129
0.000761438224320
0.000761454782594
0.000761513146725
0.000761614256089
0.000761759029976
0.000761948365961
0.000762183138329
0.000762464196544
0.000762792363784
0.000763168435525
0.000763593178187
0.000764067327843
0.000764591588993
0.000765166633414
0.000765793099076
0.000766471589163
0.000767202671164
0.000767986876082
0.000768824697735
0.000769716592179
0.000770662977242
0.000771664232186
0.000772720697486
0.000773832674736
0.000775000426684
0.000776224177379
0.000777504112445
0.000778840379464
0.000780233088468
0.000781682312534
0.000783188088479
0.000784750417643
0.000786369266764
0.000788044568927
0.000789776224603
0.000791564102752
0.000793408042007
0.000795307851922
0.000797263314285
0.000799274184503
0.000801340193036
0.000803461046888
0.000805636431156
0.000807866010608
0.000810149431302
0.000812486322236
0.000814876296999
0.000817318955442
0.000819813885331
0.000822360663989
0.000824958859905
0.000827608034301
0.000830307742654
0.000833057536151
0.000835856963079
0.000838705570136
0.000841602903663
0.000844548510782
0.000847541940444
0.000850582744377
0.000853670477936
0.000856804700843
0.000859984977818
0.000863210879093
0.000866481980812
0.000869797865299
0.000873158121198
0.000876562343473
0.000880010133263
0.000883501097585
0.000887034848878
0.000890611004385
0.000894229185362
0.000897889016114
0.000901590122861
0.000905332132415
0.000909114670693
0.000912937361048
0.000916799822436
0.000920701667412
0.000924642499970
0.000928621913237
0.000932639487017
0.000936694785208
0.000940787353086
0.000944916714481
0.000949082368837
