0.000276245001826
0.000276307020570
0.000276368950518
0.000276430786044
0.000276492521518
0.000276554151334
0.000276615669933
0.000276677071827
0.000276738351623
0.000276799504046
0.000276860523960
0.000276921406382
0.000276982146495
0.000277042739659
0.000277103181407
0.000277163467447
0.000277223593649
0.000277283556032
0.000277343350746
0.000277402974045
0.000277462422263
0.000277521691784
0.000277580779008
0.000277639680330
0.000277698392104
0.000277756910623
0.000277815232096
0.000277873352636
0.000277931268254
0.000277988974850
0.000278046468229
0.000278103744108
0.000278160798140
0.000278217625939
0.000278274223110
0.000278330585288
0.000278386708173
0.000278442587566
0.000278498219409
0.000278553599814
0.000278608725092
0.000278663591776
0.000278718196632
0.000278772536665
0.000278826609115
0.000278880411443
0.000278933941309
0.000278987196542
0.000279040175101
0.000279092875040
0.000279145294455
0.000279197431443
0.000279249284059
0.000279300850273
0.000279352127937
0.000279403114757
0.000279453808277
0.000279504205868
0.000279554304734
0.000279604101925
0.000279653594362
0.000279702778869
0.000279751652216
0.000279800211166
0.000279848452524
0.000279896373193
0.000279943970222
0.000279991240852
0.000280038182558
0.000280084793080
0.000280131070439
0.000280177012956
0.000280222619237
0.000280267888167
0.000280312818873
0.000280357410693
0.000280401663124
0.000280445575768
0.000280489148277
0.000280532380288
0.000280575271370
0.000280617820967
0.000280660028357
0.000280701892617
0.000280743412593
0.000280784586899
0.000280825413914
0.000280865891806
0.000280906018557
0.000280945792008
0.000280985209915
0.000281024270001
0.000281062970028
0.000281101307854
0.000281139281498
0.000281176889197
0.000281214129452
0.000281251001064
0.000281287503155
0.000281323635180
0.000281359396917
0.000281394788446
0.000281429810110
0.000281464462471
0.000281498746248
0.000281532662251
0.000281566211315
0.000281599394227
0.000281632211665
0.000281664664133
0.000281696751915
0.000281728475039
0.000281759833253
0.000281790826022
0.000281821452530
0.000281851711715
0.000281881602299
0.000281911122847
0.000281940271824
0.000281969047667
0.000281997448850
0.000282025473963
0.000282053121770
0.000282080391272
0.000282107281756
0.000282133792822
0.000282159924411
0.000282185676798
0.000282211050587
0.000282236046673
0.000282260666203
0.000282284910519
0.000282308781088
0.000282332279436
0.000282355407071
0.000282378165411
0.000282400555719
0.000282422579046
0.000282444236181
0.000282465527623
0.000282486453564
0.000282507013889
0.000282527208194
0.000282547035818
0.000282566495890
0.000282585587389
0.000282604309205
0.000282622660216
0.000282640639358
0.000282658245691
0.000282675478470
0.000282692337190
0.000282708821634
0.000282724931894
0.000282740668385
0.000282756031838
0.000282771023276
0.000282785643980
0.000282799895436
0.000282813779277
0.000282827297214
0.000282840450966
0.000282853242188
0.000282865672405
0.000282877742955
0.000282889454936
0.000282900809172
0.000282911806193
0.000282922446226
0.000282932729208
0.000282942654811
0.000282952222478
0.000282961431477
0.000282970280960
0.000282978770023
0.000282986897781
0.000282994663426
0.000283002066290
0.000283009105900
0.000283015782016
0.000283022094662
0.000283028044140
0.000283033631030
0.000283038856173
0.000283043720645
0.000283048225714
0.000283052372789
0.000283056163362
0.000283059598948
0.000283062681019
0.000283065410948
0.000283067789953
0.000283069819053
0.000283071499032
0.000283072830419
0.000283073813481
0.000283074448224
0.000283074734418
0.000283074671623
0.000283074259231
0.000283073496518
0.000283072382694
0.000283070916962
0.000283069098573
0.000283066926876
0.000283064401365
0.000283061521715
0.000283058287805
0.000283054699735
0.000283050757826
0.000283046462609
0.000283041814802
0.000283036815281
0.000283031465034
0.000283025765119
0.000283019716615
0.000283013320567
0.000283006577948
0.000282999489607
0.000282992056239
0.000282984278359
0.000282976156281
0.000282967690117
0.000282958879780
0.000282949725001
0.000282940225352
0.000282930380279
0.000282920189140
0.000282909651247
0.000282898765909
0.000282887532474
0.000282875950365
0.000282864019115
0.000282851738392
0.000282839108015
0.000282826127964
0.000282812798378
0.000282799119542
0.000282785091873
0.000282770715893
0.000282755992194
0.000282740921409
0.000282725504175
0.000282709741094
0.000282693632707
0.000282677179459
0.000282660381684
0.000282643239583
0.000282625753223
0.000282607922535
0.000282589747321
0.000282571227274
0.000282552361995
0.000282533151023
0.000282513593861
0.000282493690009
0.000282473438992
0.000282452840388
0.000282431893852
0.000282410599136
0.000282388956097
0.000282366964710
0.000282344625060
0.000282321937339
0.000282298901831
0.000282275518893
0.000282251788933
0.000282227712388
0.000282203289693
0.000282178521262
0.000282153407461
0.000282127948595
0.000282102144888
0.000282075996480
0.000282049503423
0.000282022665687
0.000281995483164
0.000281967955690
0.000281940083060
0.000281911865051
0.000281883301446
0.000281854392056
0.000281825136742
0.000281795535437
0.000281765588158
0.000281735295021
0.000281704656243
0.000281673672144
0.000281642343141
0.000281610669737
0.000281578652506
0.000281546292076
0.000281513589104
0.000281480544258
0.000281447158195
0.000281413431539
0.000281379364864
0.000281344958685
0.000281310213444
0.000281275129513
0.000281239707195
0.000281203946729
0.000281167848309
0.000281131412100
0.000281094638256
0.000281057526948
0.000281020078383
0.000280982292832
0.000280944170645
0.000280905712276
0.000280866918289
0.000280827789374
0.000280788326344
0.000280748530136
0.000280708401801
0.000280667942491
0.000280627153444
0.000280586035957
0.000280544591369
0.000280502821033
0.000280460726297
0.000280418308475
0.000280375568836
0.000280332508585
0.000280289128857
0.000280245430711
0.000280201415133
0.000280157083045
0.000280112435319
0.000280067472794
0.000280022196300
0.000279976606681
0.000279930704823
0.000279884491676
0.000279837968285
0.000279791135804
0.000279743995517
0.000279696548852
0.000279648797384
0.000279600742836
0.000279552387079
0.000279503732116
0.000279454780067
0.000279405533153
0.000279355993670
0.000279306163964
0.000279256046409
0.000279205643378
0.000279154957226
0.000279103990267
0.000279052744761
0.000279001222904
0.000278949426822
0.000278897358576
0.000278845020165
0.000278792413539
0.000278739540619
0.000278686403313
0.000278633003539
0.000278579343253
0.000278525424471
0.000278471249291
0.000278416819918
0.000278362138679
0.000278307208038
0.000278252030605
0.000278196609142
0.000278140946562
0.000278085045920
0.000278028910409
0.000277972543340
0.000277915948128
0.000277859128270
0.000277802087328
0.000277744828899
0.000277687356602
0.000277629674054
0.000277571784856
0.000277513692573
0.000277455400731
0.000277396912806
0.000277338232225
0.000277279362366
0.000277220306566
0.000277161068135
0.000277101650365
0.000277042056549
0.000276982289999
0.000276922354066
0.000276862252160
0.000276801987764
0.000276741564460
0.000276680985935
0.000276620255999
0.000276559378593
0.000276498357793
0.000276437197814
0.000276375903004
0.000276314477844
0.000276252926936
0.000276191254991
