0.000360598826768
0.000360718524508
0.000360839888492
0.000360962889271
0.000361087497344
0.000361213683150
0.000361341417046
0.000361470669266
0.000361601409884
0.000361733608761
0.000361867235494
0.000362002259367
0.000362138649307
0.000362276373845
0.000362415401094
0.000362555698733
0.000362697234012
0.000362839973769
0.000362983884461
0.000363128932211
0.000363275082862
0.000363422302041
0.000363570555234
0.000363719807853
0.000363870025309
0.000364021173079
0.000364173216758
0.000364326122112
0.000364479855107
0.000364634381928
0.000364789668989
0.000364945682921
0.000365102390547
0.000365259758858
0.000365417754966
0.000365576346058
0.000365735499355
0.000365895182057
0.000366055361310
0.000366216004167
0.000366377077565
0.000366538548316
0.000366700383103
0.000366862548501
0.000367025010999
0.000367187737040
0.000367350693073
0.000367513845605
0.000367677161265
0.000367840606865
0.000368004149462
0.000368167756414
0.000368331395432
0.000368495034619
0.000368658642501
0.000368822188046
0.000368985640666
0.000369148970215
0.000369312146974
0.000369475141618
0.000369637925190
0.000369800469058
0.000369962744878
0.000370124724552
0.000370286380191
0.000370447684086
0.000370608608682
0.000370769126562
0.000370929210441
0.000371088833176
0.000371247967771
0.000371406587412
0.000371564665490
0.000371722175645
0.000371879091806
0.000372035388239
0.000372191039590
0.000372346020929
0.000372500307792
0.000372653876207
0.000372806702730
0.000372958764452
0.000373110039015
0.000373260504607
0.000373410139957
0.000373558924314
0.000373706837424
0.000373853859505
0.000373999971211
0.000374145153600
0.000374289388101
0.000374432656483
0.000374574940827
0.000374716223506
0.000374856487169
0.000374995714729
0.000375133889364
0.000375270994526
0.000375407013946
0.000375541931659
0.000375675732024
0.000375808399751
0.000375939919933
0.000376070278069
0.000376199460098
0.000376327452423
0.000376454241931
0.000376579816011
0.000376704162565
0.000376827270011
0.000376949127283
0.000377069723823
0.000377189049562
0.000377307094906
0.000377423850708
0.000377539308244
0.000377653459178
0.000377766295541
0.000377877809695
0.000377987994310
0.000378096842337
0.000378204346992
0.000378310501739
0.000378415300279
0.000378518736549
0.000378620804720
0.000378721499204
0.000378820814663
0.000378918746025
0.000379015288499
0.000379110437593
0.000379204189131
0.000379296539272
0.000379387484528
0.000379477021770
0.000379565148243
0.000379651861568
0.000379737159742
0.000379821041131
0.000379903504460
0.000379984548800
0.000380064173542
0.000380142378377
0.000380219163272
0.000380294528435
0.000380368474293
0.000380441001461
0.000380512110715
0.000380581802970
0.000380650079260
0.000380716940722
0.000380782388585
0.000380846424166
0.000380909048870
0.000380970264191
0.000381030071723
0.000381088473172
0.000381145470369
0.000381201065287
0.000381255260052
0.000381308056964
0.000381359458502
0.000381409467337
0.000381458086333
0.000381505318551
0.000381551167239
0.000381595635827
0.000381638727906
0.000381680447214
0.000381720797610
0.000381759783051
0.000381797407567
0.000381833675231
0.000381868590138
0.000381902156380
0.000381934378026
0.000381965259109
0.000381994803613
0.000382023015465
0.000382049898538
0.000382075456649
0.000382099693569
0.000382122613032
0.000382144218745
0.000382164514403
0.000382183503702
0.000382201190347
0.000382217578066
0.000382232670614
0.000382246471775
0.000382258985366
0.000382270215225
0.000382280165211
0.000382288839185
0.000382296240999
0.000382302374480
0.000382307243412
0.000382310851521
0.000382313202456
0.000382314299777
0.000382314146944
0.000382312747306
0.000382310104102
0.000382306220453
0.000382301099368
0.000382294743749
0.000382287156396
0.000382278340017
0.000382268297237
0.000382257030608
0.000382244542616
0.000382230835685
0.000382215912186
0.000382199774433
0.000382182424683
0.000382163865133
0.000382144097908
0.000382123125059
0.000382100948546
0.000382077570233
0.000382052991872
0.000382027215104
0.000382000241444
0.000381972072284
0.000381942708894
0.000381912152422
0.000381880403906
0.000381847464288
0.000381813334423
0.000381778015097
0.000381741507047
0.000381703810975
0.000381664927563
0.000381624857489
0.000381583601432
0.000381541160077
0.000381497534121
0.000381452724261
0.000381406731185
0.000381359555563
0.000381311198024
0.000381261659143
0.000381210939413
0.000381159039235
0.000381105958893
0.000381051698550
0.000380996258236
0.000380939637848
0.000380881837159
0.000380822855832
0.000380762693439
0.000380701349492
0.000380638823473
0.000380575114876
0.000380510223240
0.000380444148190
0.000380376889476
0.000380308446997
0.000380238820835
0.000380168011264
0.000380096018764
0.000380022844013
0.000379948487877
0.000379872951393
0.000379796235731
0.000379718342167
0.000379639272038
0.000379559026706
0.000379477607515
0.000379395015761
0.000379311252660
0.000379226319337
0.000379140216813
0.000379052946016
0.000378964507800
0.000378874902972
0.000378784132343
0.000378692196775
0.000378599097245
0.000378504834906
0.000378409411154
0.000378312827689
0.000378215086569
0.000378116190254
0.000378016141644
0.000377914944091
0.000377812601403
0.000377709117830
0.000377604498038
0.000377498747059
0.000377391870243
0.000377283873196
0.000377174761710
0.000377064541701
0.000376953219146
0.000376840800033
0.000376727290320
0.000376612695910
0.000376497022648
0.000376380276330
0.000376262462732
0.000376143587665
0.000376023657035
0.000375902676918
0.000375780653648
0.000375657593902
0.000375533504787
0.000375408393920
0.000375282269498
0.000375155140349
0.000375027015968
0.000374897906532
0.000374767822892
0.000374636776542
0.000374504779572
0.000374371844603
0.000374237984702
0.000374103213300
0.000373967544095
0.000373830990968
0.000373693567894
0.000373555288883
0.000373416167918
0.000373276218932
0.000373135455798
0.000372993892344
0.000372851542395
0.000372708419831
0.000372564538670
0.000372419913159
0.000372274557873
0.000372128487825
0.000371981718561
0.000371834266253
0.000371686147776
0.000371537380759
0.000371387983625
0.000371237975593
0.000371087376658
0.000370936207551
0.000370784489667
0.000370632244978
0.000370479495932
0.000370326265345
0.000370172576282
0.000370018451954
0.000369863915616
0.000369708990489
0.000369553699697
0.000369398066230
0.000369242112939
0.000369085862554
0.000368929337725
0.000368772561096
0.000368615555390
0.000368458343514
0.000368300948665
0.000368143394446
0.000367985704972
0.000367827904960
0.000367670019805
0.000367512075638
0.000367354099346
0.000367196118571
0.000367038161680
0.000366880257709
0.000366722436274
0.000366564727473
0.000366407161770
0.000366249769867
0.000366092582582
0.000365935630728
0.000365778945011
0.000365622555939
0.000365466493758
0.000365310788420
0.000365155469572
0.000365000566577
0.000364846108560
0.000364692124483
0.000364538643234
0.000364385693728
0.000364233305021
0.000364081506418
0.000363930327574
0.000363779798584
0.000363629950054
0.000363480813140
0.000363332419570
0.000363184801632
0.000363037992131
0.000362892024326
0.000362746931841
0.000362602748552
0.000362459508471
0.000362317245620
0.000362175993904
0.000362035786994
0.000361896658227
0.000361758640517
0.000361621766304
