0.000489128059590
0.000489007270335
0.000488892459609
0.000488783692781
0.000488681035420
0.000488584553140
0.000488494311439
0.000488410375547
0.000488332810265
0.000488261679807
0.000488197047636
0.000488138976302
0.000488087527272
0.000488042760762
0.000488004735568
0.000487973508901
0.000487949136216
0.000487931671054
0.000487921164888
0.000487917666971
0.000487921224199
0.000487931880983
0.000487949679126
0.000487974657720
0.000488006853040
0.000488046298459
0.000488093024366
0.000488147058085
0.000488208423810
0.000488277142532
0.000488353231970
0.000488436706503
0.000488527577099
0.000488625851239
0.000488731532842
0.000488844622186
0.000488965115821
0.000489093006494
0.000489228283066
0.000489370930434
0.000489520929465
0.000489678256931
0.000489842885460
0.000490014783495
0.000490193915275
0.000490380240819
0.000490573715935
0.000490774292239
0.000490981917188
0.000491196534119
0.000491418082309
0.000491646497028
0.000491881709600
0.000492123647472
0.000492372234264
0.000492627389835
0.000492889030321
0.000493157068187
0.000493431412255
0.000493711967733
0.000493998636238
0.000494291315814
0.000494589900950
0.000494894282598
0.000495204348197
0.000495519981711
0.000495841063667
0.000496167471221
0.000496499078222
0.000496835755313
0.000497177370031
0.000497523786934
0.000497874867737
0.000498230471466
0.000498590454610
0.000498954671289
0.000499322973418
0.000499695210870
0.000500071231627
0.000500450881932
0.000500834006418
0.000501220448230
0.000501610049130
0.000502002649588
0.000502398088858
0.000502796205054
0.000503196835202
0.000503599815304
0.000504004980394
0.000504412164604
0.000504821201233
0.000505231922838
0.000505644161325
0.000506057748073
0.000506472514067
0.000506888290043
0.000507304906661
0.000507722194679
0.000508139985142
0.000508558109569
0.000508976400149
0.000509394689919
0.000509812812946
0.000510230604482
0.000510647901109
0.000511064540863
0.000511480363332
0.000511895209741
0.000512308923012
0.000512721347807
0.000513132330564
0.000513541719513
0.000513949364702
0.000514355118012
0.000514758833185
0.000515160365861
0.000515559573624
0.000515956316072
0.000516350454894
0.000516741853977
0.000517130379513
0.000517515900131
0.000517898287031
0.000518277414123
0.000518653158166
0.000519025398900
0.000519394019164
0.000519758905006
0.000520119945761
0.000520477034119
0.000520830066162
0.000521178941377
0.000521523562656
0.000521863836264
0.000522199671802
0.000522530982154
0.000522857683428
0.000523179694893
0.000523496938930
0.000523809340980
0.000524116829508
0.000524419335986
0.000524716794881
0.000525009143671
0.000525296322866
0.000525578276049
0.000525854949914
0.000526126294324
0.000526392262359
0.000526652810356
0.000526907897953
0.000527157488108
0.000527401547102
0.000527640044533
0.000527872953277
0.000528100249437
0.000528321912272
0.000528537924105
0.000528748270219
0.000528952938750
0.000529151920561
0.000529345209126
0.000529532800412
0.000529714692769
0.000529890886830
0.000530061385423
0.000530226193497
0.000530385318061
0.000530538768140
0.000530686554735
0.000530828690804
0.000530965191236
0.000531096072836
0.000531221354306
0.000531341056222
0.000531455201000
0.000531563812857
0.000531666917754
0.000531764543327
0.000531856718807
0.000531943474922
0.000532024843794
0.000532100858821
0.000532171554554
0.000532236966579
0.000532297131384
0.000532352086247
0.000532401869120
0.000532446518522
0.000532486073452
0.000532520573300
0.000532550057788
0.000532574566901
0.000532594140852
0.000532608820034
0.000532618644991
0.000532623656390
0.000532623894991
0.000532619401615
0.000532610217115
0.000532596382327
0.000532577938032
0.000532554924894
0.000532527383403
0.000532495353804
0.000532458876027
0.000532417989610
0.000532372733623
0.000532323146597
0.000532269266454
0.000532211130445
0.000532148775095
0.000532082236162
0.000532011548600
0.000531936746539
0.000531857863265
0.000531774931220
0.000531687982001
0.000531597046362
0.000531502154225
0.000531403334684
0.000531300616015
0.000531194025673
0.000531083590295
0.000530969335691
0.000530851286834
0.000530729467844
0.000530603901970
0.000530474611577
0.000530341618127
0.000530204942168
0.000530064603327
0.000529920620316
0.000529773010942
0.000529621792128
0.000529466979947
0.000529308589669
0.000529146635807
0.000528981132183
0.000528812091986
0.000528639527849
0.000528463451908
0.000528283875872
0.000528100811080
0.000527914268557
0.000527724259057
0.000527530793101
0.000527333881004
0.000527133532898
0.000526929758747
0.000526722568360
0.000526511971405
0.000526297977425
0.000526080595858
0.000525859836072
0.000525635707403
0.000525408219209
0.000525177380942
0.000524943202226
0.000524705692950
0.000524464863372
0.000524220724232
0.000523973286863
0.000523722563312
0.000523468566450
0.000523211310078
0.000522950809023
0.000522687079224
0.000522420137797
0.000522150003091
0.000521876694727
0.000521600233621
0.000521320641998
0.000521037943398
0.000520752162674
0.000520463325992
0.000520171460831
0.000519876595993
0.000519578761625
0.000519277989245
0.000518974311796
0.000518667763702
0.000518358380950
0.000518046201179
0.000517731263779
0.000517413610001
0.000517093283070
0.000516770328291
0.000516444793152
0.000516116727419
0.000515786183213
0.000515453215069
0.000515117879977
0.000514780237404
0.000514440349289
0.000514098280030
0.000513754096443
0.000513407867714
0.000513059665346
0.000512709563095
0.000512357636913
0.000512003964891
0.000511648627217
0.000511291706145
0.000510933285976
0.000510573453064
0.000510212295827
0.000509849904782
0.000509486372586
0.000509121794092
0.000508756266403
0.000508389888925
0.000508022763424
0.000507654994060
0.000507286687413
0.000506917952491
0.000506548900715
0.000506179645879
0.000505810304093
0.000505440993704
0.000505071835192
0.000504702951060
0.000504334465705
0.000503966505290
0.000503599197607
0.000503232671955
0.000502867059016
0.000502502490750
0.000502139100304
0.000501777021939
0.000501416390970
0.000501057343733
0.000500700017550
0.000500344550724
0.000499991082527
0.000499639753195
0.000499290703926
0.000498944076862
0.000498600015064
0.000498258662472
0.000497920163849
0.000497584664696
0.000497252311159
0.000496923249906
0.000496597628000
0.000496275592740
0.000495957291508
0.000495642871605
0.000495332480081
0.000495026263578
0.000494724368177
0.000494426939257
0.000494134121371
0.000493846058137
0.000493562892153
0.000493284764921
0.000493011816790
0.000492744186919
0.000492482013237
0.000492225432418
0.000491974579857
0.000491729589640
0.000491490594507
0.000491257725812
0.000491031113459
0.000490810885839
0.000490597169737
0.000490390090239
0.000490189770618
0.000489996332215
0.000489809894309
0.000489630573993
0.000489458486045
0.000489293742800
0.000489136454047
0.000488986726917
0.000488844665805
0.000488710372293
0.000488583945098
0.000488465480035
0.000488355069991
0.000488252804912
0.000488158771807
0.000488073054752
0.000487995734896
0.000487926890475
0.000487866596817
0.000487814926347
0.000487771948581
0.000487737730115
0.000487712334608
0.000487695822754
0.000487688252247
0.000487689677752
0.000487700150861
0.000487719720063
0.000487748430705
0.000487786324971
0.000487833441868
0.000487889817212
0.000487955483641
