0.000173895743249
0.000173900891963
0.000173906059758
0.000173911242859
0.000173916437990
0.000173921642463
0.000173926854248
0.000173932072013
0.000173937295143
0.000173942523719
0.000173947758481
0.000173953000756
0.000173958252368
0.000173963515530
0.000173968792718
0.000173974086550
0.000173979399647
0.000173984734518
0.000173990093438
0.000173995478353
0.000174000890792
0.000174006331808
0.000174011801928
0.000174017301136
0.000174022828863
0.000174028384003
0.000174033964949
0.000174039569628
0.000174045195572
0.000174050839979
0.000174056499796
0.000174062171806
0.000174067852717
0.000174073539255
0.000174079228258
0.000174084916764
0.000174090602092
0.000174096281913
0.000174101954312
0.000174107617824
0.000174113271462
0.000174118914720
0.000174124547555
0.000174130170356
0.000174135783889
0.000174141389230
0.000174146987692
0.000174152580735
0.000174158169886
0.000174163756649
0.000174169342434
0.000174174928480
0.000174180515804
0.000174186105151
0.000174191696966
0.000174197291370
0.000174202888161
0.000174208486811
0.000174214086483
0.000174219686054
0.000174225284139
0.000174230879130
0.000174236469233
0.000174242052507
0.000174247626917
0.000174253190379
0.000174258740810
0.000174264276183
0.000174269794574
0.000174275294209
0.000174280773507
0.000174286231117
0.000174291665939
0.000174297077144
0.000174302464175
0.000174307826738
0.000174313164784
0.000174318478478
0.000174323768161
0.000174329034307
0.000174334277475
0.000174339498261
0.000174344697260
0.000174349875019
0.000174355032011
0.000174360168604
0.000174365285049
0.000174370381464
0.000174375457830
0.000174380513992
0.000174385549661
0.000174390564418
0.000174395557723
0.000174400528917
0.000174405477232
0.000174410401799
0.000174415301658
0.000174420175769
0.000174425023026
0.000174429842277
0.000174434632345
0.000174439392050
0.000174444120233
0.000174448815786
0.000174453477672
0.000174458104949
0.000174462696783
0.000174467252465
0.000174471771409
0.000174476253156
0.000174480697365
0.000174485103800
0.000174489472318
0.000174493802848
0.000174498095379
0.000174502349942
0.000174506566596
0.000174510745422
0.000174514886512
0.000174518989966
0.000174523055887
0.000174527084379
0.000174531075541
0.000174535029459
0.000174538946199
0.000174542825793
0.000174546668225
0.000174550473411
0.000174554241188
0.000174557971294
0.000174561663361
0.000174565316902
0.000174568931319
0.000174572505901
0.000174576039841
0.000174579532252
0.000174582982193
0.000174586388690
0.000174589750770
0.000174593067481
0.000174596337920
0.000174599561253
0.000174602736730
0.000174605863703
0.000174608941626
0.000174611970064
0.000174614948697
0.000174617877314
0.000174620755815
0.000174623584210
0.000174626362610
0.000174629091228
0.000174631770369
0.000174634400421
0.000174636981844
0.000174639515146
0.000174642000869
0.000174644439555
0.000174646831721
0.000174649177821
0.000174651478216
0.000174653733141
0.000174655942677
0.000174658106733
0.000174660225027
0.000174662297088
0.000174664322262
0.000174666299727
0.000174668228523
0.000174670107583
0.000174671935771
0.000174673711928
0.000174675434910
0.000174677103633
0.000174678717106
0.000174680274461
0.000174681774986
0.000174683218135
0.000174684603545
0.000174685931045
0.000174687200652
0.000174688412574
0.000174689567194
0.000174690665066
0.000174691706892
0.000174692693503
0.000174693625831
0.000174694504879
0.000174695331680
0.000174696107261
0.000174696832596
0.000174697508558
0.000174698135879
0.000174698715101
0.000174699246545
0.000174699730280
0.000174700166108
0.000174700553557
0.000174700891892
0.000174701180137
0.000174701417111
0.000174701601475
0.000174701731788
0.000174701806563
0.000174701824338
0.000174701783731
0.000174701683500
0.000174701522594
0.000174701300194
0.000174701015746
0.000174700668981
0.000174700259925
0.000174699788901
0.000174699256518
0.000174698663653
0.000174698011423
0.000174697301153
0.000174696534335
0.000174695712581
0.000174694837568
0.000174693910988
0.000174692934481
0.000174691909577
0.000174690837635
0.000174689719784
0.000174688556869
0.000174687349410
0.000174686097566
0.000174684801117
0.000174683459464
0.000174682071642
0.000174680636352
0.000174679152012
0.000174677616818
0.000174676028823
0.000174674386018
0.000174672686423
0.000174670928171
0.000174669109594
0.000174667229298
0.000174665286223
0.000174663279695
0.000174661209457
0.000174659075690
0.000174656879010
0.000174654620455
0.000174652301455
0.000174649923794
0.000174647489551
0.000174645001043
0.000174642460747
0.000174639871228
0.000174637235056
0.000174634554716
0.000174631832529
0.000174629070567
0.000174626270575
0.000174623433900
0.000174620561438
0.000174617653590
0.000174614710236
0.000174611730731
0.000174608713926
0.000174605658204
0.000174602561540
0.000174599421587
0.000174596235766
0.000174593001379
0.000174589715722
0.000174586376207
0.000174582980471
0.000174579526487
0.000174576012651
0.000174572437862
0.000174568801576
0.000174565103839
0.000174561345299
0.000174557527197
0.000174553651335
0.000174549720027
0.000174545736031
0.000174541702465
0.000174537622717
0.000174533500337
0.000174529338931
0.000174525142043
0.000174520913044
0.000174516655017
0.000174512370655
0.000174508062162
0.000174503731179
0.000174499378712
0.000174495005098
0.000174490609985
0.000174486192338
0.000174481750481
0.000174477282155
0.000174472784609
0.000174468254709
0.000174463689067
0.000174459084183
0.000174454436590
0.000174449743006
0.000174445000470
0.000174440206478
0.000174435359089
0.000174430457021
0.000174425499710
0.000174420487353
0.000174415420916
0.000174410302119
0.000174405133391
0.000174399917804
0.000174394658987
0.000174389361015
0.000174384028291
0.000174378665411
0.000174373277026
0.000174367867693
0.000174362441735
0.000174357003102
0.000174351555238
0.000174346100968
0.000174340642399
0.000174335180849
0.000174329716796
0.000174324249865
0.000174318778840
0.000174313301709
0.000174307815749
0.000174302317628
0.000174296803543
0.000174291269374
0.000174285710849
0.000174280123726
0.000174274503965
0.000174268847900
0.000174263152389
0.000174257414957
0.000174251633899
0.000174245808365
0.000174239938410
0.000174234025011
0.000174228070056
0.000174222076298
0.000174216047280
0.000174209987241
0.000174203900989
0.000174197793763
0.000174191671079
0.000174185538558
0.000174179401763
0.000174173266020
0.000174167136253
0.000174161016828
0.000174154911407
0.000174148822835
0.000174142753037
0.000174136702964
0.000174130672556
0.000174124660757
0.000174118665555
0.000174112684067
0.000174106712655
0.000174100747074
0.000174094782640
0.000174088814421
0.000174082837435
0.000174076846856
0.000174070838202
0.000174064807525
0.000174058751569
0.000174052667912
0.000174046555065
0.000174040412556
0.000174034240959
0.000174028041907
0.000174021818051
0.000174015573001
0.000174009311230
0.000174003037945
0.000173996758946
0.000173990480449
0.000173984208912
0.000173977950833
0.000173971712556
0.000173965500074
0.000173959318840
0.000173953173596
0.000173947068217
0.000173941005589
0.000173934987517
0.000173929014671
0.000173923086572
0.000173917201620
0.000173911357166
0.000173905549621
0.000173899774601
0.000173894027105
0.000173888301714
0.000173882592805
