0.000188952679654
0.000188959792944
0.000188966894035
0.000188973986891
0.000188981076219
0.000188988167258
0.000188995265539
0.000189002376655
0.000189009506023
0.000189016658664
0.000189023839004
0.000189031050698
0.000189038296490
0.000189045578112
0.000189052896220
0.000189060250375
0.000189067639060
0.000189075059743
0.000189082508973
0.000189089982504
0.000189097475454
0.000189104982473
0.000189112497931
0.000189120016111
0.000189127531394
0.000189135038440
0.000189142532355
0.000189150008831
0.000189157464264
0.000189164895842
0.000189172301601
0.000189179680446
0.000189187032140
0.000189194357266
0.000189201657156
0.000189208933791
0.000189216189696
0.000189223427799
0.000189230651297
0.000189237863508
0.000189245067731
0.000189252267103
0.000189259464478
0.000189266662315
0.000189273862580
0.000189281066684
0.000189288275426
0.000189295488973
0.000189302706855
0.000189309927987
0.000189317150713
0.000189324372862
0.000189331591826
0.000189338804648
0.000189346008117
0.000189353198871
0.000189360373497
0.000189367528633
0.000189374661060
0.000189381767784
0.000189388846112
0.000189395893709
0.000189402908640
0.000189409889402
0.000189416834930
0.000189423744601
0.000189430618212
0.000189437455951
0.000189444258355
0.000189451026263
0.000189457760758
0.000189464463106
0.000189471134696
0.000189477776972
0.000189484391380
0.000189490979305
0.000189497542019
0.000189504080639
0.000189510596084
0.000189517089046
0.000189523559966
0.000189530009016
0.000189536436095
0.000189542840827
0.000189549222569
0.000189555580427
0.000189561913273
0.000189568219773
0.000189574498415
0.000189580747544
0.000189586965394
0.000189593150130
0.000189599299879
0.000189605412772
0.000189611486978
0.000189617520740
0.000189623512403
0.000189629460449
0.000189635363519
0.000189641220436
0.000189647030228
0.000189652792135
0.000189658505626
0.000189664170397
0.000189669786376
0.000189675353715
0.000189680872775
0.000189686344115
0.000189691768462
0.000189697146686
0.000189702479767
0.000189707768756
0.000189713014732
0.000189718218765
0.000189723381864
0.000189728504942
0.000189733588767
0.000189738633930
0.000189743640806
0.000189748609534
0.000189753539990
0.000189758431781
0.000189763284237
0.000189768096421
0.000189772867140
0.000189777594973
0.000189782278298
0.000189786915334
0.000189791504187
0.000189796042900
0.000189800529505
0.000189804962080
0.000189809338807
0.000189813658020
0.000189817918259
0.000189822118311
0.000189826257245
0.000189830334443
0.000189834349609
0.000189838302779
0.000189842194313
0.000189846024874
0.000189849795398
0.000189853507055
0.000189857161197
0.000189860759303
0.000189864302915
0.000189867793574
0.000189871232756
0.000189874621809
0.000189877961892
0.000189881253930
0.000189884498568
0.000189887696138
0.000189890846645
0.000189893949752
0.000189897004790
0.000189900010775
0.000189902966434
0.000189905870249
0.000189908720502
0.000189911515331
0.000189914252798
0.000189916930944
0.000189919547861
0.000189922101753
0.000189924590996
0.000189927014189
0.000189929370198
0.000189931658193
0.000189933877667
0.000189936028448
0.000189938110691
0.000189940124871
0.000189942071746
0.000189943952327
0.000189945767822
0.000189947519590
0.000189949209076
0.000189950837752
0.000189952407056
0.000189953918336
0.000189955372791
0.000189956771435
0.000189958115050
0.000189959404165
0.000189960639040
0.000189961819658
0.000189962945732
0.000189964016719
0.000189965031852
0.000189965990166
0.000189966890540
0.000189967731747
0.000189968512496
0.000189969231481
0.000189969887436
0.000189970479170
0.000189971005615
0.000189971465858
0.000189971859166
0.000189972185008
0.000189972443064
0.000189972633221
0.000189972755574
0.000189972810400
0.000189972798143
0.000189972719381
0.000189972574794
0.000189972365126
0.000189972091156
0.000189971753657
0.000189971353367
0.000189970890962
0.000189970367035
0.000189969782079
0.000189969136477
0.000189968430503
0.000189967664321
0.000189966838001
0.000189965951524
0.000189965004805
0.000189963997714
0.000189962930089
0.000189961801763
0.000189960612579
0.000189959362406
0.000189958051152
0.000189956678772
0.000189955245274
0.000189953750713
0.000189952195192
0.000189950578849
0.000189948901843
0.000189947164343
0.000189945366503
0.000189943508450
0.000189941590264
0.000189939611961
0.000189937573483
0.000189935474687
0.000189933315347
0.000189931095151
0.000189928813718
0.000189926470608
0.000189924065350
0.000189921597464
0.000189919066496
0.000189916472053
0.000189913813835
0.000189911091668
0.000189908305540
0.000189905455617
0.000189902542271
0.000189899566084
0.000189896527848
0.000189893428564
0.000189890269414
0.000189887051737
0.000189883776992
0.000189880446709
0.000189877062442
0.000189873625714
0.000189870137954
0.000189866600447
0.000189863014280
0.000189859380289
0.000189855699023
0.000189851970715
0.000189848195256
0.000189844372199
0.000189840500762
0.000189836579849
0.000189832608095
0.000189828583909
0.000189824505543
0.000189820371160
0.000189816178918
0.000189811927056
0.000189807613974
0.000189803238319
0.000189798799065
0.000189794295572
0.000189789727644
0.000189785095564
0.000189780400113
0.000189775642570
0.000189770824689
0.000189765948661
0.000189761017048
0.000189756032713
0.000189750998726
0.000189745918259
0.000189740794484
0.000189735630454
0.000189730428997
0.000189725192612
0.000189719923372
0.000189714622846
0.000189709292038
0.000189703931342
0.000189698540529
0.000189693118746
0.000189687664552
0.000189682175968
0.000189676650559
0.000189671085524
0.000189665477820
0.000189659824281
0.000189654121757
0.000189648367255
0.000189642558069
0.000189636691912
0.000189630767029
0.000189624782293
0.000189618737276
0.000189612632298
0.000189606468444
0.000189600247554
0.000189593972179
0.000189587645511
0.000189581271288
0.000189574853677
0.000189568397131
0.000189561906241
0.000189555385579
0.000189548839538
0.000189542272174
0.000189535687067
0.000189529087190
0.000189522474804
0.000189515851381
0.000189509217550
0.000189502573081
0.000189495916900
0.000189489247133
0.000189482561189
0.000189475855867
0.000189469127488
0.000189462372049
0.000189455585393
0.000189448763385
0.000189441902089
0.000189434997943
0.000189428047919
0.000189421049664
0.000189414001619
0.000189406903103
0.000189399754371
0.000189392556628
0.000189385312014
0.000189378023549
0.000189370695042
0.000189363330973
0.000189355936344
0.000189348516516
0.000189341077022
0.000189333623383
0.000189326160914
0.000189318694543
0.000189311228646
0.000189303766892
0.000189296312129
0.000189288866286
0.000189281430320
0.000189274004195
0.000189266586901
0.000189259176507
0.000189251770254
0.000189244364673
0.000189236955742
0.000189229539053
0.000189222110000
0.000189214663979
0.000189207196581
0.000189199703787
0.000189192182139
0.000189184628898
0.000189177042172
0.000189169421011
0.000189161765466
0.000189154076612
0.000189146356528
0.000189138608243
0.000189130835644
0.000189123043350
0.000189115236561
0.000189107420887
0.000189099602157
0.000189091786226
0.000189083978777
0.000189076185134
0.000189068410088
0.000189060657741
0.000189052931383
0.000189045233390
0.000189037565166
0.000189029927115
0.000189022318657
0.000189014738270
0.000189007183580
