0.000923579173796
0.000917071888892
0.000910675072797
0.000904392705642
0.000898228484081
0.000892185820748
0.000886267844300
0.000880477400031
0.000874817051060
0.000869289080076
0.000863895491629
0.000858638014959
0.000853518107352
0.000848536958013
0.000843695492427
0.000838994377221
0.000834434025476
0.000830014602500
0.000825736032021
0.000821598002788
0.000817599975552
0.000813741190402
0.000810020674432
0.000806437249705
0.000802989541499
0.000799675986795
0.000796494842984
0.000793444196774
0.000790521973262
0.000787725945148
0.000785053742082
0.000782502860097
0.000780070671133
0.000777754432612
0.000775551297060
0.000773458321747
0.000771472478324
0.000769590662451
0.000767809703376
0.000766126373469
0.000764537397660
0.000763039462788
0.000761629226819
0.000760303327915
0.000759058393337
0.000757891048148
0.000756797923708
0.000755775665928
0.000754820943266
0.000753930454451
0.000753100935925
0.000752329168967
0.000751611986512
0.000750946279647
0.000750329003770
0.000749757184415
0.000749227922736
0.000748738400646
0.000748285885615
0.000747867735109
0.000747481400696
0.000747124431786
0.000746794479027
0.000746489297350
0.000746206748648
0.000745944804104
0.000745701546159
0.000745475170111
0.000745263985359
0.000745066416279
0.000744881002742
0.000744706400271
0.000744541379843
0.000744384827352
0.000744235742717
0.000744093238684
0.000743956539287
0.000743824978029
0.000743697995754
0.000743575138261
0.000743456053649
0.000743340489427
0.000743228289391
0.000743119390295
0.000743013818319
0.000742911685355
0.000742813185126
0.000742718589142
0.000742628242511
0.000742542559618
0.000742462019682
0.000742387162199
0.000742318582296
0.000742256925992
0.000742202885397
0.000742157193852
0.000742120621033
0.000742093968029
0.000742078062418
0.000742073753352
0.000742081906665
0.000742103400039
0.000742139118216
0.000742189948294
0.000742256775110
0.000742340476729
0.000742441920039
0.000742561956481
0.000742701417902
0.000742861112558
0.000743041821259
0.000743244293672
0.000743469244785
0.000743717351532
0.000743989249603
0.000744285530418
0.000744606738294
0.000744953367801
0.000745325861314
0.000745724606772
0.000746149935639
0.000746602121090
0.000747081376410
0.000747587853619
0.000748121642327
0.000748682768814
0.000749271195342
0.000749886819686
0.000750529474904
0.000751198929310
0.000751894886672
0.000752616986611
0.000753364805208
0.000754137855789
0.000754935589906
0.000755757398494
0.000756602613185
0.000757470507796
0.000758360299962
0.000759271152931
0.000760202177485
0.000761152434014
0.000762120934718
0.000763106645938
0.000764108490609
0.000765125350836
0.000766156070575
0.000767199458417
0.000768254290473
0.000769319313337
0.000770393247122
0.000771474788563
0.000772562614160
0.000773655383359
0.000774751741758
0.000775850324312
0.000776949758534
0.000778048667684
0.000779145673917
0.000780239401393
0.000781328479347
0.000782411545083
0.000783487246923
0.000784554247071
0.000785611224416
0.000786656877249
0.000787689925903
0.000788709115313
0.000789713217485
0.000790701033879
0.000791671397694
0.000792623176061
0.000793555272129
0.000794466627035
0.000795356221770
0.000796223078909
0.000797066264219
0.000797884888126
0.000798678107039
0.000799445124526
0.000800185192335
0.000800897611264
0.000801581731869
0.000802236955019
0.000802862732296
0.000803458566241
0.000804024010456
0.000804558669564
0.000805062199032
0.000805534304867
0.000805974743188
0.000806383319686
0.000806759888967
0.000807104353796
0.000807416664237
0.000807696816701
0.000807944852892
0.000808160858671
0.000808344962829
0.000808497335765
0.000808618188098
0.000808707769181
0.000808766365548
0.000808794299283
0.000808791926330
0.000808759634734
0.000808697842835
0.000808606997416
0.000808487571814
0.000808340064014
0.000808164994717
0.000807962905407
0.000807734356427
0.000807479925055
0.000807200203616
0.000806895797607
0.000806567323864
0.000806215408764
0.000805840686471
0.000805443797227
0.000805025385690
0.000804586099328
0.000804126586857
0.000803647496746
0.000803149475775
0.000802633167653
0.000802099211706
0.000801548241632
0.000800980884333
0.000800397758822
0.000799799475221
0.000799186633838
0.000798559824348
0.000797919625063
0.000797266602309
0.000796601309893
0.000795924288690
0.000795236066312
0.000794537156897
0.000793828060982
0.000793109265476
0.000792381243722
0.000791644455650
0.000790899348007
0.000790146354662
0.000789385896992
0.000788618384334
0.000787844214498
0.000787063774357
0.000786277440486
0.000785485579869
0.000784688550666
0.000783886703033
0.000783080380004
0.000782269918424
0.000781455649935
0.000780637902013
0.000779816999041
0.000778993263435
0.000778167016786
0.000777338581036
0.000776508279674
0.000775676438931
0.000774843388981
0.000774009465135
0.000773175009012
0.000772340369690
0.000771505904829
0.000770671981744
0.000769838978455
0.000769007284675
0.000768177302759
0.000767349448600
0.000766524152475
0.000765701859838
0.000764883032059
0.000764068147114
0.000763257700211
0.000762452204375
0.000761652190959
0.000760858210105
0.000760070831138
0.000759290642889
0.000758518253948
0.000757754292843
0.000756999408133
0.000756254268417
0.000755519562254
0.000754795997992
0.000754084303500
0.000753385225809
0.000752699530651
0.000752028001915
0.000751371441001
0.000750730666096
0.000750106511359
0.000749499826036
0.000748911473497
0.000748342330205
0.000747793284633
0.000747265236113
0.000746759093642
0.000746275774640
0.000745816203665
0.000745381311087
0.000744972031730
0.000744589303479
0.000744234065851
0.000743907258546
0.000743609819960
0.000743342685687
0.000743106786989
0.000742903049255
0.000742732390445
0.000742595719523
0.000742493934899
0.000742427922858
0.000742398556017
0.000742406691787
0.000742453170867
0.000742538815774
0.000742664429402
0.000742830793641
0.000743038668043
0.000743288788544
0.000743581866259
0.000743918586340
0.000744299606903
0.000744725558043
0.000745197040910
0.000745714626873
0.000746278856768
0.000746890240213
0.000747549255020
0.000748256346681
0.000749011927939
0.000749816378445
0.000750670044497
0.000751573238871
0.000752526240737
0.000753529295663
0.000754582615713
0.000755686379637
0.000756840733150
0.000758045789313
0.000759301628993
0.000760608301429
0.000761965824883
0.000763374187372
0.000764833347496
0.000766343235338
0.000767903753442
0.000769514777862
0.000771176159274
0.000772887724143
0.000774649275950
0.000776460596460
0.000778321447024
0.000780231569928
0.000782190689757
0.000784198514789
0.000786254738406
0.000788359040513
0.000790511088969
0.000792710541017
0.000794957044715
0.000797250240355
0.000799589761872
0.000801975238227
0.000804406294769
0.000806882554560
0.000809403639659
0.000811969172355
0.000814578776346
0.000817232077845
0.000819928706615
0.000822668296927
0.000825450488415
0.000828274926848
0.000831141264791
0.000834049162156
0.000836998286647
0.000839988314083
0.000843018928603
0.000846089822748
0.000849200697419
0.000852351261716
0.000855541232637
0.000858770334667
0.000862038299226
0.000865344863994
0.000868689772105
0.000872072771206
0.000875493612390
0.000878952048985
0.000882447835217
0.000885980724731
0.000889550468973
0.000893156815443
0.000896799505803
0.000900478273859
