0.000203994320452
0.000204005267818
0.000204016215012
0.000204027165718
0.000204038123065
0.000204049089490
0.000204060066621
0.000204071055201
0.000204082055039
0.000204093064995
0.000204104083006
0.000204115106147
0.000204126130721
0.000204137152378
0.000204148166262
0.000204159167173
0.000204170149734
0.000204181108574
0.000204192038501
0.000204202934669
0.000204213792733
0.000204224608981
0.000204235380447
0.000204246104998
0.000204256781387
0.000204267409281
0.000204277989251
0.000204288522733
0.000204299011960
0.000204309459858
0.000204319869926
0.000204330246083
0.000204340592503
0.000204350913445
0.000204361213068
0.000204371495253
0.000204381763440
0.000204392020478
0.000204402268492
0.000204412508792
0.000204422741803
0.000204432967032
0.000204443183078
0.000204453387667
0.000204463577729
0.000204473749498
0.000204483898639
0.000204494020400
0.000204504109770
0.000204514161648
0.000204524171017
0.000204534133107
0.000204544043556
0.000204553898544
0.000204563694922
0.000204573430305
0.000204583103144
0.000204592712760
0.000204602259360
0.000204611744006
0.000204621168560
0.000204630535597
0.000204639848290
0.000204649110269
0.000204658325465
0.000204667497944
0.000204676631726
0.000204685730616
0.000204694798040
0.000204703836895
0.000204712849426
0.000204721837126
0.000204730800668
0.000204739739873
0.000204748653706
0.000204757540312
0.000204766397081
0.000204775220737
0.000204784007456
0.000204792753001
0.000204801452866
0.000204810102440
0.000204818697158
0.000204827232660
0.000204835704935
0.000204844110456
0.000204852446294
0.000204860710210
0.000204868900725
0.000204877017154
0.000204885059617
0.000204893029018
0.000204900926993
0.000204908755824
0.000204916518339
0.000204924217779
0.000204931857654
0.000204939441591
0.000204946973173
0.000204954455784
0.000204961892466
0.000204969285788
0.000204976637736
0.000204983949636
0.000204991222097
0.000204998454984
0.000205005647429
0.000205012797860
0.000205019904064
0.000205026963270
0.000205033972253
0.000205040927448
0.000205047825083
0.000205054661308
0.000205061432335
0.000205068134561
0.000205074764699
0.000205081319880
0.000205087797754
0.000205094196556
0.000205100515164
0.000205106753120
0.000205112910635
0.000205118988559
0.000205124988331
0.000205130911904
0.000205136761650
0.000205142540245
0.000205148250550
0.000205153895479
0.000205159477869
0.000205165000361
0.000205170465283
0.000205175874558
0.000205181229623
0.000205186531378
0.000205191780156
0.000205196975712
0.000205202117244
0.000205207203427
0.000205212232473
0.000205217202202
0.000205222110128
0.000205226953551
0.000205231729660
0.000205236435634
0.000205241068740
0.000205245626428
0.000205250106419
0.000205254506783
0.000205258825994
0.000205263062979
0.000205267217147
0.000205271288392
0.000205275277083
0.000205279184033
0.000205283010446
0.000205286757853
0.000205290428032
0.000205294022919
0.000205297544516
0.000205300994796
0.000205304375615
0.000205307688632
0.000205310935237
0.000205314116502
0.000205317233139
0.000205320285483
0.000205323273485
0.000205326196732
0.000205329054470
0.000205331845647
0.000205334568962
0.000205337222926
0.000205339805919
0.000205342316260
0.000205344752273
0.000205347112341
0.000205349394974
0.000205351598856
0.000205353722889
0.000205355766230
0.000205357728311
0.000205359608855
0.000205361407875
0.000205363125658
0.000205364762741
0.000205366319874
0.000205367797973
0.000205369198068
0.000205370521242
0.000205371768576
0.000205372941086
0.000205374039678
0.000205375065103
0.000205376017921
0.000205376898485
0.000205377706926
0.000205378443167
0.000205379106930
0.000205379697763
0.000205380215078
0.000205380658182
0.000205381026325
0.000205381318736
0.000205381534667
0.000205381673429
0.000205381734424
0.000205381717174
0.000205381621340
0.000205381446736
0.000205381193340
0.000205380861287
0.000205380450868
0.000205379962511
0.000205379396762
0.000205378754253
0.000205378035671
0.000205377241721
0.000205376373081
0.000205375430365
0.000205374414082
0.000205373324603
0.000205372162131
0.000205370926683
0.000205369618085
0.000205368235971
0.000205366779800
0.000205365248886
0.000205363642428
0.000205361959562
0.000205360199402
0.000205358361098
0.000205356443884
0.000205354447124
0.000205352370355
0.000205350213317
0.000205347975978
0.000205345658544
0.000205343261466
0.000205340785426
0.000205338231318
0.000205335600226
0.000205332893384
0.000205330112134
0.000205327257877
0.000205324332023
0.000205321335936
0.000205318270878
0.000205315137955
0.000205311938064
0.000205308671856
0.000205305339690
0.000205301941617
0.000205298477360
0.000205294946321
0.000205291347595
0.000205287680003
0.000205283942140
0.000205280132436
0.000205276249224
0.000205272290818
0.000205268255597
0.000205264142081
0.000205259949012
0.000205255675413
0.000205251320655
0.000205246884489
0.000205242367076
0.000205237768998
0.000205233091245
0.000205228335196
0.000205223502578
0.000205218595410
0.000205213615943
0.000205208566583
0.000205203449809
0.000205198268090
0.000205193023793
0.000205187719102
0.000205182355931
0.000205176935851
0.000205171460027
0.000205165929166
0.000205160343482
0.000205154702684
0.000205149005976
0.000205143252090
0.000205137439329
0.000205131565638
0.000205125628688
0.000205119625975
0.000205113554931
0.000205107413037
0.000205101197942
0.000205094907565
0.000205088540204
0.000205082094613
0.000205075570072
0.000205068966436
0.000205062284152
0.000205055524269
0.000205048688409
0.000205041778727
0.000205034797844
0.000205027748770
0.000205020634804
0.000205013459425
0.000205006226177
0.000204998938549
0.000204991599849
0.000204984213089
0.000204976780874
0.000204969305305
0.000204961787899
0.000204954229529
0.000204946630385
0.000204938989969
0.000204931307114
0.000204923580022
0.000204915806349
0.000204907983294
0.000204900107720
0.000204892176290
0.000204884185609
0.000204876132373
0.000204868013518
0.000204859826353
0.000204851568689
0.000204843238937
0.000204834836197
0.000204826360305
0.000204817811866
0.000204809192251
0.000204800503563
0.000204791748584
0.000204782930692
0.000204774053752
0.000204765121994
0.000204756139877
0.000204747111933
0.000204738042615
0.000204728936145
0.000204719796358
0.000204710626569
0.000204701429450
0.000204692206932
0.000204682960136
0.000204673689327
0.000204664393913
0.000204655072469
0.000204645722800
0.000204636342033
0.000204626926746
0.000204617473106
0.000204607977041
0.000204598434412
0.000204588841191
0.000204579193639
0.000204569488471
0.000204559722998
0.000204549895258
0.000204540004108
0.000204530049294
0.000204520031480
0.000204509952251
0.000204499814074
0.000204489620234
0.000204479374736
0.000204469082175
0.000204458747593
0.000204448376310
0.000204437973741
0.000204427545215
0.000204417095786
0.000204406630055
0.000204396152004
0.000204385664857
0.000204375170960
0.000204364671703
0.000204354167472
0.000204343657647
0.000204333140630
0.000204322613928
0.000204312074259
0.000204301517699
0.000204290939851
0.000204280336033
0.000204269701485
0.000204259031568
0.000204248321966
0.000204237568874
0.000204226769166
0.000204215920537
0.000204205021613
0.000204194072026
0.000204183072458
0.000204172024638
0.000204160931304
0.000204149796129
0.000204138623608
