0.000198035896420
0.000198045332111
0.000198054793692
0.000198064276770
0.000198073776192
0.000198083286227
0.000198092800761
0.000198102313514
0.000198111818247
0.000198121308977
0.000198130780174
0.000198140226943
0.000198149645177
0.000198159031686
0.000198168384285
0.000198177701851
0.000198186984330
0.000198196232713
0.000198205448969
0.000198214635937
0.000198223797188
0.000198232936860
0.000198242059468
0.000198251169708
0.000198260272243
0.000198269371505
0.000198278471502
0.000198287575645
0.000198296686602
0.000198305806184
0.000198314935266
0.000198324073744
0.000198333220533
0.000198342373606
0.000198351530059
0.000198360686215
0.000198369837758
0.000198378979876
0.000198388107432
0.000198397215143
0.000198406297752
0.000198415350208
0.000198424367830
0.000198433346461
0.000198442282594
0.000198451173478
0.000198460017197
0.000198468812709
0.000198477559863
0.000198486259370
0.000198494912749
0.000198503522241
0.000198512090692
0.000198520621412
0.000198529118027
0.000198537584309
0.000198546024007
0.000198554440685
0.000198562837563
0.000198571217382
0.000198579582289
0.000198587933743
0.000198596272457
0.000198604598366
0.000198612910630
0.000198621207659
0.000198629487175
0.000198637746291
0.000198645981613
0.000198654189360
0.000198662365493
0.000198670505851
0.000198678606296
0.000198686662840
0.000198694671786
0.000198702629833
0.000198710534188
0.000198718382640
0.000198726173625
0.000198733906256
0.000198741580332
0.000198749196322
0.000198756755314
0.000198764258953
0.000198771709347
0.000198779108959
0.000198786460488
0.000198793766743
0.000198801030513
0.000198808254439
0.000198815440905
0.000198822591928
0.000198829709081
0.000198836793423
0.000198843845458
0.000198850865119
0.000198857851766
0.000198864804214
0.000198871720779
0.000198878599332
0.000198885437384
0.000198892232165
0.000198898980725
0.000198905680028
0.000198912327058
0.000198918918915
0.000198925452906
0.000198931926636
0.000198938338074
0.000198944685616
0.000198950968125
0.000198957184952
0.000198963335943
0.000198969421420
0.000198975442146
0.000198981399275
0.000198987294278
0.000198993128868
0.000198998904909
0.000199004624325
0.000199010289008
0.000199015900730
0.000199021461064
0.000199026971316
0.000199032432469
0.000199037845146
0.000199043209585
0.000199048525632
0.000199053792751
0.000199059010043
0.000199064176283
0.000199069289967
0.000199074349364
0.000199079352579
0.000199084297617
0.000199089182452
0.000199094005096
0.000199098763662
0.000199103456430
0.000199108081897
0.000199112638826
0.000199117126279
0.000199121543643
0.000199125890636
0.000199130167305
0.000199134374005
0.000199138511368
0.000199142580260
0.000199146581726
0.000199150516930
0.000199154387091
0.000199158193421
0.000199161937059
0.000199165619020
0.000199169240141
0.000199172801049
0.000199176302132
0.000199179743523
0.000199183125098
0.000199186446483
0.000199189707073
0.000199192906056
0.000199196042448
0.000199199115133
0.000199202122902
0.000199205064500
0.000199207938676
0.000199210744222
0.000199213480021
0.000199216145086
0.000199218738596
0.000199221259922
0.000199223708650
0.000199226084595
0.000199228387797
0.000199230618515
0.000199232777210
0.000199234864513
0.000199236881186
0.000199238828082
0.000199240706093
0.000199242516101
0.000199244258924
0.000199245935275
0.000199247545722
0.000199249090652
0.000199250570253
0.000199251984502
0.000199253333163
0.000199254615801
0.000199255831798
0.000199256980379
0.000199258060653
0.000199259071643
0.000199260012333
0.000199260881711
0.000199261678809
0.000199262402743
0.000199263052755
0.000199263628244
0.000199264128793
0.000199264554191
0.000199264904448
0.000199265179798
0.000199265380700
0.000199265507816
0.000199265561995
0.000199265544235
0.000199265455645
0.000199265297392
0.000199265070653
0.000199264776554
0.000199264416118
0.000199263990213
0.000199263499502
0.000199262944412
0.000199262325105
0.000199261641466
0.000199260893101
0.000199260079353
0.000199259199323
0.000199258251914
0.000199257235870
0.000199256149833
0.000199254992401
0.000199253762186
0.000199252457875
0.000199251078288
0.000199249622429
0.000199248089536
0.000199246479117
0.000199244790982
0.000199243025262
0.000199241182417
0.000199239263229
0.000199237268791
0.000199235200474
0.000199233059882
0.000199230848807
0.000199228569155
0.000199226222885
0.000199223811925
0.000199221338099
0.000199218803049
0.000199216208165
0.000199213554520
0.000199210842826
0.000199208073396
0.000199205246127
0.000199202360501
0.000199199415603
0.000199196410159
0.000199193342585
0.000199190211053
0.000199187013570
0.000199183748057
0.000199180412438
0.000199177004731
0.000199173523128
0.000199169966081
0.000199166332367
0.000199162621152
0.000199158832039
0.000199154965095
0.000199151020872
0.000199147000404
0.000199142905183
0.000199138737128
0.000199134498522
0.000199130191946
0.000199125820191
0.000199121386162
0.000199116892771
0.000199112342832
0.000199107738954
0.000199103083437
0.000199098378183
0.000199093624620
0.000199088823646
0.000199083975589
0.000199079080198
0.000199074136651
0.000199069143595
0.000199064099196
0.000199059001222
0.000199053847133
0.000199048634188
0.000199043359559
0.000199038020450
0.000199032614213
0.000199027138466
0.000199021591193
0.000199015970836
0.000199010276376
0.000199004507388
0.000198998664078
0.000198992747298
0.000198986758537
0.000198980699888
0.000198974573990
0.000198968383948
0.000198962133239
0.000198955825587
0.000198949464844
0.000198943054846
0.000198936599279
0.000198930101544
0.000198923564627
0.000198916990995
0.000198910382501
0.000198903740317
0.000198897064897
0.000198890355968
0.000198883612541
0.000198876832969
0.000198870015010
0.000198863155932
0.000198856252626
0.000198849301736
0.000198842299798
0.000198835243391
0.000198828129273
0.000198820954525
0.000198813716672
0.000198806413800
0.000198799044643
0.000198791608656
0.000198784106057
0.000198776537843
0.000198768905775
0.000198761212341
0.000198753460684
0.000198745654501
0.000198737797934
0.000198729895420
0.000198721951550
0.000198713970901
0.000198705957879
0.000198697916564
0.000198689850560
0.000198681762877
0.000198673655821
0.000198665530926
0.000198657388902
0.000198649229629
0.000198641052173
0.000198632854843
0.000198624635267
0.000198616390502
0.000198608117158
0.000198599811548
0.000198591469836
0.000198583088203
0.000198574663001
0.000198566190910
0.000198557669078
0.000198549095250
0.000198540467865
0.000198531786144
0.000198523050140
0.000198514260758
0.000198505419747
0.000198496529660
0.000198487593780
0.000198478616025
0.000198469600815
0.000198460552935
0.000198451477367
0.000198442379126
0.000198433263084
0.000198424133809
0.000198414995410
0.000198405851398
0.000198396704578
0.000198387556963
0.000198378409721
0.000198369263153
0.000198360116708
0.000198350969026
0.000198341818010
0.000198332660929
0.000198323494535
0.000198314315211
0.000198305119114
0.000198295902342
0.000198286661093
0.000198277391820
0.000198268091384
0.000198258757185
0.000198249387280
0.000198239980472
0.000198230536384
0.000198221055486
0.000198211539112
0.000198201989425
0.000198192409368
0.000198182802574
0.000198173173257
0.000198163526077
0.000198153865988
0.000198144198079
