0.000169070972667
0.000169079272205
0.000169087566063
0.000169095851075
0.000169104124848
0.000169112385804
0.000169120633194
0.000169128867078
0.000169137088287
0.000169145298359
0.000169153499448
0.000169161694226
0.000169169885757
0.000169178077380
0.000169186272568
0.000169194474801
0.000169202687438
0.000169210913593
0.000169219156025
0.000169227417047
0.000169235698439
0.000169244001389
0.000169252326453
0.000169260673525
0.000169269041839
0.000169277429981
0.000169285835928
0.000169294257098
0.000169302690415
0.000169311132398
0.000169319579246
0.000169328026943
0.000169336471359
0.000169344908362
0.000169353333917
0.000169361744190
0.000169370135634
0.000169378505071
0.000169386849759
0.000169395167435
0.000169403456359
0.000169411715317
0.000169419943632
0.000169428141140
0.000169436308159
0.000169444445446
0.000169452554143
0.000169460635709
0.000169468691854
0.000169476724468
0.000169484735541
0.000169492727096
0.000169500701115
0.000169508659471
0.000169516603874
0.000169524535805
0.000169532456480
0.000169540366801
0.000169548267333
0.000169556158275
0.000169564039453
0.000169571910313
0.000169579769932
0.000169587617028
0.000169595449992
0.000169603266914
0.000169611065628
0.000169618843753
0.000169626598751
0.000169634327974
0.000169642028719
0.000169649698287
0.000169657334028
0.000169664933398
0.000169672493997
0.000169680013611
0.000169687490247
0.000169694922157
0.000169702307863
0.000169709646170
0.000169716936181
0.000169724177294
0.000169731369212
0.000169738511927
0.000169745605720
0.000169752651140
0.000169759648987
0.000169766600287
0.000169773506259
0.000169780368286
0.000169787187866
0.000169793966574
0.000169800706011
0.000169807407752
0.000169814073291
0.000169820703993
0.000169827301036
0.000169833865368
0.000169840397661
0.000169846898276
0.000169853367229
0.000169859804178
0.000169866208407
0.000169872578825
0.000169878913977
0.000169885212063
0.000169891470964
0.000169897688278
0.000169903861368
0.000169909987414
0.000169916063466
0.000169922086511
0.000169928053542
0.000169933961622
0.000169939807957
0.000169945589968
0.000169951305355
0.000169956952163
0.000169962528837
0.000169968034266
0.000169973467829
0.000169978829409
0.000169984119408
0.000169989338740
0.000169994488808
0.000169999571464
0.000170004588955
0.000170009543853
0.000170014438972
0.000170019277278
0.000170024061783
0.000170028795448
0.000170033481075
0.000170038121204
0.000170042718023
0.000170047273277
0.000170051788200
0.000170056263453
0.000170060699087
0.000170065094513
0.000170069448505
0.000170073759210
0.000170078024184
0.000170082240442
0.000170086404533
0.000170090512619
0.000170094560580
0.000170098544124
0.000170102458904
0.000170106300646
0.000170110065274
0.000170113749033
0.000170117348613
0.000170120861248
0.000170124284816
0.000170127617911
0.000170130859897
0.000170134010936
0.000170137071996
0.000170140044822
0.000170142931893
0.000170145736342
0.000170148461858
0.000170151112571
0.000170153692914
0.000170156207480
0.000170158660864
0.000170161057512
0.000170163401567
0.000170165696728
0.000170167946117
0.000170170152172
0.000170172316549
0.000170174440058
0.000170176522619
0.000170178563251
0.000170180560083
0.000170182510398
0.000170184410700
0.000170186256809
0.000170188043982
0.000170189767047
0.000170191420560
0.000170192998969
0.000170194496790
0.000170195908777
0.000170197230096
0.000170198456486
0.000170199584398
0.000170200611128
0.000170201534904
0.000170202354963
0.000170203071585
0.000170203686089
0.000170204200805
0.000170204619003
0.000170204944792
0.000170205182993
0.000170205338982
0.000170205418516
0.000170205427547
0.000170205372028
0.000170205257716
0.000170205089983
0.000170204873636
0.000170204612761
0.000170204310582
0.000170203969351
0.000170203590267
0.000170203173432
0.000170202717835
0.000170202221374
0.000170201680919
0.000170201092396
0.000170200450916
0.000170199750918
0.000170198986351
0.000170198150856
0.000170197237982
0.000170196241386
0.000170195155051
0.000170193973487
0.000170192691916
0.000170191306441
0.000170189814188
0.000170188213407
0.000170186503543
0.000170184685270
0.000170182760476
0.000170180732212
0.000170178604601
0.000170176382709
0.000170174072386
0.000170171680080
0.000170169212629
0.000170166677042
0.000170164080277
0.000170161429011
0.000170158729432
0.000170155987035
0.000170153206451
0.000170150391292
0.000170147544040
0.000170144665964
0.000170141757078
0.000170138816139
0.000170135840686
0.000170132827116
0.000170129770801
0.000170126666236
0.000170123507216
0.000170120287045
0.000170116998751
0.000170113635326
0.000170110189956
0.000170106656260
0.000170103028509
0.000170099301825
0.000170095472356
0.000170091537420
0.000170087495603
0.000170083346822
0.000170079092338
0.000170074734729
0.000170070277814
0.000170065726537
0.000170061086814
0.000170056365345
0.000170051569406
0.000170046706614
0.000170041784690
0.000170036811210
0.000170031793373
0.000170026737768
0.000170021650175
0.000170016535380
0.000170011397032
0.000170006237530
0.000170001057952
0.000169995858028
0.000169990636153
0.000169985389447
0.000169980113852
0.000169974804271
0.000169969454742
0.000169964058638
0.000169958608896
0.000169953098255
0.000169947519512
0.000169941865765
0.000169936130663
0.000169930308625
0.000169924395042
0.000169918386447
0.000169912280644
0.000169906076795
0.000169899775464
0.000169893378609
0.000169886889532
0.000169880312781
0.000169873654009
0.000169866919800
0.000169860117463
0.000169853254801
0.000169846339871
0.000169839380728
0.000169832385179
0.000169825360538
0.000169818313407
0.000169811249472
0.000169804173333
0.000169797088372
0.000169789996656
0.000169782898883
0.000169775794376
0.000169768681114
0.000169761555812
0.000169754414046
0.000169747250404
0.000169740058683
0.000169732832103
0.000169725563549
0.000169718245818
0.000169710871880
0.000169703435121
0.000169695929586
0.000169688350194
0.000169680692920
0.000169672954950
0.000169665134792
0.000169657232336
0.000169649248875
0.000169641187076
0.000169633050901
0.000169624845490
0.000169616577003
0.000169608252431
0.000169599879374
0.000169591465813
0.000169583019855
0.000169574549494
0.000169566062361
0.000169557565496
0.000169549065142
0.000169540566559
0.000169532073874
0.000169523589972
0.000169515116419
0.000169506653434
0.000169498199903
0.000169489753431
0.000169481310448
0.000169472866338
0.000169464415619
0.000169455952134
0.000169447469283
0.000169438960258
0.000169430418291
0.000169421836897
0.000169413210113
0.000169404532716
0.000169395800414
0.000169387010012
0.000169378159528
0.000169369248282
0.000169360276927
0.000169351247444
0.000169342163086
0.000169333028287
0.000169323848519
0.000169314630132
0.000169305380157
0.000169296106087
0.000169286815652
0.000169277516587
0.000169268216395
0.000169258922132
0.000169249640197
0.000169240376153
0.000169231134572
0.000169221918913
0.000169212731438
0.000169203573169
0.000169194443875
0.000169185342114
0.000169176265301
0.000169167209825
0.000169158171187
0.000169149144179
0.000169140123080
0.000169131101870
0.000169122074454
0.000169113034889
0.000169103977605
0.000169094897609
0.000169085790677
0.000169076653510
0.000169067483858
0.000169058280617
0.000169049043870
0.000169039774904
