0.000184171394485
0.000184177750765
0.000184184158589
0.000184190613104
0.000184197108498
0.000184203638186
0.000184210195020
0.000184216771527
0.000184223360153
0.000184229953512
0.000184236544634
0.000184243127199
0.000184249695747
0.000184256245857
0.000184262774297
0.000184269279121
0.000184275759721
0.000184282216827
0.000184288652459
0.000184295069825
0.000184301473168
0.000184307867585
0.000184314258796
0.000184320652904
0.000184327056134
0.000184333474572
0.000184339913907
0.000184346379198
0.000184352874666
0.000184359403514
0.000184365967800
0.000184372568341
0.000184379204675
0.000184385875065
0.000184392576546
0.000184399305026
0.000184406055416
0.000184412821800
0.000184419597634
0.000184426375962
0.000184433149657
0.000184439911654
0.000184446655192
0.000184453374043
0.000184460062718
0.000184466716652
0.000184473332350
0.000184479907494
0.000184486441007
0.000184492933065
0.000184499385065
0.000184505799536
0.000184512180016
0.000184518530883
0.000184524857157
0.000184531164277
0.000184537457863
0.000184543743480
0.000184550026400
0.000184556311391
0.000184562602513
0.000184568902964
0.000184575214948
0.000184581539590
0.000184587876889
0.000184594225718
0.000184600583861
0.000184606948088
0.000184613314270
0.000184619677523
0.000184626032370
0.000184632372939
0.000184638693153
0.000184644986946
0.000184651248465
0.000184657472267
0.000184663653505
0.000184669788086
0.000184675872798
0.000184681905411
0.000184687884734
0.000184693810629
0.000184699683988
0.000184705506666
0.000184711281373
0.000184717011542
0.000184722701160
0.000184728354585
0.000184733976349
0.000184739570961
0.000184745142717
0.000184750695515
0.000184756232704
0.000184761756949
0.000184767270132
0.000184772773279
0.000184778266531
0.000184783749140
0.000184789219503
0.000184794675224
0.000184800113201
0.000184805529744
0.000184810920700
0.000184816281602
0.000184821607825
0.000184826894744
0.000184832137891
0.000184837333106
0.000184842476677
0.000184847565461
0.000184852596978
0.000184857569488
0.000184862482029
0.000184867334426
0.000184872127272
0.000184876861872
0.000184881540159
0.000184886164591
0.000184890738020
0.000184895263551
0.000184899744400
0.000184904183745
0.000184908584584
0.000184912949611
0.000184917281105
0.000184921580844
0.000184925850039
0.000184930089296
0.000184934298602
0.000184938477335
0.000184942624298
0.000184946737771
0.000184950815579
0.000184954855179
0.000184958853751
0.000184962808301
0.000184966715765
0.000184970573120
0.000184974377481
0.000184978126205
0.000184981816973
0.000184985447867
0.000184989017427
0.000184992524688
0.000184995969202
0.000184999351032
0.000185002670724
0.000185005929262
0.000185009128003
0.000185012268596
0.000185015352887
0.000185018382824
0.000185021360356
0.000185024287339
0.000185027165448
0.000185029996102
0.000185032780406
0.000185035519111
0.000185038212589
0.000185040860828
0.000185043463446
0.000185046019716
0.000185048528603
0.000185050988818
0.000185053398869
0.000185055757127
0.000185058061884
0.000185060311422
0.000185062504072
0.000185064638276
0.000185066712639
0.000185068725975
0.000185070677350
0.000185072566111
0.000185074391901
0.000185076154668
0.000185077854655
0.000185079492380
0.000185081068600
0.000185082584269
0.000185084040476
0.000185085438384
0.000185086779168
0.000185088063940
0.000185089293696
0.000185090469256
0.000185091591219
0.000185092659937
0.000185093675498
0.000185094637720
0.000185095546171
0.000185096400189
0.000185097198921
0.000185097941369
0.000185098626434
0.000185099252972
0.000185099819845
0.000185100325965
0.000185100770344
0.000185101152131
0.000185101470643
0.000185101725393
0.000185101916109
0.000185102042745
0.000185102105484
0.000185102104736
0.000185102041121
0.000185101915454
0.000185101728710
0.000185101481988
0.000185101176467
0.000185100813355
0.000185100393830
0.000185099918991
0.000185099389798
0.000185098807024
0.000185098171215
0.000185097482657
0.000185096741357
0.000185095947040
0.000185095099161
0.000185094196922
0.000185093239319
0.000185092225179
0.000185091153222
0.000185090022115
0.000185088830534
0.000185087577221
0.000185086261039
0.000185084881018
0.000185083436398
0.000185081926654
0.000185080351524
0.000185078711018
0.000185077005426
0.000185075235309
0.000185073401492
0.000185071505041
0.000185069547236
0.000185067529535
0.000185065453531
0.000185063320905
0.000185061133370
0.000185058892612
0.000185056600231
0.000185054257681
0.000185051866212
0.000185049426821
0.000185046940209
0.000185044406754
0.000185041826495
0.000185039199128
0.000185036524024
0.000185033800259
0.000185031026651
0.000185028201818
0.000185025324238
0.000185022392313
0.000185019404437
0.000185016359063
0.000185013254766
0.000185010090297
0.000185006864631
0.000185003577010
0.000185000226975
0.000184996814381
0.000184993339421
0.000184989802621
0.000184986204839
0.000184982547250
0.000184978831325
0.000184975058793
0.000184971231605
0.000184967351880
0.000184963421847
0.000184959443779
0.000184955419926
0.000184951352436
0.000184947243292
0.000184943094238
0.000184938906725
0.000184934681856
0.000184930420356
0.000184926122546
0.000184921788342
0.000184917417264
0.000184913008466
0.000184908560772
0.000184904072736
0.000184899542695
0.000184894968845
0.000184890349305
0.000184885682195
0.000184880965706
0.000184876198163
0.000184871378098
0.000184866504296
0.000184861575856
0.000184856592231
0.000184851553261
0.000184846459199
0.000184841310728
0.000184836108961
0.000184830855429
0.000184825552057
0.000184820201125
0.000184814805210
0.000184809367124
0.000184803889830
0.000184798376358
0.000184792829708
0.000184787252757
0.000184781648164
0.000184776018288
0.000184770365108
0.000184764690165
0.000184758994516
0.000184753278705
0.000184747542755
0.000184741786182
0.000184736008019
0.000184730206860
0.000184724380921
0.000184718528105
0.000184712646085
0.000184706732392
0.000184700784502
0.000184694799931
0.000184688776335
0.000184682711600
0.000184676603930
0.000184670451935
0.000184664254703
0.000184658011860
0.000184651723618
0.000184645390801
0.000184639014857
0.000184632597837
0.000184626142362
0.000184619651561
0.000184613128986
0.000184606578516
0.000184600004233
0.000184593410304
0.000184586800841
0.000184580179772
0.000184573550712
0.000184566916853
0.000184560280854
0.000184553644767
0.000184547009972
0.000184540377146
0.000184533746243
0.000184527116512
0.000184520486531
0.000184513854262
0.000184507217131
0.000184500572127
0.000184493915906
0.000184487244927
0.000184480555577
0.000184473844317
0.000184467107826
0.000184460343139
0.000184453547782
0.000184446719894
0.000184439858330
0.000184432962741
0.000184426033630
0.000184419072377
0.000184412081228
0.000184405063254
0.000184398022276
0.000184390962762
0.000184383889689
0.000184376808396
0.000184369724408
0.000184362643261
0.000184355570321
0.000184348510611
0.000184341468644
0.000184334448285
0.000184327452624
0.000184320483882
0.000184313543350
0.000184306631351
0.000184299747244
0.000184292889453
0.000184286055531
0.000184279242257
0.000184272445754
0.000184265661638
0.000184258885185
0.000184252111510
0.000184245335767
0.000184238553340
0.000184231760041
0.000184224952292
0.000184218127297
0.000184211283177
0.000184204419086
