0.000537804763297
0.000537492056919
0.000537184899942
0.000536883313919
0.000536587328093
0.000536296979134
0.000536012310877
0.000535733374051
0.000535460225999
0.000535192930396
0.000534931556949
0.000534676181090
0.000534426883658
0.000534183750570
0.000533946872474
0.000533716344408
0.000533492265439
0.000533274738300
0.000533063869029
0.000532859766601
0.000532662542567
0.000532472310694
0.000532289186610
0.000532113287461
0.000531944731566
0.000531783638086
0.000531630126702
0.000531484317296
0.000531346329634
0.000531216283063
0.000531094296202
0.000530980486642
0.000530874970644
0.000530777862833
0.000530689275906
0.000530609320324
0.000530538104020
0.000530475732095
0.000530422306536
0.000530377925919
0.000530342685141
0.000530316675141
0.000530299982650
0.000530292689943
0.000530294874607
0.000530306609329
0.000530327961691
0.000530358993985
0.000530399763041
0.000530450320069
0.000530510710503
0.000530580973871
0.000530661143657
0.000530751247177
0.000530851305463
0.000530961333138
0.000531081338314
0.000531211322474
0.000531351280372
0.000531501199931
0.000531661062154
0.000531830841034
0.000532010503486
0.000532200009282
0.000532399311006
0.000532608354027
0.000532827076480
0.000533055409278
0.000533293276133
0.000533540593598
0.000533797271128
0.000534063211154
0.000534338309171
0.000534622453835
0.000534915527072
0.000535217404193
0.000535527954007
0.000535847038940
0.000536174515156
0.000536510232672
0.000536854035476
0.000537205761638
0.000537565243431
0.000537932307444
0.000538306774703
0.000538688460796
0.000539077176005
0.000539472725452
0.000539874909251
0.000540283522677
0.000540698356347
0.000541119196420
0.000541545824808
0.000541978019397
0.000542415554292
0.000542858200061
0.000543305723987
0.000543757890334
0.000544214460604
0.000544675193799
0.000545139846677
0.000545608174001
0.000546079928784
0.000546554862521
0.000547032725411
0.000547513266576
0.000547996234262
0.000548481376042
0.000548968439008
0.000549457169964
0.000549947315613
0.000550438622752
0.000550930838463
0.000551423710319
0.000551916986586
0.000552410416439
0.000552903750186
0.000553396739491
0.000553889137611
0.000554380699634
0.000554871182712
0.000555360346304
0.000555847952408
0.000556333765782
0.000556817554168
0.000557299088495
0.000557778143067
0.000558254495745
0.000558727928104
0.000559198225584
0.000559665177614
0.000560128577736
0.000560588223706
0.000561043917591
0.000561495465854
0.000561942679439
0.000562385373848
0.000562823369221
0.000563256490407
0.000563684567054
0.000564107433680
0.000564524929765
0.000564936899833
0.000565343193537
0.000565743665747
0.000566138176628
0.000566526591720
0.000566908782004
0.000567284623965
0.000567653999636
0.000568016796631
0.000568372908170
0.000568722233077
0.000569064675775
0.000569400146255
0.000569728560037
0.000570049838122
0.000570363906924
0.000570670698204
0.000570970148988
0.000571262201490
0.000571546803025
0.000571823905928
0.000572093467468
0.000572355449772
0.000572609819739
0.000572856548970
0.000573095613687
0.000573326994664
0.000573550677148
0.000573766650780
0.000573974909520
0.000574175451554
0.000574368279205
0.000574553398831
0.000574730820713
0.000574900558945
0.000575062631296
0.000575217059084
0.000575363867031
0.000575503083112
0.000575634738403
0.000575758866928
0.000575875505497
0.000575984693550
0.000576086473004
0.000576180888094
0.000576267985232
0.000576347812854
0.000576420421288
0.000576485862614
0.000576544190532
0.000576595460240
0.000576639728307
0.000576677052551
0.000576707491917
0.000576731106360
0.000576747956723
0.000576758104616
0.000576761612296
0.000576758542542
0.000576748958536
0.000576732923738
0.000576710501768
0.000576681756284
0.000576646750867
0.000576605548911
0.000576558213513
0.000576504807371
0.000576445392692
0.000576380031098
0.000576308783547
0.000576231710256
0.000576148870629
0.000576060323196
0.000575966125555
0.000575866334314
0.000575761005045
0.000575650192236
0.000575533949250
0.000575412328282
0.000575285380327
0.000575153155139
0.000575015701209
0.000574873065731
0.000574725294584
0.000574572432311
0.000574414522115
0.000574251605847
0.000574083724013
0.000573910915784
0.000573733219014
0.000573550670267
0.000573363304852
0.000573171156862
0.000572974259223
0.000572772643750
0.000572566341202
0.000572355381348
0.000572139793028
0.000571919604223
0.000571694842119
0.000571465533179
0.000571231703207
0.000570993377420
0.000570750580511
0.000570503336718
0.000570251669898
0.000569995603590
0.000569735161094
0.000569470365549
0.000569201240011
0.000568927807544
0.000568650091315
0.000568368114693
0.000568081901358
0.000567791475418
0.000567496861525
0.000567198085006
0.000566895171992
0.000566588149547
0.000566277045809
0.000565961890114
0.000565642713136
0.000565319547007
0.000564992425439
0.000564661383846
0.000564326459440
0.000563987691345
0.000563645120679
0.000563298790648
0.000562948746626
0.000562595036226
0.000562237709380
0.000561876818405
0.000561512418076
0.000561144565701
0.000560773321191
0.000560398747144
0.000560020908926
0.000559639874759
0.000559255715812
0.000558868506298
0.000558478323566
0.000558085248202
0.000557689364119
0.000557290758648
0.000556889522624
0.000556485750455
0.000556079540188
0.000555670993561
0.000555260216040
0.000554847316843
0.000554432408952
0.000554015609105
0.000553597037786
0.000553176819199
0.000552755081231
0.000552331955416
0.000551907576886
0.000551482084335
0.000551055619966
0.000550628329455
0.000550200361909
0.000549771869835
0.000549343009109
0.000548913938948
0.000548484821886
0.000548055823751
0.000547627113638
0.000547198863876
0.000546771249992
0.000546344450662
0.000545918647652
0.000545494025747
0.000545070772660
0.000544649078934
0.000544229137822
0.000543811145154
0.000543395299200
0.000542981800508
0.000542570851746
0.000542162657534
0.000541757424272
0.000541355359974
0.000540956674098
0.000540561577385
0.000540170281702
0.000539782999895
0.000539399945646
0.000539021333337
0.000538647377921
0.000538278294798
0.000537914299687
0.000537555608501
0.000537202437220
0.000536855001761
0.000536513517828
0.000536178200773
0.000535849265431
0.000535526925953
0.000535211395630
0.000534902886703
0.000534601610176
0.000534307775611
0.000534021590934
0.000533743262231
0.000533472993551
0.000533210986718
0.000532957441142
0.000532712553644
0.000532476518292
0.000532249526247
0.000532031765621
0.000531823421340
0.000531624675027
0.000531435704886
0.000531256685593
0.000531087788193
0.000530929180001
0.000530781024505
0.000530643481261
0.000530516705800
0.000530400849521
0.000530296059586
0.000530202478819
0.000530120245596
0.000530049493740
0.000529990352416
0.000529942946031
0.000529907394143
0.000529883811370
0.000529872307315
0.000529872986502
0.000529885948320
0.000529911286981
0.000529949091495
0.000529999445657
0.000530062428038
0.000530138112004
0.000530226565728
0.000530327852223
0.000530442029375
0.000530569149986
0.000530709261819
0.000530862407646
0.000531028625301
0.000531207947728
0.000531400403040
0.000531606014571
0.000531824800937
0.000532056776098
0.000532301949423
0.000532560325764
0.000532831905541
0.000533116684825
0.000533414655443
0.000533725805088
0.000534050117440
0.000534387572303
0.000534738145747
