0.000170058036137
0.000170067693760
0.000170077344723
0.000170086991462
0.000170096636860
0.000170106284117
0.000170115936601
0.000170125597689
0.000170135270606
0.000170144958267
0.000170154663133
0.000170164387084
0.000170174131320
0.000170183896290
0.000170193681652
0.000170203486275
0.000170213308265
0.000170223145031
0.000170232993375
0.000170242849602
0.000170252709648
0.000170262569214
0.000170272423909
0.000170282269382
0.000170292101450
0.000170301916216
0.000170311710165
0.000170321480253
0.000170331223966
0.000170340939376
0.000170350625164
0.000170360280636
0.000170369905713
0.000170379500911
0.000170389067299
0.000170398606442
0.000170408120325
0.000170417611263
0.000170427081801
0.000170436534597
0.000170445972302
0.000170455397434
0.000170464812256
0.000170474218660
0.000170483618070
0.000170493011352
0.000170502398761
0.000170511779904
0.000170521153740
0.000170530518603
0.000170539872256
0.000170549211966
0.000170558534605
0.000170567836759
0.000170577114848
0.000170586365246
0.000170595584401
0.000170604768938
0.000170613915757
0.000170623022110
0.000170632085658
0.000170641104513
0.000170650077263
0.000170659002978
0.000170667881200
0.000170676711927
0.000170685495574
0.000170694232941
0.000170702925153
0.000170711573610
0.000170720179916
0.000170728745815
0.000170737273108
0.000170745763576
0.000170754218898
0.000170762640569
0.000170771029823
0.000170779387564
0.000170787714308
0.000170796010136
0.000170804274676
0.000170812507093
0.000170820706109
0.000170828870040
0.000170836996855
0.000170845084249
0.000170853129727
0.000170861130701
0.000170869084582
0.000170876988867
0.000170884841226
0.000170892639564
0.000170900382074
0.000170908067275
0.000170915694022
0.000170923261509
0.000170930769253
0.000170938217071
0.000170945605036
0.000170952933447
0.000170960202776
0.000170967413633
0.000170974566714
0.000170981662769
0.000170988702559
0.000170995686820
0.000171002616227
0.000171009491365
0.000171016312693
0.000171023080516
0.000171029794960
0.000171036455949
0.000171043063190
0.000171049616166
0.000171056114143
0.000171062556178
0.000171068941155
0.000171075267814
0.000171081534805
0.000171087740741
0.000171093884257
0.000171099964064
0.000171105979012
0.000171111928124
0.000171117810637
0.000171123626016
0.000171129373954
0.000171135054363
0.000171140667339
0.000171146213127
0.000171151692063
0.000171157104529
0.000171162450889
0.000171167731444
0.000171172946390
0.000171178095777
0.000171183179494
0.000171188197255
0.000171193148598
0.000171198032900
0.000171202849391
0.000171207597180
0.000171212275282
0.000171216882645
0.000171221418181
0.000171225880797
0.000171230269417
0.000171234583019
0.000171238820656
0.000171242981489
0.000171247064811
0.000171251070085
0.000171254996964
0.000171258845317
0.000171262615256
0.000171266307142
0.000171269921588
0.000171273459455
0.000171276921820
0.000171280309944
0.000171283625212
0.000171286869072
0.000171290042955
0.000171293148194
0.000171296185939
0.000171299157081
0.000171302062178
0.000171304901403
0.000171307674502
0.000171310380782
0.000171313019112
0.000171315587951
0.000171318085396
0.000171320509243
0.000171322857065
0.000171325126300
0.000171327314341
0.000171329418625
0.000171331436728
0.000171333366437
0.000171335205833
0.000171336953350
0.000171338607828
0.000171340168554
0.000171341635293
0.000171343008308
0.000171344288357
0.000171345476695
0.000171346575047
0.000171347585570
0.000171348510806
0.000171349353609
0.000171350117062
0.000171350804379
0.000171351418792
0.000171351963428
0.000171352441190
0.000171352854622
0.000171353205802
0.000171353496228
0.000171353726735
0.000171353897436
0.000171354007687
0.000171354056086
0.000171354040505
0.000171353958154
0.000171353805672
0.000171353579242
0.000171353274730
0.000171352887833
0.000171352414229
0.000171351849739
0.000171351190472
0.000171350432961
0.000171349574285
0.000171348612173
0.000171347545080
0.000171346372249
0.000171345093745
0.000171343710463
0.000171342224119
0.000171340637210
0.000171338952958
0.000171337175225
0.000171335308413
0.000171333357338
0.000171331327090
0.000171329222873
0.000171327049841
0.000171324812916
0.000171322516620
0.000171320164898
0.000171317760969
0.000171315307184
0.000171312804924
0.000171310254524
0.000171307655239
0.000171305005250
0.000171302301713
0.000171299540848
0.000171296718072
0.000171293828154
0.000171290865403
0.000171287823874
0.000171284697578
0.000171281480699
0.000171278167801
0.000171274754016
0.000171271235219
0.000171267608171
0.000171263870633
0.000171260021449
0.000171256060598
0.000171251989206
0.000171247809525
0.000171243524888
0.000171239139619
0.000171234658922
0.000171230088739
0.000171225435579
0.000171220706335
0.000171215908072
0.000171211047808
0.000171206132290
0.000171201167770
0.000171196159789
0.000171191112978
0.000171186030889
0.000171180915857
0.000171175768900
0.000171170589670
0.000171165376455
0.000171160126223
0.000171154834729
0.000171149496656
0.000171144105804
0.000171138655316
0.000171133137914
0.000171127546166
0.000171121872748
0.000171116110700
0.000171110253673
0.000171104296147
0.000171098233623
0.000171092062783
0.000171085781601
0.000171079389426
0.000171072887018
0.000171066276534
0.000171059561489
0.000171052746663
0.000171045837976
0.000171038842328
0.000171031767405
0.000171024621463
0.000171017413082
0.000171010150910
0.000171002843399
0.000170995498532
0.000170988123569
0.000170980724804
0.000170973307350
0.000170965874962
0.000170958429901
0.000170950972853
0.000170943502900
0.000170936017549
0.000170928512819
0.000170920983384
0.000170913422759
0.000170905823539
0.000170898177657
0.000170890476676
0.000170882712082
0.000170874875588
0.000170866959413
0.000170858956557
0.000170850861034
0.000170842668080
0.000170834374313
0.000170825977854
0.000170817478404
0.000170808877262
0.000170800177311
0.000170791382952
0.000170782499984
0.000170773535461
0.000170764497493
0.000170755395021
0.000170746237568
0.000170737034951
0.000170727796998
0.000170718533244
0.000170709252635
0.000170699963246
0.000170690672022
0.000170681384549
0.000170672104873
0.000170662835367
0.000170653576656
0.000170644327601
0.000170635085346
0.000170625845429
0.000170616601945
0.000170607347761
0.000170598074775
0.000170588774202
0.000170579436886
0.000170570053616
0.000170560615445
0.000170551113991
0.000170541541722
0.000170531892206
0.000170522160323
0.000170512342445
0.000170502436555
0.000170492442331
0.000170482361173
0.000170472196186
0.000170461952104
0.000170451635180
0.000170441253021
0.000170430814381
0.000170420328923
0.000170409806946
0.000170399259086
0.000170388696002
0.000170378128059
0.000170367565008
0.000170357015686
0.000170346487739
0.000170335987385
0.000170325519215
0.000170315086060
0.000170304688905
0.000170294326876
0.000170283997290
0.000170273695760
0.000170263416367
0.000170253151879
0.000170242894012
0.000170232633722
0.000170222361522
0.000170212067807
0.000170201743175
0.000170191378744
0.000170180966440
0.000170170499267
0.000170159971529
0.000170149379029
0.000170138719206
0.000170127991239
0.000170117196089
0.000170106336504
0.000170095416958
0.000170084443552
0.000170073423861
0.000170062366733
0.000170051282049
0.000170040180452
0.000170029073036
