0.000192283818472
0.000192291700038
0.000192299597288
0.000192307511243
0.000192315442613
0.000192323391746
0.000192331358603
0.000192339342736
0.000192347343298
0.000192355359064
0.000192363388460
0.000192371429618
0.000192379480428
0.000192387538604
0.000192395601756
0.000192403667456
0.000192411733310
0.000192419797025
0.000192427856472
0.000192435909734
0.000192443955157
0.000192451991384
0.000192460017375
0.000192468032421
0.000192476036138
0.000192484028455
0.000192492009586
0.000192499979986
0.000192507940305
0.000192515891332
0.000192523833929
0.000192531768969
0.000192539697275
0.000192547619556
0.000192555536360
0.000192563448030
0.000192571354674
0.000192579256143
0.000192587152031
0.000192595041673
0.000192602924167
0.000192610798400
0.000192618663077
0.000192626516765
0.000192634357931
0.000192642184984
0.000192649996322
0.000192657790367
0.000192665565602
0.000192673320607
0.000192681054083
0.000192688764875
0.000192696451990
0.000192704114607
0.000192711752078
0.000192719363929
0.000192726949851
0.000192734509683
0.000192742043389
0.000192749551037
0.000192757032768
0.000192764488758
0.000192771919193
0.000192779324231
0.000192786703976
0.000192794058454
0.000192801387591
0.000192808691203
0.000192815968994
0.000192823220552
0.000192830445363
0.000192837642822
0.000192844812250
0.000192851952915
0.000192859064052
0.000192866144879
0.000192873194615
0.000192880212494
0.000192887197775
0.000192894149747
0.000192901067734
0.000192907951097
0.000192914799228
0.000192921611554
0.000192928387528
0.000192935126632
0.000192941828365
0.000192948492248
0.000192955117814
0.000192961704608
0.000192968252180
0.000192974760084
0.000192981227874
0.000192987655100
0.000192994041304
0.000193000386024
0.000193006688792
0.000193012949140
0.000193019166605
0.000193025340738
0.000193031471115
0.000193037557347
0.000193043599092
0.000193049596061
0.000193055548031
0.000193061454841
0.000193067316394
0.000193073132646
0.000193078903598
0.000193084629278
0.000193090309716
0.000193095944931
0.000193101534898
0.000193107079532
0.000193112578669
0.000193118032048
0.000193123439302
0.000193128799954
0.000193134113417
0.000193139379001
0.000193144595924
0.000193149763329
0.000193154880302
0.000193159945893
0.000193164959139
0.000193169919090
0.000193174824830
0.000193179675503
0.000193184470335
0.000193189208657
0.000193193889920
0.000193198513717
0.000193203079790
0.000193207588039
0.000193212038528
0.000193216431470
0.000193220767227
0.000193225046278
0.000193229269202
0.000193233436639
0.000193237549252
0.000193241607689
0.000193245612537
0.000193249564281
0.000193253463268
0.000193257309674
0.000193261103481
0.000193264844461
0.000193268532172
0.000193272165966
0.000193275745001
0.000193279268267
0.000193282734619
0.000193286142813
0.000193289491547
0.000193292779508
0.000193296005412
0.000193299168052
0.000193302266331
0.000193305299306
0.000193308266213
0.000193311166498
0.000193313999831
0.000193316766119
0.000193319465507
0.000193322098374
0.000193324665316
0.000193327167121
0.000193329604735
0.000193331979221
0.000193334291708
0.000193336543341
0.000193338735223
0.000193340868356
0.000193342943595
0.000193344961592
0.000193346922765
0.000193348827267
0.000193350674968
0.000193352465456
0.000193354198044
0.000193355871800
0.000193357485573
0.000193359038046
0.000193360527784
0.000193361953288
0.000193363313058
0.000193364605648
0.000193365829723
0.000193366984106
0.000193368067826
0.000193369080150
0.000193370020612
0.000193370889030
0.000193371685512
0.000193372410453
0.000193373064521
0.000193373648632
0.000193374163914
0.000193374611665
0.000193374993298
0.000193375310285
0.000193375564095
0.000193375756129
0.000193375887656
0.000193375959760
0.000193375973283
0.000193375928788
0.000193375826533
0.000193375666451
0.000193375448155
0.000193375170955
0.000193374833883
0.000193374435740
0.000193373975149
0.000193373450613
0.000193372860584
0.000193372203525
0.000193371477979
0.000193370682630
0.000193369816353
0.000193368878265
0.000193367867755
0.000193366784516
0.000193365628549
0.000193364400174
0.000193363100011
0.000193361728968
0.000193360288200
0.000193358779077
0.000193357203124
0.000193355561975
0.000193353857303
0.000193352090759
0.000193350263906
0.000193348378157
0.000193346434720
0.000193344434543
0.000193342378281
0.000193340266269
0.000193338098509
0.000193335874678
0.000193333594143
0.000193331255995
0.000193328859099
0.000193326402145
0.000193323883717
0.000193321302355
0.000193318656627
0.000193315945195
0.000193313166873
0.000193310320683
0.000193307405894
0.000193304422061
0.000193301369037
0.000193298246989
0.000193295056391
0.000193291798012
0.000193288472888
0.000193285082292
0.000193281627689
0.000193278110688
0.000193274532985
0.000193270896309
0.000193267202356
0.000193263452735
0.000193259648909
0.000193255792141
0.000193251883454
0.000193247923596
0.000193243913015
0.000193239851854
0.000193235739951
0.000193231576861
0.000193227361887
0.000193223094119
0.000193218772491
0.000193214395836
0.000193209962949
0.000193205472649
0.000193200923837
0.000193196315556
0.000193191647028
0.000193186917702
0.000193182127272
0.000193177275701
0.000193172363221
0.000193167390333
0.000193162357790
0.000193157266578
0.000193152117885
0.000193146913064
0.000193141653599
0.000193136341051
0.000193130977022
0.000193125563098
0.000193120100810
0.000193114591582
0.000193109036694
0.000193103437245
0.000193097794123
0.000193092107986
0.000193086379249
0.000193080608090
0.000193074794453
0.000193068938074
0.000193063038510
0.000193057095174
0.000193051107381
0.000193045074393
0.000193038995462
0.000193032869879
0.000193026697015
0.000193020476352
0.000193014207514
0.000193007890288
0.000193001524640
0.000192995110715
0.000192988648843
0.000192982139530
0.000192975583449
0.000192968981423
0.000192962334411
0.000192955643483
0.000192948909802
0.000192942134599
0.000192935319143
0.000192928464723
0.000192921572615
0.000192914644058
0.000192907680228
0.000192900682218
0.000192893651013
0.000192886587478
0.000192879492346
0.000192872366212
0.000192865209532
0.000192858022632
0.000192850805714
0.000192843558874
0.000192836282117
0.000192828975375
0.000192821638531
0.000192814271430
0.000192806873902
0.000192799445775
0.000192791986886
0.000192784497098
0.000192776976303
0.000192769424438
0.000192761841489
0.000192754227509
0.000192746582623
0.000192738907041
0.000192731201076
0.000192723465150
0.000192715699808
0.000192707905730
0.000192700083729
0.000192692234760
0.000192684359909
0.000192676460387
0.000192668537513
0.000192660592694
0.000192652627402
0.000192644643141
0.000192636641423
0.000192628623733
0.000192620591499
0.000192612546062
0.000192604488646
0.000192596420337
0.000192588342056
0.000192580254541
0.000192572158333
0.000192564053768
0.000192555940967
0.000192547819839
0.000192539690092
0.000192531551244
0.000192523402652
0.000192515243538
0.000192507073036
0.000192498890234
0.000192490694235
0.000192482484211
0.000192474259466
0.000192466019496
0.000192457764043
0.000192449493148
0.000192441207186
0.000192432906894
0.000192424593384
0.000192416268140
0.000192407932996
0.000192399590107
0.000192391241895
0.000192382890992
0.000192374540169
0.000192366192255
0.000192357850061
