0.000183078051835
0.000183101825817
0.000183125474274
0.000183149010036
0.000183172447368
0.000183195801487
0.000183219088078
0.000183242322793
0.000183265520761
0.000183288696126
0.000183311861618
0.000183335028178
0.000183358204645
0.000183381397508
0.000183404610740
0.000183427845707
0.000183451101159
0.000183474373307
0.000183497655961
0.000183520940751
0.000183544217400
0.000183567474052
0.000183590697634
0.000183613874248
0.000183636989576
0.000183660029284
0.000183682979420
0.000183705826787
0.000183728559279
0.000183751166185
0.000183773638435
0.000183795968799
0.000183818152020
0.000183840184895
0.000183862066286
0.000183883797079
0.000183905380082
0.000183926819870
0.000183948122589
0.000183969295711
0.000183990347765
0.000184011288043
0.000184032126291
0.000184052872393
0.000184073536068
0.000184094126571
0.000184114652424
0.000184135121173
0.000184155539183
0.000184175911475
0.000184196241604
0.000184216531593
0.000184236781905
0.000184256991467
0.000184277157736
0.000184297276806
0.000184317343547
0.000184337351775
0.000184357294446
0.000184377163860
0.000184396951879
0.000184416650146
0.000184436250298
0.000184455744169
0.000184475123981
0.000184494382513
0.000184513513249
0.000184532510501
0.000184551369504
0.000184570086484
0.000184588658699
0.000184607084450
0.000184625363067
0.000184643494866
0.000184661481090
0.000184679323824
0.000184697025893
0.000184714590749
0.000184732022342
0.000184749324993
0.000184766503252
0.000184783561769
0.000184800505162
0.000184817337894
0.000184834064161
0.000184850687794
0.000184867212173
0.000184883640161
0.000184899974045
0.000184916215506
0.000184932365592
0.000184948424715
0.000184964392653
0.000184980268573
0.000184996051050
0.000185011738112
0.000185027327278
0.000185042815608
0.000185058199756
0.000185073476031
0.000185088640458
0.000185103688842
0.000185118616834
0.000185133420009
0.000185148093929
0.000185162634224
0.000185177036660
0.000185191297216
0.000185205412154
0.000185219378086
0.000185233192036
0.000185246851498
0.000185260354485
0.000185273699565
0.000185286885892
0.000185299913221
0.000185312781913
0.000185325492930
0.000185338047809
0.000185350448634
0.000185362697984
0.000185374798883
0.000185386754725
0.000185398569197
0.000185410246194
0.000185421789722
0.000185433203798
0.000185444492344
0.000185455659084
0.000185466707433
0.000185477640396
0.000185488460469
0.000185499169553
0.000185509768873
0.000185520258914
0.000185530639378
0.000185540909158
0.000185551066328
0.000185561108168
0.000185571031199
0.000185580831251
0.000185590503552
0.000185600042832
0.000185609443451
0.000185618699537
0.000185627805137
0.000185636754376
0.000185645541611
0.000185654161585
0.000185662609578
0.000185670881532
0.000185678974176
0.000185686885111
0.000185694612893
0.000185702157070
0.000185709518205
0.000185716697865
0.000185723698584
0.000185730523796
0.000185737177742
0.000185743665356
0.000185749992126
0.000185756163938
0.000185762186907
0.000185768067199
0.000185773810843
0.000185779423555
0.000185784910553
0.000185790276397
0.000185795524840
0.000185800658697
0.000185805679750
0.000185810588672
0.000185815384991
0.000185820067087
0.000185824632226
0.000185829076621
0.000185833395538
0.000185837583422
0.000185841634057
0.000185845540741
0.000185849296482
0.000185852894199
0.000185856326934
0.000185859588049
0.000185862671423
0.000185865571632
0.000185868284104
0.000185870805251
0.000185873132573
0.000185875264728
0.000185877201563
0.000185878944122
0.000185880494607
0.000185881856311
0.000185883033518
0.000185884031374
0.000185884855730
0.000185885512972
0.000185886009824
0.000185886353153
0.000185886549754
0.000185886606156
0.000185886528419
0.000185886321952
0.000185885991356
0.000185885540280
0.000185884971316
0.000185884285921
0.000185883484380
0.000185882565801
0.000185881528148
0.000185880368313
0.000185879082213
0.000185877664930
0.000185876110862
0.000185874413905
0.000185872567643
0.000185870565546
0.000185868401175
0.000185866068371
0.000185863561445
0.000185860875339
0.000185858005776
0.000185854949379
0.000185851703757
0.000185848267571
0.000185844640557
0.000185840823522
0.000185836818307
0.000185832627722
0.000185828255448
0.000185823705921
0.000185818984192
0.000185814095768
0.000185809046448
0.000185803842148
0.000185798488725
0.000185792991806
0.000185787356630
0.000185781587893
0.000185775689627
0.000185769665090
0.000185763516688
0.000185757245921
0.000185750853361
0.000185744338664
0.000185737700599
0.000185730937119
0.000185724045447
0.000185717022186
0.000185709863450
0.000185702564996
0.000185695122379
0.000185687531098
0.000185679786741
0.000185671885128
0.000185663822432
0.000185655595297
0.000185647200928
0.000185638637164
0.000185629902527
0.000185620996256
0.000185611918306
0.000185602669333
0.000185593250660
0.000185583664218
0.000185573912477
0.000185563998360
0.000185553925147
0.000185543696375
0.000185533315726
0.000185522786927
0.000185512113640
0.000185501299366
0.000185490347357
0.000185479260533
0.000185468041426
0.000185456692122
0.000185445214237
0.000185433608896
0.000185421876742
0.000185410017948
0.000185398032257
0.000185385919027
0.000185373677287
0.000185361305809
0.000185348803174
0.000185336167846
0.000185323398247
0.000185310492824
0.000185297450108
0.000185284268773
0.000185270947674
0.000185257485884
0.000185243882714
0.000185230137721
0.000185216250713
0.000185202221733
0.000185188051047
0.000185173739116
0.000185159286569
0.000185144694168
0.000185129962778
0.000185115093334
0.000185100086806
0.000185084944173
0.000185069666400
0.000185054254416
0.000185038709103
0.000185023031285
0.000185007221729
0.000184991281146
0.000184975210204
0.000184959009542
0.000184942679786
0.000184926221572
0.000184909635572
0.000184892922514
0.000184876083206
0.000184859118557
0.000184842029591
0.000184824817457
0.000184807483433
0.000184790028915
0.000184772455411
0.000184754764514
0.000184736957874
0.000184719037156
0.000184701004005
0.000184682859989
0.000184664606560
0.000184646244996
0.000184627776362
0.000184609201467
0.000184590520827
0.000184571734650
0.000184552842814
0.000184533844873
0.000184514740065
0.000184495527336
0.000184476205381
0.000184456772690
0.000184437227604
0.000184417568386
0.000184397793289
0.000184377900636
0.000184357888894
0.000184337756754
0.000184317503200
0.000184297127579
0.000184276629654
0.000184256009657
0.000184235268316
0.000184214406880
0.000184193427122
0.000184172331325
0.000184151122255
0.000184129803114
0.000184108377478
0.000184086849224
0.000184065222437
0.000184043501313
0.000184021690053
0.000183999792750
0.000183977813282
0.000183955755200
0.000183933621632
0.000183911415191
0.000183889137901
0.000183866791142
0.000183844375611
0.000183821891305
0.000183799337531
0.000183776712936
0.000183754015557
0.000183731242894
0.000183708392002
0.000183685459599
0.000183662442183
0.000183639336160
0.000183616137976
0.000183592844254
0.000183569451915
0.000183545958305
0.000183522361302
0.000183498659411
0.000183474851840
0.000183450938557
0.000183426920320
0.000183402798695
0.000183378576031
0.000183354255430
0.000183329840684
0.000183305336186
0.000183280746836
0.000183256077912
0.000183231334943
0.000183206523568
0.000183181649381
0.000183156717794
