0.000351457984658
0.000351591009605
0.000351725160964
0.000351860410333
0.000351996729138
0.000352134088695
0.000352272460283
0.000352411815204
0.000352552124846
0.000352693360720
0.000352835494501
0.000352978498042
0.000353122343377
0.000353267002714
0.000353412448404
0.000353558652907
0.000353705588744
0.000353853228444
0.000354001544485
0.000354150509240
0.000354300094926
0.000354450273555
0.000354601016906
0.000354752296501
0.000354904083603
0.000355056349226
0.000355209064158
0.000355362199009
0.000355515724265
0.000355669610349
0.000355823827702
0.000355978346852
0.000356133138497
0.000356288173577
0.000356443423335
0.000356598859374
0.000356754453696
0.000356910178725
0.000357066007317
0.000357221912747
0.000357377868687
0.000357533849163
0.000357689828508
0.000357845781298
0.000358001682289
0.000358157506353
0.000358313228417
0.000358468823403
0.000358624266190
0.000358779531577
0.000358934594275
0.000359089428902
0.000359244010009
0.000359398312108
0.000359552309733
0.000359705977492
0.000359859290151
0.000360012222703
0.000360164750451
0.000360316849086
0.000360468494754
0.000360619664112
0.000360770334380
0.000360920483364
0.000361070089467
0.000361219131687
0.000361367589590
0.000361515443269
0.000361662673296
0.000361809260653
0.000361955186666
0.000362100432932
0.000362244981248
0.000362388813547
0.000362531911844
0.000362674258194
0.000362815834666
0.000362956623333
0.000363096606284
0.000363235765648
0.000363374083636
0.000363511542600
0.000363648125099
0.000363783813972
0.000363918592412
0.000364052444045
0.000364185352998
0.000364317303954
0.000364448282202
0.000364578273666
0.000364707264920
0.000364835243180
0.000364962196284
0.000365088112655
0.000365212981247
0.000365336791482
0.000365459533179
0.000365581196480
0.000365701771777
0.000365821249643
0.000365939620771
0.000366056875929
0.000366173005923
0.000366288001579
0.000366401853748
0.000366514553320
0.000366626091254
0.000366736458629
0.000366845646699
0.000366953646958
0.000367060451205
0.000367166051615
0.000367270440798
0.000367373611855
0.000367475558420
0.000367576274687
0.000367675755425
0.000367773995972
0.000367870992218
0.000367966740568
0.000368061237896
0.000368154481484
0.000368246468961
0.000368337198227
0.000368426667391
0.000368514874699
0.000368601818480
0.000368687497097
0.000368771908908
0.000368855052253
0.000368936925438
0.000369017526754
0.000369096854491
0.000369174906980
0.000369251682636
0.000369327180008
0.000369401397837
0.000369474335108
0.000369545991104
0.000369616365449
0.000369685458144
0.000369753269587
0.000369819800589
0.000369885052366
0.000369949026522
0.000370011725025
0.000370073150158
0.000370133304478
0.000370192190757
0.000370249811920
0.000370306170996
0.000370361271055
0.000370415115160
0.000370467706332
0.000370519047511
0.000370569141545
0.000370617991180
0.000370665599066
0.000370711967774
0.000370757099823
0.000370800997714
0.000370843663966
0.000370885101161
0.000370925311983
0.000370964299256
0.000371002065971
0.000371038615318
0.000371073950692
0.000371108075704
0.000371140994172
0.000371172710105
0.000371203227681
0.000371232551212
0.000371260685110
0.000371287633841
0.000371313401886
0.000371337993701
0.000371361413678
0.000371383666112
0.000371404755178
0.000371424684913
0.000371443459210
0.000371461081813
0.000371477556332
0.000371492886253
0.000371507074962
0.000371520125770
0.000371532041935
0.000371542826696
0.000371552483287
0.000371561014965
0.000371568425022
0.000371574716792
0.000371579893653
0.000371583959024
0.000371586916352
0.000371588769097
0.000371589520710
0.000371589174610
0.000371587734160
0.000371585202644
0.000371581583242
0.000371576879015
0.000371571092893
0.000371564227658
0.000371556285951
0.000371547270268
0.000371537182970
0.000371526026296
0.000371513802376
0.000371500513253
0.000371486160894
0.000371470747215
0.000371454274087
0.000371436743353
0.000371418156834
0.000371398516325
0.000371377823596
0.000371356080379
0.000371333288360
0.000371309449156
0.000371284564302
0.000371258635230
0.000371231663250
0.000371203649535
0.000371174595113
0.000371144500856
0.000371113367479
0.000371081195549
0.000371047985492
0.000371013737611
0.000370978452106
0.000370942129100
0.000370904768662
0.000370866370837
0.000370826935672
0.000370786463233
0.000370744953629
0.000370702407019
0.000370658823618
0.000370614203696
0.000370568547565
0.000370521855564
0.000370474128038
0.000370425365306
0.000370375567637
0.000370324735217
0.000370272868121
0.000370219966291
0.000370166029515
0.000370111057416
0.000370055049454
0.000369998004928
0.000369939922994
0.000369880802692
0.000369820642975
0.000369759442755
0.000369697200940
0.000369633916482
0.000369569588424
0.000369504215939
0.000369437798369
0.000369370335251
0.000369301826338
0.000369232271607
0.000369161671255
0.000369090025688
0.000369017335493
0.000368943601408
0.000368868824280
0.000368793005018
0.000368716144554
0.000368638243791
0.000368559303569
0.000368479324630
0.000368398307599
0.000368316252971
0.000368233161114
0.000368149032285
0.000368063866660
0.000367977664373
0.000367890425565
0.000367802150444
0.000367712839343
0.000367622492785
0.000367531111544
0.000367438696695
0.000367345249665
0.000367250772263
0.000367155266704
0.000367058735615
0.000366961182025
0.000366862609346
0.000366763021332
0.000366662422038
0.000366560815763
0.000366458206990
0.000366354600329
0.000366250000454
0.000366144412059
0.000366037839815
0.000365930288337
0.000365821762177
0.000365712265822
0.000365601803713
0.000365490380282
0.000365377999991
0.000365264667399
0.000365150387226
0.000365035164421
0.000364919004241
0.000364801912315
0.000364683894710
0.000364564957977
0.000364445109199
0.000364324356004
0.000364202706578
0.000364080169651
0.000363956754470
0.000363832470757
0.000363707328655
0.000363581338660
0.000363454511556
0.000363326858343
0.000363198390168
0.000363069118267
0.000362939053911
0.000362808208374
0.000362676592909
0.000362544218747
0.000362411097112
0.000362277239251
0.000362142656479
0.000362007360240
0.000361871362174
0.000361734674190
0.000361597308541
0.000361459277897
0.000361320595406
0.000361181274752
0.000361041330192
0.000360900776582
0.000360759629383
0.000360617904650
0.000360475619001
0.000360332789578
0.000360189433982
0.000360045570213
0.000359901216589
0.000359756391675
0.000359611114209
0.000359465403034
0.000359319277038
0.000359172755117
0.000359025856141
0.000358878598946
0.000358731002338
0.000358583085118
0.000358434866117
0.000358286364252
0.000358137598582
0.000357988588376
0.000357839353184
0.000357689912902
0.000357540287834
0.000357390498745
0.000357240566898
0.000357090514082
0.000356940362617
0.000356790135349
0.000356639855620
0.000356489547232
0.000356339234390
0.000356188941639
0.000356038693793
0.000355888515862
0.000355738432974
0.000355588470312
0.000355438653050
0.000355289006304
0.000355139555097
0.000354990324338
0.000354841338816
0.000354692623212
0.000354544202122
0.000354396100098
0.000354248341691
0.000354100951510
0.000353953954278
0.000353807374888
0.000353661238465
0.000353515570404
0.000353370396417
0.000353225742554
0.000353081635216
0.000352938101151
0.000352795167442
0.000352652861466
0.000352511210859
0.000352370243455
0.000352229987225
