0.000186734799621
0.000186762960225
0.000186791014996
0.000186818968034
0.000186846824167
0.000186874588788
0.000186902267677
0.000186929866811
0.000186957392176
0.000186984849583
0.000187012244485
0.000187039581810
0.000187066865805
0.000187094099904
0.000187121286614
0.000187148427425
0.000187175522747
0.000187202571875
0.000187229572986
0.000187256523161
0.000187283418440
0.000187310253904
0.000187337023791
0.000187363721630
0.000187390340396
0.000187416872695
0.000187443310944
0.000187469647572
0.000187495875217
0.000187521986909
0.000187547976259
0.000187573837612
0.000187599566186
0.000187625158183
0.000187650610869
0.000187675922616
0.000187701092922
0.000187726122381
0.000187751012642
0.000187775766322
0.000187800386902
0.000187824878600
0.000187849246228
0.000187873495033
0.000187897630534
0.000187921658354
0.000187945584049
0.000187969412944
0.000187993149977
0.000188016799554
0.000188040365414
0.000188063850517
0.000188087256949
0.000188110585844
0.000188133837341
0.000188157010560
0.000188180103604
0.000188203113592
0.000188226036720
0.000188248868348
0.000188271603107
0.000188294235038
0.000188316757732
0.000188339164501
0.000188361448545
0.000188383603123
0.000188405621725
0.000188427498228
0.000188449227048
0.000188470803260
0.000188492222710
0.000188513482094
0.000188534579018
0.000188555512021
0.000188576280587
0.000188596885121
0.000188617326905
0.000188637608039
0.000188657731358
0.000188677700336
0.000188697518976
0.000188717191694
0.000188736723191
0.000188756118323
0.000188775381966
0.000188794518882
0.000188813533588
0.000188832430230
0.000188851212462
0.000188869883341
0.000188888445230
0.000188906899724
0.000188925247590
0.000188943488729
0.000188961622169
0.000188979646067
0.000188997557753
0.000189015353782
0.000189033030014
0.000189050581716
0.000189068003674
0.000189085290317
0.000189102435853
0.000189119434403
0.000189136280139
0.000189152967413
0.000189169490882
0.000189185845620
0.000189202027218
0.000189218031871
0.000189233856448
0.000189249498548
0.000189264956538
0.000189280229581
0.000189295317639
0.000189310221470
0.000189324942600
0.000189339483287
0.000189353846463
0.000189368035668
0.000189382054959
0.000189395908813
0.000189409602014
0.000189423139529
0.000189436526376
0.000189449767487
0.000189462867569
0.000189475830969
0.000189488661546
0.000189501362550
0.000189513936521
0.000189526385202
0.000189538709478
0.000189550909335
0.000189562983838
0.000189574931146
0.000189586748539
0.000189598432472
0.000189609978649
0.000189621382119
0.000189632637377
0.000189643738491
0.000189654679229
0.000189665453196
0.000189676053979
0.000189686475292
0.000189696711116
0.000189706755846
0.000189716604425
0.000189726252471
0.000189735696394
0.000189744933499
0.000189753962071
0.000189762781436
0.000189771392000
0.000189779795263
0.000189787993801
0.000189795991220
0.000189803792074
0.000189811401764
0.000189818826397
0.000189826072631
0.000189833147488
0.000189840058165
0.000189846811828
0.000189853415400
0.000189859875364
0.000189866197562
0.000189872387021
0.000189878447795
0.000189884382830
0.000189890193868
0.000189895881371
0.000189901444486
0.000189906881044
0.000189912187589
0.000189917359446
0.000189922390820
0.000189927274919
0.000189932004119
0.000189936570136
0.000189940964236
0.000189945177453
0.000189949200820
0.000189953025611
0.000189956643581
0.000189960047203
0.000189963229895
0.000189966186220
0.000189968912074
0.000189971404824
0.000189973663426
0.000189975688484
0.000189977482273
0.000189979048702
0.000189980393239
0.000189981522774
0.000189982445449
0.000189983170433
0.000189983707675
0.000189984067622
0.000189984260920
0.000189984298106
0.000189984189301
0.000189983943909
0.000189983570339
0.000189983075745
0.000189982465811
0.000189981744565
0.000189980914243
0.000189979975201
0.000189978925878
0.000189977762811
0.000189976480701
0.000189975072533
0.000189973529748
0.000189971842454
0.000189969999685
0.000189967989692
0.000189965800267
0.000189963419088
0.000189960834066
0.000189958033711
0.000189955007477
0.000189951746092
0.000189948241858
0.000189944488910
0.000189940483429
0.000189936223792
0.000189931710662
0.000189926947007
0.000189921938049
0.000189916691149
0.000189911215613
0.000189905522446
0.000189899624048
0.000189893533864
0.000189887266000
0.000189880834816
0.000189874254510
0.000189867538703
0.000189860700037
0.000189853749800
0.000189846697592
0.000189839551031
0.000189832315521
0.000189824994072
0.000189817587197
0.000189810092874
0.000189802506575
0.000189794821380
0.000189787028146
0.000189779115752
0.000189771071402
0.000189762880981
0.000189754529457
0.000189746001318
0.000189737281026
0.000189728353491
0.000189719204528
0.000189709821305
0.000189700192752
0.000189690309925
0.000189680166311
0.000189669758063
0.000189659084155
0.000189648146454
0.000189636949701
0.000189625501404
0.000189613811646
0.000189601892813
0.000189589759245
0.000189577426832
0.000189564912559
0.000189552234011
0.000189539408869
0.000189526454390
0.000189513386905
0.000189500221343
0.000189486970794
0.000189473646117
0.000189460255627
0.000189446804834
0.000189433296282
0.000189419729457
0.000189406100791
0.000189392403751
0.000189378629018
0.000189364764748
0.000189350796903
0.000189336709667
0.000189322485901
0.000189308107655
0.000189293556709
0.000189278815129
0.000189263865817
0.000189248693053
0.000189233282989
0.000189217624102
0.000189201707573
0.000189185527588
0.000189169081555
0.000189152370211
0.000189135397637
0.000189118171166
0.000189100701190
0.000189083000871
0.000189065085774
0.000189046973414
0.000189028682755
0.000189010233656
0.000188991646300
0.000188972940602
0.000188954135634
0.000188935249075
0.000188916296694
0.000188897291899
0.000188878245349
0.000188859164646
0.000188840054116
0.000188820914686
0.000188801743857
0.000188782535779
0.000188763281424
0.000188743968851
0.000188724583563
0.000188705108941
0.000188685526741
0.000188665817651
0.000188645961878
0.000188625939761
0.000188605732380
0.000188585322148
0.000188564693373
0.000188543832752
0.000188522729813
0.000188501377251
0.000188479771186
0.000188457911301
0.000188435800881
0.000188413446734
0.000188390859006
0.000188368050894
0.000188345038264
0.000188321839192
0.000188298473436
0.000188274961861
0.000188251325831
0.000188227586595
0.000188203764668
0.000188179879247
0.000188155947662
0.000188131984886
0.000188108003113
0.000188084011421
0.000188060015525
0.000188036017626
0.000188012016369
0.000187988006896
0.000187963981007
0.000187939927423
0.000187915832132
0.000187891678826
0.000187867449404
0.000187843124532
0.000187818684239
0.000187794108546
0.000187769378083
0.000187744474700
0.000187719382039
0.000187694086051
0.000187668575446
0.000187642842051
0.000187616881082
0.000187590691296
0.000187564275051
0.000187537638238
0.000187510790114
0.000187483743029
0.000187456512066
0.000187429114588
0.000187401569735
0.000187373897859
0.000187346119937
0.000187318256960
0.000187290329339
0.000187262356324
0.000187234355466
0.000187206342129
0.000187178329078
0.000187150326132
0.000187122339918
0.000187094373706
0.000187066427355
0.000187038497348
0.000187010576931
0.000186982656347
0.000186954723153
0.000186926762627
0.000186898758230
0.000186870692131
