0.000173478471188
0.000173491978648
0.000173505505216
0.000173519055647
0.000173532633776
0.000173546242391
0.000173559883128
0.000173573556397
0.000173587261335
0.000173600995798
0.000173614756384
0.000173628538499
0.000173642336458
0.000173656143622
0.000173669952572
0.000173683755307
0.000173697543467
0.000173711308564
0.000173725042224
0.000173738736418
0.000173752383686
0.000173765977335
0.000173779511606
0.000173792981816
0.000173806384454
0.000173819717242
0.000173832979161
0.000173846170431
0.000173859292466
0.000173872347797
0.000173885339963
0.000173898273387
0.000173911153233
0.000173923985242
0.000173936775566
0.000173949530586
0.000173962256729
0.000173974960284
0.000173987647209
0.000174000322956
0.000174012992296
0.000174025659158
0.000174038326489
0.000174050996142
0.000174063668784
0.000174076343846
0.000174089019512
0.000174101692740
0.000174114359332
0.000174127014038
0.000174139650701
0.000174152262423
0.000174164841769
0.000174177380971
0.000174189872153
0.000174202307550
0.000174214679714
0.000174226981711
0.000174239207293
0.000174251351042
0.000174263408491
0.000174275376207
0.000174287251854
0.000174299034212
0.000174310723185
0.000174322319772
0.000174333826015
0.000174345244925
0.000174356580394
0.000174367837073
0.000174379020243
0.000174390135664
0.000174401189412
0.000174412187698
0.000174423136680
0.000174434042279
0.000174444909982
0.000174455744660
0.000174466550404
0.000174477330373
0.000174488086676
0.000174498820283
0.000174509530978
0.000174520217344
0.000174530876795
0.000174541505649
0.000174552099224
0.000174562651982
0.000174573157684
0.000174583609571
0.000174594000552
0.000174604323397
0.000174614570926
0.000174624736191
0.000174634812644
0.000174644794291
0.000174654675823
0.000174664452736
0.000174674121419
0.000174683679231
0.000174693124554
0.000174702456820
0.000174711676518
0.000174720785182
0.000174729785343
0.000174738680471
0.000174747474871
0.000174756173574
0.000174764782184
0.000174773306722
0.000174781753433
0.000174790128597
0.000174798438322
0.000174806688346
0.000174814883845
0.000174823029259
0.000174831128136
0.000174839183019
0.000174847195354
0.000174855165442
0.000174863092429
0.000174870974329
0.000174878808088
0.000174886589674
0.000174894314192
0.000174901976023
0.000174909568975
0.000174917086445
0.000174924521587
0.000174931867479
0.000174939117294
0.000174946264458
0.000174953302808
0.000174960226742
0.000174967031353
0.000174973712557
0.000174980267198
0.000174986693140
0.000174992989334
0.000174999155856
0.000175005193921
0.000175011105857
0.000175016895055
0.000175022565870
0.000175028123503
0.000175033573841
0.000175038923275
0.000175044178502
0.000175049346307
0.000175054433343
0.000175059445921
0.000175064389805
0.000175069270029
0.000175074090743
0.000175078855087
0.000175083565100
0.000175088221662
0.000175092824477
0.000175097372085
0.000175101861903
0.000175106290299
0.000175110652689
0.000175114943656
0.000175119157083
0.000175123286308
0.000175127324286
0.000175131263767
0.000175135097476
0.000175138818305
0.000175142419499
0.000175145894844
0.000175149238849
0.000175152446911
0.000175155515461
0.000175158442092
0.000175161225644
0.000175163866260
0.000175166365403
0.000175168725824
0.000175170951485
0.000175173047450
0.000175175019727
0.000175176875078
0.000175178620810
0.000175180264536
0.000175181813944
0.000175183276547
0.000175184659457
0.000175185969169
0.000175187211368
0.000175188390764
0.000175189510963
0.000175190574366
0.000175191582104
0.000175192534009
0.000175193428621
0.000175194263218
0.000175195033889
0.000175195735628
0.000175196362462
0.000175196907598
0.000175197363605
0.000175197722606
0.000175197976496
0.000175198117172
0.000175198136769
0.000175198027901
0.000175197783892
0.000175197398998
0.000175196868598
0.000175196189362
0.000175195359376
0.000175194378222
0.000175193247007
0.000175191968345
0.000175190546279
0.000175188986163
0.000175187294494
0.000175185478703
0.000175183546924
0.000175181507737
0.000175179369901
0.000175177142086
0.000175174832616
0.000175172449217
0.000175169998800
0.000175167487261
0.000175164919320
0.000175162298386
0.000175159626465
0.000175156904107
0.000175154130381
0.000175151302900
0.000175148417876
0.000175145470223
0.000175142453685
0.000175139361009
0.000175136184149
0.000175132914499
0.000175129543144
0.000175126061142
0.000175122459801
0.000175118730964
0.000175114867285
0.000175110862475
0.000175106711531
0.000175102410914
0.000175097958681
0.000175093354569
0.000175088600013
0.000175083698109
0.000175078653524
0.000175073472342
0.000175068161874
0.000175062730425
0.000175057187032
0.000175051541182
0.000175045802521
0.000175039980565
0.000175034084420
0.000175028122517
0.000175022102371
0.000175016030374
0.000175009911612
0.000175003749731
0.000174997546831
0.000174991303413
0.000174985018358
0.000174978688962
0.000174972311008
0.000174965878883
0.000174959385746
0.000174952823730
0.000174946184179
0.000174939457921
0.000174932635567
0.000174925707810
0.000174918665748
0.000174911501182
0.000174904206906
0.000174896776964
0.000174889206863
0.000174881493739
0.000174873636467
0.000174865635705
0.000174857493887
0.000174849215138
0.000174840805144
0.000174832270971
0.000174823620828
0.000174814863813
0.000174806009626
0.000174797068266
0.000174788049735
0.000174778963740
0.000174769819411
0.000174760625044
0.000174751387868
0.000174742113849
0.000174732807522
0.000174723471881
0.000174714108290
0.000174704716458
0.000174695294451
0.000174685838758
0.000174676344394
0.000174666805065
0.000174657213365
0.000174647561012
0.000174637839128
0.000174628038532
0.000174618150055
0.000174608164859
0.000174598074750
0.000174587872469
0.000174577551958
0.000174567108577
0.000174556539278
0.000174545842718
0.000174535019312
0.000174524071222
0.000174513002285
0.000174501817886
0.000174490524774
0.000174479130845
0.000174467644882
0.000174456076279
0.000174444434748
0.000174432730028
0.000174420971595
0.000174409168393
0.000174397328580
0.000174385459307
0.000174373566524
0.000174361654831
0.000174349727356
0.000174337785688
0.000174325829843
0.000174313858283
0.000174301867978
0.000174289854514
0.000174277812243
0.000174265734479
0.000174253613726
0.000174241441941
0.000174229210814
0.000174216912070
0.000174204537762
0.000174192080568
0.000174179534058
0.000174166892933
0.000174154153229
0.000174141312459
0.000174128369711
0.000174115325685
0.000174102182666
0.000174088944446
0.000174075616189
0.000174062204257
0.000174048715993
0.000174035159479
0.000174021543278
0.000174007876169
0.000173994166879
0.000173980423831
0.000173966654908
0.000173952867235
0.000173939066995
0.000173925259276
0.000173911447944
0.000173897635567
0.000173883823361
0.000173870011186
0.000173856197576
0.000173842379810
0.000173828554022
0.000173814715347
0.000173800858101
0.000173786975987
0.000173773062336
0.000173759110347
0.000173745113349
0.000173731065055
0.000173716959805
0.000173702792785
0.000173688560218
0.000173674259513
0.000173659889370
0.000173645449829
0.000173630942276
0.000173616369389
0.000173601735041
0.000173587044165
0.000173572302570
0.000173557516751
0.000173542693662
0.000173527840501
0.000173512964478
0.000173498072606
0.000173483171504
0.000173468267215
