0.001467416680106
0.001464125113080
0.001460298959574
0.001455948337906
0.001451084428992
0.001445719436310
0.001439866543444
0.001433539869386
0.001426754421735
0.001419526047962
0.001411871384910
0.001403807806685
0.001395353371120
0.001386526764989
0.001377347248131
0.001367834596673
0.001358009045530
0.001347891230356
0.001337502129117
0.001326863003487
0.001315995340215
0.001304920792665
0.001293661122683
0.001282238142974
0.001270673660150
0.001258989418625
0.001247207045497
0.001235347996597
0.001223433503826
0.001211484523954
0.001199521688995
0.001187565258292
0.001175635072445
0.001163750509186
0.001151930441310
0.001140193196764
0.001128556520979
0.001117037541533
0.001105652735211
0.001094417897538
0.001083348114820
0.001072457738772
0.001061760363740
0.001051268806572
0.001040995089137
0.001030950423533
0.001021145199957
0.001011588977257
0.001002290476140
0.000993257575018
0.000984497308464
0.000976015868233
0.000967818606808
0.000959910043414
0.000952293872434
0.000944972974168
0.000937949427844
0.000931224526806
0.000924798795801
0.000918672010240
0.000912843217370
0.000907310759224
0.000902072297260
0.000897124838558
0.000892464763483
0.000888087854678
0.000883989327268
0.000880163860166
0.000876605628342
0.000873308335940
0.000870265250110
0.000867469235435
0.000864912788821
0.000862588074726
0.000860486960603
0.000858601052427
0.000856921730193
0.000855440183248
0.000854147445355
0.000853034429358
0.000852091961341
0.000851310814180
0.000850681740361
0.000850195503993
0.000849842911893
0.000849614843670
0.000849502280726
0.000849496334073
0.000849588270930
0.000849769539995
0.000850031795359
0.000850366919003
0.000850767041810
0.000851224563084
0.000851732168509
0.000852282846527
0.000852869903129
0.000853486975001
0.000854128041056
0.000854787432309
0.000855459840117
0.000856140322775
0.000856824310484
0.000857507608715
0.000858186399970
0.000858857243998
0.000859517076472
0.000860163206189
0.000860793310825
0.000861405431299
0.000861997964810
0.000862569656587
0.000863119590437
0.000863647178142
0.000864152147785
0.000864634531066
0.000865094649698
0.000865533100936
0.000865950742346
0.000866348675857
0.000866728231207
0.000867090948841
0.000867438562350
0.000867772980530
0.000868096269135
0.000868410632417
0.000868718394521
0.000869021980817
0.000869323899259
0.000869626721829
0.000869933066161
0.000870245577414
0.000870566910461
0.000870899712466
0.000871246605934
0.000871610172262
0.000871992935883
0.000872397349050
0.000872825777294
0.000873280485632
0.000873763625541
0.000874277222754
0.000874823165900
0.000875403196027
0.000876018897021
0.000876671686958
0.000877362810392
0.000878093331603
0.000878864128812
0.000879675889371
0.000880529105929
0.000881424073583
0.000882360888000
0.000883339444509
0.000884359438153
0.000885420364676
0.000886521522445
0.000887662015260
0.000888840756042
0.000890056471355
0.000891307706738
0.000892592832797
0.000893910052015
0.000895257406243
0.000896632784821
0.000898033933267
0.000899458462510
0.000900903858589
0.000902367492782
0.000903846632111
0.000905338450169
0.000906840038223
0.000908348416536
0.000909860545867
0.000911373339092
0.000912883672907
0.000914388399553
0.000915884358519
0.000917368388187
0.000918837337346
0.000920288076553
0.000921717509277
0.000923122582786
0.000924500298734
0.000925847723394
0.000927161997514
0.000928440345730
0.000929680085528
0.000930878635703
0.000932033524287
0.000933142395933
0.000934203018715
0.000935213290339
0.000936171243752
0.000937075052123
0.000937923033213
0.000938713653102
0.000939445529305
0.000940117433244
0.000940728292104
0.000941277190073
0.000941763368969
0.000942186228256
0.000942545324488
0.000942840370154
0.000943071231969
0.000943237928615
0.000943340627944
0.000943379643681
0.000943355431625
0.000943268585401
0.000943119831763
0.000942910025500
0.000942640143963
0.000942311281255
0.000941924642109
0.000941481535512
0.000940983368082
0.000940431637263
0.000939827924366
0.000939173887488
0.000938471254352
0.000937721815110
0.000936927415129
0.000936089947807
0.000935211347442
0.000934293582190
0.000933338647144
0.000932348557553
0.000931325342218
0.000930271037084
0.000929187679062
0.000928077300089
0.000926941921476
0.000925783548532
0.000924604165516
0.000923405730918
0.000922190173085
0.000920959386223
0.000919715226770
0.000918459510165
0.000917194008011
0.000915920445641
0.000914640500096
0.000913355798501
0.000912067916850
0.000910778379190
0.000909488657196
0.000908200170123
0.000906914285138
0.000905632318005
0.000904355534115
0.000903085149844
0.000901822334232
0.000900568210946
0.000899323860530
0.000898090322914
0.000896868600157
0.000895659659415
0.000894464436104
0.000893283837235
0.000892118744907
0.000890970019919
0.000889838505489
0.000888725031043
0.000887630416055
0.000886555473902
0.000885501015719
0.000884467854212
0.000883456807414
0.000882468702349
0.000881504378582
0.000880564691638
0.000879650516255
0.000878762749456
0.000877902313426
0.000877070158167
0.000876267263922
0.000875494643354
0.000874753343463
0.000874044447238
0.000873369075020
0.000872728385592
0.000872123576964
0.000871555886862
0.000871026592912
0.000870537012517
0.000870088502423
0.000869682457974
0.000869320312060
0.000869003533751
0.000868733626634
0.000868512126851
0.000868340600841
0.000868220642810
0.000868153871928
0.000868141929273
0.000868186474540
0.000868289182519
0.000868451739385
0.000868675838790
0.000868963177809
0.000869315452733
0.000869734354759
0.000870221565578
0.000870778752890
0.000871407565882
0.000872109630667
0.000872886545732
0.000873739877391
0.000874671155293
0.000875681867979
0.000876773458520
0.000877947320267
0.000879204792706
0.000880547157465
0.000881975634474
0.000883491378299
0.000885095474676
0.000886788937249
0.000888572704536
0.000890447637142
0.000892414515216
0.000894474036180
0.000896626812737
0.000898873371160
0.000901214149874
0.000903649498335
0.000906179676211
0.000908804852854
0.000911525107079
0.000914340427234
0.000917250711551
0.000920255768791
0.000923355319146
0.000926548995411
0.000929836344398
0.000933216828593
0.000936689828019
0.000940254642318
0.000943910493012
0.000947656525936
0.000951491813824
0.000955415359028
0.000959426096346
0.000963522895946
0.000967704566358
0.000971969857509
0.000976317463789
0.000980746027113
0.000985254139950
0.000989840348316
0.000994503154675
0.000999241020747
0.001004052370186
0.001008935591107
0.001013889038427
0.001018911036020
0.001023999878634
0.001029153833581
0.001034371142151
0.001039650020755
0.001044988661776
0.001050385234106
0.001055837883376
0.001061344731850
0.001066903877993
0.001072513395697
0.001078171333173
0.001083875711492
0.001089624522792
0.001095415728142
0.001101247255075
0.001107116994786
0.001113022799016
0.001118962476614
0.001124933789814
0.001130934450206
0.001136962114459
0.001143014379772
0.001149088779114
0.001155182776246
0.001161293760570
0.001167419041830
0.001173555844693
0.001179701303250
0.001185852455474
0.001192006237663
0.001198159478925
0.001204308895727
0.001210451086572
0.001216582526821
0.001222699563727
0.001228798411705
0.001234875147892
0.001240925708036
0.001246945882750
0.001252931314179
0.001258877493118
0.001264779756614
0.001270633286103
