0.000210764674958
0.000210777979743
0.000210791249301
0.000210804483968
0.000210817684345
0.000210830851240
0.000210843985597
0.000210857088427
0.000210870160732
0.000210883203442
0.000210896217347
0.000210909203046
0.000210922160904
0.000210935091016
0.000210947993195
0.000210960866971
0.000210973711597
0.000210986526082
0.000210999309225
0.000211012059665
0.000211024775937
0.000211037456531
0.000211050099949
0.000211062704763
0.000211075269668
0.000211087793517
0.000211100275352
0.000211112714425
0.000211125110198
0.000211137462338
0.000211149770694
0.000211162035272
0.000211174256196
0.000211186433666
0.000211198567916
0.000211210659169
0.000211222707596
0.000211234713280
0.000211246676184
0.000211258596127
0.000211270472772
0.000211282305617
0.000211294093999
0.000211305837108
0.000211317534007
0.000211329183662
0.000211340784973
0.000211352336821
0.000211363838106
0.000211375287793
0.000211386684952
0.000211398028799
0.000211409318725
0.000211420554317
0.000211431735373
0.000211442861896
0.000211453934087
0.000211464952315
0.000211475917082
0.000211486828983
0.000211497688645
0.000211508496681
0.000211519253627
0.000211529959893
0.000211540615714
0.000211551221113
0.000211561775869
0.000211572279504
0.000211582731279
0.000211593130201
0.000211603475049
0.000211613764405
0.000211623996699
0.000211634170260
0.000211644283371
0.000211654334336
0.000211664321536
0.000211674243494
0.000211684098926
0.000211693886799
0.000211703606363
0.000211713257187
0.000211722839169
0.000211732352544
0.000211741797867
0.000211751175984
0.000211760487987
0.000211769735160
0.000211778918910
0.000211788040686
0.000211797101906
0.000211806103870
0.000211815047684
0.000211823934191
0.000211832763911
0.000211841536997
0.000211850253207
0.000211858911897
0.000211867512025
0.000211876052184
0.000211884530641
0.000211892945402
0.000211901294275
0.000211909574959
0.000211917785120
0.000211925922487
0.000211933984931
0.000211941970552
0.000211949877743
0.000211957705260
0.000211965452261
0.000211973118345
0.000211980703558
0.000211988208393
0.000211995633764
0.000212002980961
0.000212010251597
0.000212017447526
0.000212024570757
0.000212031623364
0.000212038607378
0.000212045524692
0.000212052376964
0.000212059165529
0.000212065891334
0.000212072554875
0.000212079156165
0.000212085694724
0.000212092169582
0.000212098579314
0.000212104922087
0.000212111195734
0.000212117397828
0.000212123525786
0.000212129576959
0.000212135548743
0.000212141438672
0.000212147244518
0.000212152964372
0.000212158596720
0.000212164140493
0.000212169595112
0.000212174960501
0.000212180237090
0.000212185425789
0.000212190527947
0.000212195545293
0.000212200479856
0.000212205333874
0.000212210109696
0.000212214809674
0.000212219436055
0.000212223990880
0.000212228475885
0.000212232892425
0.000212237241404
0.000212241523231
0.000212245737800
0.000212249884487
0.000212253962173
0.000212257969289
0.000212261903879
0.000212265763679
0.000212269546209
0.000212273248873
0.000212276869060
0.000212280404250
0.000212283852111
0.000212287210585
0.000212290477970
0.000212293652981
0.000212296734791
0.000212299723067
0.000212302617970
0.000212305420143
0.000212308130686
0.000212310751098
0.000212313283216
0.000212315729133
0.000212318091106
0.000212320371460
0.000212322572487
0.000212324696344
0.000212326744963
0.000212328719964
0.000212330622588
0.000212332453643
0.000212334213471
0.000212335901936
0.000212337518431
0.000212339061910
0.000212340530932
0.000212341923727
0.000212343238269
0.000212344472366
0.000212345623747
0.000212346690154
0.000212347669434
0.000212348559620
0.000212349359005
0.000212350066205
0.000212350680212
0.000212351200418
0.000212351626645
0.000212351959135
0.000212352198544
0.000212352345903
0.000212352402577
0.000212352370208
0.000212352250641
0.000212352045849
0.000212351757853
0.000212351388637
0.000212350940068
0.000212350413818
0.000212349811303
0.000212349133622
0.000212348381524
0.000212347555377
0.000212346655168
0.000212345680508
0.000212344630657
0.000212343504566
0.000212342300927
0.000212341018234
0.000212339654848
0.000212338209068
0.000212336679200
0.000212335063623
0.000212333360853
0.000212331569598
0.000212329688799
0.000212327717673
0.000212325655732
0.000212323502801
0.000212321259020
0.000212318924834
0.000212316500972
0.000212313988420
0.000212311388381
0.000212308702226
0.000212305931443
0.000212303077583
0.000212300142196
0.000212297126779
0.000212294032717
0.000212290861241
0.000212287613381
0.000212284289940
0.000212280891469
0.000212277418259
0.000212273870344
0.000212270247511
0.000212266549319
0.000212262775132
0.000212258924152
0.000212254995457
0.000212250988040
0.000212246900859
0.000212242732867
0.000212238483060
0.000212234150509
0.000212229734392
0.000212225234025
0.000212220648880
0.000212215978611
0.000212211223060
0.000212206382266
0.000212201456468
0.000212196446098
0.000212191351770
0.000212186174262
0.000212180914495
0.000212175573504
0.000212170152405
0.000212164652364
0.000212159074563
0.000212153420160
0.000212147690261
0.000212141885888
0.000212136007956
0.000212130057245
0.000212124034394
0.000212117939882
0.000212111774024
0.000212105536976
0.000212099228729
0.000212092849125
0.000212086397863
0.000212079874511
0.000212073278530
0.000212066609288
0.000212059866085
0.000212053048176
0.000212046154805
0.000212039185227
0.000212032138746
0.000212025014743
0.000212017812710
0.000212010532274
0.000212003173227
0.000211995735547
0.000211988219409
0.000211980625194
0.000211972953489
0.000211965205081
0.000211957380938
0.000211949482192
0.000211941510104
0.000211933466036
0.000211925351410
0.000211917167671
0.000211908916247
0.000211900598505
0.000211892215713
0.000211883769005
0.000211875259347
0.000211866687504
0.000211858054022
0.000211849359208
0.000211840603122
0.000211831785573
0.000211822906132
0.000211813964144
0.000211804958760
0.000211795888971
0.000211786753654
0.000211777551623
0.000211768281688
0.000211758942717
0.000211749533691
0.000211740053766
0.000211730502327
0.000211720879026
0.000211711183822
0.000211701417003
0.000211691579190
0.000211681671338
0.000211671694714
0.000211661650870
0.000211651541593
0.000211641368862
0.000211631134779
0.000211620841508
0.000211610491202
0.000211600085937
0.000211589627635
0.000211579118009
0.000211568558496
0.000211557950213
0.000211547293915
0.000211536589972
0.000211525838358
0.000211515038652
0.000211504190066
0.000211493291477
0.000211482341481
0.000211471338464
0.000211460280673
0.000211449166308
0.000211437993613
0.000211426760965
0.000211415466965
0.000211404110513
0.000211392690887
0.000211381207786
0.000211369661373
0.000211358052292
0.000211346381661
0.000211334651057
0.000211322862467
0.000211311018231
0.000211299120971
0.000211287173504
0.000211275178745
0.000211263139612
0.000211251058919
0.000211238939286
0.000211226783039
0.000211214592136
0.000211202368091
0.000211190111929
0.000211177824146
0.000211165504704
0.000211153153035
0.000211140768075
0.000211128348320
0.000211115891897
0.000211103396659
0.000211090860287
0.000211078280408
0.000211065654714
0.000211052981080
0.000211040257681
0.000211027483089
0.000211014656361
0.000211001777107
0.000210988845528
0.000210975862439
0.000210962829256
0.000210949747966
