0.000224627048872
0.000224646197138
0.000224665286252
0.000224684308727
0.000224703256894
0.000224722123203
0.000224740900520
0.000224759582405
0.000224778163357
0.000224796639017
0.000224815006330
0.000224833263638
0.000224851410728
0.000224869448816
0.000224887380470
0.000224905209482
0.000224922940690
0.000224940579757
0.000224958132919
0.000224975606710
0.000224993007679
0.000225010342106
0.000225027615730
0.000225044833508
0.000225061999405
0.000225079116225
0.000225096185496
0.000225113207413
0.000225130180832
0.000225147103319
0.000225163971266
0.000225180780034
0.000225197524157
0.000225214197562
0.000225230793825
0.000225247306422
0.000225263728993
0.000225280055590
0.000225296280904
0.000225312400462
0.000225328410789
0.000225344309524
0.000225360095495
0.000225375768735
0.000225391330457
0.000225406782980
0.000225422129607
0.000225437374469
0.000225452522334
0.000225467578396
0.000225482548041
0.000225497436621
0.000225512249217
0.000225526990432
0.000225541664193
0.000225556273597
0.000225570820784
0.000225585306856
0.000225599731846
0.000225614094725
0.000225628393457
0.000225642625093
0.000225656785908
0.000225670871555
0.000225684877251
0.000225698797974
0.000225712628666
0.000225726364430
0.000225740000715
0.000225753533493
0.000225766959394
0.000225780275829
0.000225793481066
0.000225806574275
0.000225819555542
0.000225832425833
0.000225845186934
0.000225857841356
0.000225870392213
0.000225882843072
0.000225895197800
0.000225907460388
0.000225919634782
0.000225931724714
0.000225943733554
0.000225955664167
0.000225967518808
0.000225979299034
0.000225991005655
0.000226002638717
0.000226014197509
0.000226025680612
0.000226037085971
0.000226048410987
0.000226059652636
0.000226070807597
0.000226081872384
0.000226092843490
0.000226103717515
0.000226114491299
0.000226125162028
0.000226135727333
0.000226146185365
0.000226156534846
0.000226166775098
0.000226176906054
0.000226186928230
0.000226196842692
0.000226206650989
0.000226216355078
0.000226225957228
0.000226235459916
0.000226244865721
0.000226254177212
0.000226263396843
0.000226272526852
0.000226281569177
0.000226290525385
0.000226299396618
0.000226308183561
0.000226316886425
0.000226325504958
0.000226334038465
0.000226342485854
0.000226350845686
0.000226359116241
0.000226367295598
0.000226375381702
0.000226383372453
0.000226391265775
0.000226399059693
0.000226406752399
0.000226414342307
0.000226421828103
0.000226429208777
0.000226436483649
0.000226443652381
0.000226450714972
0.000226457671745
0.000226464523321
0.000226471270584
0.000226477914633
0.000226484456732
0.000226490898250
0.000226497240609
0.000226503485219
0.000226509633428
0.000226515686466
0.000226521645410
0.000226527511143
0.000226533284333
0.000226538965413
0.000226544554580
0.000226550051796
0.000226555456798
0.000226560769117
0.000226565988104
0.000226571112954
0.000226576142739
0.000226581076443
0.000226585912995
0.000226590651304
0.000226595290294
0.000226599828936
0.000226604266281
0.000226608601483
0.000226612833827
0.000226616962748
0.000226620987842
0.000226624908876
0.000226628725788
0.000226632438686
0.000226636047832
0.000226639553629
0.000226642956601
0.000226646257365
0.000226649456608
0.000226652555058
0.000226655553454
0.000226658452522
0.000226661252952
0.000226663955373
0.000226666560337
0.000226669068305
0.000226671479632
0.000226673794560
0.000226676013216
0.000226678135606
0.000226680161618
0.000226682091027
0.000226683923500
0.000226685658612
0.000226687295856
0.000226688834659
0.000226690274406
0.000226691614461
0.000226692854184
0.000226693992961
0.000226695030224
0.000226695965467
0.000226696798267
0.000226697528298
0.000226698155332
0.000226698679251
0.000226699100040
0.000226699417786
0.000226699632664
0.000226699744928
0.000226699754895
0.000226699662931
0.000226699469433
0.000226699174816
0.000226698779494
0.000226698283869
0.000226697688318
0.000226696993180
0.000226696198747
0.000226695305259
0.000226694312894
0.000226693221766
0.000226692031925
0.000226690743356
0.000226689355985
0.000226687869687
0.000226686284293
0.000226684599600
0.000226682815390
0.000226680931436
0.000226678947518
0.000226676863436
0.000226674679016
0.000226672394116
0.000226670008633
0.000226667522494
0.000226664935661
0.000226662248118
0.000226659459863
0.000226656570901
0.000226653581229
0.000226650490834
0.000226647299681
0.000226644007712
0.000226640614840
0.000226637120958
0.000226633525937
0.000226629829635
0.000226626031908
0.000226622132617
0.000226618131643
0.000226614028894
0.000226609824323
0.000226605517933
0.000226601109790
0.000226596600027
0.000226591988858
0.000226587276572
0.000226582463539
0.000226577550203
0.000226572537075
0.000226567424720
0.000226562213740
0.000226556904751
0.000226551498359
0.000226545995128
0.000226540395554
0.000226534700031
0.000226528908827
0.000226523022056
0.000226517039663
0.000226510961411
0.000226504786877
0.000226498515464
0.000226492146413
0.000226485678829
0.000226479111715
0.000226472444016
0.000226465674658
0.000226458802604
0.000226451826896
0.000226444746713
0.000226437561406
0.000226430270546
0.000226422873951
0.000226415371713
0.000226407764211
0.000226400052110
0.000226392236357
0.000226384318155
0.000226376298932
0.000226368180294
0.000226359963969
0.000226351651745
0.000226343245398
0.000226334746615
0.000226326156925
0.000226317477621
0.000226308709698
0.000226299853799
0.000226290910170
0.000226281878636
0.000226272758593
0.000226263549024
0.000226254248523
0.000226244855352
0.000226235367505
0.000226225782790
0.000226216098920
0.000226206313616
0.000226196424706
0.000226186430225
0.000226176328514
0.000226166118301
0.000226155798771
0.000226145369622
0.000226134831100
0.000226124184004
0.000226113429683
0.000226102569999
0.000226091607267
0.000226080544184
0.000226069383726
0.000226058129037
0.000226046783311
0.000226035349653
0.000226023830958
0.000226012229778
0.000226000548210
0.000225988787797
0.000225976949448
0.000225965033391
0.000225953039143
0.000225940965524
0.000225928810695
0.000225916572222
0.000225904247180
0.000225891832267
0.000225879323950
0.000225866718612
0.000225854012716
0.000225841202959
0.000225828286429
0.000225815260739
0.000225802124151
0.000225788875662
0.000225775515074
0.000225762043025
0.000225748460986
0.000225734771225
0.000225720976734
0.000225707081124
0.000225693088498
0.000225679003292
0.000225664830099
0.000225650573489
0.000225636237821
0.000225621827057
0.000225607344596
0.000225592793121
0.000225578174485
0.000225563489618
0.000225548738484
0.000225533920068
0.000225519032422
0.000225504072732
0.000225489037443
0.000225473922405
0.000225458723052
0.000225443434602
0.000225428052265
0.000225412571458
0.000225396988013
0.000225381298363
0.000225365499718
0.000225349590193
0.000225333568920
0.000225317436097
0.000225301193010
0.000225284842000
0.000225268386391
0.000225251830368
0.000225235178828
0.000225218437191
0.000225201611184
0.000225184706618
0.000225167729152
0.000225150684059
0.000225133576008
0.000225116408870
0.000225099185557
0.000225081907893
0.000225064576540
0.000225047190968
0.000225029749481
0.000225012249289
0.000224994686630
0.000224977056939
0.000224959355044
0.000224941575399
0.000224923712327
0.000224905760277
0.000224887714067
