0.000266371288417
0.000266425262343
0.000266478907517
0.000266532224378
0.000266585212568
0.000266637870959
0.000266690197698
0.000266742190301
0.000266793845766
0.000266845160715
0.000266896131551
0.000266946754627
0.000266997026423
0.000267046943706
0.000267096503690
0.000267145704166
0.000267194543614
0.000267243021279
0.000267291137210
0.000267338892271
0.000267386288106
0.000267433327076
0.000267480012163
0.000267526346843
0.000267572334942
0.000267617980481
0.000267663287505
0.000267708259923
0.000267752901348
0.000267797214956
0.000267841203365
0.000267884868543
0.000267928211739
0.000267971233460
0.000268013933467
0.000268056310818
0.000268098363936
0.000268140090713
0.000268181488628
0.000268222554898
0.000268263286628
0.000268303680978
0.000268343735315
0.000268383447372
0.000268422815369
0.000268461838133
0.000268500515172
0.000268538846730
0.000268576833802
0.000268614478115
0.000268651782079
0.000268688748706
0.000268725381501
0.000268761684338
0.000268797661314
0.000268833316595
0.000268868654270
0.000268903678195
0.000268938391866
0.000268972798293
0.000269006899910
0.000269040698507
0.000269074195189
0.000269107390374
0.000269140283816
0.000269172874664
0.000269205161543
0.000269237142665
0.000269268815959
0.000269300179206
0.000269331230189
0.000269361966841
0.000269392387379
0.000269422490432
0.000269452275147
0.000269481741263
0.000269510889169
0.000269539719920
0.000269568235233
0.000269596437441
0.000269624329430
0.000269651914546
0.000269679196482
0.000269706179153
0.000269732866560
0.000269759262657
0.000269785371213
0.000269811195692
0.000269836739144
0.000269862004115
0.000269886992588
0.000269911705939
0.000269936144931
0.000269960309734
0.000269984199969
0.000270007814782
0.000270031152937
0.000270054212927
0.000270076993098
0.000270099491774
0.000270121707392
0.000270143638619
0.000270165284463
0.000270186644363
0.000270207718263
0.000270228506657
0.000270249010604
0.000270269231725
0.000270289172166
0.000270308834539
0.000270328221848
0.000270347337386
0.000270366184633
0.000270384767137
0.000270403088400
0.000270421151760
0.000270438960293
0.000270456516719
0.000270473823326
0.000270490881923
0.000270507693804
0.000270524259748
0.000270540580033
0.000270556654479
0.000270572482517
0.000270588063259
0.000270603395603
0.000270618478331
0.000270633310219
0.000270647890143
0.000270662217176
0.000270676290679
0.000270690110369
0.000270703676377
0.000270716989273
0.000270730050080
0.000270742860261
0.000270755421680
0.000270767736556
0.000270779807390
0.000270791636883
0.000270803227849
0.000270814583120
0.000270825705456
0.000270836597451
0.000270847261463
0.000270857699539
0.000270867913367
0.000270877904244
0.000270887673060
0.000270897220301
0.000270906546077
0.000270915650160
0.000270924532043
0.000270933191013
0.000270941626223
0.000270949836779
0.000270957821824
0.000270965580618
0.000270973112603
0.000270980417471
0.000270987495204
0.000270994346101
0.000271000970795
0.000271007370240
0.000271013545691
0.000271019498664
0.000271025230887
0.000271030744237
0.000271036040673
0.000271041122169
0.000271045990639
0.000271050647877
0.000271055095494
0.000271059334874
0.000271063367130
0.000271067193091
0.000271070813283
0.000271074227943
0.000271077437034
0.000271080440283
0.000271083237224
0.000271085827249
0.000271088209675
0.000271090383800
0.000271092348964
0.000271094104612
0.000271095650336
0.000271096985919
0.000271098111361
0.000271099026893
0.000271099732974
0.000271100230281
0.000271100519679
0.000271100602187
0.000271100478930
0.000271100151089
0.000271099619849
0.000271098886341
0.000271097951599
0.000271096816508
0.000271095481774
0.000271093947892
0.000271092215136
0.000271090283549
0.000271088152954
0.000271085822974
0.000271083293059
0.000271080562524
0.000271077630598
0.000271074496470
0.000271071159338
0.000271067618464
0.000271063873218
0.000271059923113
0.000271055767840
0.000271051407283
0.000271046841527
0.000271042070851
0.000271037095709
0.000271031916701
0.000271026534533
0.000271020949969
0.000271015163782
0.000271009176700
0.000271002989353
0.000270996602233
0.000270990015646
0.000270983229688
0.000270976244223
0.000270969058874
0.000270961673032
0.000270954085868
0.000270946296363
0.000270938303344
0.000270930105531
0.000270921701591
0.000270913090186
0.000270904270037
0.000270895239970
0.000270885998966
0.000270876546204
0.000270866881087
0.000270857003258
0.000270846912610
0.000270836609268
0.000270826093573
0.000270815366038
0.000270804427304
0.000270793278081
0.000270781919089
0.000270770350992
0.000270758574335
0.000270746589487
0.000270734396590
0.000270721995519
0.000270709385860
0.000270696566893
0.000270683537596
0.000270670296664
0.000270656842539
0.000270643173456
0.000270629287496
0.000270615182646
0.000270600856873
0.000270586308186
0.000270571534706
0.000270556534732
0.000270541306789
0.000270525849679
0.000270510162504
0.000270494244689
0.000270478095974
0.000270461716402
0.000270445106282
0.000270428266143
0.000270411196672
0.000270393898645
0.000270376372851
0.000270358620012
0.000270340640712
0.000270322435322
0.000270304003945
0.000270285346363
0.000270266462011
0.000270247349956
0.000270228008905
0.000270208437217
0.000270188632948
0.000270168593893
0.000270148317655
0.000270127801715
0.000270107043509
0.000270086040509
0.000270064790303
0.000270043290669
0.000270021539639
0.000269999535555
0.000269977277105
0.000269954763350
0.000269931993727
0.000269908968036
0.000269885686409
0.000269862149262
0.000269838357235
0.000269814311116
0.000269790011758
0.000269765460000
0.000269740656576
0.000269715602038
0.000269690296684
0.000269664740501
0.000269638933117
0.000269612873777
0.000269586561337
0.000269559994269
0.000269533170691
0.000269506088414
0.000269478744996
0.000269451137815
0.000269423264146
0.000269395121243
0.000269366706423
0.000269338017148
0.000269309051094
0.000269279806221
0.000269250280822
0.000269220473558
0.000269190383477
0.000269160010019
0.000269129352996
0.000269098412557
0.000269067189142
0.000269035683412
0.000269003896183
0.000268971828341
0.000268939480757
0.000268906854212
0.000268873949312
0.000268840766428
0.000268807305632
0.000268773566666
0.000268739548908
0.000268705251368
0.000268670672700
0.000268635811220
0.000268600664954
0.000268565231686
0.000268529509025
0.000268493494472
0.000268457185499
0.000268420579622
0.000268383674478
0.000268346467891
0.000268308957930
0.000268271142967
0.000268233021701
0.000268194593190
0.000268155856851
0.000268116812450
0.000268077460080
0.000268037800121
0.000267997833184
0.000267957560056
0.000267916981631
0.000267876098834
0.000267834912559
0.000267793423593
0.000267751632560
0.000267709539868
0.000267667145667
0.000267624449819
0.000267581451887
0.000267538151128
0.000267494546506
0.000267450636717
0.000267406420224
0.000267361895298
0.000267317060074
0.000267271912607
0.000267226450931
0.000267180673121
0.000267134577355
0.000267088161965
0.000267041425490
0.000266994366718
0.000266946984712
0.000266899278835
0.000266851248755
0.000266802894441
0.000266754216148
0.000266705214390
0.000266655889900
0.000266606243587
0.000266556276487
0.000266505989708
0.000266455384371
0.000266404461563
0.000266353222278
0.000266301667377
0.000266249797545
