0.000173609902368
0.000173624120261
0.000173638309462
0.000173652459723
0.000173666561685
0.000173680607124
0.000173694589164
0.000173708502445
0.000173722343233
0.000173736109499
0.000173749800938
0.000173763418944
0.000173776966544
0.000173790448288
0.000173803870101
0.000173817239101
0.000173830563385
0.000173843851787
0.000173857113613
0.000173870358361
0.000173883595425
0.000173896833799
0.000173910081787
0.000173923346719
0.000173936634698
0.000173949950379
0.000173963296784
0.000173976675177
0.000173990084987
0.000174003523797
0.000174016987391
0.000174030469870
0.000174043963814
0.000174057460504
0.000174070950183
0.000174084422344
0.000174097866042
0.000174111270217
0.000174124624005
0.000174137917045
0.000174151139753
0.000174164283578
0.000174177341212
0.000174190306761
0.000174203175882
0.000174215945864
0.000174228615675
0.000174241185960
0.000174253659000
0.000174266038624
0.000174278330089
0.000174290539913
0.000174302675682
0.000174314745814
0.000174326759310
0.000174338725469
0.000174350653595
0.000174362552702
0.000174374431211
0.000174386296674
0.000174398155509
0.000174410012779
0.000174421872009
0.000174433735055
0.000174445602028
0.000174457471284
0.000174469339463
0.000174481201597
0.000174493051260
0.000174504880769
0.000174516681423
0.000174528443765
0.000174540157859
0.000174551813579
0.000174563400887
0.000174574910109
0.000174586332182
0.000174597658883
0.000174608883029
0.000174619998646
0.000174631001100
0.000174641887198
0.000174652655248
0.000174663305089
0.000174673838072
0.000174684257013
0.000174694566100
0.000174704770768
0.000174714877529
0.000174724893778
0.000174734827561
0.000174744687323
0.000174754481636
0.000174764218923
0.000174773907179
0.000174783553709
0.000174793164878
0.000174802745905
0.000174812300686
0.000174821831673
0.000174831339791
0.000174840824421
0.000174850283427
0.000174859713233
0.000174869108942
0.000174878464499
0.000174887772878
0.000174897026290
0.000174906216410
0.000174915334606
0.000174924372168
0.000174933320534
0.000174942171502
0.000174950917433
0.000174959551430
0.000174968067501
0.000174976460707
0.000174984727268
0.000174992864662
0.000175000871683
0.000175008748465
0.000175016496479
0.000175024118488
0.000175031618466
0.000175039001475
0.000175046273513
0.000175053441325
0.000175060512187
0.000175067493672
0.000175074393404
0.000175081218809
0.000175087976872
0.000175094673916
0.000175101315401
0.000175107905755
0.000175114448251
0.000175120944914
0.000175127396480
0.000175133802389
0.000175140160823
0.000175146468776
0.000175152722153
0.000175158915896
0.000175165044130
0.000175171100321
0.000175177077447
0.000175182968175
0.000175188765043
0.000175194460637
0.000175200047779
0.000175205519701
0.000175210870212
0.000175216093866
0.000175221186103
0.000175226143378
0.000175230963268
0.000175235644546
0.000175240187224
0.000175244592559
0.000175248863021
0.000175253002221
0.000175257014793
0.000175260906254
0.000175264682821
0.000175268351211
0.000175271918422
0.000175275391509
0.000175278777359
0.000175282082481
0.000175285312810
0.000175288473534
0.000175291568957
0.000175294602383
0.000175297576041
0.000175300491038
0.000175303347344
0.000175306143806
0.000175308878187
0.000175311547231
0.000175314146746
0.000175316671711
0.000175319116396
0.000175321474506
0.000175323739330
0.000175325903914
0.000175327961241
0.000175329904415
0.000175331726859
0.000175333422503
0.000175334985968
0.000175336412735
0.000175337699296
0.000175338843268
0.000175339843486
0.000175340700040
0.000175341414284
0.000175341988794
0.000175342427287
0.000175342734495
0.000175342916012
0.000175342978111
0.000175342927539
0.000175342771306
0.000175342516468
0.000175342169916
0.000175341738174
0.000175341227222
0.000175340642330
0.000175339987923
0.000175339267472
0.000175338483407
0.000175337637060
0.000175336728633
0.000175335757191
0.000175334720689
0.000175333616010
0.000175332439048
0.000175331184801
0.000175329847504
0.000175328420777
0.000175326897804
0.000175325271526
0.000175323534854
0.000175321680889
0.000175319703140
0.000175317595744
0.000175315353661
0.000175312972850
0.000175310450412
0.000175307784691
0.000175304975339
0.000175302023324
0.000175298930901
0.000175295701532
0.000175292339767
0.000175288851094
0.000175285241751
0.000175281518535
0.000175277688580
0.000175273759149
0.000175269737416
0.000175265630265
0.000175261444099
0.000175257184671
0.000175252856931
0.000175248464900
0.000175244011567
0.000175239498811
0.000175234927351
0.000175230296725
0.000175225605298
0.000175220850303
0.000175216027913
0.000175211133344
0.000175206160997
0.000175201104620
0.000175195957508
0.000175190712712
0.000175185363275
0.000175179902464
0.000175174324008
0.000175168622316
0.000175162792680
0.000175156831441
0.000175150736124
0.000175144505521
0.000175138139734
0.000175131640166
0.000175125009467
0.000175118251438
0.000175111370895
0.000175104373506
0.000175097265600
0.000175090053970
0.000175082745660
0.000175075347757
0.000175067867187
0.000175060310526
0.000175052683819
0.000175044992426
0.000175037240882
0.000175029432781
0.000175021570692
0.000175013656088
0.000175005689317
0.000174997669592
0.000174989595020
0.000174981462663
0.000174973268628
0.000174965008194
0.000174956675968
0.000174948266070
0.000174939772336
0.000174931188540
0.000174922508620
0.000174913726905
0.000174904838321
0.000174895838588
0.000174886724379
0.000174877493439
0.000174868144673
0.000174858678177
0.000174849095227
0.000174839398231
0.000174829590626
0.000174819676759
0.000174809661725
0.000174799551196
0.000174789351234
0.000174779068101
0.000174768708070
0.000174758277246
0.000174747781402
0.000174737225823
0.000174726615175
0.000174715953396
0.000174705243598
0.000174694488008
0.000174683687913
0.000174672843650
0.000174661954606
0.000174651019253
0.000174640035211
0.000174628999339
0.000174617907850
0.000174606756451
0.000174595540513
0.000174584255244
0.000174572895884
0.000174561457893
0.000174549937141
0.000174538330073
0.000174526633864
0.000174514846533
0.000174502967025
0.000174490995256
0.000174478932113
0.000174466779418
0.000174454539851
0.000174442216844
0.000174429814448
0.000174417337187
0.000174404789890
0.000174392177536
0.000174379505091
0.000174366777360
0.000174353998856
0.000174341173680
0.000174328305426
0.000174315397105
0.000174302451087
0.000174289469068
0.000174276452048
0.000174263400336
0.000174250313569
0.000174237190751
0.000174224030307
0.000174210830160
0.000174197587823
0.000174184300504
0.000174170965234
0.000174157578994
0.000174144138857
0.000174130642129
0.000174117086480
0.000174103470069
0.000174089791646
0.000174076050629
0.000174062247154
0.000174048382090
0.000174034457017
0.000174020474178
0.000174006436391
0.000173992346943
0.000173978209457
0.000173964027758
0.000173949805721
0.000173935547135
0.000173921255570
0.000173906934266
0.000173892586039
0.000173878213210
0.000173863817565
0.000173849400335
0.000173834962192
0.000173820503282
0.000173806023252
0.000173791521316
0.000173776996309
0.000173762446768
0.000173747871005
0.000173733267201
0.000173718633487
0.000173703968043
0.000173689269191
0.000173674535484
0.000173659765805
0.000173644959441
0.000173630116167
0.000173615236295
0.000173600320724
