0.000180088532048
0.000180109668954
0.000180130752925
0.000180151775012
0.000180172726858
0.000180193600927
0.000180214390705
0.000180235090878
0.000180255697462
0.000180276207900
0.000180296621110
0.000180316937484
0.000180337158848
0.000180357288367
0.000180377330421
0.000180397290437
0.000180417174698
0.000180436990130
0.000180456744070
0.000180476444032
0.000180496097472
0.000180515711557
0.000180535292949
0.000180554847604
0.000180574380592
0.000180593895949
0.000180613396544
0.000180632883990
0.000180652358578
0.000180671819254
0.000180691263622
0.000180710687989
0.000180730087447
0.000180749455983
0.000180768786626
0.000180788071627
0.000180807302654
0.000180826471016
0.000180845567898
0.000180864584594
0.000180883512752
0.000180902344595
0.000180921073130
0.000180939692336
0.000180958197307
0.000180976584377
0.000180994851183
0.000181012996706
0.000181031021260
0.000181048926439
0.000181066715033
0.000181084390911
0.000181101958868
0.000181119424460
0.000181136793817
0.000181154073450
0.000181171270042
0.000181188390259
0.000181205440543
0.000181222426933
0.000181239354885
0.000181256229120
0.000181273053477
0.000181289830805
0.000181306562864
0.000181323250266
0.000181339892439
0.000181356487623
0.000181373032902
0.000181389524264
0.000181405956702
0.000181422324331
0.000181438620547
0.000181454838202
0.000181470969791
0.000181487007660
0.000181502944214
0.000181518772116
0.000181534484486
0.000181550075072
0.000181565538409
0.000181580869940
0.000181596066117
0.000181611124459
0.000181626043585
0.000181640823212
0.000181655464123
0.000181669968107
0.000181684337876
0.000181698576962
0.000181712689597
0.000181726680578
0.000181740555124
0.000181754318729
0.000181767977006
0.000181781535531
0.000181794999695
0.000181808374548
0.000181821664664
0.000181834874004
0.000181848005801
0.000181861062462
0.000181874045480
0.000181886955387
0.000181899791716
0.000181912553003
0.000181925236815
0.000181937839802
0.000181950357785
0.000181962785864
0.000181975118545
0.000181987349889
0.000181999473671
0.000182011483538
0.000182023373177
0.000182035136471
0.000182046767642
0.000182058261390
0.000182069613002
0.000182080818451
0.000182091874470
0.000182102778608
0.000182113529266
0.000182124125708
0.000182134568062
0.000182144857299
0.000182154995197
0.000182164984285
0.000182174827783
0.000182184529512
0.000182194093806
0.000182203525396
0.000182212829297
0.000182222010670
0.000182231074686
0.000182240026385
0.000182248870530
0.000182257611469
0.000182266252999
0.000182274798256
0.000182283249607
0.000182291608572
0.000182299875772
0.000182308050900
0.000182316132717
0.000182324119083
0.000182332007005
0.000182339792712
0.000182347471752
0.000182355039100
0.000182362489285
0.000182369816515
0.000182377014820
0.000182384078184
0.000182391000689
0.000182397776638
0.000182404400691
0.000182410867985
0.000182417174241
0.000182423315872
0.000182429290073
0.000182435094892
0.000182440729297
0.000182446193215
0.000182451487547
0.000182456614172
0.000182461575913
0.000182466376480
0.000182471020389
0.000182475512846
0.000182479859621
0.000182484066882
0.000182488141032
0.000182492088517
0.000182495915642
0.000182499628381
0.000182503232198
0.000182506731882
0.000182510131397
0.000182513433763
0.000182516640959
0.000182519753859
0.000182522772195
0.000182525694556
0.000182528518412
0.000182531240169
0.000182533855253
0.000182536358214
0.000182538742854
0.000182541002374
0.000182543129539
0.000182545116854
0.000182546956753
0.000182548641792
0.000182550164852
0.000182551519332
0.000182552699340
0.000182553699880
0.000182554517003
0.000182555147956
0.000182555591283
0.000182555846906
0.000182555916159
0.000182555801780
0.000182555507862
0.000182555039759
0.000182554403951
0.000182553607867
0.000182552659678
0.000182551568064
0.000182550341960
0.000182548990295
0.000182547521724
0.000182545944374
0.000182544265601
0.000182542491771
0.000182540628067
0.000182538678333
0.000182536644954
0.000182534528777
0.000182532329071
0.000182530043533
0.000182527668332
0.000182525198200
0.000182522626556
0.000182519945671
0.000182517146870
0.000182514220755
0.000182511157466
0.000182507946952
0.000182504579262
0.000182501044837
0.000182497334807
0.000182493441265
0.000182489357536
0.000182485078400
0.000182480600288
0.000182475921424
0.000182471041921
0.000182465963809
0.000182460691012
0.000182455229260
0.000182449585938
0.000182443769889
0.000182437791161
0.000182431660715
0.000182425390111
0.000182418991163
0.000182412475589
0.000182405854672
0.000182399138918
0.000182392337751
0.000182385459234
0.000182378509826
0.000182371494192
0.000182364415055
0.000182357273110
0.000182350066987
0.000182342793278
0.000182335446616
0.000182328019815
0.000182320504063
0.000182312889157
0.000182305163798
0.000182297315912
0.000182289333002
0.000182281202531
0.000182272912301
0.000182264450844
0.000182255807787
0.000182246974201
0.000182237942905
0.000182228708726
0.000182219268692
0.000182209622164
0.000182199770891
0.000182189718994
0.000182179472861
0.000182169040989
0.000182158433734
0.000182147663022
0.000182136741995
0.000182125684626
0.000182114505309
0.000182103218429
0.000182091837939
0.000182080376954
0.000182068847359
0.000182057259464
0.000182045621703
0.000182033940383
0.000182022219497
0.000182010460603
0.000181998662773
0.000181986822611
0.000181974934342
0.000181962989978
0.000181950979539
0.000181938891350
0.000181926712379
0.000181914428636
0.000181902025592
0.000181889488638
0.000181876803543
0.000181863956914
0.000181850936633
0.000181837732262
0.000181824335405
0.000181810739997
0.000181796942534
0.000181782942215
0.000181768740997
0.000181754343569
0.000181739757228
0.000181724991678
0.000181710058751
0.000181694972058
0.000181679746585
0.000181664398253
0.000181648943439
0.000181633398500
0.000181617779283
0.000181602100667
0.000181586376125
0.000181570617337
0.000181554833847
0.000181539032794
0.000181523218703
0.000181507393358
0.000181491555756
0.000181475702133
0.000181459826082
0.000181443918745
0.000181427969081
0.000181411964201
0.000181395889767
0.000181379730437
0.000181363470346
0.000181347093613
0.000181330584852
0.000181313929675
0.000181297115167
0.000181280130318
0.000181262966405
0.000181245617287
0.000181228079637
0.000181210353068
0.000181192440173
0.000181174346467
0.000181156080233
0.000181137652280
0.000181119075624
0.000181100365101
0.000181081536915
0.000181062608164
0.000181043596324
0.000181024518739
0.000181005392107
0.000180986231999
0.000180967052406
0.000180947865343
0.000180928680510
0.000180909505015
0.000180890343190
0.000180871196471
0.000180852063376
0.000180832939562
0.000180813817969
0.000180794689049
0.000180775541067
0.000180756360475
0.000180737132340
0.000180717840825
0.000180698469694
0.000180679002843
0.000180659424824
0.000180639721354
0.000180619879791
0.000180599889561
0.000180579742510
0.000180559433194
0.000180538959064
0.000180518320572
0.000180497521165
0.000180476567199
0.000180455467738
0.000180434234291
0.000180412880456
0.000180391421509
0.000180369873941
0.000180348254969
0.000180326582020
0.000180304872222
0.000180283141908
0.000180261406143
0.000180239678306
0.000180217969712
0.000180196289307
0.000180174643429
0.000180153035651
0.000180131466704
