0.002770473337540
0.002775266836611
0.002779062754867
0.002781614760820
0.002782712327609
0.002782189861061
0.002779934144408
0.002775889705384
0.002770061779252
0.002762516624950
0.002753379048472
0.002742827094456
0.002731083980092
0.002718407460768
0.002705076929962
0.002691378662435
0.002677589705455
0.002663961003510
0.002650700404157
0.002637956233186
0.002625802143813
0.002614223935514
0.002603109002698
0.002592239011933
0.002581286320023
0.002569814536044
0.002557283501484
0.002543058817718
0.002526425893720
0.002506608324233
0.002482790245063
0.002454142153466
0.002419849533372
0.002379143493085
0.002331332512149
0.002275834308936
0.002212206785012
0.002140176979386
0.002059666977349
0.001970815765478
0.001873996106278
0.001769825621228
0.001659171417069
0.001543147763145
0.001423106522784
0.001300620253338
0.001177458111285
0.001055554923917
0.000936974010403
0.000823864545357
0.000718414450343
0.000622799966609
0.000539133199689
0.000469409028407
0.000415452833118
0.000378870517960
0.000361002277844
0.000362881492724
0.000385200020515
0.000428281008549
0.000492060155398
0.000576076135545
0.000679470654766
0.000800998341319
0.000939046404805
0.001091663719030
0.001256598715604
0.001431345219681
0.001613195125965
0.001799296609160
0.001986716394904
0.002172504490218
0.002353759690798
0.002527694148902
0.002691695301387
0.002843383522539
0.002980663978915
0.003101771320409
0.003205306038558
0.003290261553947
0.003356041352695
0.003402465769583
0.003429768304352
0.003438581649162
0.003429913890711
0.003405115621380
0.003365838942019
0.003313989557284
0.003251673346410
0.003181138932629
0.003104717869270
0.003024764107337
0.002943594406978
0.002863431304295
0.002786350147333
0.002714231574197
0.002648720626913
0.002591193482510
0.002542732544940
0.002504110385163
0.002475782750210
