0.002935015858191
0.002933025851384
0.002931309941623
0.002929988205445
0.002929154726611
0.002928870641645
0.002929159409066
0.002930004660605
0.002931350815748
0.002933106449534
0.002935150210932
0.002937338908682
0.002939517225989
0.002941528405877
0.002943225174097
0.002944480141741
0.002945194957448
0.002945307557756
0.002944796988845
0.002943685435418
0.002942037281833
0.002939955234122
0.002937573735105
0.002935050094583
0.002932553919210
0.002930255550677
0.002928314297450
0.002926867268624
0.002926019586509
0.002925836668858
0.002926339137639
0.002927500737584
0.002929249445883
0.002931471737942
0.002934019757614
0.002936720938664
0.002939389451187
0.002941838714529
0.002943894136255
0.002945405211029
0.002946256146284
0.002946374271566
0.002945735630029
0.002944367334564
0.002942346485618
0.002939795678483
0.002936875359472
0.002933773507175
0.002930693302081
0.002927839592427
0.002925405055750
0.002923556987728
0.002922425619479
0.002922094772983
0.002922595517106
0.002923903293155
0.002925938751327
0.002928572292858
0.002931632063348
0.002934914907366
0.002938199588949
0.002941261421134
0.002943887341565
0.002945890428179
0.002947122872808
0.002947486520287
0.002946940231343
0.002945503529720
0.002943256234952
0.002940334046302
0.002936920313405
0.002933234487095
0.002929517972626
0.002926018291177
0.002922972581612
0.002920591533595
0.002919044830677
0.002918449097550
0.002918859194140
0.002920263489405
0.002922583493001
0.002925677939301
0.002929351124211
0.002933365009884
0.002937454354927
0.002941343915335
0.002944766608886
0.002947481454045
0.002949290089941
0.002950050758256
0.002949688777124
0.002948202752735
0.002945666043206
0.002942223294413
0.002938082189605
0.002933500872707
0.002928771798397
0.002924203010686
0.002920098038766
0.002916735711118
0.002914351217567
0.002913119691036
0.002913143438288
0.002914443729982
0.002916957777808
0.002920541197647
0.002924975903302
0.002929983018026
0.002935240054026
0.002940401315787
0.002945120251299
0.002949072322396
0.002951976902854
0.002953616746377
0.002953853695908
0.002952639524127
0.002950021090258
0.002946139352653
0.002941222168303
0.002935571214711
0.002929543760682
0.002923530364674
0.002917929869054
0.002913123265647
0.002909448117333
0.002907175222830
0.002906489104834
0.002907473689737
0.002910104241603
0.002914246231549
0.002919661388939
0.002926020719724
0.002932923818858
0.002939923377560
0.002946553420544
0.002952359528075
0.002956929123034
0.002959919847898
0.002961084127281
0.002960288207060
0.002957524271899
0.002952914652305
0.002946707616557
0.002939264773041
0.002931040651978
0.002922555557933
0.002914363251726
0.002907015401117
0.002901025006976
0.002896831145105
0.002894767350927
0.002895035811139
0.002897689218723
0.002902621710494
0.002909569762913
0.002918123303376
0.002927746637088
0.002937808134231
0.002947617009988
0.002956465001164
0.002963670334207
0.002968621120489
0.002970815227932
0.002969893775562
0.002965665680828
0.002958121148482
0.002947432603370
0.002933942306536
0.002918136714370
0.002900608497956
0.002882007983425
0.002862986552647
0.002844135206875
0.002825921999287
0.002808632348326
0.002792316325276
0.002776746851447
0.002761392341009
0.002745406696978
0.002727638735952
0.002706662120366
0.002680825764593
0.002648323510920
0.002607280706465
0.002555854217754
0.002492341459606
0.002415293247921
0.002323624761795
0.002216718657776
0.002094514442347
0.001957578586632
0.001807150551834
0.001645160860230
0.001474218554168
0.001297566779686
0.001119006746041
0.000942791873125
0.000773495466714
0.000615856677456
0.000474610728094
0.000354310367040
0.000259146169279
0.000192773616261
0.000158154821179
0.000157422319345
0.000191771529456
0.000261387343285
0.000365408869159
0.000501934704108
0.000668069318222
0.000860009288134
0.001073166304043
0.001302322184916
0.001541809652772
0.001785711413032
0.002028069224116
0.002263094159539
0.002485369194577
0.002690035591819
0.002872955299708
0.003030842679880
0.003161360289288
0.003263175092721
0.003335973290155
0.003380433822927
0.003398162481996
0.003391590290550
0.003363841388413
0.003318576933516
0.003259822496791
0.003191787018522
0.003118681592775
0.003044546148209
0.002973091514522
0.002907563438858
0.002850633897745
0.002804323603107
0.002769958002048
0.002748157401889
0.002738860198933
0.002741376633831
0.002754469113840
0.002776453997700
0.002805318884107
0.002838848915178
0.002874755419943
0.002910800379585
0.002944910677923
0.002975276873065
0.003000432240620
0.003019309035240
0.003031270227584
0.003036116325858
0.003034068212542
0.003025728148993
0.003012022161956
0.002994127875392
0.002973392450278
0.002951245620517
0.002929112856588
0.002908333457453
0.002890087887658
0.002875337975562
0.002864782716303
0.002858831433395
0.002857595004512
0.002860894810245
0.002868288077627
0.002879107416041
0.002892511626860
0.002907544344568
0.002923196759180
0.002938470587308
0.002952437599353
0.002964292357265
0.002973395344221
0.002979304338183
0.002981792652037
0.002980853686135
0.002976692065166
0.002969702412226
0.002960437504991
0.002949568124271
0.002937837315197
0.002926012016726
0.002914835067677
0.002904980469999
0.002897014495393
0.002891364782479
0.002888299018846
0.002887914171821
0.002890136563579
0.002894732421166
0.002901327909841
0.002909437114762
0.002918496001775
0.002927900085790
0.002937043379403
0.002945356190271
0.002952339479239
0.002957593769648
0.002960840990984
0.002961938120255
0.002960882020544
0.002957805434209
0.002952964633483
0.002946719730985
0.002939509077509
0.002931819500476
0.002924154346071
0.002917001371556
0.002910802489533
0.002905927198897
0.002902651261232
0.002901141815971
0.002901449697449
0.002903509250125
0.002907145464282
0.002912087802995
0.002917989689373
0.002924452294822
0.002931051032921
0.002937363032136
0.002942993839686
0.002947601697434
0.002950917920681
0.002952762188271
0.002953051898250
0.002951805134519
0.002949137201100
0.002945251085698
0.002940422588104
0.002934981168833
0.002929287820335
0.002923711423227
0.002918605114901
0.002914284165408
0.002911006729674
0.002908958635545
0.002908243088680
0.002908875846749
0.002910786058366
0.002913822599659
0.002917765396366
0.002922340913248
0.002927240743944
0.002932142057984
0.002936728567172
0.002940710665636
0.002943843475336
0.002945941685445
0.002946890298393
0.002946650672108
0.002945261558730
0.002942835164381
0.002939548571798
0.002935631157575
0.002931348880549
0.002926986502662
0.002922828917554
0.002919142799275
0.002916159742484
0.002914061950397
0.002912971345952
0.002912942747769
0.002913961481296
0.002915945504948
0.002918751839907
0.002922186819255
0.002926019434416
0.002929996869210
0.002933861185447
0.002937366066106
0.002940292535471
0.002942462658214
0.002943750365067
0.002944088751039
0.002943473429721
0.002941961788136
0.002939668253735
0.002936755941242
0.002933425275677
0.002929900374759
0.002926414107419
0.002923192817558
0.002920441709477
0.002918331834137
0.002916989498019
0.002916488747330
0.002916847371243
0.002918026632845
0.002919934691082
0.002922433437285
0.002925348251378
0.002928479999442
0.002931618457508
0.002934556264549
0.002937102485268
0.002939094901177
0.002940410243372
0.002940971725523
