0.002911140362341
0.002910885660889
0.002911185617791
0.002912025793723
0.002913355859654
0.002915092455159
0.002917124264728
0.002919319001885
0.002921531861783
0.002923614901447
0.002925426739997
0.002926841943664
0.002927759474413
0.002928109635938
0.002927859043486
0.002927013268642
0.002925616959059
0.002923751396499
0.002921529624037
0.002919089433884
0.002916584650432
0.002914175259362
0.002912017015079
0.002910251199749
0.002908995204682
0.002908334558598
0.002908316939828
0.002908948586242
0.002910193365104
0.002911974594873
0.002914179532979
0.002916666269249
0.002919272605392
0.002921826367109
0.002924156496051
0.002926104210637
0.002927533512028
0.002928340345452
0.002928459806048
0.002927870897712
0.002926598505863
0.002924712421140
0.002922323439606
0.002919576754237
0.002916643029903
0.002913707708382
0.002910959210823
0.002908576784505
0.002906718772987
0.002905512071372
0.002905043461824
0.002905353412498
0.002906432772187
0.002908222612650
0.002910617271754
0.002913470445914
0.002916603982773
0.002919818847377
0.002922907588842
0.002925667529415
0.002927913841135
0.002929491671136
0.002930286526036
0.002930232226256
0.002929315886794
0.002927579563271
0.002925118409777
0.002922075415367
0.002918633005101
0.002915001995356
0.002911408568678
0.002908080069074
0.002905230505321
0.002903046681367
0.002901675846528
0.002901215674756
0.002901707246315
0.002903131524601
0.002905409606385
0.002908406788494
0.002911940252487
0.002915789936410
0.002919711953919
0.002923453749660
0.002926770056955
0.002929438658203
0.002931274944825
0.002932144333356
0.002931971714460
0.002930747285810
0.002928528337523
0.002925436807475
0.002921652687903
0.002917403628143
0.002912951324360
0.002908575500204
0.002904556448316
0.002901157210540
0.002898606516676
0.002897083573941
0.002896705702579
0.002897519652040
0.002899497215922
0.002902535504884
0.002906461950477
0.002911043816793
0.002916001709103
0.002921026307674
0.002925797337188
0.002930003622295
0.002933362988720
0.002935640754020
0.002936665615060
0.002936341877966
0.002934657183786
0.002931685147533
0.002927582634679
0.002922581729021
0.002916976779385
0.002911107228990
0.002905337210699
0.002900033115478
0.002895540495301
0.002892161734235
0.002890135906427
0.002889622136028
0.002890687586318
0.002893300943041
0.002897331934879
0.002902557070479
0.002908671388121
0.002915305634115
0.002922047932864
0.002928468707772
0.002934147377563
0.002938699203493
0.002941800610505
0.002943211355428
0.002942792067272
0.002940515931940
0.002936473623445
0.002930870978011
0.002924019343741
0.002916318991165
0.002908236411735
0.002900276734620
0.002892952831371
0.002886752930284
0.002882108709734
0.002879365870134
0.002878759091991
0.002880393074667
0.002884231026016
0.002890091553225
0.002897654412368
0.002906475035982
0.002916007205456
0.002925632701316
0.002934696282625
0.002942543947645
0.002948562139021
0.002952215399400
0.002953079972437
0.002950870985728
0.002945461144296
0.002936889294387
0.002925357767879
0.002911218059923
0.002894945092740
0.002877101038182
0.002858290369564
0.002839108447981
0.002820086480203
0.002801636079201
0.002783996885574
0.002767190748144
0.002750985803924
0.002734873441469
0.002718060587991
0.002699479051283
0.002677812803958
0.002651543159877
0.002619010807660
0.002578492685011
0.002528290752899
0.002466828912266
0.002392753645611
0.002305033502864
0.002203052317704
0.002086691058272
0.001956393494196
0.001813211395691
0.001658825752801
0.001495541483218
0.001326254243695
0.001154389221169
0.000983813096537
0.000818721683063
0.000663506978057
0.000522608467940
0.000400354435473
0.000300799684414
0.000227566482581
0.000183695603645
0.000171514109917
0.000192525967175
0.000247330737835
0.000335574494747
0.000455935782066
0.000606147980327
0.000783057876792
0.000982718670958
0.001200514132210
0.001431309243167
0.001669621474184
0.001909805898700
0.002146246721017
0.002373547479156
0.002586712221513
0.002781310336776
0.002953618424925
0.003100733600853
0.003220653874411
0.003312322693345
0.003375636301117
0.003411414177189
0.003421334417610
0.003407837405408
0.003374002444626
0.003323403129026
0.003259948037722
0.003187713860224
0.003110778232663
0.003033059411512
0.002958169433193
0.002889286635099
0.002829052387231
0.002779495656828
0.002741987662909
0.002717227441204
0.002705257702286
0.002705508995579
0.002716868953363
0.002737772338360
0.002766306802001
0.002800328711689
0.002837583143977
0.002875822171609
0.002912915886359
0.002946951173131
0.002976314048197
0.002999752349661
0.003016416667551
0.003025878565696
0.003028126317425
0.003023539493059
0.003012844744601
0.002997055984270
0.002977402810391
0.002955251469305
0.002932022840596
0.002909111892423
0.002887812784488
0.002869253319648
0.002854341793423
0.002843728503683
0.002837783306625
0.002836589689077
0.002839954921064
0.002847435004311
0.002858372385159
0.002871943790874
0.002887215104508
0.002903199933621
0.002918918460092
0.002933453279167
0.002945999232671
0.002955904692074
0.002962702321668
0.002966128015093
0.002966127410094
0.002962850105957
0.002956632395329
0.002947969939999
0.002937482336463
0.002925871906292
0.002913879290618
0.002902238518433
0.002891634154619
0.002882662924103
0.002875801869628
0.002871384655570
0.002869587107412
0.002870422508114
0.002873746592284
0.002879271620368
0.002886588409196
0.002895194769679
0.002904528479215
0.002914002711106
0.002923041764441
0.002931114986391
0.002937766948324
0.002942642214432
0.002945503407576
0.002946241708217
0.002944879391722
0.002941564488773
0.002936558114814
0.002930215431070
0.002922961548525
0.002915263948673
0.002907603157785
0.002900443467810
0.002894205446248
0.002889241825086
0.002885818116575
0.002884098987826
0.002884141057204
0.002885892376401
0.002889198457181
0.002893814315085
0.002899421656406
0.002905650048991
0.002912100707378
0.002918371399320
0.002924080949076
0.002928891872878
0.002932529828133
0.002934798779471
0.002935591067000
0.002934891886805
0.002932778040657
0.002929411159820
0.002925025935931
0.002919914181082
0.002914405772795
0.002908847704862
0.002903582553370
0.002898927675007
0.002895156383046
0.002892482201088
0.002891047085962
0.002890914252880
0.002892065944501
0.002894406179250
0.002897768211701
0.002901926157315
0.002906609991824
0.002911522945927
0.002916360189253
0.002920827640255
0.002924659752986
0.002927635215491
0.002929589641479
0.002930424536959
0.002930112063698
0.002928695386219
0.002926284662340
0.002923049001997
0.002919204959480
0.002915002326042
0.002910708141372
0.002906589935404
0.002902899241575
0.002899856388190
0.002897637479200
0.002896364326152
0.002896097899422
0.002896835641545
0.002898512742814
0.002901007234425
0.002904148522314
0.002907728779498
0.002911516448270
0.002915270985781
0.002918757923665
0.002921763307605
0.002924106635478
0.002925651518834
0.002926313444722
0.002926064203230
0.002924932758370
0.002923002562906
0.002920405537271
0.002917313135592
0.002913925095666
0.002910456604193
0.002907124695976
0.002904134741407
0.002901667858768
0.002899870018664
0.002898843492168
0.002898641139712
0.002899263854619
0.002900661275029
0.002902735673496
0.002905348737432
0.002908330777900
0.002911491759644
0.002914633440205
