0.002641875450123
0.002640796846598
0.002640932640957
0.002642298421932
0.002644863534575
0.002648551480019
0.002653242040385
0.002658775075445
0.002664955874698
0.002671561889045
0.002678350612468
0.002685068338096
0.002691459476564
0.002697276099123
0.002702287354587
0.002706288408598
0.002709108565988
0.002710618261975
0.002710734644809
0.002709425520018
0.002706711483113
0.002702666131426
0.002697414314549
0.002691128454081
0.002684023034611
0.002676347436366
0.002668377343339
0.002660405016483
0.002652728767703
0.002645642004984
0.002639422240761
0.002634320463491
0.002630551265929
0.002628284102802
0.002627636016007
0.002628666118130
0.002631372066528
0.002635688692331
0.002641488873825
0.002648586664291
0.002656742603285
0.002665671060385
0.002675049384448
0.002684528562159
0.002693745029688
0.002702333232791
0.002709938495669
0.002716229738667
0.002720911580507
0.002723735372522
0.002724508740206
0.002723103250565
0.002719459881055
0.002713592035569
0.002705585932773
0.002695598279581
0.002683851234826
0.002670624762186
0.002656246563990
0.002641079875603
0.002625509480559
0.002609926376726
0.002594711581054
0.002580219602796
0.002566762140804
0.002554592568619
0.002543891760959
0.002534755786948
0.002527185949743
0.002521081590178
0.002516235995577
0.002512335666105
0.002508963092582
0.002505603094668
0.002501652659746
0.002496434114195
0.002489211353304
0.002479208757138
0.002465632330341
0.002447692526865
0.002424628158503
0.002395730740751
0.002360368602436
0.002318010077714
0.002268245110657
0.002210804633617
0.002145577129967
0.002072621858292
0.001992178296836
0.001904671461563
0.001810712856034
0.001711096923281
0.001606792985964
0.001498932778004
0.001388793785326
0.001277778722198
0.001167391569979
0.001059210694150
0.000954859631017
0.000855976195541
0.000764180604860
0.000681043337346
0.000608053453969
0.000546588097479
0.000497883855928
0.000463010631523
0.000442848595043
0.000438068732030
0.000449117401816
0.000476205236440
0.000519300606446
0.000578127776753
0.000652169771242
0.000740675861692
0.000842673497883
0.000956984403204
0.001082244475997
0.001216927062836
0.001359369107370
0.001507799628269
0.001660369942886
0.001815185029835
0.001970335413719
0.002123928958408
0.002274121970962
0.002419149045567
0.002557351114667
0.002687201221508
0.002807327583233
0.002916533574905
0.003013814331005
0.003098369730420
0.003169613602335
0.003227179062323
0.003270919958993
0.003300908480643
0.003317429037388
0.003320968596265
0.003312203704083
0.003291984484596
0.003261315942404
0.003221336945425
0.003173297290442
0.003118533281987
0.003058442273405
0.002994456630359
0.002928017581235
0.002860549415865
0.002793434483910
0.002727989427104
0.002665443055736
0.002606916249282
0.002553404224483
0.002505761471712
0.002464689612633
0.002430728379575
0.002404249860347
0.002385456092196
0.002374380026150
0.002370889819079
0.002374696346584
0.002385363766353
0.002402322900301
0.002424887145798
0.002452270572957
0.002483607817573
0.002517975339136
0.002554413581476
0.002591949551138
0.002629619316343
0.002666489927962
0.002701680273870
0.002734380399347
0.002763868858809
0.002789527707658
0.002810854796574
0.002827473093259
0.002839136827020
0.002845734328070
0.002847287514297
0.002843948061376
0.002835990375407
0.002823801568564
0.002807868715187
0.002788763736336
0.002767126322873
0.002743645358824
0.002719039346517
0.002694036361439
0.002669354076989
0.002645680396767
0.002623655214587
0.002603853790343
0.002586772183974
0.002572815131164
0.002562286674697
0.002555383786518
0.002552193129640
0.002552691018733
0.002556746545992
0.002564127747590
