0.002627645995924
0.002614691030659
0.002599591366735
0.002582706392471
0.002564452374863
0.002545289648530
0.002525708034519
0.002506210894712
0.002487298277245
0.002469449645233
0.002453106703835
0.002438656848510
0.002426417749725
0.002416623566414
0.002409413242688
0.002404821290508
0.002402771396703
0.002403073117515
0.002405421839918
0.002409402098582
0.002414494243178
0.002420084355355
0.002425477220995
0.002429912073929
0.002432580744843
0.002432647775996
0.002429272000835
0.002421629039423
0.002408934127303
0.002390464678018
0.002365581978607
0.002333751433087
0.002294560800848
0.002247735924267
0.002193153501259
0.002130850532399
0.002061030156562
0.001984063681317
0.001900488712155
0.001811003385179
0.001716456808359
0.001617835914127
0.001516249018120
0.001412906462919
0.001309098799159
0.001206173017620
0.001105507393116
0.001008485532923
0.000916470238556
0.000830777789303
0.000752653239576
0.000683247290120
0.000623595246772
0.000574598521091
0.000537009056631
0.000511416985149
0.000498241730758
0.000497726689761
0.000509937521950
0.000534763998401
0.000571925263569
0.000620978288346
0.000681329217752
0.000752247254052
0.000832880664882
0.000922274467595
0.001019389316305
0.001123121107379
0.001232320822318
0.001345814143593
0.001462420408190
0.001580970504071
0.001700323364959
0.001819380776922
0.001937100274145
0.002052505968829
0.002164697229160
0.002272855187448
0.002376247125716
0.002474228846269
0.002566245188160
0.002651828895650
0.002730598080307
0.002802252543633
0.002866569241361
0.002923397173836
0.002972651979369
0.003014310489803
0.003048405480629
0.003075020813253
0.003094287125798
0.003106378182985
0.003111507946945
0.003109928381298
0.003101927952371
0.003087830745905
0.003067996076909
0.003042818435818
0.003012727587352
0.002978188620410
0.002939701738657
