0.002850938230436
0.002854652363572
0.002860108628899
0.002867026089302
0.002875022659302
0.002883632937482
0.002892331355693
0.002900559456610
0.002907755823816
0.002913386974334
0.002916977397094
0.002918136892777
0.002916583446321
0.002912160042926
0.002904844116112
0.002894748680820
0.002882114639429
0.002867294232874
0.002850726118599
0.002832903065137
0.002814333732098
0.002795500427196
0.002776815073394
0.002758575857373
0.002740927148097
0.002723825259421
0.002707012478300
0.002690001491794
0.002672071930509
0.002652280218900
0.002629483306016
0.002602376170979
0.002569542287379
0.002529515524072
0.002480851291993
0.002422204152296
0.002352408612869
0.002270559486380
0.002176087986280
0.002068829713575
0.001949080844756
0.001817639169587
0.001675827137534
0.001525494735701
0.001369000813891
0.001209172361368
0.001049242187241
0.000892766420373
0.000743524181723
0.000605402648426
0.000482271483241
0.000377851207921
0.000295580523199
0.000238487797626
0.000209071947413
0.000209197704464
0.000240009824625
0.000301870137825
0.000394320510445
0.000516073811073
0.000665033883813
0.000838344384135
0.001032465169918
0.001243273815074
0.001466188774143
0.001696309819473
0.001928570638460
0.002157897950135
0.002379371202373
0.002588376857606
0.002780751469685
0.002952908190168
0.003101942000813
0.003225709822592
0.003322882663649
0.003392968095747
0.003436302542450
0.003454014071080
0.003447957552536
0.003420625138160
0.003375035954991
0.003314609699996
0.003243029388113
0.003164098855560
0.003081600726191
0.002999160413179
0.002920121359831
0.002847436141244
0.002783577281313
0.002730470723694
0.002689453873296
0.002661259043358
0.002646022050900
0.002643314648514
0.002652198509062
0.002671297633056
0.002698885361223
0.002732981674022
0.002771456163607
0.002812131980344
0.002852886183772
