0.003034257083101
0.003027504935507
0.003021502397553
0.003016856822935
0.003014074489413
0.003013507238243
0.003015311202309
0.003019422075317
0.003025550016236
0.003033195571905
0.003041686077714
0.003050230027637
0.003057985067867
0.003064133735635
0.003067959989666
0.003068919080281
0.003066693459125
0.003061228250920
0.003052741265009
0.003041704519124
0.003028796637226
0.003014828082951
0.003000643788932
0.002987010119683
0.002974495049206
0.002963351757937
0.002953416413251
0.002944030605298
0.002933997742473
0.002921580714276
0.002904545418065
0.002880251495833
0.002845788063388
0.002798148596623
0.002734435742516
0.002652083914765
0.002549085357640
0.002424204112900
0.002277162137483
0.002108782753659
0.001921078647592
0.001717274663945
0.001501759494653
0.001279964785835
0.001058174895739
0.000843275208360
0.000642451215829
0.000462854219569
0.000311252197788
0.000193685937729
0.000115150803841
0.000079323463332
0.000088350564887
0.000142712900248
0.000241174187644
0.000380818582592
0.000557175673565
0.000764426409945
0.000995678489001
0.001243295524033
0.001499261105449
0.001755556861488
0.002004532954076
0.002239250145641
0.002453774588973
0.002643409679716
0.002804853446769
0.002936274754412
0.003037306724156
0.003108960908355
0.003153470521462
0.003174075147834
0.003174762537360
0.003159985180314
0.003134370209607
0.003102440787869
0.003068365561451
0.003035750147022
0.003007481171433
0.002985629376691
0.002971414025832
0.002965226609050
0.002966707947122
0.002974869482051
0.002988247043187
0.003005073825516
0.003023458786712
0.003041557155093
0.003057721162240
0.003070621326019
0.003079331413783
0.003083373376643
0.003082721811476
0.003077770627532
0.003069267339626
0.003058222588425
0.003045803959713
0.003033223858462
0.003021631073805
0.003012014795004
0.003005128310483
