0.002976300106416
0.002977161335317
0.002978208306050
0.002979419501809
0.002980754620229
0.002982157381932
0.002983560072724
0.002984889460490
0.002986073573714
0.002987048718544
0.002987766058308
0.002988197091023
0.002988337438227
0.002988208497246
0.002987856697552
0.002987350323445
0.002986774099424
0.002986221958930
0.002985788609282
0.002985560645988
0.002985608042625
0.002985976838927
0.002986683767376
0.002987713402706
0.002989018201983
0.002990521543879
0.002992123597878
0.002993709583050
0.002995159737529
0.002996360137345
0.002997213395396
0.002997648250428
0.002997627126078
0.002997150897430
0.002996260334750
0.002995033981688
0.002993582543131
0.002992040177750
0.002990553382776
0.002989268396417
0.002988318203603
0.002987810297103
0.002987816310313
0.002988364501130
0.002989435838297
0.002990964140962
0.002992840374157
0.002994920837619
0.002997038634809
0.002999017504656
0.003000686868215
0.003001896807892
0.003002531671889
0.003002521085333
0.003001847346581
0.003000548477363
0.002998716555075
0.002996491354834
0.002994049733966
0.002991591567478
0.002989323356905
0.002987440858636
0.002986112190632
0.002985462866805
0.002985564074945
0.002986425266248
0.002987991781292
0.002990147826324
0.002992724668497
0.002995513476346
0.002998281829578
0.003000792594616
0.003002823638033
0.003004186749403
0.003004744178666
0.003004421360122
0.003003214683940
0.003001193564554
0.002998496512864
0.002995321409146
0.002991910655971
0.002988532325418
0.002985458765972
0.002982944371511
0.002981204316522
0.002980396017649
0.002980604893165
0.002981835671990
0.002984010076392
0.002986971200469
0.002990494369412
0.002994303735306
0.002998093386629
0.003001551360214
0.003004384678852
0.003006343418398
0.003007241847116
0.003006974876653
0.003005528405275
0.003002982595042
0.002999507670736
0.002995352417399
0.002990826139334
0.002986275379653
0.002982057142585
0.002978510674059
0.002975930012493
0.002974539506029
0.002974474302984
0.002975767470600
0.002978344908187
0.002982028630213
0.002986548347346
0.002991560618519
0.002996674235950
0.003001479986249
0.003005582546676
0.003008632058716
0.003010352891789
0.003010567273939
0.003009211815030
0.003006345457973
0.003002148028552
0.002996909267987
0.002991008970900
0.002984889558232
0.002979023034777
0.002973874764449
0.002969866803118
0.002967343631118
0.002966543012908
0.002967574383723
0.002970406642425
0.002974866551647
0.002980648158738
0.002987332811614
0.002994418515171
0.003001356620022
0.003007593215231
0.003012612161139
0.003015976485268
0.003017364895676
0.003016600446210
0.003013668902373
0.003008725072476
0.003002086237854
0.002994212776749
0.002985677059062
0.002977122620008
0.002969216427859
0.002962597679874
0.002957826938529
0.002955339521202
0.002955406863719
0.002958109096289
0.002963321325530
0.002970715154911
0.002979775862203
0.002989834463693
0.003000112716819
0.003009778033285
0.003018004377569
0.003024034584682
0.003027239203893
0.003027166999143
0.003023582625486
0.003016487741795
0.003006122875215
0.002992948660572
0.002977606555900
0.002960860685833
0.002943523981077
0.002926373155899
0.002910058193185
0.002895012797673
0.002881372661214
0.002868908313263
0.002856978787807
0.002844511338611
0.002830011023005
0.002811602224999
0.002787102201160
0.002754124626896
0.002710209028600
0.002652970044633
0.002580258796929
0.002490327393624
0.002381986818461
0.002254748263937
0.002108938367648
0.001945779814088
0.001767430328499
0.001576975140563
0.001378370426446
0.001176337914299
0.000976213608150
0.000783756285889
0.000604923896338
0.000445628065850
0.000311478493821
0.000207529963982
0.000138044954839
0.000106284367865
0.000114337718494
0.000163002306691
0.000251718494832
0.000378565398578
0.000540318196441
0.000732565058609
0.000949878565999
0.001186033614125
0.001434261337358
0.001687526688328
0.001938816073406
0.002181420949078
0.002409203553301
0.002616831964291
0.002799973386832
0.002955436863646
0.003081259363490
0.003176732249666
0.003242368307596
0.003279812627475
0.003291703522343
0.003281492153189
0.003253231495840
0.003211346616829
0.003160398862919
0.003104856489068
0.003048883472047
0.002996156842332
0.002949720911939
0.002911884407469
0.002884163884113
0.002867274058772
0.002861163021970
0.002865087824808
0.002877723827677
0.002897299555917
0.002921747716795
0.002948862539017
0.002976453709937
0.003002487878529
0.003025209901455
0.003043237642598
0.003055626077299
0.003061898570044
0.003062045350256
0.003056491269199
0.003046036756450
0.003031777399734
0.003015008664637
0.002997122897316
0.002979505891922
0.002963439965397
0.002950019706257
0.002940085418592
0.002934177857086
0.002932516247962
0.002934999926612
0.002941232308083
0.002950564446864
0.002962154229129
0.002975036345691
0.002988197665540
0.003000652489941
0.003011512410718
0.003020046092748
0.003025725196326
0.003028253777751
0.003027579770910
0.003023888466727
0.003017579178452
0.003009227422296
0.002999535879940
0.002989278083526
0.002979239136644
0.002970157840243
0.002962674336870
0.002957286848125
0.002954320305640
0.002953908727495
0.002955992142246
0.002960327789266
0.002966514303974
0.002974026700770
0.002982259255405
0.002990572907486
0.002998343580722
0.003005007862013
0.003010102779855
0.003013296949279
0.003014411060278
0.003013426523264
0.003010481984692
0.003005858321582
0.002999953550680
0.002993249787846
0.002986274918523
0.002979561956873
0.002973609161471
0.002968843838460
0.002965592414190
0.002964058829473
0.002964312639735
0.002966287451875
0.002969789547043
0.002974515786825
0.002980079233419
0.002986040379343
0.002991941515837
0.002997341594553
0.003001848963158
0.003005149575846
0.003007028673766
0.003007384465125
0.003006232967419
0.003003703855641
0.003000027838609
0.002995516710134
0.002990537747028
0.002985484514596
0.002980746365882
0.002976678969930
0.002973578076326
0.002971658431610
0.002971039332709
0.002971737768647
0.002973669506550
0.002976657867670
0.002980449360115
0.002984734830579
0.002989174404420
0.002993424229724
0.002997162943307
0.003000115839515
0.003002074938494
0.003002913500203
0.003002593984636
0.003001168981084
0.002998775178481
0.002995620982453
0.002991968861986
0.002988113893805
0.002984360237718
0.002980997402852
0.002978278145433
0.002976399677620
0.002975489578540
0.002975597407705
0.002976692559299
0.002978668400459
0.002981352246668
0.002984520280793
0.002987916153140
0.002991271735830
0.002994328364603
0.002996856893918
0.002998675015297
0.002999660532422
0.002999759628554
0.002998989573851
0.002997435768656
0.002995243467753
0.002992604944620
0.002989743201557
0.002986893584892
0.002984284805619
0.002982120885447
0.002980565446535
0.002979729550359
0.002979663985768
0.002980356534252
0.002981734332581
0.002983671042456
0.002985998156669
0.002988519451518
0.002991027360636
0.002993319913548
0.002995216862166
0.002996573709870
0.002997292551752
0.002997328913480
0.002996694116286
0.002995453067947
0.002993717753640
0.002991637045563
0.002989383738576
0.002987139928086
0.002985081960217
0.002983366195148
0.002982116733163
0.002981416068724
0.002981299377370
0.002981752826469
0.002982715960434
0.002984087872887
0.002985736570258
0.002987510678695
0.002989252468993
0.002990811085931
