0.000042629991204
0.000042620380449
0.000042610988519
0.000042601815403
0.000042592861084
0.000042584125543
0.000042575608760
0.000042567310709
0.000042559231364
0.000042551370694
0.000042543728667
0.000042536305246
0.000042529100392
0.000042522114064
0.000042515346217
0.000042508796804
0.000042502465773
0.000042496353073
0.000042490458647
0.000042484782436
0.000042479324378
0.000042474084410
0.000042469062462
0.000042464258466
0.000042459672347
0.000042455304031
0.000042451153438
0.000042447220487
0.000042443505094
0.000042440007171
0.000042436726629
0.000042433663374
0.000042430817312
0.000042428188344
0.000042425776369
0.000042423581284
0.000042421602981
0.000042419841351
0.000042418296283
0.000042416967661
0.000042415855368
