0.002633215503964
0.002631680645369
0.002629679430349
0.002627266928116
0.002624511179651
0.002621491294089
0.002618295193183
0.002615017067642
0.002611754618439
0.002608606163360
0.002605667693919
0.002603029970157
0.002600775740638
0.002598977172126
0.002597693568108
0.002596969447516
0.002596833045048
0.002597295282564
0.002598349247506
0.002599970199567
0.002602116111300
0.002604728732491
0.002607735152383
0.002611049818681
0.002614576958217
0.002618213331501
0.002621851242701
0.002625381718047
0.002628697759649
0.002631697578391
0.002634287709070
0.002636385913313
0.002637923781048
0.002638848949205
0.002639126866797
0.002638742048158
0.002637698770729
0.002636021189729
0.002633752859167
0.002630955666121
0.002627708202849
0.002624103618287
0.002620247006525
0.002616252404382
0.002612239482706
0.002608330026246
0.002604644304417
0.002601297439863
0.002598395883139
0.002596034100097
0.002594291573612
0.002593230213272
0.002592892255748
0.002593298725083
0.002594448506397
0.002596318068999
0.002598861856071
0.002602013338523
0.002605686710844
0.002609779187385
0.002614173839120
0.002618742894020
0.002623351409349
0.002627861211836
0.002632134992262
0.002636040434796
0.002639454258644
0.002642266050427
0.002644381770125
0.002645726821388
0.002646248588326
0.002645918355245
0.002644732542834
0.002642713213557
0.002639907819960
0.002636388191574
0.002632248778627
0.002627604193027
0.002622586108493
0.002617339601673
0.002612019033882
0.002606783588257
0.002601792589163
0.002597200739130
0.002593153413248
0.002589782151503
0.002587200486016
0.002585500232502
0.002584748363725
0.002584984567523
0.002586219573511
0.002588434311335
0.002591579939931
0.002595578762233
0.002600326013989
0.002605692489355
0.002611527940740
0.002617665166401
0.002623924677617
0.002630119818219
0.002636062193728
0.002641567255621
0.002646459878900
0.002650579768315
0.002653786530583
0.002655964256682
0.002657025469714
0.002656914309648
0.002655608846143
0.002653122434043
0.002649504052441
0.002644837596781
0.002639240123371
0.002632859076259
0.002625868556670
0.002618464724272
0.002610860446639
0.002603279337464
0.002595949344717
0.002589096066326
0.002582935982497
0.002577669800131
0.002573476105613
0.002570505517416
0.002568875519509
0.002568666140688
0.002569916623987
0.002572623204796
0.002576738086794
0.002582169672167
0.002588784067560
0.002596407850865
0.002604832047201
0.002613817226411
0.002623099600010
0.002632397963923
0.002641421305355
0.002649876868710
0.002657478457345
0.002663954735704
0.002669057290563
0.002672568210955
0.002674306954025
0.002674136278473
0.002671967048162
0.002667761735410
0.002661536485908
0.002653361644233
0.002643360679736
0.002631707496056
0.002618622152545
0.002604365071248
0.002589229847586
0.002573534825218
0.002557613634576
0.002541804929084
0.002526441582096
0.002511839630162
0.002498287263624
0.002486034173172
0.002475281560520
0.002466173112494
0.002458787220827
0.002453130704886
0.002449134262030
0.002446649831039
0.002445450008852
0.002445229610863
0.002445609411465
0.002446142045667
0.002446319995952
0.002445585532476
0.002443342420761
0.002438969160636
0.002431833474703
0.002421307725321
0.002406784907173
0.002387694838811
0.002363520162002
0.002333811752659
0.002298203152050
0.002256423641766
0.002208309610494
0.002153813894413
0.002093012815388
0.002026110691108
0.001953441647732
0.001875468627172
0.001792779546386
0.001706080633317
0.001616187031874
0.001524010834727
0.001430546766178
0.001336855796236
0.001244047019793
0.001153258180045
0.001065635251892
0.000982311527869
0.000904386665554
0.000832906160798
0.000768841705314
0.000713072870180
0.000666370529024
0.000629382396656
0.000602621011526
0.000586454434829
0.000581099876586
0.000586620391157
0.000602924713079
0.000629770230552
0.000666769020262
0.000713396795209
0.000769004548794
0.000832832615133
0.000904026809201
0.000981656262193
0.001064732528833
0.001152229515147
0.001243103758144
0.001336314583467
0.001430843673453
0.001525713595993
0.001620004873774
0.001712871213040
0.001803552560029
0.001891385710404
0.001975812260871
0.002056383761132
0.002132763996551
0.002204728405602
0.002272160709375
0.002335046901333
0.002393466812177
0.002447583525535
0.002497630973511
0.002543900085680
0.002586723899616
0.002626462064706
0.002663485183172
0.002698159432597
0.002730831902865
0.002761817057512
0.002791384695770
0.002819749747823
0.002847064183299
0.002873411253030
0.002898802218340
0.002923175652214
0.002946399324595
0.002968274611581
0.002988543297446
0.003006896571050
0.003022985956089
0.003036435859517
0.003046857375750
0.003053862947221
0.003057081455545
0.003056173302643
0.003050845038135
0.003040863098248
0.003026066242209
0.003006376304089
0.002981806920518
0.002952469946554
0.002918579331870
0.002880452295855
0.002838507711392
0.002793261681170
0.002745320365518
0.002695370194808
0.002644165670677
0.002592515026653
0.002541264078559
0.002491278646645
0.002443425973466
0.002398555592831
0.002357480124941
0.002320956480419
0.002289667951180
0.002264207648962
0.002245063723254
0.002232606750040
0.002227079632166
0.002228590292492
0.002237107373840
0.002252459086749
0.002274335269041
0.002302292642105
0.002335763169767
0.002374065348395
0.002416418183720
0.002461957542416
0.002509754506558
0.002558835308254
0.002608202381208
0.002656856036881
0.002703816255936
0.002748144081276
0.002788962107334
0.002825473581077
0.002856979663079
0.002882894440988
0.002902757341823
0.002916242652340
0.002923165926634
0.002923487135476
0.002917310490702
0.002904880958304
0.002886577553730
0.002862903590269
0.002834474124369
0.002802000908495
0.002766275221029
0.002728148992341
0.002688514685228
0.002648284415629
0.002608368815071
0.002569656139527
0.002532992120076
0.002499161029395
0.002468868405177
0.002442725827986
0.002421238097983
0.002404793093755
0.002393654528731
0.002387957748137
0.002387708633942
0.002392785608684
0.002402944653423
0.002417827182134
0.002436970546529
0.002459820883200
0.002485747960605
0.002514061638143
0.002544029514330
0.002574895316786
0.002605897573833
0.002636288106222
0.002665349887720
0.002692413844749
0.002716874197141
0.002738201983619
0.002755956465565
0.002769794159683
0.002779475312789
0.002784867698485
0.002785947684216
0.002782798586325
0.002775606398547
0.002764653044087
0.002750307361551
0.002733014088898
0.002713281156114
0.002691665635242
0.002668758725013
0.002645170165852
0.002621512489261
0.002598385503363
0.002576361403933
0.002555970878006
0.002537690535881
0.002521931967843
0.002509032675492
0.002499249075382
0.002492751716179
0.002489622791292
0.002489855968511
0.002493358498068
0.002499955502465
0.002509396296633
0.002521362537132
0.002535477955145
0.002551319391220
0.002568428820804
0.002586326039294
0.002604521663954
0.002622530107825
0.002639882187584
0.002656137042864
0.002670893068291
0.002683797590711
0.002694555061774
0.002702933579183
0.002708769597208
0.002711970737316
0.002712516661426
0.002710458022180
0.002705913555183
0.002699065426162
0.002690152990229
0.002679465159682
0.002667331610187
0.002654113081933
0.002640191051723
0.002625957063775
0.002611802010848
0.002598105653322
0.002585226652267
0.002573493373753
0.002563195696273
0.002554578022025
