0.003005275119660
0.003005661483520
0.003006069433552
0.003006479155587
0.003006868934873
0.003007217454279
0.003007506193382
0.003007721662547
0.003007857209195
0.003007914166889
0.003007902179564
0.003007838617417
0.003007747099305
0.003007655238260
0.003007591820514
0.003007583703108
0.003007652761272
0.003007813227775
0.003008069739439
0.003008416342327
0.003008836612357
0.003009304931459
0.003009788833198
0.003010252209612
0.003010659066719
0.003010977442157
0.003011183063970
0.003011262340180
0.003011214324940
0.003011051404231
0.003010798573184
0.003010491325011
0.003010172322838
0.003009887163937
0.003009679655521
0.003009587089481
0.003009636021455
0.003009839023854
0.003010192795013
0.003010677875371
0.003011260059083
0.003011893412374
0.003012524636559
0.003013098362691
0.003013562852921
0.003013875523845
0.003014007707191
0.003013948124877
0.003013704673799
0.003013304280006
0.003012790775952
0.003012220958909
0.003011659182266
0.003011170993819
0.003010816448653
0.003010643775781
0.003010684060472
0.003010947518248
0.003011421789071
0.003012072484915
0.003012845999746
0.003013674360071
0.003014481680297
0.003015191612199
0.003015735060759
0.003016057392548
0.003016124394090
0.003015926344768
0.003015479742706
0.003014826446582
0.003014030250046
0.003013171163392
0.003012337913632
0.003011619364963
0.003011095686691
0.003010830141221
0.003010862324336
0.003011203566020
0.003011835003004
0.003012708582001
0.003013750969194
0.003014870054061
0.003015963472626
0.003016928362841
0.003017671425181
0.003018118309732
0.003018221394059
0.003017965151632
0.003017368527247
0.003016484014284
0.003015393442820
0.003014200807876
0.003013022762314
0.003011977640023
0.003011174037564
0.003010700048983
0.003010614210749
0.003010939073077
0.003011658081844
0.003012716152143
0.003014023968138
0.003015465686393
0.003016909385490
0.003018219325913
0.003019268888745
0.003019952970162
0.003020198631866
0.003019972945870
0.003019287214582
0.003018197073247
0.003016798362212
0.003015219056358
0.003013607920862
0.003012120889652
0.003010906403332
0.003010091072349
0.003009767034020
0.003009982245613
0.003010734708950
0.003011971275470
0.003013591264507
0.003015454679373
0.003017394366833
0.003019231077240
0.003020790082492
0.003021917827414
0.003022497046896
0.003022458883738
0.003021790784620
0.003020539314771
0.003018807485102
0.003016746688633
0.003014543850674
0.003012404862035
0.003010535742414
0.003009123234410
0.003008316630538
0.003008212572549
0.003008844335528
0.003010176735125
0.003012107305313
0.003014473828320
0.003017067708086
0.003019652117485
0.003021983370414
0.003023833619372
0.003025012793545
0.003025387693942
0.003024896356415
0.003023556168603
0.003021464754120
0.003018793272889
0.003015772475321
0.003012672528066
0.003009778237260
0.003007361772541
0.003005655292806
0.003004825958274
0.003004955667084
0.003006027482819
0.003007920147365
0.003010411346283
0.003013189572220
0.003015873588229
0.003018037704924
0.003019240429461
0.003019053588697
0.003017088826967
0.003013018464198
0.003006588082055
0.002997618867830
0.002985998645441
0.002971661594291
0.002954557814805
0.002934615046641
0.002911695879054
0.002885554613462
0.002855798458441
0.002821857889862
0.002782970752609
0.002738184005925
0.002686375946065
0.002626300335619
0.002556652217102
0.002476153403198
0.002383653848523
0.002278243457452
0.002159367506174
0.002026937878292
0.001881431832330
0.001723970104401
0.001556366829510
0.001381145027146
0.001201513184189
0.001021300682890
0.000844852330523
0.000676884889902
0.000522311109802
0.000386039130720
0.000272757122564
0.000186714446438
0.000131511405165
0.000109909681103
0.000123674828380
0.000173460714546
0.000258743669769
0.000377811422716
0.000527808843004
0.000704839261260
0.000904116905570
0.001120162986010
0.001347035372550
0.001578579815938
0.001808689387912
0.002031558351002
0.002241917040774
0.002435235530601
0.002607885773031
0.002757254446129
0.002881801711491
0.002981064318402
0.003055604756575
0.003106911258015
0.003137256181132
0.003149522508314
0.003147009721516
0.003133231105329
0.003111714531577
0.003085818025043
0.003058569968122
0.003032541789529
0.003009758550542
0.002991650167777
0.002979043281589
0.002972191179146
0.002970836881354
0.002974302646612
0.002981597839682
0.002991536425714
0.003002855297162
0.003014325198506
0.003024847111868
0.003033528501425
0.003039735654516
0.003043120355050
0.003043621127283
0.003041441149265
0.003037006525864
0.003030909828120
0.003023844578030
0.003016536651725
0.003009678393000
0.003003870612725
0.002999576668759
0.002997091570907
0.002996527648021
0.002997816868170
0.003000728533757
0.003004899886317
0.003009876235381
0.003015156632644
0.003020240877646
0.003024673765547
0.003028082943357
0.003030207474688
0.003030915151274
0.003030207644890
0.003028213673342
0.003025171367826
0.003021401894807
0.003017277037834
0.003013183837899
0.003009489503265
0.003006509633474
0.003004482383088
0.003003550564656
0.003003752918707
0.003005024932966
0.003007208748283
0.003010070917245
0.003013326146372
0.003016664703575
0.003019780940956
0.003022400381166
0.003024303035355
0.003025341035441
0.003025449230462
0.003024648061747
0.003023038733613
0.003020791373044
0.003018127465267
0.003015298313348
0.003012561562811
0.003010157936637
0.003008290238504
0.003007106416289
0.003006688062524
0.003007045204369
0.003008117652194
0.003009782585969
0.003011867514485
0.003014167290685
0.003016463544196
0.003018544724485
0.003020224945395
0.003021359979923
0.003021859054609
0.003021691505396
0.003020887841721
0.003019535277886
0.003017768284258
0.003015755142041
0.003013681817431
0.003011734676824
0.003010083629124
0.003008867201841
0.003008180845242
0.003008069435484
0.003008524545120
0.003009486605605
0.003010851642193
0.003012481856938
0.003014219005730
0.003015899288497
0.003017368365849
0.003018495137409
0.003019183061925
0.003019378051211
0.003019072303806
0.003018303827928
0.003017151801064
0.003015728288863
0.003014167165415
0.003012611312650
0.003011199308827
0.003010052835070
0.003009265935374
0.003008897070266
0.003008964627359
0.003009446220453
0.003010281753939
0.003011379884212
0.003012627205826
0.003013899254480
0.003015072271644
0.003016034628687
0.003016696863838
0.003016999436206
0.003016917531457
0.003016462540790
0.003015680150939
0.003014645298189
0.003013454524711
0.003012216505006
0.003011041663685
0.003010031870554
0.003009271170536
0.003008818389040
0.003008702260432
0.003008919477832
0.003009435780932
0.003010189911852
0.003011100004127
0.003012071751209
0.003013007547904
0.003013815724162
0.003014419000901
0.003014761389549
0.003014812920515
0.003014571803911
0.003014063877024
0.003013339452819
0.003012467927340
0.003011530708555
0.003010613176280
0.003009796459377
0.003009149816651
0.003008724333147
0.003008548502498
0.003008626073373
0.003008936313288
0.003009436608357
0.003010067095476
0.003010756835240
0.003011430896818
0.003012017652404
0.003012455574390
0.003012698892275
0.003012721590923
0.003012519403791
0.003012109656677
0.003011529029060
0.003010829500535
0.003010072919950
0.003009324758568
0.003008647674933
0.003008095522673
0.003007708374330
0.003007509021288
0.003007501254400
0.003007670047962
