0.002761690506364
0.002757993163787
0.002754439246810
0.002751169186330
0.002748313592405
0.002745988105388
0.002744288783419
0.002743288209234
0.002743032472951
0.002743539154936
0.002744796395234
0.002746763094793
0.002749370250350
0.002752523381075
0.002756105962549
0.002759983744007
0.002764009789644
0.002768030055416
0.002771889290512
0.002775437038279
0.002778533505599
0.002781055072800
0.002782899228001
0.002783988730154
0.002784274833032
0.002783739437150
0.002782396076778
0.002780289693289
0.002777495192449
0.002774114830108
0.002770274516349
0.002766119170639
0.002761807298343
0.002757504990526
0.002753379573099
0.002749593146939
0.002746296267141
0.002743622006501
0.002741680635885
0.002740555132601
0.002740297698034
0.002740927428722
0.002742429242031
0.002744754110321
0.002747820607656
0.002751517722672
0.002755708842055
0.002760236763094
0.002764929552805
0.002769607036727
0.002774087674081
0.002778195558665
0.002781767277341
0.002784658360697
0.002786749073344
0.002787949314075
0.002788202427848
0.002787487771260
0.002785821919333
0.002783258452377
0.002779886315514
0.002775826798126
0.002771229233908
0.002766265572395
0.002761124017707
0.002756001968212
0.002751098520141
0.002746606817882
0.002742706542678
0.002739556829487
0.002737289888635
0.002736005585103
0.002735767194522
0.002736598512502
0.002738482444167
0.002741361145706
0.002745137731222
0.002749679498508
0.002754822568808
0.002760377780332
0.002766137625498
0.002771883979466
0.002777396334296
0.002782460230202
0.002786875564118
0.002790464456458
0.002793078369856
0.002794604198299
0.002794969080785
0.002794143739085
0.002792144192830
0.002789031765049
0.002784911355230
0.002779928022584
0.002774261987045
0.002768122217135
0.002761738829767
0.002755354575244
0.002749215719143
0.002743562659887
0.002738620635494
0.002734590874433
0.002731642533618
0.002729905741455
0.002729466026462
0.002730360363392
0.002732575010868
0.002736045249112
0.002740657056074
0.002746250687400
0.002752626053189
0.002759549714993
0.002766763262579
0.002773992774324
0.002780959019629
0.002787388028587
0.002793021634455
0.002797627589435
0.002801008864037
0.002803011764930
0.002803532544803
0.002802522229233
0.002799989448128
0.002796001130737
0.002790681001094
0.002784205892154
0.002776799978899
0.002768727110221
0.002760281493527
0.002751777051787
0.002743535827761
0.002735875851992
0.002729098918258
0.002723478721185
0.002719249805026
0.002716597750122
0.002715650984911
0.002716474557564
0.002719066134324
0.002723354413517
0.002729200057719
0.002736399154791
0.002744689124675
0.002753756896335
0.002763249091607
0.002772783873040
0.002781964044375
0.002790390937606
0.002797678581945
0.002803467629159
0.002807438507694
0.002809323295191
0.002808915835175
0.002806079677875
0.002800753495727
0.002792953708829
0.002782774151777
0.002770382717594
0.002756015023356
0.002739965251807
0.002722574429888
0.002704216504795
0.002685282667329
0.002666164447556
0.002647236166225
0.002628837364671
0.002611255854307
0.002594712023296
0.002579345012216
0.002565201323096
0.002552226358251
0.002540259298876
0.002529031631006
0.002518169511420
0.002507200041999
0.002495561392077
0.002482616578585
0.002467670587734
0.002449990403796
0.002428827404322
0.002403441490541
0.002373126249940
0.002337234397766
0.002295202717260
0.002246575716091
0.002191027238978
0.002128379323452
0.002058617655824
0.001981903075630
0.001898578686406
0.001809172255179
0.001714393718707
0.001615127756984
0.001512421539379
0.001407467891341
0.001301584265499
0.001196188025727
0.001092768662590
0.000992857649869
0.000897996721954
0.000809705398411
0.000729448603793
0.000658605227039
0.000598438435938
0.000550068509144
0.000514448872965
0.000492345935169
0.000484323196513
0.000490729996259
0.000511695114710
0.000547125318015
0.000596708792583
0.000659923282769
0.000736048620116
0.000824183219319
0.000923264018356
0.001032089260878
0.001149343459974
0.001273623845264
0.001403467580558
0.001537379046954
0.001673856515325
0.001811417581098
0.001948622800842
0.002084097051624
0.002216548227232
0.002344782986514
0.002467719374642
0.002584396244148
0.002693979505461
0.002795765332873
0.002889180538127
0.002973780397600
0.003049244277950
0.003115369447698
0.003172063487491
0.003219335719570
0.003257288067619
0.003286105732777
0.003306048031914
0.003317439692313
0.003320662835537
0.003316149815170
0.003304377001675
0.003285859535875
0.003261147003837
0.003230819923070
0.003195486875824
0.003155782082037
0.003112363174080
0.003065908919047
0.003017116632715
0.002966699042376
0.002915380383006
0.002863891551477
0.002812964194937
0.002763323669913
0.002715680875452
0.002670723033771
0.002629103562367
0.002591431249161
0.002558259003890
0.002530072511820
0.002507279157206
0.002490197611778
0.002479048496034
0.002473946517403
0.002474894468739
0.002481779433565
0.002494371491617
0.002512325151268
0.002535183656294
0.002562386225828
0.002593278191222
0.002627123895362
0.002663122122116
0.002700423729857
0.002738151076770
0.002775418750378
0.002811355052411
0.002845123645313
0.002875944740504
0.002903115202270
0.002926026955656
0.002944183121971
0.002957211360749
0.002964873970791
0.002967074393125
0.002963859862664
0.002955420069653
0.002942081813153
0.002924299752706
0.002902643486951
0.002877781305117
0.002850461065073
0.002821488746144
0.002791705303049
0.002761962506086
0.002733098490093
0.002705913749186
0.002681148305135
0.002659460744605
0.002641409765257
0.002627438794430
0.002617864149408
0.002612867097825
0.002612490054475
0.002616637020361
0.002625078235699
0.002637458885134
0.002653311565038
0.002672072103652
0.002693098219111
0.002715690411310
0.002739114414358
0.002762624489079
0.002785486811407
0.002807002213182
0.002826527556864
0.002843495074062
0.002857429067970
0.002867959469314
0.002874831841280
0.002877913547521
0.002877195924718
0.002872792432969
0.002864932889206
0.002853954016293
0.002840286659419
0.002824440127715
0.002806984209372
0.002788529479884
0.002769706573162
0.002751145112588
0.002733453002867
0.002717196763816
0.002702883544854
0.002690945395538
0.002681726285335
0.002675472267861
0.002672325074527
0.002672319303762
0.002675383248815
0.002681343283860
0.002689931608874
0.002700797042629
0.002713518453799
0.002727620335925
0.002742589965578
0.002757895536543
0.002773004637661
0.002787402438736
0.002800608967501
0.002812194900212
0.002821795347369
0.002829121192102
0.002833967629155
0.002836219653770
0.002835854358539
0.002832940008636
0.002827631977695
0.002820165734244
0.002810847168218
0.002800040635356
0.002788155171231
0.002775629383933
0.002762915573173
0.002750463642637
0.002738705371484
0.002728039590041
0.002718818765197
0.002711337444134
0.002705822933238
0.002702428504924
0.002701229331830
0.002702221248785
0.002705322341720
0.002710377262819
0.002717164076280
0.002725403352330
0.002734769151580
0.002744901479990
0.002755419748588
0.002765936743202
0.002776072598507
0.002785468277895
0.002793798085578
0.002800780778707
0.002806188903619
0.002809856049228
0.002811681789570
0.002811634173595
0.002809749710249
0.002806130887545
0.002800941352315
0.002794398959609
0.002786766974389
0.002778343770618
0.002769451422138
0.002760423614061
0.002751593321894
