0.002809785201330
0.002808585976665
0.002806803163971
0.002804506761784
0.002801788692211
0.002798759178709
0.002795542335218
0.002792271142559
0.002789082014811
0.002786109176936
0.002783479084606
0.002781305117315
0.002779682766508
0.002778685521870
0.002778361631786
0.002778731879373
0.002779788474754
0.002781495119031
0.002783788247517
0.002786579411201
0.002789758708102
0.002793199132093
0.002796761667780
0.002800300927770
0.002803671104493
0.002806731993801
0.002809354842422
0.002811427776443
0.002812860583070
0.002813588642523
0.002813575840124
0.002812816329065
0.002811335060550
0.002809187047951
0.002806455383467
0.002803248077291
0.002799693838386
0.002795936960667
0.002792131516696
0.002788435091421
0.002785002309580
0.002781978421312
0.002779493210661
0.002777655480891
0.002776548349336
0.002776225553458
0.002776708930218
0.002777987184280
0.002780016008736
0.002782719567158
0.002785993289965
0.002789707883653
0.002793714400658
0.002797850172520
0.002801945371592
0.002805829938334
0.002809340593524
0.002812327648296
0.002814661330205
0.002816237360394
0.002816981544775
0.002816853180047
0.002815847121736
0.002813994414585
0.002811361443401
0.002808047622540
0.002804181702198
0.002799916827142
0.002795424535992
0.002790887934625
0.002786494313613
0.002782427505400
0.002778860290895
0.002775947166702
0.002773817773052
0.002772571259005
0.002772271826488
0.002772945649440
0.002774579310628
0.002777119838449
0.002780476361881
0.002784523335987
0.002789105225857
0.002794042476139
0.002799138538867
0.002804187686446
0.002808983301352
0.002813326310886
0.002817033425296
0.002819944841251
0.002821931090151
0.002822898741347
0.002822794713189
0.002821608998069
0.002819375669536
0.002816172107433
0.002812116448471
0.002807363341642
0.002802098157597
0.002796529865740
0.002790882849601
0.002785387977661
0.002780273281291
0.002775754612150
0.002772026657411
0.002769254681971
0.002767567342654
0.002767050880991
0.002767744949943
0.002769640267648
0.002772678220430
0.002776752460543
0.002781712464415
0.002787368937737
0.002793500877698
0.002799864033191
0.002806200443628
0.002812248688806
0.002817754448020
0.002822480947921
0.002826218876495
0.002828795355191
0.002830081592437
0.002829998888446
0.002828522721768
0.002825684720260
0.002821572400302
0.002816326645170
0.002810136983028
0.002803234813607
0.002795884816700
0.002788374851776
0.002781004723162
0.002774074236592
0.002767871008293
0.002762658505456
0.002758664796019
0.002756072465848
0.002755010123190
0.002755545854774
0.002757682927240
0.002761357943924
0.002766441573812
0.002772741869840
0.002780010091718
0.002787948847867
0.002796222275857
0.002804467894755
0.002812309689475
0.002819371929687
0.002825293186529
0.002829739991229
0.002832419581765
0.002833091207265
0.002831575504501
0.002827761525094
0.002821611074085
0.002813160117280
0.002802517123114
0.002789858320592
0.002775419974133
0.002759487894265
0.002742384515789
0.002724453977824
0.002706045729133
0.002687497253639
0.002669116562213
0.002651165125266
0.002633841924985
0.002617269285612
0.002601481095211
0.002586413964116
0.002571901775715
0.002557673977281
0.002543357835619
0.002528484748681
0.002512500564356
0.002494779716291
0.002474642848847
0.002451377473820
0.002424261085196
0.002392586059015
0.002355685587088
0.002312959838832
0.002263901516942
0.002208119971310
0.002145363061801
0.002075536013705
0.001998716588179
0.001915165991493
0.001825335068153
0.001729865460005
0.001629585561926
0.001525501259716
0.001418781592390
0.001310739634004
0.001202809034581
0.001096516790910
0.000993452931776
0.000895237894958
0.000803488442262
0.000719783001803
0.000645627342658
0.000582421475521
0.000531428634846
0.000493747134624
0.000470285803813
0.000461743601595
0.000468593890700
0.000491073713212
0.000529178272042
0.000582660677094
0.000651036872922
0.000733595528513
0.000829412544126
0.000937369718374
0.001056177024054
0.001184397866111
0.001320476641106
0.001462767885712
0.001609566292003
0.001759136879171
0.001909744643260
0.002059683056647
0.002207300854682
0.002351026625105
0.002489390803394
0.002621044770334
0.002744776843614
0.002859525049420
0.002964386649881
0.003058624484787
0.003141670258951
0.003213124967997
0.003272756703931
0.003320496116880
0.003356429830772
0.003380792118953
0.003393955141859
0.003396418034319
0.003388795106783
0.003371803394925
0.003346249757944
0.003313017689960
0.003273053973456
0.003227355270960
0.003176954723031
0.003122908598603
0.003066283029088
0.003008140850927
0.002949528582744
0.002891463572523
0.002834921366565
0.002780823374043
0.002730024927267
0.002683303866260
0.002641349804958
0.002604754262968
0.002574001869209
0.002549462859920
0.002531387101485
0.002519899866960
0.002514999582871
0.002516557739271
0.002524321121052
0.002537916472647
0.002556857652395
0.002580555268734
0.002608328719763
0.002639420483265
0.002673012428458
0.002708243846695
0.002744230828944
0.002780086556151
0.002814942017402
0.002847966632650
0.002878388233777
0.002905511851661
0.002928736768690
0.002947571326269
0.002961645025069
0.002970717521099
0.002974684201499
0.002973578118065
0.002967568161041
0.002956953467357
0.002942154172685
0.002923698731390
0.002902208138842
0.002878377492617
0.002852955419128
0.002826721966873
0.002800465623781
0.002774960151856
0.002750941945796
0.002729088612608
0.002709999436523
0.002694178338339
0.002682019862393
0.002673798629936
0.002669662587826
0.002669630259708
0.002673592077336
0.002681315736737
0.002692455392146
0.002706564374453
0.002723111004919
0.002741496972904
0.002761077662214
0.002781183747150
0.002801143338836
0.002820303946399
0.002838053526609
0.002853839929449
0.002867188104618
0.002877714513177
0.002885138286645
0.002889288789445
0.002890109365665
0.002887657183223
0.002882099223110
0.002873704593632
0.002862833474834
0.002849923112262
0.002835471377753
0.002820018494789
0.002804127584221
0.002788364721021
0.002773279202899
0.002759384717063
0.002747142052599
0.002736943944566
0.002729102554250
0.002723839991050
0.002721282169083
0.002721456169630
0.002724291153767
0.002729622742266
0.002737200656906
0.002746699303011
0.002757730871406
0.002769860452673
0.002782622590459
0.002795538655995
0.002808134404225
0.002819957073665
0.002830591417051
0.002839674096753
0.002846905946040
0.002852061681761
0.002854996752725
0.002855651117137
0.002854049857822
0.002850300661308
0.002844588301770
0.002837166379186
0.002828346658854
0.002818486443164
0.002807974473284
0.002797215905886
0.002786616936688
0.002776569647622
0.002767437638005
0.002759542962910
0.002753154845787
0.002748480559458
0.002745658782944
0.002744755644469
0.002745763557306
0.002748602848751
0.002753126077564
0.002759124835511
0.002766338738013
0.002774466230521
0.002783176774050
0.002792123927343
0.002800958816151
0.002809343472661
0.002816963540420
0.002823539871384
0.002828838590537
0.002832679267889
0.002834940914830
0.002835565608795
0.002834559643466
0.002831992197729
0.002827991611566
0.002822739447425
0.002816462597962
0.002809423772290
0.002801910750488
0.002794224838024
0.002786668976505
0.002779535974085
0.002773097307869
0.002767592922382
0.002763222403927
0.002760137852358
0.002758438701843
0.002758168663400
0.002759314877562
