0.002944031821471
0.002943482661788
0.002943034433061
0.002942720732406
0.002942566677207
0.002942587146002
0.002942785669055
0.002943154049060
0.002943672745664
0.002944312008070
0.002945033690963
0.002945793643608
0.002946544523287
0.002947238854696
0.002947832138728
0.002948285808382
0.002948569836982
0.002948664824098
0.002948563416350
0.002948270961759
0.002947805344908
0.002947196002753
0.002946482174248
0.002945710487413
0.002944932031896
0.002944199100436
0.002943561806559
0.002943064796585
0.002942744270800
0.002942625511444
0.002942721084904
0.002943029844017
0.002943536806222
0.002944213927505
0.002945021734327
0.002945911719608
0.002946829358054
0.002947717554042
0.002948520304681
0.002949186343737
0.002949672530135
0.002949946757942
0.002949990192639
0.002949798679297
0.002949383219691
0.002948769474149
0.002947996306377
0.002947113451656
0.002946178446652
0.002945253008820
0.002944399091710
0.002943674866757
0.002943130890556
0.002942806708524
0.002942728121350
0.002942905301237
0.002943331892855
0.002943985172340
0.002944827270477
0.002945807397522
0.002946864941456
0.002947933253040
0.002948943883727
0.002949831009504
0.002950535757453
0.002951010153499
0.002951220429670
0.002951149466237
0.002950798196165
0.002950185863430
0.002949349098817
0.002948339852517
0.002947222297210
0.002946068883706
0.002944955788978
0.002943958039851
0.002943144621461
0.002942573886130
0.002942289564585
0.002942317648123
0.002942664359098
0.002943315361048
0.002944236282720
0.002945374547097
0.002946662412335
0.002948021051793
0.002949365430173
0.002950609676925
0.002951672620292
0.002952483128500
0.002952984910073
0.002953140453117
0.002952933832449
0.002952372180747
0.002951485701677
0.002950326194161
0.002948964152014
0.002947484596042
0.002945981880449
0.002944553786367
0.002943295267782
0.002942292245286
0.002941615848520
0.002941317488138
0.002941425093134
0.002941940782031
0.002942840150283
0.002944073256597
0.002945567283594
0.002947230740178
0.002948958970828
0.002950640647602
0.002952164849832
0.002953428289277
0.002954342218438
0.002954838568776
0.002954874903809
0.002954437837776
0.002953544660227
0.002952243015459
0.002950608606637
0.002948741020442
0.002946757891236
0.002944787736059
0.002942961886022
0.002941406009152
0.002940231759582
0.002939529094700
0.002939359774261
0.002939752494209
0.002940700016113
0.002942158535583
0.002944049396565
0.002946263111075
0.002948665494812
0.002951105587501
0.002953424902003
0.002955467446551
0.002957089897036
0.002958171266256
0.002958621427556
0.002958387901910
0.002957460408201
0.002955872801850
0.002953702180055
0.002951065104154
0.002948111070538
0.002945013540138
0.002941959001341
0.002939134681354
0.002936715626851
0.002934851938331
0.002933656958323
0.002933197178887
0.002933484548903
0.002934471730069
0.002936050678832
0.002938054729023
0.002940264128336
0.002942414754389
0.002944209517041
0.002945331757297
0.002945459793023
0.002944281649636
0.002941508959434
0.002936889022481
0.002930214097755
0.002921327134162
0.002910123351783
0.002896547334972
0.002880585587900
0.002862254814013
0.002841586495792
0.002818608650964
0.002793325906760
0.002765699246686
0.002735626928436
0.002702928133998
0.002667330884846
0.002628465632051
0.002585865714223
0.002538975571940
0.002487167227227
0.002429765097590
0.002366078736708
0.002295442602362
0.002217261472573
0.002131059690244
0.002036532040966
0.001933593782219
0.001822427165491
0.001703521741662
0.001577705824310
0.001446166708821
0.001310457603592
0.001172489712451
0.001034508497066
0.000899053820532
0.000768904399632
0.000647007740219
0.000536397462417
0.000440100603780
0.000361038084141
0.000301921993466
0.000265153696252
0.000252726911327
0.000266139910372
0.000306320776354
0.000373569277230
0.000467518352732
0.000587117503048
0.000730639535933
0.000895711207704
0.001079367323480
0.001278126885558
0.001488088940083
0.001705044914215
0.001924603498967
0.002142323552028
0.002353850098542
0.002555048316571
0.002742130418739
0.002911770583860
0.003061203543334
0.003188303068516
0.003291637409754
0.003370499670569
0.003424912120406
0.003455604511555
0.003463967523018
0.003451983459334
0.003422137241209
0.003377311497096
0.003320670167082
0.003255535436814
0.003185263013209
0.003113120728690
0.003042175220155
0.002975190986201
0.002914545503914
0.002862163315440
0.002819471111758
0.002787374888484
0.002766259270583
0.002756008144664
0.002756044842346
0.002765389325670
0.002782729169788
0.002806500646114
0.002834975899585
0.002866352096144
0.002898838491592
0.002930737631514
0.002960517316845
0.002986870535804
0.003008761239332
0.003025454588283
0.003036531088178
0.003041884812384
0.003041706659500
0.003036454260731
0.003026810718273
0.003013634792219
0.002997905444492
0.002980663784697
0.002962955443527
0.002945776231093
0.002930023634370
0.002916456290019
0.002905663061668
0.002898042783315
0.002893795134056
0.002892922515282
0.002895242240245
0.002900407844955
0.002907937912254
0.002917250485813
0.002927700950174
0.002938621172578
0.002949357741658
0.002959307290195
0.002967947141519
0.002974859854288
0.002979750637170
0.002982457039689
0.002982950773288
0.002981331952984
0.002977816451591
0.002972717405162
0.002966422183225
0.002959366328573
0.002952006071512
0.002944791030887
0.002938138631845
0.002932411606550
0.002927899710881
0.002924806503358
0.002923241710104
0.002923219360933
0.002924661546239
0.002927407330958
0.002931226087203
0.002935834285335
0.002940914624723
0.002946136296907
0.002951175157723
0.002955732639461
0.002959552353579
0.002962433509746
0.002964240495929
0.002964908212838
0.002964443018868
0.002962919403167
0.002960472749531
0.002957288768933
0.002953590352209
0.002949622718100
0.002945637799996
0.002941878825362
0.002938565996082
0.002935884080622
0.002933972587172
0.002932919010693
0.002932755447440
0.002933458660549
0.002934953472324
0.002937119165120
0.002939798404185
0.002942808061575
0.002945951227232
0.002949029645711
0.002951855816213
0.002954264038287
0.002956119771618
0.002957326799467
0.002957831833282
0.002957626361121
0.002956745714548
0.002955265496987
0.002953295671362
0.002950972737182
0.002948450529841
0.002945890242547
0.002943450300725
0.002941276709464
0.002939494448022
0.002938200405562
0.002937458244749
0.002937295451850
0.002937702691914
0.002938635444013
0.002940017753441
0.002941747813139
0.002943704982832
0.002945757777016
0.002947772306154
0.002949620641219
0.002951188590098
0.002952382423503
0.002953134164031
0.002953405149785
0.002953187696844
0.002952504805768
0.002951407978627
0.002949973327322
0.002948296254512
0.002946485069362
0.002944653957161
0.002942915751712
0.002941374961023
0.002940121470795
0.002939225298742
0.002938732699556
0.002938663830368
0.002939012085684
0.002939745105464
0.002940807356745
0.002942124094368
0.002943606425482
0.002945157140366
0.002946676932022
0.002948070611032
0.002949252930844
0.002950153670790
0.002950721677427
0.002950927635474
0.002950765422895
0.002950251995355
0.002949425837430
0.002948344106001
0.002947078669802
0.002945711313434
0.002944328420724
0.002943015478377
0.002941851745400
0.002940905416818
0.002940229573164
0.002939859152868
0.002939809116622
0.002940073895501
0.002940628133101
