0.002956837436135
0.002956166000985
0.002955415240859
0.002954637548813
0.002953887875090
0.002953220011748
0.002952682909797
0.002952317280343
0.002952152714813
0.002952205526679
0.002952477470320
0.002952955434783
0.002953612145010
0.002954407834966
0.002955292790604
0.002956210600301
0.002957101900436
0.002957908367625
0.002958576689492
0.002959062244098
0.002959332234767
0.002959368060945
0.002959166754950
0.002958741375773
0.002958120320479
0.002957345586655
0.002956470090807
0.002955554212875
0.002954661791485
0.002953855834528
0.002953194232165
0.002952725762753
0.002952486665950
0.002952498022331
0.002952764127249
0.002953271981832
0.002953991949988
0.002954879552095
0.002955878288809
0.002956923317464
0.002957945743555
0.002958877245180
0.002959654722066
0.002960224655078
0.002960546877438
0.002960597494588
0.002960370743501
0.002959879650988
0.002959155429593
0.002958245633988
0.002957211184661
0.002956122443542
0.002955054592716
0.002954082617873
0.002953276229112
0.002952695060693
0.002952384477502
0.002952372279955
0.002952666542867
0.002953254751005
0.002954104309285
0.002955164414267
0.002956369181931
0.002957641840702
0.002958899724210
0.002960059740505
0.002961043957493
0.002961784930983
0.002962230413199
0.002962347115559
0.002962123257830
0.002961569712961
0.002960719648079
0.002959626661359
0.002958361515379
0.002957007663271
0.002955655848112
0.002954398122733
0.002953321681669
0.002952502916115
0.002952002094638
0.002951859037294
0.002952090090469
0.002952686627871
0.002953615204780
0.002954819384100
0.002956223141128
0.002957735646585
0.002959257131550
0.002960685460215
0.002961922982171
0.002962883209416
0.002963496866627
0.002963716896791
0.002963522066393
0.002962918901357
0.002961941791521
0.002960651220873
0.002959130205366
0.002957479141684
0.002955809380678
0.002954235930804
0.002952869763292
0.002951810227066
0.002951138084539
0.002950909648588
0.002951152437429
0.002951862671526
0.002953004820470
0.002954513275243
0.002956296080898
0.002958240525598
0.002960220253341
0.002962103458466
0.002963761637721
0.002965078326416
0.002965957232969
0.002966329212633
0.002966157585460
0.002965441402348
0.002964216390378
0.002962553457054
0.002960554793019
0.002958347774032
0.002956077014932
0.002953895060517
0.002951952301647
0.002950386771753
0.002949314504053
0.002948821110282
0.002948955177860
0.002949723977183
0.002951091829904
0.002952981321138
0.002955277353711
0.002957833852711
0.002960482745961
0.002963044683044
0.002965340823229
0.002967204930962
0.002968494973444
0.002969103422726
0.002968965525599
0.002968064915965
0.002966436100568
0.002964163540877
0.002961377270216
0.002958245212225
0.002954962589914
0.002951739019051
0.002948784051320
0.002946292059112
0.002944427425238
0.002943311010471
0.002943008817035
0.002943523648122
0.002944790387912
0.002946675302697
0.002948979504757
0.002951446442298
0.002953772998795
0.002955623522002
0.002956645874954
0.002956488425176
0.002954816778094
0.002951329026859
0.002945768339275
0.002937931834420
0.002927674912394
0.002914910480838
0.002899602857022
0.002881756495554
0.002861400077233
0.002838566870238
0.002813272615994
0.002785492474976
0.002755138770708
0.002722041375731
0.002685932578350
0.002646438146884
0.002603076068717
0.002555264091618
0.002502336748390
0.002443572023146
0.002378227244256
0.002305583195498
0.002224994855998
0.002135946645310
0.002038109595519
0.001931397527943
0.001816019103693
0.001692522564430
0.001561830094260
0.001425259019023
0.001284527509603
0.001141743056418
0.000999372709193
0.000860194898220
0.000727233532599
0.000603675965203
0.000492777278238
0.000397754132397
0.000321672093522
0.000267330865181
0.000237152181622
0.000233075229947
0.000256464359643
0.000308033499338
0.000387791143684
0.000495009017674
0.000628216601880
0.000785222649682
0.000963163693401
0.001158578372257
0.001367505275877
0.001585600936948
0.001808273677085
0.002030828257172
0.002248615745291
0.002457182720311
0.002652413894005
0.002830662463641
0.002988862992201
0.003124622333908
0.003236285046557
0.003322970817055
0.003384582622558
0.003421785601176
0.003435957855076
0.003429115596861
0.003403816122193
0.003363042998367
0.003310078558647
0.003248369254632
0.003181389624246
0.003112510574336
0.003044877360228
0.002981302088425
0.002924174802614
0.002875396276972
0.002836334581792
0.002807806357257
0.002790082587127
0.002782917560053
0.002785598694474
0.002797014029936
0.002815733492118
0.002840099550001
0.002868322619740
0.002898576537623
0.002929089618935
0.002958227224357
0.002984562344310
0.003006931449348
0.003024473699825
0.003036652514652
0.003043259419361
0.003044400980905
0.003040470446699
0.003032106399834
0.003020141289634
0.003005543074173
0.002989353405611
0.002972625797250
0.002956367039589
0.002941484797387
0.002928743844814
0.002918732811838
0.002911842657453
0.002908257392175
0.002907956882193
0.002910730917599
0.002916203150952
0.002923863038263
0.002933103564230
0.002943262321265
0.002953663443662
0.002963657972068
0.002972660429362
0.002980179710202
0.002985842800324
0.002989410321096
0.002990783410155
0.002990001969689
0.002987234810162
0.002982762661881
0.002976955396269
0.002970245075045
0.002963096616348
0.002955977926565
0.002949331296179
0.002943547704476
0.002938945434456
0.002935754083403
0.002934104687628
0.002934026285225
0.002935448842766
0.002938212093994
0.002942079502638
0.002946756285539
0.002951910230710
0.002957193926889
0.002962266990661
0.002966816932958
0.002970577442208
0.002973343065780
0.002974979529713
0.002975429231832
0.002974711755919
0.002972919565273
0.002970209323991
0.002966789546640
0.002962905477773
0.002958822241280
0.002954807369679
0.002951113822883
0.002947964537282
0.002945539415428
0.002943965484201
0.002943310727986
0.002943581857893
0.002944726024253
0.002946636233493
0.002949160006949
0.002952110631340
0.002955280209083
0.002958453628747
0.002961422545563
0.002963998489242
0.002966024298075
0.002967383207609
0.002968005089849
0.002967869533283
0.002967005662198
0.002965488802429
0.002963434296656
0.002960988943890
0.002958320674648
0.002955607167897
0.002953024163405
0.002950734221830
0.002948876636124
0.002947559105946
0.002946851658593
0.002946783144557
0.002947340463617
0.002948470499710
0.002950084571021
0.002952065046527
0.002954273650989
0.002956560884726
0.002958775927563
0.002960776380958
0.002962437228308
0.002963658458313
0.002964370894995
0.002964539903371
0.002964166783500
0.002963287817844
0.002961971087976
0.002960311316876
0.002958423113730
0.002956433092109
0.002954471394121
0.002952663179425
0.002951120627993
0.002949935960521
0.002949175904097
0.002948877928671
0.002949048459057
0.002949663135765
0.002950669064582
0.002951988867978
0.002953526239210
0.002955172609259
0.002956814472868
0.002958340886547
0.002959650650007
0.002960658712523
0.002961301404736
0.002961540179987
0.002961363651621
0.002960787826855
0.002959854556265
0.002958628332913
0.002957191679371
0.002955639447839
0.002954072422877
0.002952590654357
0.002951286957929
0.002950241001642
0.002949514351921
0.002949146783372
0.002949154069647
0.002949527372836
0.002950234243204
0.002951221136468
0.002952417259013
0.002953739468506
0.002955097893530
0.002956401894832
