0.002724229746788
0.002721982996612
0.002720395938999
0.002719532685945
0.002719430838939
0.002720099878027
0.002721520580839
0.002723645501659
0.002726400501705
0.002729687282799
0.002733386839120
0.002737363707079
0.002741470862788
0.002745555091421
0.002749462633782
0.002753044903463
0.002756164063596
0.002758698255540
0.002760546282863
0.002761631572388
0.002761905259193
0.002761348273422
0.002759972342549
0.002757819862004
0.002754962628399
0.002751499471552
0.002747552862459
0.002743264612878
0.002738790816774
0.002734296213237
0.002729948173514
0.002725910530558
0.002722337477387
0.002719367760131
0.002717119382987
0.002715685025472
0.002715128348104
0.002715481331581
0.002716742757897
0.002718877900832
0.002721819449403
0.002725469642676
0.002729703549583
0.002734373384546
0.002739313710543
0.002744347347080
0.002749291772796
0.002753965792071
0.002758196222981
0.002761824360647
0.002764711975781
0.002766746622817
0.002767846055045
0.002767961574876
0.002767080184676
0.002765225446259
0.002762457003571
0.002758868771710
0.002754585844434
0.002749760219908
0.002744565488898
0.002739190669272
0.002733833403993
0.002728692765545
0.002723961926829
0.002719820966389
0.002716430073852
0.002713923409820
0.002712403853308
0.002711938839941
0.002712557456485
0.002714248913140
0.002716962465964
0.002720608809498
0.002725062906078
0.002730168165288
0.002735741836545
0.002741581431786
0.002747471955271
0.002753193685324
0.002758530229482
0.002763276561106
0.002767246742575
0.002770281047940
0.002772252216253
0.002773070595169
0.002772687971852
0.002771099933570
0.002768346652003
0.002764512041410
0.002759721299517
0.002754136899046
0.002747953155242
0.002741389548306
0.002734683027425
0.002728079563286
0.002721825246911
0.002716157253335
0.002711294997890
0.002707431810491
0.002704727438993
0.002703301666979
0.002703229294883
0.002704536687421
0.002707200036321
0.002711145427308
0.002716250736096
0.002722349312216
0.002729235344070
0.002736670736112
0.002744393271749
0.002752125785572
0.002759586027813
0.002766496873995
0.002772596514910
0.002777648257052
0.002781449571931
0.002783840054029
0.002784707981121
0.002783995216151
0.002781700245347
0.002777879211031
0.002772644867388
0.002766163460949
0.002758649612089
0.002750359346934
0.002741581497833
0.002732627752793
0.002723821687350
0.002715487154456
0.002707936437372
0.002701458585899
0.002696308357025
0.002692696166705
0.002690779430466
0.002690655627531
0.002692357367548
0.002695849672448
0.002701029610773
0.002707728340304
0.002715715529965
0.002724706046554
0.002734368708942
0.002744336834875
0.002754220236309
0.002763618260816
0.002772133431240
0.002779385205360
0.002785023363080
0.002788740531438
0.002790283377725
0.002789462037874
0.002786157399961
0.002780325929805
0.002772001805004
0.002761296212965
0.002748393764624
0.002733546075447
0.002717062665606
0.002699299428576
0.002680645008324
0.002661505506693
0.002642288011402
0.002623383488966
0.002605149623404
0.002587894199583
0.002571859628232
0.002557209187972
0.002544015518297
0.002532251837466
0.002521786282299
0.002512379675157
0.002503686919648
0.002495262114105
0.002486567354013
0.002476985075202
0.002465833672475
0.002452386017351
0.002435890397313
0.002415593310848
0.002390763480631
0.002360716393913
0.002324838646547
0.002282611356371
0.002233631923509
0.002177633449428
0.002114501182487
0.002044285433725
0.001967210500582
0.001883679245371
0.001794273096361
0.001699747368661
0.001601021935759
0.001499167416452
0.001395387171949
0.001290995530043
0.001187392763734
0.001086037447071
0.000988416888325
0.000896016397550
0.000810288180335
0.000732620661127
0.000664309027479
0.000606527751498
0.000560305787656
0.000526505068961
0.000505802828506
0.000498678163926
0.000505403141428
0.000526038607844
0.000560434747503
0.000608236289625
0.000668892145573
0.000741669137406
0.000825669373284
0.000919850734556
0.001023049866370
0.001134007010375
0.001251391985894
0.001373830615479
0.001499930901919
0.001628308295779
0.001757609444011
0.001886533878989
0.002013853190820
0.002138427321109
0.002259217719862
0.002375297215491
0.002485856557132
0.002590207694997
0.002687783964819
0.002778137433209
0.002860933739234
0.002935944831159
0.003003040044379
0.003062175995767
0.003113385780441
0.003156767949377
0.003192475721093
0.003220706839134
0.003241694431239
0.003255699158286
0.003263002864126
0.003263903854487
0.003258713847360
0.003247756552239
0.003231367754394
0.003209896706269
0.003183708563925
0.003153187554577
0.003118740523804
0.003080800489267
0.003039829822587
0.002996322692741
0.002950806432242
0.002903841530764
0.002856020017757
0.002807962064141
0.002760310710521
0.002713724712732
0.002668869581644
0.002626406979671
0.002586982718116
0.002551213673981
0.002519674009281
0.002492881127543
0.002471281838816
0.002455239224475
0.002445020695301
0.002440787720194
0.002442587668729
0.002450348159294
0.002463874237324
0.002482848627149
0.002506835208802
0.002535285770748
0.002567549984305
0.002602888438995
0.002640488473898
0.002679482441906
0.002718967955029
0.002758029582825
0.002795761415397
0.002831289859558
0.002863796013470
0.002892536962397
0.002916865356634
0.002936246671960
0.002950273611995
0.002958677189183
0.002961334114326
0.002958270230947
0.002949659846924
0.002935820938224
0.002917206324207
0.002894391037000
0.002868056224756
0.002838970036505
0.002807966031173
0.002775919732064
0.002743724008072
0.002712264001997
0.002682392343308
0.002654905376761
0.002630521109604
0.002609859529415
0.002593425873526
0.002581597341607
0.002574613638142
0.002572571614542
0.002575424155113
0.002582983321104
0.002594927636658
0.002610813273835
0.002630088774996
0.002652112843490
0.002676174641164
0.002701515956670
0.002727354554129
0.002752907979239
0.002777417090168
0.002800168594030
0.002820515905660
0.002837897702705
0.002851853627751
0.002862036681786
0.002868221960672
0.002870311503971
0.002868335149615
0.002862447414508
0.002852920546130
0.002840134009552
0.002824560784255
0.002806750942165
0.002787313059473
0.002766894077567
0.002746158270810
0.002725765999882
0.002706352928355
0.002688510357326
0.002672767289311
0.002659574769664
0.002649292973864
0.002642181414792
0.002638392538881
0.002637968867147
0.002640843720574
0.002646845452747
0.002655704999955
0.002667066453844
0.002680500267378
0.002695518624445
0.002711592439329
0.002728169406429
0.002744692494350
0.002760618272427
0.002775434471885
0.002788676217465
0.002799940417145
0.002808897865574
0.002815302698678
0.002818998929602
0.002819923896606
0.002818108558246
0.002813674676662
0.002806829032482
0.002797854911447
0.002787101190068
0.002774969422842
0.002761899394242
0.002748353643080
0.002734801493705
0.002721703137015
0.002709494294508
0.002698571971081
0.002689281758129
0.002681907089493
0.002676660780992
0.002673679102364
0.002673018541292
0.002674655325814
0.002678487677201
0.002684340673341
0.002691973516038
0.002701088917160
0.002711344250909
0.002722364064716
0.002733753501133
0.002745112158717
0.002756047912001
0.002766190219109
0.002775202470130
0.002782792968681
0.002788724191949
0.002792820038593
0.002794970847157
0.002795136047274
0.002793344389189
0.002789691781118
0.002784336845759
0.002777494384067
