0.002676240607249
0.002680275172238
0.002684239198311
0.002688002397579
0.002691439974005
0.002694436796996
0.002696891293052
0.002698718924413
0.002699855136081
0.002700257669106
0.002699908157969
0.002698812952781
0.002697003132070
0.002694533698267
0.002691481974923
0.002687945251172
0.002684037744202
0.002679886973638
0.002675629662025
0.002671407292275
0.002667361465500
0.002663629210599
0.002660338399976
0.002657603423778
0.002655521267972
0.002654168129663
0.002653596686694
0.002653834118091
0.002654880948180
0.002656710760746
0.002659270801421
0.002662483457394
0.002666248574537
0.002670446544040
0.002674942064627
0.002679588463191
0.002684232437129
0.002688719066306
0.002692896932162
0.002696623176224
0.002699768330511
0.002702220758065
0.002703890552939
0.002704712765147
0.002704649836849
0.002703693160740
0.002701863699548
0.002699211635721
0.002695815051967
0.002691777675161
0.002687225747308
0.002682304116662
0.002677171668768
0.002671996240280
0.002666949177004
0.002662199711192
0.002657909341048
0.002654226397488
0.002651280979204
0.002649180427114
0.002648005493616
0.002647807341109
0.002648605478616
0.002650386715918
0.002653105182159
0.002656683421548
0.002661014543619
0.002665965370649
0.002671380491433
0.002677087099770
0.002682900468762
0.002688629889317
0.002694084883855
0.002699081494768
0.002703448442165
0.002707032947044
0.002709706024307
0.002711367064841
0.002711947546734
0.002711413742074
0.002709768316821
0.002707050756080
0.002703336584559
0.002698735390987
0.002693387704447
0.002687460808756
0.002681143616936
0.002674640760165
0.002668166073482
0.002661935682747
0.002656160913327
0.002651041249958
0.002646757578880
0.002643465937535
0.002641291983874
0.002640326377007
0.002640621234123
0.002642187796017
0.002644995396214
0.002648971787728
0.002654004838131
0.002659945559272
0.002666612394096
0.002673796640905
0.002681268856582
0.002688786045982
0.002696099416067
0.002702962451468
0.002709139053762
0.002714411480442
0.002718587821718
0.002721508763842
0.002723053406555
0.002723143928936
0.002721748931620
0.002718885323231
0.002714618663572
0.002709061924423
0.002702372679154
0.002694748783210
0.002686422657254
0.002677654331722
0.002668723454270
0.002659920498552
0.002651537442800
0.002643858208555
0.002637149162980
0.002631649991685
0.002627565242866
0.002625056827591
0.002624237735827
0.002625167193743
0.002627847445972
0.002632222298016
0.002638177500284
0.002645542997894
0.002654097011195
0.002663571852692
0.002673661328657
0.002684029519960
0.002694320688309
0.002704170012822
0.002713214829048
0.002721106019412
0.002727519191478
0.002732165279057
0.002734800211191
0.002735233315458
0.002733334154332
0.002729037535724
0.002722346490289
0.002713333067091
0.002702136864202
0.002688961279817
0.002674067540532
0.002657766634353
0.002640409344646
0.002622374645465
0.002604056776443
0.002585851364820
0.002568141001576
0.002551280706569
0.002535583733103
0.002521308164585
0.002508644744707
0.002497706357838
0.002488519538601
0.002481018339745
0.002475040826673
0.002470328396912
0.002466528045337
0.002463197613188
0.002459813973176
0.002455784016738
0.002450458225250
0.002443146527237
0.002433136070720
0.002419710476009
0.002402170081551
0.002379852655495
0.002352154019815
0.002318548023136
0.002278605303349
0.002232010301698
0.002178576026105
0.002118256112015
0.002051153792994
0.001977527468875
0.001897792644602
0.001812520105667
0.001722430293689
0.001628383945653
0.001531369159667
0.001432485146208
0.001332923013877
0.001233944020187
0.001136855788480
0.001042987049704
0.000953661510770
0.000870171478277
0.000793751876694
0.000725555293265
0.000666628658033
0.000617892127141
0.000580120681876
0.000553928886493
0.000539759166343
0.000537873876688
0.000548351334213
0.000571085880421
0.000605791941652
0.000652011947370
0.000709127869415
0.000776376052921
0.000852864927106
0.000937595113396
0.001029481391380
0.001127375941317
0.001230092256586
0.001336429111131
0.001445193975748
0.001555225302694
0.001665413139669
0.001774717590495
0.001882184709015
0.001986959492811
0.002088295731904
0.002185562561952
0.002278247668914
0.002365957189709
0.002448412448308
0.002525443756100
0.002596981586714
0.002663045506415
0.002723731299662
0.002779196773763
0.002829646755644
0.002875317806698
0.002916463178302
0.002953338511061
0.002986188745922
0.003015236666050
0.003040673426546
0.003062651356491
0.003081279236879
0.003096620171197
0.003108692075516
0.003117470724666
0.003122895203365
0.003124875528616
0.003123302134962
0.003118056849591
0.003109024931819
0.003096107712826
0.003079235347889
0.003058379185492
0.003033563265924
0.003004874486053
0.002972471006183
0.002936588528161
0.002897544139476
0.002855737494171
0.002811649185497
0.002765836254895
0.002718924874394
0.002671600331859
0.002624594538078
0.002578671358433
0.002534610147458
0.002493187929342
0.002455160719534
0.002421244520165
0.002392096543882
0.002368297226017
0.002350333573489
0.002338584370689
0.002333307718456
0.002334631323359
0.002342545882414
0.002356901825158
0.002377409583003
0.002403643457693
0.002435049059239
0.002470954181953
0.002510582888083
0.002553072474924
0.002597492916044
0.002642868292823
0.002688199671173
0.002732488831938
0.002774762233469
0.002814094572237
0.002849631312505
0.002880609579042
0.002906376846978
0.002926406919185
0.002940312752438
0.002947855777133
0.002948951449139
0.002943670873904
0.002932238449211
0.002915025581164
0.002892540634870
0.002865415383916
0.002834388318206
0.002800285255328
0.002763997773877
0.002726460046104
0.002688624690127
0.002651438287619
0.002615817220574
0.002582624470351
0.002552647993972
0.002526581247394
0.002505006364625
0.002488380426723
0.002477025168124
0.002471120371907
0.002470701103122
0.002475658823263
0.002485746322210
0.002500586299616
0.002519683328632
0.002542438843875
0.002568168715122
0.002596122900578
0.002625506620600
0.002655502455765
0.002685292753216
0.002714081722625
0.002741116617926
0.002765707432585
0.002787244583595
0.002805214121115
0.002819210074865
0.002828943632829
0.002834248939998
0.002835085402126
0.002831536478954
0.002823805050247
0.002812205533386
0.002797153020623
0.002779149784748
0.002758769571814
0.002736640156674
0.002713424679960
0.002689802312729
0.002666448806630
0.002644017482949
0.002623121193654
0.002604315752244
0.002588085283076
0.002574829876425
0.002564855864782
0.002558368956018
0.002555470373379
0.002556156063478
0.002560318944054
0.002567754075954
0.002578166560948
0.002591181891154
0.002606358408954
0.002623201480310
0.002641178940742
0.002659737343083
0.002678318520138
0.002696375973864
0.002713390615485
0.002728885407511
0.002742438497943
0.002753694487762
0.002762373533342
0.002768278053962
0.002771296888744
0.002771406825130
0.002768671499790
0.002763237750547
0.002755329571999
0.002745239896045
0.002733320479417
0.002719970231891
0.002705622359777
0.002690730728398
0.002675755863893
0.002661151018599
0.002647348715347
0.002634748164907
0.002623703918209
0.002614516072020
0.002607422294967
0.002602591881725
0.002600121978862
0.002600036058140
0.002602284644125
0.002606748234930
0.002613242289714
0.002621524096217
0.002631301277812
0.002642241653897
0.002653984131079
0.002666150276642
