0.002832572462758
0.002834771456243
0.002836679813203
0.002838211642090
0.002839297039955
0.002839885341610
0.002839947540171
0.002839477764328
0.002838493738684
0.002837036198123
0.002835167273415
0.002832967911123
0.002830534434304
0.002827974389580
0.002825401859050
0.002822932440788
0.002820678118117
0.002818742244652
0.002817214868885
0.002816168608972
0.002815655265717
0.002815703330693
0.002816316508026
0.002817473324501
0.002819127855002
0.002821211541120
0.002823636032083
0.002826296931237
0.002829078290136
0.002831857657764
0.002834511466061
0.002836920516086
0.002838975322502
0.002840581078149
0.002841662015081
0.002842164963073
0.002842061940270
0.002841351651914
0.002840059820189
0.002838238319234
0.002835963141872
0.002833331276585
0.002830456622099
0.002827465110762
0.002824489248473
0.002821662306744
0.002819112420160
0.002816956849185
0.002815296663562
0.002814212085557
0.002813758705622
0.002813964746719
0.002814829509129
0.002816323076900
0.002818387312304
0.002820938108259
0.002823868812900
0.002827054688020
0.002830358216104
0.002833635031393
0.002836740220523
0.002839534719342
0.002841891525283
0.002843701449745
0.002844878152121
0.002845362225831
0.002845124145811
0.002844165934748
0.002842521460019
0.002840255332358
0.002837460438265
0.002834254198487
0.002830773701741
0.002827169913907
0.002823601205727
0.002820226474694
0.002817198157880
0.002814655440663
0.002812717961415
0.002811480294089
0.002811007460015
0.002811331678314
0.002812450512722
0.002814326513617
0.002816888389944
0.002820033679420
0.002823632819627
0.002827534460304
0.002831571800991
0.002835569690792
0.002839352190409
0.002842750272629
0.002845609327220
0.002847796140308
0.002849205036853
0.002849762907078
0.002849432882484
0.002848216482601
0.002846154117590
0.002843323901616
0.002839838804550
0.002835842242020
0.002831502272866
0.002827004635797
0.002822544910537
0.002818320130730
0.002814520204273
0.002811319510191
0.002808869038934
0.002807289424873
0.002806665186400
0.002807040441653
0.002808416308246
0.002810750125993
0.002813956565164
0.002817910602631
0.002822452267595
0.002827392980958
0.002832523241119
0.002837621347214
0.002842462801300
0.002846829996034
0.002850521775686
0.002853362456926
0.002855209911982
0.002855962350145
0.002855563482945
0.002854005821876
0.002851331932753
0.002847633554671
0.002843048580738
0.002837755988450
0.002831968896139
0.002825926004431
0.002819881754610
0.002814095595990
0.002808820799008
0.002804293277781
0.002800720893789
0.002798273700519
0.002797075557585
0.002797197492868
0.002798653124468
0.002801396373207
0.002805321604142
0.002810266235737
0.002816015751988
0.002822310950152
0.002828857158963
0.002835335073632
0.002841412778168
0.002846758466127
0.002851053330483
0.002854004073958
0.002855354494120
0.002854895623082
0.002852473949212
0.002847997316451
0.002841438183141
0.002832834023835
0.002822284770411
0.002809947308827
0.002796027170305
0.002780767675909
0.002764436906444
0.002747312970932
0.002729668132197
0.002711752413805
0.002693777355669
0.002675900603959
0.002658212013265
0.002640721905022
0.002623352066741
0.002605929993286
0.002588186766998
0.002569758851232
0.002550193936229
0.002528960831680
0.002505463252218
0.002479057195554
0.002449071473490
0.002414830828681
0.002375680959525
0.002331014686210
0.002280298426031
0.002223098108487
0.002159103651774
0.002088151143006
0.002010241914311
0.001925557784522
0.001834471839129
0.001737554246278
0.001635572749733
0.001529487636418
0.001420441141063
0.001309741418442
0.001198841379042
0.001089312841512
0.000982816599702
0.000881069129042
0.000785806762288
0.000698748245150
0.000621556635565
0.000555801534930
0.000502922634973
0.000464195530546
0.000440700687847
0.000433296371674
0.000442596227267
0.000468952085766
0.000512442421413
0.000572866737934
0.000649746005721
0.000742329115128
0.000849605159189
0.000970321215468
0.001103005165560
0.001245992975380
0.001397459762401
0.001555453899709
0.001717933352215
0.001882803408460
0.002047954961855
0.002211302507239
0.002370821050902
0.002524581182736
0.002670781625666
0.002807778657244
0.002934111888427
0.003048525982068
0.003149987995631
0.003237700136192
0.003311107818244
0.003369903013883
0.003414022978423
0.003443644520805
0.003459174065960
0.003461233824624
0.003450644444453
0.003428404564416
0.003395667732419
0.003353717174247
0.003303938920688
0.003247793809767
0.003186788883021
0.003122448689410
0.003056286998440
0.002989779405963
0.002924337292485
0.002861283564935
0.002801830579188
0.002747060602316
0.002697909130703
0.002655151333008
0.002619391835558
0.002591058012273
0.002570396882009
0.002557475653581
0.002552185893274
0.002554251222237
0.002563238382547
0.002578571442357
0.002599548843587
0.002625362931728
0.002655121548200
0.002687871213076
0.002722621381656
0.002758369224074
0.002794124354489
0.002828932926788
0.002861900518249
0.002892213242018
0.002919156563877
0.002942131348457
0.002960666724125
0.002974429433144
0.002983229422600
0.002987021529947
0.002985903222182
0.002980108456735
0.002969997841889
0.002956045381507
0.002938822189696
0.002918977652243
0.002897218590194
0.002874287043787
0.002850937339790
0.002827913130156
0.002805925093549
0.002785629973164
0.002767611584474
0.002752364366066
0.002740279967174
0.002731637269305
0.002726596129400
0.002725195011863
0.002727352550464
0.002732872952789
0.002741455033972
0.002752704547232
0.002766149370463
0.002781257014557
0.002797453843692
0.002814145343234
0.002830736739107
0.002846653264880
0.002861359389549
0.002874376359707
0.002885297472984
0.002893800583213
0.002899657438582
0.002902739568666
0.002903020560418
0.002900574692501
0.002895572027048
0.002888270183412
0.002879003134986
0.002868167473719
0.002856206673549
0.002843593950703
0.002830814363118
0.002818346811741
0.002806646602360
0.002796129198344
0.002787155743283
0.002780020860125
0.002774943142876
0.002772058651682
0.002771417606305
0.002772984350998
0.002776640540277
0.002782191374736
0.002789374603410
0.002797871908494
0.002807322203166
0.002817336306990
0.002827512418278
0.002837451780344
0.002846773939499
0.002855131016669
0.002862220460449
0.002867795815355
0.002871675122157
0.002873746664151
0.002873971880089
0.002872385377029
0.002869092090098
0.002864261746678
0.002858120895462
0.002850942852331
0.002843035991533
0.002834730869361
0.002826366706369
0.002818277771765
0.002810780209524
0.002804159820438
0.002798661268927
0.002794479120063
0.002791751033617
0.002790553351311
0.002790899214632
0.002792739247565
0.002795964735537
0.002800413133004
0.002805875641145
0.002812106517874
0.002818833717619
0.002825770410686
0.002832626903122
0.002839122468804
0.002844996616109
0.002850019341329
0.002853999968549
0.002856794238806
0.002858309387333
0.002858507033251
0.002857403797665
0.002855069659883
0.002851624153667
0.002847230592156
0.002842088588093
0.002836425201933
0.002830485101992
0.002824520155877
0.002818778889926
0.002813496252681
0.002808884099850
0.002805122782671
0.002802354170837
0.002800676377364
0.002800140378842
0.002800748643494
0.002802455794898
0.002805171254554
0.002808763725259
0.002813067302768
0.002817888938542
0.002823016923923
0.002828230028101
0.002833306899875
0.002838035337461
