0.002890068577526
0.002889332651294
0.002888631204028
0.002888003633376
0.002887486135147
0.002887109765085
0.002886898744607
0.002886869101452
0.002887027719810
0.002887371853986
0.002887889136212
0.002888558083902
0.002889349085788
0.002890225821352
0.002891147044991
0.002892068646717
0.002892945885904
0.002893735684489
0.002894398861696
0.002894902194068
0.002895220192316
0.002895336499929
0.002895244836937
0.002894949434897
0.002894464934772
0.002893815746834
0.002893034899454
0.002892162430314
0.002891243397829
0.002890325611007
0.002889457191690
0.002888684093027
0.002888047701786
0.002887582649266
0.002887314946285
0.002887260542436
0.002887424389086
0.002887800060658
0.002888369960572
0.002889106108503
0.002889971475548
0.002890921805332
0.002891907833218
0.002892877794205
0.002893780093796
0.002894566006124
0.002895192260392
0.002895623380619
0.002895833654526
0.002895808624788
0.002895546018951
0.002895056062016
0.002894361146580
0.002893494868086
0.002892500465416
0.002891428738140
0.002890335539630
0.002889278968442
0.002888316397631
0.002887501492077
0.002886881366771
0.002886494034107
0.002886366275750
0.002886512055016
0.002886931559896
0.002887610936079
0.002888522735018
0.002889627066032
0.002890873405338
0.002892202980666
0.002893551619466
0.002894852923269
0.002896041611914
0.002897056870086
0.002897845525735
0.002898364895593
0.002898585147160
0.002898491048500
0.002898083006094
0.002897377325377
0.002896405666901
0.002895213711401
0.002893859087336
0.002892408652866
0.002890935258507
0.002889514145345
0.002888219154906
0.002887118939547
0.002886273365698
0.002885730296084
0.002885522921399
0.002885667787333
0.002886163630508
0.002886991098179
0.002888113383381
0.002889477761595
0.002891017969228
0.002892657320509
0.002894312420099
0.002895897295711
0.002897327750300
0.002898525718100
0.002899423404081
0.002899966992609
0.002900119728198
0.002899864198539
0.002899203686410
0.002898162500909
0.002896785247766
0.002895135050839
0.002893290789847
0.002891343470256
0.002889391887478
0.002887537786721
0.002885880749920
0.002884513060395
0.002883514803115
0.002882949452974
0.002882860185371
0.002883267113145
0.002884165612828
0.002885525852958
0.002887293580123
0.002889392157146
0.002891725785201
0.002894183780867
0.002896645723045
0.002898987236274
0.002901086138831
0.002902828658172
0.002904115404428
0.002904866795690
0.002905027647029
0.002904570667994
0.002903498659651
0.002901845260064
0.002899674154038
0.002897076735858
0.002894168289419
0.002891082824748
0.002887966780012
0.002884971859958
0.002882247332226
0.002879932139237
0.002878147203211
0.002876988303834
0.002876519891535
0.002876770164401
0.002877727684639
0.002879339743038
0.002881512599940
0.002884113642164
0.002886975401201
0.002889901283068
0.002892672769230
0.002895057765243
0.002896819703810
0.002897726955450
0.002897562066299
0.002896130331037
0.002893267221157
0.002888844225064
0.002882772716250
0.002875005547234
0.002865536167132
0.002854395176007
0.002841644354600
0.002827368338544
0.002811664235785
0.002794629608713
0.002776349352481
0.002756882092530
0.002736246792358
0.002714410302811
0.002691276593469
0.002666678382963
0.002640371827698
0.002612034838235
0.002581269471607
0.002547608699887
0.002510527685174
0.002469459504898
0.002423815076052
0.002373006830170
0.002316475500775
0.002253719209652
0.002184323885550
0.002107993926064
0.002024581926790
0.001934116256621
0.001836825257868
0.001733156896919
0.001623792785596
0.001509655633745
0.001391909376437
0.001271951439361
0.001151396856740
0.001032054229185
0.000915893795076
0.000805008178112
0.000701566655138
0.000607764051590
0.000525765606676
0.000457649347264
0.000405347659993
0.000370589848563
0.000354847502268
0.000359284479631
0.000384713226446
0.000431559001919
0.000499833383496
0.000589118166012
0.000698560471576
0.000826879552700
0.000972385413140
0.001133009000821
0.001306343357500
0.001489694753059
0.001680142501187
0.001874605859140
0.002069916168053
0.002262892200772
0.002450416558631
0.002629510901891
0.002797407813420
0.002951617181633
0.003089985144527
0.003210743856950
0.003312550621048
0.003394515246051
0.003456214867345
0.003497695844069
0.003519462756156
0.003522454922273
0.003508011246178
0.003477824557390
0.003433886931003
0.003378427740197
0.003313846404677
0.003242641942285
0.003167341504677
0.003090430079524
0.003014283471504
0.002941106535535
0.002872878433624
0.002811306428940
0.002757789426647
0.002713392131720
0.002678830331331
0.002654467436390
0.002640322046229
0.002636085945146
0.002641151611386
0.002654648029259
0.002675483352575
0.002702392780268
0.002733989878145
0.002768819517649
0.002805410604033
0.002842326831099
0.002878213823946
0.002911841209252
0.002942138376900
0.002968222958160
0.002989421333922
0.003005280790582
0.003015573249818
0.003020290800298
0.003019633543667
0.003013990524007
0.003003914730750
0.002990093342641
0.002973314509465
0.002954432045490
0.002934329432542
0.002913884501992
0.002893936086322
0.002875253806743
0.002858511999645
0.002844268588846
0.002832949490996
0.002824838907315
0.002820075615342
0.002818655139017
0.002820437453037
0.002825159676287
0.002832453036285
0.002841863247895
0.002852873349344
0.002864927979494
0.002877458063465
0.002889904898251
0.002901742693777
0.002912498723922
0.002921770371502
0.002929238504695
0.002934676793162
0.002937956752577
0.002939048488931
0.002938017291313
0.002935016386829
0.002930276317665
0.002924091522502
0.002916804798486
0.002908790382620
0.002900436421323
0.002892127593726
0.002884228619260
0.002877069315711
0.002870931783789
0.002866040182931
0.002862553435951
0.002860561062999
0.002860082204318
0.002861067752447
0.002863405383767
0.002866927161790
0.002871419285079
0.002876633474796
0.002882299443260
0.002888137857176
0.002893873207790
0.002899246024280
0.002904023914631
0.002908010987001
0.002911055290831
0.002913054016208
0.002913956297655
0.002913763579659
0.002912527610744
0.002910346236244
0.002907357252468
0.002903730663154
0.002899659739783
0.002895351328330
0.002891015865105
0.002886857563124
0.002883065208681
0.002879803966883
0.002877208537289
0.002875377929517
0.002874372047166
0.002874210180780
0.002874871420785
0.002876296913550
0.002878393801837
0.002881040618509
0.002884093842366
0.002887395279954
0.002890779908647
0.002894083805218
0.002897151790491
0.002899844443865
0.002902044179893
0.002903660130769
0.002904631640599
0.002904930246804
0.002904560097453
0.002903556827269
0.002901984986165
0.002899934179115
0.002897514132212
0.002894848944409
0.002892070816002
0.002889313562105
0.002886706221815
0.002884367061667
0.002882398246141
0.002880881410080
0.002879874319782
0.002879408753778
0.002879489673744
0.002880095693386
0.002881180791671
0.002882677159097
0.002884499014660
0.002886547188782
0.002888714235820
0.002890889819860
0.002892966110233
0.002894842928562
0.002896432406599
0.002897662942712
0.002898482282914
0.002898859597888
0.002898786478198
0.002898276823306
0.002897365653532
0.002896106925131
0.002894570474885
0.002892838259845
0.002891000088414
0.002889149059533
0.002887376936484
0.002885769680527
0.002884403357528
0.002883340608578
0.002882627844753
0.002882293288097
0.002882345937712
0.002882775493581
