0.0034582585938105637
0.003448501550143167
0.0034434682967043034
0.003443874336591231
0.003449902736248336
0.0034611652955272567
0.0034767202583803904
0.0034951465965606834
0.003514669282349595
0.0035333247699776667
0.0035491516424928423
0.003560388479069814
0.0035656597570330392
0.003564131165828894
0.003555618048229359
0.0035406346000591868
0.0035203766070920303
0.003496636413630527
0.0034716549667648967
0.0034479216069433103
0.0034279372532233583
0.0034139603130357043
0.003407756702884032
0.003410375616535499
0.003421971100270229
0.003441686229673074
0.003467612012029696
0.00349682746055217
0.003525521076365449
0.0035491877397301175
0.0035628892500316565
0.003561561907720903
0.003540350954942747
0.003494949625014139
0.003421920105795572
0.0033189748795553
0.003185199522435968
0.003021201888637605
0.0028291773511065045
0.0026128850602199095
0.0023775356396958216
0.0021295960058296277
0.0018765217541789965
0.0016264315483996948
0.001387740981082903
0.0011687753426238238
0.0009773815895893793
0.0008205595708735227
0.0007041313229018886
0.000632465098969327
0.0006082678946756271
0.0006324567304054848
0.000704115020668971
0.0008205361702371375
0.0009773522606973837
0.0011687415007670485
0.0013877041818121938
0.001626393377969586
0.0018764837259742622
0.002129559472429288
0.0023775017281678595
0.0026128546353696115
0.002829151008065439
0.0030211799727740962
0.0031851821714919933
0.003318962080527214
0.003421911757650784
0.0034949455980300293
0.003540351138290481
0.0035615662387811905
0.003562897721585318
0.003549200384282863
0.0035255379300588303
0.0034968485119886597
0.003467637143545601
0.0034417151598559823
0.003422003336679988
0.003410410426622764
0.003407793109118794
0.003413997115491937
0.003427973079642382
0.003447954987000669
0.0034716844242864966
0.003496660568199938
0.00352039427513943
0.003540644885288589
0.0035556204121585055
0.0035641254711830236
0.0035656462795249913
0.003560367886392784
0.0035491249427685107
0.0035332932350486466
0.0035146343538213216
0.0034951097841002974
0.003476683040293614
0.0034611290310136234
0.0034498685970679177
0.0034438432633734587
0.0034434409820988925
0.003448478447821605
0.003458239949356224
