0.0034875326075742737
0.003474922083123266
0.003464976459120358
0.003458900508355886
0.0034575275335822437
0.0034612142292636447
0.003469782711295487
0.0034825175104304497
0.0034982197945754986
0.0035153151741128055
0.0035320057523751842
0.003546452195342324
0.003556968021240308
0.003562206436283643
0.003561320085784134
0.003554076080523342
0.0035409124352321353
0.003522927281906873
0.003501798415392566
0.003479637316251518
0.0034587881606095872
0.0034415878719332277
0.0034301074748531142
0.003425897479679972
0.003429760521399347
0.0034415729414754804
0.0034601735595169098
0.0034833328269204835
0.0035078093158899854
0.003529493600916102
0.003543632609696742
0.0035451210267631967
0.003528840843585953
0.003490026087162256
0.0034246274225264595
0.003329650865637863
0.0032034462632875072
0.0030459243542721626
0.0028586858548322394
0.0026450517480985387
0.0024099903753473945
0.0021599435715405034
0.0019025605108056543
0.0016463537184100252
0.001400296515831918
0.0011733847262118294
0.0009741876005296035
0.0008104135455630124
0.0006885153488101517
0.0006133572916785731
0.0005879629807435497
0.0006133581271139468
0.000688517130704152
0.0008104164762337472
0.0009741919366973899
0.0011733907297556893
0.0014003043986663595
0.0016463635888145926
0.0019025723284968057
0.0021599571178298146
0.002410005242993605
0.002645067353141208
0.00285870147007079
0.003045939161441737
0.0032034594186979293
0.0033296615723600064
0.0034246350013351803
0.0034900300384835088
0.00352884089364458
0.003545117152874612
0.0035436250419822956
0.0035294828003698342
0.003507795931368904
0.0034833176359578047
0.0034601573995938968
0.003441556639330562
0.0034297448279977443
0.0034258830176163283
0.0034300947033241887
0.0034415770722032273
0.0034587794423695164
0.0034796306427551773
0.0035017936430408957
0.0035229242083147276
0.0035409108489415
0.003554075805522636
0.0035613210148463096
0.0035622085487326204
0.0035569713828916437
0.003546456940769851
0.0035320120520296473
0.0035153231908638975
0.003498229635711531
0.003482529181847529
0.0034697960804539337
0.003461229002501863
0.003457543251678997
0.003458916562029043
0.0034649921237156415
0.0034749365693781883
0.0034875451233315428
