0.0035068551746009423
0.003530428042525101
0.0035495351103763816
0.003562697431121054
0.003568786996158856
0.003567113339062254
0.0035574841272772786
0.003540235173101205
0.003516227131331728
0.0034868081872351814
0.0034537441486163015
0.0034191194074851376
0.003385214100314531
0.0033543643523499794
0.0033288136408836278
0.0033105639803420947
0.003301235774490974
0.0033019447875767063
0.003313203780636002
0.0033348549980310007
0.0033660379579332975
0.0034051950075015555
0.0034501149731329095
0.003498013099996493
0.0035456434631182324
0.003589438264414481
0.0036256670080569626
0.0036506075476839235
0.0036607204714423683
0.003652818251303588
0.003624221016520709
0.0035728916729546147
0.0034975443104404615
0.003397721330163542
0.003273836381635708
0.003127181918219286
0.002959901858282648
0.002774931383270154
0.0025759072376704147
0.0023670529630107854
0.0021530442654890676
0.0019388601749858684
0.0017296258142207982
0.0015304524916785458
0.0013462805057448352
0.0011817295540692036
0.0010409610382361126
0.0009275558934351042
0.00084441090251027
0.0007936558088618422
0.000776592945057372
0.000793660551557106
0.0008444204675667921
0.0009275704181487966
0.0010409806760308797
0.0011817544184016407
0.0013463106060815932
0.0015304876693084239
0.0017296656859442775
0.001938904092155443
0.0021530912945064242
0.0023671018913555527
0.002575956607041579
0.0027749795487154094
0.0029599470695451007
0.003127222417212844
0.003273870508205651
0.0033977476272770545
0.0034975616197892266
0.003572899212658971
0.0036242184341365117
0.003652805647502615
0.0036606983923529665
0.0036505769466842588
0.0036256291805338344
0.0035893947613702217
0.003545595991296481
0.0034979634172331063
0.0034500647878253146
0.003405145890417865
0.0033659912731273407
0.003334811857544486
0.0033131650251706753
0.0033019109926636482
0.0033012072791415957
0.0033105409329931205
0.003328796055863988
0.0033543521692574133
0.0033852072386729107
0.0034191178098542116
0.00345374780685369
0.0034868171487011873
0.003516241484258207
0.0035402550128590137
0.003557509507606681
0.003567144214230174
0.0035688231612731897
0.0035627384683277765
0.003549580348331517
0.0035304765353979884
0.0035069057050375525
