0.0035296724288427957
0.003531534762951204
0.003533289572383123
0.0035347144364184374
0.003535612375227064
0.003535846928073758
0.003535371993390295
0.0035342508521415505
0.0035326597987651483
0.003530873702060586
0.0035292334284001987
0.003528098053029483
0.003527787720594428
0.0035285253948086235
0.0035303870773332386
0.0035332699941805603
0.003536886538020906
0.0035407884485181063
0.0035444211112526727
0.0035472025206496494
0.0035486161537058307
0.0035483026235636787
0.003546132397288183
0.0035422417878335525
0.003537017290364281
0.003531019148525095
0.003524843362847406
0.0035189312866835912
0.0035133462076081465
0.0035075453622330933
0.003500182126990388
0.003488975316476285
0.0034706796874697794
0.0034411835978238915
0.003395746753390913
0.0033293742999974496
0.0032373050519862146
0.0031155737246402497
0.002961592153741501
0.002774684965550602
0.0025565128068314844
0.0023113220388116485
0.0020459736998029296
0.0017697254151555612
0.0014937656379177904
0.0012305272201239346
0.0009928335032831424
0.0007929515499445388
0.0006416409520482259
0.0005472908494339593
0.000515231541159504
0.0005472908494339596
0.0006416409520482258
0.0007929515499445395
0.000992833503283142
0.001230527220123935
0.0014937656379177921
0.0017697254151555614
0.002045973699802932
0.0023113220388116507
0.002556512806831484
0.0027746849655506034
0.002961592153741501
0.003115573724640253
0.0032373050519862163
0.00332937429999745
0.0033957467533909146
0.00344118359782389
0.0034706796874697777
0.003488975316476286
0.003500182126990387
0.0035075453622330946
0.003513346207608144
0.003518931286683591
0.0035248433628474072
0.003531019148525093
0.0035370172903642794
0.0035422417878335495
0.003546132397288183
0.003548302623563676
0.0035486161537058294
0.003547202520649645
0.0035444211112526723
0.0035407884485181046
0.003536886538020906
0.0035332699941805655
0.00353038707733324
0.0035285253948086257
0.00352778772059443
0.003528098053029485
0.003529233428400198
0.0035308737020605862
0.00353265979876515
0.003534250852141551
0.003535371993390295
0.003535846928073758
0.0035356123752270643
0.003534714436418437
0.003533289572383121
0.0035315347629512055
0.0035296724288427974
