0.002815424784621332
0.002798799558962488
0.0027840867340219325
0.0027720065991515665
0.002763213854375335
0.002758269015691455
0.0027576118742278183
0.002761537966019468
0.0027701789220722804
0.0027834874512215253
0.002801227565291847
0.00282297049229426
0.00284809654460524
0.00287580302145918
0.0029051180350561086
0.0029349199635223186
0.002963962057985333
0.0029909015707868204
0.003014332632344935
0.0030328219895557
0.003044946632110423
0.0030493322768922354
0.003044691655818505
0.00302986155916522
0.003003837623562152
0.0029658059195478747
0.002915170485041317
0.0028515760648320275
0.002774925448170454
0.00268539094232053
0.002583419674871549
0.0024697325769995537
0.002345317059138399
0.002211413545342926
0.0020694961790596366
0.0019212481476052568
0.0017685321924896182
0.0016133569755095156
0.0014578400546116808
0.0013041682878205986
0.0011545565275838188
0.0010112054917769183
0.0008762597018814582
0.0007517663644531
0.000639636040206169
0.0005416058973695263
0.000459206284095065
0.00039373128039818257
0.0003462138051893381
0.00031740576021810503
0.00030776359195559187
0.0003174395462883567
0.0003462787810240529
0.0003938223891964063
0.00045931627354419075
0.0005417257008455993
0.0006397552555399359
0.0007518738068134048
0.0008763440036589907
0.001011255719988521
0.0011545627883750237
0.0013041222881681259
0.0014577355932943617
0.0016131903387322961
0.0017683024340530928
0.0019209572389974373
0.0020691490210453887
0.0022110178392432903
0.00234488304271032
0.0024692726363246638
0.002582947849629451
0.0026849223469713555
0.0027744756356563893
0.002851160362231667
0.002914803332038093
0.002965500240535021
0.0030036042627023907
0.0030297088048243633
0.0030446248766357806
0.003049353686533868
0.0030450551937250304
0.003033013464397309
0.003014599770263981
0.00299123443363358
0.0029643484607408755
0.002935346012465828
0.002905568737756409
0.002876262940057456
0.0028485504618927654
0.002823404059576294
0.0028016279019899477
0.0027838436685543796
0.0027704825468545576
0.002761783245451278
0.0027577959482821676
0.0027583919500686793
0.0027632785336770037
0.002772018486611826
0.0027840535105016747
0.002798730659656564
0.0028153308567766835
