0.0030462540958663626
0.003046450882562524
0.0030464793198855273
0.003046338516349085
0.0030460514930845247
0.0030456643480733228
0.0030452418860511246
0.00304485994085742
0.0030445951256228843
0.0030445131960861902
0.0030446575245517814
0.003045039288194981
0.003045630829886764
0.003046363239616889
0.0030471285566536356
0.0030477861746843688
0.0030481721491074903
0.0030481092886746972
0.003047415304892902
0.003045906025430243
0.0030433908562161843
0.003039658356127091
0.003034450959405549
0.003027429463756664
0.003018129745086591
0.003005916051925743
0.0029899369231585664
0.0029690910001341246
0.002942010529015206
0.002907069987981423
0.0028624259300653807
0.002806091818919148
0.0027360484852716003
0.00265038709746853
0.002547477571100519
0.0024261515586347267
0.0022858860027241976
0.002126971123316188
0.0019506459790349703
0.0017591856154431265
0.0015559263476275175
0.001345219807586401
0.0011323117288295735
0.0009231475983566631
0.0007241137226271403
0.0005417283129206664
0.0003823022850762337
0.0002515930485058206
0.00015447622091736496
0.0000946597195641211
0.00007446202771078467
0.00009467181360549092
0.00015449988588583339
0.00025162726276012364
0.0003823455759477247
0.0005417788239508697
0.0007241692961977251
0.0009232058686340289
0.0011323702197072627
0.0013452760305551737
0.0015559778951675903
0.0017592302464988826
0.0019506816942502182
0.002126996228817731
0.0022858991621944923
0.0024261518340946914
0.0025474644531628603
0.0026503605258092508
0.002736008859749118
0.002806040001243087
0.002862363235312292
0.0029069981647191013
0.002941931726470712
0.0029690077208342175
0.00298985195985041
0.0030058324083583224
0.003018050541346986
0.0030273578282025582
0.0030343899106661525
0.0030396106799862677
0.0030433589832704615
0.0030458919160796256
0.003047420348365931
0.0030481342223607107
0.0030482170034833705
0.003047850247659601
0.00304721041935053
0.00304646077362547
0.0030457412940770286
0.003045159411418305
0.003044783619175986
0.0030446412863968106
0.003044721084740384
0.0030449796299574553
0.003045351290265094
0.0030457597043738157
0.0030461294065788126
0.003046396062556897
0.0030465141316190327
0.003046461220840349
0.003046238904807167
