0.0030429129253000146
0.0030414119504634596
0.0030396792745563755
0.0030379209415351107
0.0030363578632564272
0.0030351992660232327
0.0030346159587906906
0.003034716690759131
0.003035530674560853
0.003036998763314914
0.0030389748284583833
0.003041237678197307
0.0030435125088314635
0.003045499543730866
0.003046906347928682
0.003047479463044867
0.0030470306150794865
0.003045452892671772
0.0030427230081493057
0.0030388870095799598
0.0030340285185659864
0.003028220578690876
0.003021464321756259
0.0030136196743243073
0.003004335010527957
0.0029929838003470276
0.0029786167366351573
0.002959937439290624
0.0029353085952187
0.002902793344420386
0.0028602339945520373
0.002805366942424635
0.0027359692644189255
0.002650029109474898
0.002545929099893871
0.0024226297104930393
0.002279838303232946
0.002118149318419133
0.0019391421501798718
0.0017454254457333314
0.0015406198422937864
0.0013292752713110986
0.0011167236139026085
0.0009088723225700662
0.0007119492433051123
0.000532212894954414
0.0003756455441021842
0.00024764827833320446
0.00015275774814415942
0.00009440324979778418
0.00007472040974140627
0.00009443407454406649
0.0001528183812596683
0.0002477367359168951
0.0003757589687419863
0.0005323476878782974
0.0007121012250094089
0.0009090369105650485
0.0011168960056049432
0.001329450620622925
0.0015407934199510162
0.0017455927758845266
0.0019392991185888668
0.002118292250832537
0.002279964015465193
0.0024227355343278967
0.0025460128907141286
0.0026500892424336517
0.00273600462588835
0.0028053769224502707
0.002860218484261031
0.0029027527400307005
0.0029352438077842437
0.002959849906930576
0.0029785084340556967
0.002992857239238746
0.003004193224095881
0.0030134661798563436
0.003021303056718678
0.0030280558082013487
0.0030338647149831264
0.0030387287080414016
0.0030425746448331623
0.003045318635001254
0.003046914194737842
0.003047384023300556
0.003046834316280951
0.003045452539288755
0.00304349129127308
0.0030412421418686665
0.0030390040414927317
0.003037051047961626
0.0030356037215901154
0.003034807698199062
0.003034721783625487
0.003035316576995289
0.003036483283607724
0.0030380511722994013
0.0030398111916604426
0.0030415426721045443
0.0030430398494691435
