0.0029847636942883604
0.0029914758747208088
0.0029979904997507884
0.0030037948289842716
0.0030083991881310673
0.00301137514421727
0.003012391566348773
0.00301124579034855
0.003007887253991097
0.0030024313034647597
0.0029951613793018452
0.002986518447749255
0.0029770773170718166
0.002967510324228609
0.0029585397457331363
0.002950881123526664
0.002945180448036913
0.0029419487547590072
0.0029414981223127882
0.0029438832728108577
0.0029488529450903984
0.0029558149272058817
0.0029638181007203106
0.00297155408512603
0.0029773801101028686
0.0029793636332725673
0.0029753480193394377
0.0029630373683765827
0.002940097395929075
0.002904268195058972
0.0028534838159781552
0.002785992940117771
0.0027004745484913205
0.002596142420664521
0.002472832565490762
0.0023310682749521526
0.0021720983866320566
0.0019979054997005356
0.0018111822592776486
0.001615275337138974
0.0014140983159908974
0.0012120162477091017
0.001013706119933184
0.0008239987509813419
0.0006477086691998772
0.0004894592609243546
0.00035351084826143106
0.0002435993592421702
0.0001627928737180488
0.00011337258411534489
0.0000967436358669016
0.00011337996083687432
0.00016280565618371668
0.00024361377006998217
0.00035352162069729226
0.0004894600849756478
0.0006476927339392009
0.0008239593428772684
0.0010136372327315558
0.0012119131582479087
0.0014139580824708477
0.0016150971816436743
0.0018109678043717868
0.001997658839164551
0.0021718259820935728
0.002330778682518522
0.002472536008597346
0.002595850236369283
0.0027001985435839413
0.0027857447000192727
0.002853274013011873
0.0029041059430149688
0.0029399896948919422
0.002962988677744295
0.00297535998825073
0.0029794350068932433
0.0029775068181545523
0.0029717295065230364
0.0029640334860928956
0.0029560599502815995
0.002949116345139996
0.0029441535442564686
0.002941764204571812
0.002942200675666055
0.0029454098777246277
0.0029510818021988338
0.002958707757861734
0.0029676442027020402
0.002977177972932419
0.0029865889335238625
0.0029952065056722903
0.0030024571393134566
0.0030079005479621947
0.003011253357415507
0.003012399685099152
0.0030113890095025547
0.0030084224594649827
0.0030038293079168526
0.002998035959912733
0.0029915300570079652
0.002984822467544502
