0.003036821740148711
0.003034455372546618
0.003032190889122252
0.003030295859820759
0.0030290087592257623
0.003028509984515486
0.003028897937891905
0.0030301731617932938
0.0030322327577382508
0.0030348762591775854
0.003037822862288634
0.0030407385713456846
0.003043270528761841
0.0030450847184066085
0.003045902486481973
0.003045531022707458
0.0030438831525484216
0.0030409825274511663
0.00303695153048961
0.0030319808529284545
0.0030262816093470386
0.0030200228748211043
0.003013259454670557
0.003005856338035209
0.002997417457480424
0.0029872269265941594
0.002974210753124401
0.0029569260844225145
0.002933583360725277
0.00290210442551678
0.0028602168307276157
0.002805581491077735
0.0027359477365825335
0.0026493269516771603
0.0025441736337650485
0.0024195610839657412
0.002275338238241251
0.0021122544691512994
0.0019320405675542036
0.0017374364933627668
0.001532159723732785
0.0013208119085473138
0.0011087257892279274
0.0009017586312219253
0.000706042432555986
0.0005277045831377737
0.00037257518381614947
0.0002458986751469076
0.0001520676393780913
0.00009439558502328632
0.00007494325939233945
0.00009440971315891742
0.00015209519838358662
0.0002459383183726587
0.00037262500667943144
0.0005277622499518251
0.0007061053274957688
0.0009018240202637638
0.0011087909792952965
0.001320874390855239
0.0015322172903555684
0.001737487319129108
0.0019320832531674625
0.002112288045535265
0.0022753621360883615
0.002419575075896705
0.002544177759038327
0.002649321434754263
0.0027359329109269094
0.0028055577383472195
0.0028601845431578416
0.0029020639960540295
0.0029335352017147063
0.0029568706718102068
0.002974148689618826
0.00298715901444888
0.0029973447698223017
0.003005780277176164
0.003013181786677196
0.0030199457317039795
0.003026207453362958
0.003031912401344306
0.0030368916433329944
0.003040934064831985
0.0030438488116450646
0.0030455131670938827
0.00304590298184483
0.003045104788706364
0.0030433106455124664
0.003040798386051793
0.0030379011884465205
0.0030349711059808877
0.003032341413159615
0.0030302923184910235
0.003029023851838983
0.0030286386537199134
0.0030291361086495195
0.0030304179187192475
0.0030323039484803013
0.003034556112903439
0.0030369073235827467
