0.002705644588729448
0.0026957944120727063
0.0026905651834008117
0.002690379157779528
0.002695499338070448
0.0027060141109251927
0.002721826982152638
0.002742651788736456
0.0027680135871707796
0.0027972552347370547
0.0028295494983329762
0.002863916350825213
0.002899244953607223
0.0029343196814952868
0.0029678494269061067
0.002998499328108175
0.0030249240038481753
0.0030458013453083972
0.0030598659164682252
0.003065941044683344
0.003062968742725692
0.0030500366887143025
0.003026401597523207
0.0029915084418995056
0.0029450051186871995
0.002886752299966159
0.0028168283552409586
0.0027355293738486647
0.002643364451632791
0.0025410465283073657
0.002429479168140015
0.0023097397637448914
0.0021830597089091755
0.0020508021304277042
0.0019144377907752436
0.0017755197738969508
0.0016356575470709805
0.001496490955048022
0.0013596646514509674
0.0012268034101124165
0.0010994886892945303
0.0009792367483201802
0.0008674785427040907
0.0007655415538093612
0.0006746336453624007
0.0005958289842954414
0.0005300560191712168
0.000478087476995582
0.00044053231892062763
0.00041782958683048014
0.000410244075038963
0.0004178637726477342
0.000440599040334217
0.0004781835078910161
0.0005301767029109367
0.0005959684437084402
0.0006747850480714373
0.0007656974211647371
0.0008676310886591401
0.00097937823325058
0.0010996117730899652
0.0012269014888848118
0.0013597321629079183
0.0014965236389424914
0.0016356526490991633
0.00177547618388955
0.00191435610890482
0.0020506846583101396
0.0021829103657721874
0.0023095639311264725
0.0024292834697202574
0.002540838554330564
0.0026431524398177354
0.002735321860606432
0.00281663381233688
0.002886578772417988
0.0029448598796559637
0.002991397679604331
0.0030263301478282672
0.0030500078250552958
0.003062984032551548
0.0030660002786952727
0.003059967113769356
0.003045940834271836
0.003025096575214142
0.0029986984536761437
0.002968067534333439
0.0029345484732745267
0.0028994757563767628
0.002864140479856409
0.0028297586213881644
0.0027974417195356337
0.0027681708174324597
0.00274277443515964
0.002721911216670737
0.002706057755077077
0.0026955019392140155
0.00269034199004231
0.002690491173559962
0.00269568799384384
0.0027055114920755186
