0.0029851900457197687
0.0029875782876564484
0.0029878983747817145
0.0029859833318433716
0.0029817961922558992
0.0029754417906438283
0.002967170688645871
0.0029573743905503846
0.002946571434509958
0.0029353844223759733
0.0029245085534365476
0.002914672728990158
0.002906594769086733
0.002900932703519321
0.002898234441512235
0.002898888366806622
0.002903077529543018
0.002910740101370712
0.002921538619624151
0.002934840270934184
0.002949710061911937
0.0029649182089177594
0.002978962471005563
0.0029901054759121346
0.0029964263787045516
0.0029958854795488236
0.002986399745472611
0.0029659265650513076
0.0029325525466686563
0.0028845837786993468
0.002820633726734939
0.00273970486545151
0.002641260240066749
0.0025252814256372666
0.0023923097944528074
0.002243468597070839
0.002080464088074341
0.0019055647537423361
0.0017215585904451192
0.0015316893008702728
0.0013395731792990883
0.0011490993061321355
0.0009643164265922552
0.0007893105136114785
0.000628077480366727
0.0004843957907089368
0.0003617038008422734
0.0002629865469182917
0.0001906763737967934
0.00014657129231952624
0.00013177427690989646
0.00014665590072840501
0.0001908417869722311
0.0002632253720108983
0.00036200547167267443
0.0004847471599025175
0.0006284635519265575
0.0007897152716863764
0.0009647237105040701
0.001149493679113666
0.0013399407390199008
0.0015320183836494746
0.0017218403278270987
0.001905793449419502
0.002080637394399276
0.0022435874829074987
0.0023923783090939992
0.0025253062761566494
0.00264125021099247
0.002739670119330451
0.0028205850314011877
0.0028845317114200722
0.002932506726547113
0.002965894963048851
0.002986388116299171
0.0029958969517866925
0.0029964612293689615
0.002990161103851007
0.0029790335708393912
0.0029649971344140806
0.0029497873555792593
0.0029349053259659337
0.002921580431791947
0.00291074806259345
0.0029030422120134994
0.002898802246921699
0.002898092516406368
0.0029007329595268647
0.0029063384705514143
0.0029143645069370683
0.0029241562860330495
0.0029349989120614223
0.002946165899363717
0.0029569637991027848
0.002966770977191969
0.0029750690095795796
0.002981465632553936
0.002985708684231471
0.002987690972387876
0.002987446477948098
0.002985138729794023
