0.0025943264461087447
0.0026113877735737864
0.002634451137122116
0.002663068521131429
0.0026966082309914886
0.00273426750059352
0.0027750900472623425
0.002817988072032397
0.002861768068896841
0.002905159693238176
0.0029468468506854513
0.002985500105905323
0.0030198094781606023
0.0030485166877106803
0.0030704459441201933
0.003084532423119634
0.003089847660701602
0.0030856211986373125
0.0030712579407885937
0.0030463508200652004
0.0030106885267522604
0.0029642582050196627
0.002907243180413424
0.0028400159317712457
0.0027631266612993498
0.0026772879419135285
0.002583356027377931
0.0024823094949770414
0.0023752259499570864
0.0022632575542025158
0.002147606147949294
0.0020294987131197866
0.0019101638813748098
0.001790810121383113
0.0016726061510728622
0.0015566640154036277
0.0014440251526770817
0.0013356496471747972
0.0012324087377748308
0.0011350805259982618
0.0010443487073782704
0.0009608040415239141
0.000884948182695744
0.0008171994174373059
0.0007578998014024418
0.0007073231557496804
0.0006656833752271198
0.0006331425153201162
0.0006098181636524808
0.0005957896594281999
0.0005911028014901868
0.0005957727772777006
0.0006097851477401544
0.0006330948328471351
0.0006656231541993688
0.0007072531007833365
0.0007578230866017849
0.0008171195604918615
0.0008848689050722095
0.0009607291201686817
0.001044281823677909
0.0011350251178552377
0.0012323678605397662
0.0013356258488391695
0.0014440203681843795
0.0015566794842036388
0.0016726423611512174
0.0017908667819807773
0.0019102399255091366
0.0020295923298724455
0.0021477148433410725
0.0022633782383747235
0.0023753550473664987
0.0024824430734249866
0.0025834899409683592
0.00267741798249779
0.0027632487126374363
0.0028401261205332536
0.002907338018264951
0.002964334716376096
0.003010744357336488
0.0030463843221397173
0.0030712682318282487
0.003085608191228266
0.0030898120625563455
0.003084475707244601
0.0030703702903173155
0.0030484248976932124
0.003019704867574316
0.0029853863774297294
0.0029467279531121956
0.002905039671957225
0.0028616509135450793
0.0028178775671613148
0.0027749896317577766
0.002734180141235642
0.0026965363149908934
0.0026630137717384376
0.0026344145555099886
0.0026113696091769273
0.0025943261964935806
