0.002758749350121449
0.002744333356007214
0.0027333033503270055
0.002726270137193265
0.002723725212492355
0.0027260176406038875
0.002733334853278019
0.002745688062507008
0.0027629028311945665
0.0027846151795950383
0.0028102734278528
0.0028391457918449685
0.002870333567333373
0.002902789562428974
0.0029353412764429624
0.0029667181796262745
0.0029955823275840208
0.003020561449863144
0.003040283586879717
0.0030534123143999897
0.003058681590513615
0.0030549292856341887
0.0030411285096935657
0.003016415929597406
0.002980116370628492
0.0029317631136493057
0.0028711134310594614
0.002798159043661046
0.002713131322989438
0.002616501204542462
0.0025089739122784406
0.0023914787198277103
0.002265154085757196
0.002131328596334523
0.0019914982277146557
0.0018473004992674016
0.0017004861306067387
0.0015528888372353632
0.001406393904699732
0.0012629061704374175
0.001124318018198186
0.000992477954439523
0.0008691602919997004
0.0007560364162166655
0.0006546480549527916
0.0005663829189333773
0.0004924530243079351
0.0004338759568883417
0.00039145928814421154
0.0003657883073094971
0.00035721719198149624
0.000365863701059074
0.00039160743809858387
0.00043409169921845663
0.0004927288864391289
0.0005667094336242108
0.000655014156863595
0.000756429903244103
0.0008695683307866109
0.0009928876075385256
0.0011247167694603336
0.001263282425354122
0.0014067374436391913
0.0015531912017275346
0.0017007409259415878
0.0018475036005368246
0.0019916478808718278
0.0021314254106617947
0.0022652009191045093
0.00239148046288025
0.0025089371827110045
0.0026164339660085106
0.0027130424472882773
0.0027980578369721067
0.002871009146712405
0.0029316644744410703
0.0029800311231794703
0.0030163504516833844
0.0030410874889700394
0.003054915484801691
0.0030586957099119467
0.0030534529584528513
0.0030403473359493383
0.003020643034140976
0.0029956748948652234
0.002966813644412807
0.0029354307339950207
0.0029028637483137494
0.0028703833408452286
0.0028391626204927094
0.0028102498499827924
0.0027845452231500594
0.002762782368555824
0.0027455150842421233
0.0027331096472900706
0.0027257428674781208
0.0027234058725714647
0.002725913429862628
0.002732918430931498
0.002743931000525051
0.0027583415419723638
