0.0026503807318546853
0.0026489244802293836
0.0026531204269215
0.002663095413629025
0.0026787895224368048
0.00269995123720554
0.0027261382739050544
0.0027567240865587956
0.0027909098744378063
0.002827741742267993
0.002866132504426069
0.002904887481800158
0.002942733520862709
0.002978350372342666
0.003010403504472472
0.003037577394799846
0.0030586083455177967
0.0030723158995453574
0.003077631996435214
0.0030736270958061276
0.0030595326076951913
0.0030347590995320165
0.002998909893305697
0.002951789818494679
0.0028934090408576675
0.002823982038682938
0.002743921941261663
0.002653830574338652
0.0025544846698811797
0.0024468187892529615
0.0023319055772410896
0.0022109340077901734
0.0020851863001965813
0.0019560141773675467
0.0018248151069885721
0.001693009114394503
0.0015620166857094006
0.0014332381951464184
0.0013080351954459107
0.0011877138097645345
0.0010735103614855895
0.0009665792798718124
0.0008679832284052024
0.0007786853227695358
0.0006995432398314574
0.0006313049700303964
0.000574605934834594
0.0005299671790183643
0.0004977943542262566
0.0004783772345013235
0.0004718895442419219
0.000478388931770086
0.0004978169841064501
0.0005299992469704179
0.0005746452845039159
0.0006313488817031084
0.0006995885550764214
0.0007787285899424689
0.0008680208627925309
0.0009666077316154379
0.001073526284081789
0.0011877142218855948
0.0013080176290938548
0.0014332008237036222
0.0015619584262779457
0.00169292969988031
0.0018247151246432985
0.0019558950718984534
0.0020850503410336594
0.0022107842215989327
0.002331745648225885
0.0024466529311485486
0.0025543174747227892
0.0026536668440831843
0.002743766509063515
0.0028238395870767564
0.002893283924247967
0.002951685897192496
0.0029988303858917483
0.0030347064595831153
0.0030595084299169387
0.0030736320554113194
0.0030776658242441047
0.0030723773938176628
0.003058695420018092
0.0030376871611106724
0.0030105323851648924
0.0029784942403506516
0.0029428878593382455
0.0029050475578946463
0.002866293549885113
0.0028278991334640072
0.0027910593045089097
0.002756861722671018
0.002726260893293253
0.0027000563365497865
0.0026788753962573865
0.0026631611986875445
0.0026531661110430673
0.0026489508754519294
0.0026503894133035337
