0.002952122072721
0.002963476570127
0.002972102445908
0.002977296982204
0.002978536717906
0.002975520245328
0.002968199864442
0.002956799580627
0.002941817583118
0.002924012126625
0.002904370619908
0.002884062657875
0.002864378668784
0.002846656734738
0.002832200931745
0.002822195178861
0.002817617044144
0.002819156196816
0.002827142198827
0.002841486086010
0.002861639702384
0.002886576037689
0.002914792906374
0.002944341236308
0.002972878056680
0.002997743043443
0.003016056258123
0.003024833563781
0.003021115180780
0.003002102009742
0.002965293747042
0.002908622485842
0.002830575457229
0.002730300831120
0.002607691060470
0.002463439094794
0.002299063876190
0.002116902815867
0.001920070374351
0.001712383368651
0.001498255134630
0.001282562111232
0.001070487715752
0.000867349482434
0.000678416285425
0.000508723018424
0.000362890327789
0.000244956879528
0.000158231185738
0.000105169241134
0.000087283159217
0.000105084698029
0.000158066086546
0.000244718972576
0.000362590684774
0.000508375410369
0.000678036409732
0.000866954087067
0.001070093672628
0.001282185493767
0.001497910353988
0.001712082419503
0.001919822234177
0.002116713032395
0.002298934366057
0.002463368163638
0.002607673641197
0.002730328923829
0.002830638742105
0.002908709069870
0.002965390997393
0.003002197421553
0.003021197225131
0.003024892463081
0.003016084640719
0.002997736436887
0.002972835189100
0.002944264127284
0.002914686741744
0.002886448836151
0.002861501794609
0.002841349438683
0.002827019625635
0.002819060505513
0.002817560172881
0.002822187375764
0.002832250029247
0.002846767564462
0.002864552654335
0.002884297612055
0.002904660760486
0.002924348311425
0.002942187751809
0.002957189377926
0.002968593408323
0.002975900994831
0.002978888388981
0.002977604456929
0.002972352620640
0.002963659091722
0.002952229918566
