0.002873980344788
0.002862871767662
0.002848757876151
0.002832149518617
0.002813714594025
0.002794256367814
0.002774684063229
0.002755976566945
0.002739140427411
0.002725163628548
0.002714966876212
0.002709354327391
0.002708965812152
0.002714232638125
0.002725339022318
0.002742191063982
0.002764394957619
0.002791245852744
0.002821728406129
0.002854529655186
0.002888064382956
0.002920512663023
0.002949868785000
0.002974000287450
0.002990715384372
0.002997836682138
0.002993278762775
0.002975126971304
0.002941714600996
0.002891695628889
0.002824110219096
0.002738440383249
0.002634653461933
0.002513231459884
0.002375184719089
0.002222048932287
0.002055865066354
0.001879142360221
0.001694805163372
0.001506124966074
0.001316639519205
0.001130061428776
0.000950179019064
0.000780752572429
0.000625409260645
0.000487540173073
0.000370202816789
0.000276032312913
0.000207164246527
0.000165171753696
0.000151018961455
0.000165032351861
0.000206891019066
0.000275636150737
0.000369699415352
0.000486949298606
0.000624753828812
0.000780057584590
0.000949470408254
0.001129364871864
0.001315979273203
0.001505522785244
0.001694279349596
0.001878706992365
0.002055529445321
0.002221817267638
0.002375056071001
0.002513199937456
0.002634708666067
0.002738568070141
0.002824293149436
0.002891914558652
0.002941949362755
0.002975357590604
0.002993486552468
0.002998005258886
0.002990831555534
0.002974054763280
0.002949856679961
0.002920433760786
0.002887923151649
0.002854335012161
0.002821493244207
0.002790986352044
0.002764129717976
0.002741940102104
0.002725122684779
0.002714070485649
0.002708875532233
0.002709350731003
0.002715061030274
0.002725362169120
0.002739445089624
0.002756383956905
0.002775185685045
0.002794838906167
0.002814360439898
0.002832837513615
0.002849464239845
0.002863571163156
0.002874647030718
