0.002576090399995
0.002563985904220
0.002555641138795
0.002551548384160
0.002552089455471
0.002557518397370
0.002567947081868
0.002583334182175
0.002603477911350
0.002628012819492
0.002656410839238
0.002687986659657
0.002721907395965
0.002757206410049
0.002792801027509
0.002827513793612
0.002860096816097
0.002889258659362
0.002913693184515
0.002932109674683
0.002943263546259
0.002945986925233
0.002939218363899
0.002922030986982
0.002893658387180
0.002853517637300
0.002801228848416
0.002736630779101
0.002659792087892
0.002571017917613
0.002470851603647
0.002360071406259
0.002239682277112
0.002110902779725
0.001975147390211
0.001834004506031
0.001689210584372
0.001542620916212
0.001396177615374
0.001251875462520
0.001111726290750
0.000977722631617
0.000851801357128
0.000735808054732
0.000631462858214
0.000540328428430
0.000463780734519
0.000402983229565
0.000358864945940
0.000332102956131
0.000323109556355
0.000332024434584
0.000358711983531
0.000402763814872
0.000463506425438
0.000540013861551
0.000631125126050
0.000735465976091
0.000851474670268
0.000977431143005
0.001111489014086
0.001251709783155
0.001396098514307
0.001542640285500
0.001689336662215
0.001834241455006
0.001975495036477
0.002111356524568
0.002240233185340
0.002360706468883
0.002471554165296
0.002571768252530
0.002660568102407
0.002737408813343
0.002801984546056
0.002854226849308
0.002894298074181
0.002922580084767
0.002939658578063
0.002946303423644
0.002943445522083
0.002932150757768
0.002913591684902
0.002889017633321
0.002859723952085
0.002827021122646
0.002792204469380
0.002756525173273
0.002721163255116
0.002687203138558
0.002655612332129
0.002627223684747
0.002602721573289
0.002582632276140
0.002567318675964
0.002556979321102
0.002551651761240
0.002551219962191
0.002555425499926
0.002563882138234
0.002576093310184
