0.002439462279882
0.002452483987853
0.002470814254889
0.002494173552840
0.002522137766825
0.002554144640508
0.002589503625595
0.002627408884518
0.002666955115826
0.002707155802775
0.002746963428528
0.002785291157792
0.002821035455613
0.002853099099798
0.002880414044236
0.002901963605794
0.002916803476565
0.002924081104992
0.002923053041979
0.002913099909915
0.002893738721250
0.002864632346853
0.002825596010351
0.002776600760814
0.002717773950213
0.002649396811951
0.002571899300568
0.002485852408858
0.002391958225787
0.002291038035755
0.002184018786462
0.002071918268458
0.001955829354809
0.001836903644447
0.001716334838670
0.001595342157973
0.001475154077269
0.001356992623046
0.001242058437892
0.001131516777562
0.001026484565212
0.000928018588067
0.000837104885085
0.000754649341431
0.000681469477757
0.000618287400245
0.000565723861467
0.000524293372675
0.000494400304932
0.000476335919115
0.000470276272713
0.000476280963414
0.000494292684801
0.000524137586735
0.000565526450828
0.000618056708598
0.000681215344962
0.000754382741539
0.000836837521710
0.000927762461551
0.001026251527054
0.001131318088044
0.001241904342731
0.001356891964267
0.001475113952280
0.001595367639125
0.001716428763480
0.001837066484153
0.001956059166160
0.002072210730717
0.002184367322581
0.002291434013692
0.002392391233120
0.002486310591243
0.002572369752307
0.002649866005121
0.002718228187391
0.002777026635619
0.002825980859703
0.002864964679149
0.002894008605471
0.002913299312057
0.002923176097022
0.002924124314898
0.002916765827373
0.002901846599726
0.002880221645704
0.002852837597228
0.002820713243945
0.002784918449302
0.002746551902136
0.002706718204128
0.002666504822199
0.002626959449777
0.002589068321144
0.002553736008291
0.002521767199989
0.002493850918671
0.002470547573144
0.002452279175618
0.002439322971736
