0.000037766719609
0.000037246713023
0.000036749793764
0.000036277188372
0.000035830063299
0.000035409522028
0.000035016602363
0.000034652273863
0.000034317435459
0.000034012913234
0.000033739458390
0.000033497745400
0.000033288370355
0.000033111849500
0.000032968617974
0.000032859028745
0.000032783351754
0.000032741773251
0.000032734395346
0.000032761235759
0.000032822227776
0.000032917220416
0.000033045978806
0.000033208184766
0.000033403437595
0.000033631255075
0.000033891074669
0.000034182254924
0.000034504077063
0.000034855746771
0.000035236396164
0.000035645085936
0.000036080807676
0.000036542486361
0.000037028983005
0.000037539097474
0.000038071571445
0.000038625091520
0.000039198292467
0.000039789760602
0.000040398037280
0.000041021622499
0.000041658978609
0.000042308534100
0.000042968687479
0.000043637811217
0.000044314255754
0.000044996353570
0.000045682423287
0.000046370773827
0.000047059708573
0.000047747529571
0.000048432541714
0.000049113056933
0.000049787398360
0.000050453904463
0.000051110933139
0.000051756865756
0.000052390111132
0.000053009109451
0.000053612336099
0.000054198305416
0.000054765574352
0.000055312746027
0.000055838473170
0.000056341461442
0.000056820472621
0.000057274327652
0.000057701909541
0.000058102166102
0.000058474112536
0.000058816833845
0.000059129487081
0.000059411303409
0.000059661590007
0.000059879731765
0.000060065192804
0.000060217517799
0.000060336333101
0.000060421347653
0.000060472353697
0.000060489227284
0.000060471928557
0.000060420501839
0.000060335075507
0.000060215861666
0.000060063155613
0.000059877335103
0.000059658859417
0.000059408268222
0.000059126180245
0.000058813291737
0.000058470374757
0.000058098275261
0.000057697911006
0.000057270269281
0.000056816404470
0.000056337435442
0.000055834542799
0.000055308965965
0.000054762000139
0.000054194993106
0.000053609341925
0.000053006489490
0.000052387920976
0.000051755160176
0.000051109765746
0.000050453327352
0.000049787461754
0.000049113808811
0.000048434027441
0.000047749791530
0.000047062785817
0.000046374701746
0.000045687233305
0.000045002072864
0.000044320907010
0.000043645412401
0.000042977251637
0.000042318069171
0.000041669487259
0.000041033101967
0.000040410479252
0.000039803151104
0.000039212611792
0.000038640314192
0.000038087666222
0.000037556027388
0.000037046705448
0.000036560953200
0.000036099965403
0.000035664875836
0.000035256754512
0.000034876605040
0.000034525362163
0.000034203889454
0.000033912977200
0.000033653340467
0.000033425617351
0.000033230367420
0.000033068070349
0.000032939124754
0.000032843847216
0.000032782471516
0.000032755148058
0.000032761943509
0.000032802840635
0.000032877738351
0.000032986451974
0.000033128713688
0.000033304173210
0.000033512398668
0.000033752877667
0.000034025018567
0.000034328151938
0.000034661532217
0.000035024339540
0.000035415681759
0.000035834596634
0.000036280054204
0.000036750959313
0.000037246154316
0.000037764421927
0.000038304488220
0.000038865025779
0.000039444656961
0.000040041957296
0.000040655458995
0.000041283654555
0.000041925000466
0.000042577921002
0.000043240812088
0.000043912045243
0.000044589971577
0.000045272925848
0.000045959230555
0.000046647200067
0.000047335144768
0.000048021375212
0.000048704206271
0.000049381961279
0.000050052976139
0.000050715603407
0.000051368216330
0.000052009212836
0.000052637019465
0.000053250095230
0.000053846935410
0.000054426075244
0.000054986093533
0.000055525616137
0.000056043319348
0.000056537933137
0.000057008244267
0.000057453099260
0.000057871407218
0.000058262142494
0.000058624347191
0.000058957133512
0.000059259685931
0.000059531263194
0.000059771200133
0.000059978909298
0.000060153882392
0.000060295691516
0.000060403990207
0.000060478514275
0.000060519082441
0.000060525596770
0.000060498042902
0.000060436490078
0.000060341090971
0.000060212081308
0.000060049779295
0.000059854584836
0.000059626978551
0.000059367520593
0.000059076849268
0.000058755679452
0.000058404800831
0.000058025075944
0.000057617438052
0.000057182888842
0.000056722495956
0.000056237390368
0.000055728763604
0.000055197864819
0.000054645997729
0.000054074517413
0.000053484826978
0.000052878374115
0.000052256647541
0.000051621173340
0.000050973511209
0.000050315250638
0.000049648007003
0.000048973417613
0.000048293137693
0.000047608836338
0.000046922192417
0.000046234890465
0.000045548616552
0.000044865054141
0.000044185879964
0.000043512759894
0.000042847344863
0.000042191266801
0.000041546134638
0.000040913530354
0.000040295005107
0.000039692075434
0.000039106219543
0.000038538873690
0.000037991428673
0.000037465226420
0.000036961556707
0.000036481654000
0.000036026694429
0.000035597792907
0.000035196000405
0.000034822301379
0.000034477611370
0.000034162774766
0.000033878562749
0.000033625671412
0.000033404720065
0.000033216249723
0.000033060721787
0.000032938516915
0.000032849934091
0.000032795189892
0.000032774417958
0.000032787668673
0.000032834909043
0.000032916022790
0.000033030810644
0.000033178990849
0.000033360199862
0.000033573993258
0.000033819846824
0.000034097157852
0.000034405246618
0.000034743358052
0.000035110663589
0.000035506263200
0.000035929187602
0.000036378400643
0.000036852801845
0.000037351229108
0.000037872461570
0.000038415222604
0.000038978182948
0.000039559963964
0.000040159141018
0.000040774246958
0.000041403775715
0.000042046185980
0.000042699904982
0.000043363332346
0.000044034844008
0.000044712796209
0.000045395529522
0.000046081372925
0.000046768647895
0.000047455672523
0.000048140765626
0.000048822250861
0.000049498460820
0.000050167741106
0.000050828454377
0.000051478984350
0.000052117739752
0.000052743158222
0.000053353710131
0.000053947902327
0.000054524281794
0.000055081439197
0.000055618012328
0.000056132689432
0.000056624212401
0.000057091379847
0.000057533050031
0.000057948143651
0.000058335646480
0.000058694611848
0.000059024162961
0.000059323495047
0.000059591877326
0.000059828654799
0.000060033249838
0.000060205163592
0.000060343977198
0.000060449352783
0.000060521034287
0.000060558848067
0.000060562703319
0.000060532592290
0.000060468590294
0.000060370855520
0.000060239628648
0.000060075232246
0.000059878069980
0.000059648625613
0.000059387461812
0.000059095218759
0.000058772612578
0.000058420433571
0.000058039544290
0.000057630877417
0.000057195433492
0.000056734278469
0.000056248541107
0.000055739410218
0.000055208131751
0.000054656005745
0.000054084383138
0.000053494662455
0.000052888286376
0.000052266738203
0.000051631538219
0.000050984239974
0.000050326426480
0.000049659706344
0.000048985709839
0.000048306084919
0.000047622493192
0.000046936605858
0.000046250099625
0.000045564652606
0.000044881940217
0.000044203631079
0.000043531382946
0.000042866838653
0.000042211622111
0.000041567334350
0.000040935549608
0.000040317811500
0.000039715629251
0.000039130474014
0.000038563775272
0.000038016917353
0.000037491236038
0.000036988015300
0.000036508484165
0.000036053813710
0.000035625114210
0.000035223432429
0.000034849749074
0.000034504976410
0.000034189956043
0.000033905456873
0.000033652173227
0.000033430723162
0.000033241646970
0.000033085405856
0.000032962380816
0.000032872871718
0.000032817096569
0.000032795190999
0.000032807207939
0.000032853117502
