0.000001112623982
0.000001040417406
0.000000995128335
0.000000979106733
0.000000993284360
0.000001037112986
0.000001108574747
0.000001204265957
0.000001319551941
0.000001448786672
0.000001585587327
0.000001723150613
0.000001854595069
0.000001973311672
0.000002073304196
0.000002149500918
0.000002198020524
0.000002216377340
0.000002203614226
0.000002160355453
0.000002088776305
0.000001992490883
0.000001876364177
0.000001746258757
0.000001608730067
0.000001470687066
0.000001339036771
0.000001220331846
0.000001120439973
0.000001044252137
0.000000995444524
0.000000976305437
0.000000987634913
0.000001028720629
0.000001097389616
0.000001190131416
0.000001302284853
0.000001428277693
0.000001561906289
0.000001696640855
0.000001825941366
0.000001943569128
0.000002043879833
0.000002122085199
0.000002174472101
0.000002198570210
0.000002193261560
0.000002158827947
0.000002096934684
0.000002010551751
0.000001903815880
0.000001781839474
0.000001650474358
0.000001516040324
0.000001385030008
0.000001263802858
0.000001158281791
0.000001073666387
0.000001014176215
0.000000982837012
0.000000981320891
0.000001009849645
0.000001067167463
0.000001150586205
0.000001256102821
0.000001378584759
0.000001512015529
0.000001649789100
0.000001785038864
0.000001910984542
0.000002021279018
0.000002110336578
0.000002173624708
0.000002207903214
0.000002211397181
0.000002183893764
0.000002126757022
0.000002042859592
0.000001936434678
0.000001812856366
0.000001678360308
0.000001539720119
0.000001403897239
0.000001277683309
0.000001167354289
0.000001078354588
0.000001015027532
0.000000980405571
0.000000976070125
0.000001002086965
0.000001057018866
0.000001138013173
0.000001240958139
0.000001360698597
0.000001491298921
0.000001626339333
0.000001759230516
0.000001883531236
0.000001993254063
0.000002083145411
0.000002148927708
0.000002187493607
0.000002197044436
0.000002177167698
0.000002128850976
0.000002054432290
0.000001957489425
0.000001842673214
0.000001715491921
0.000001582055893
0.000001448793289
0.000001322149077
0.000001208280411
0.000001112761991
0.000001040314971
0.000000994572401
0.000000977892966
0.000000991233004
0.000001034084406
0.000001104483089
0.000001199089451
0.000001313338622
0.000001441654669
0.000001577719379
0.000001714783015
0.000001846001801
0.000001964784948
0.000002065133061
0.000002141949739
0.000002191309267
0.000002210665384
0.000002198989164
0.000002156827848
0.000002086280841
0.000001990893723
0.000001875475782
0.000001745850898
0.000001608555395
0.000001470499402
0.000001338610230
0.000001219477108
0.000001119016301
0.000001042174244
0.000000992683908
0.000000972886388
0.000000983625917
0.000001024222339
0.000001092520870
0.000001185014908
0.000001297034045
0.000001422986321
0.000001556641488
0.000001691440451
0.000001820815401
0.000001938505156
0.000002038851119
0.000002117060606
0.000002169426274
0.000002193492662
0.000002188163406
0.000002153745329
0.000002091928347
0.000002005702700
0.000001899217540
0.000001777587203
0.000001646653519
0.000001512714324
0.000001382229763
0.000001261519017
0.000001156460784
0.000001072210947
0.000001012950560
0.000000981676340
0.000000980044367
0.000001008275641
0.000001065129564
0.000001147948347
0.000001252771997
0.000001374519967
0.000001507231981
0.000001644357228
0.000001779078160
0.000001904652827
0.000002014758199
0.000002103816327
0.000002167285688
0.000002201901558
0.000002205851743
0.000002178877395
0.000002122292684
0.000002038921583
0.000001932954729
0.000001809733830
0.000001675475242
0.000001536947762
0.000001401122267
0.000001274812272
0.000001164324885
0.000001075140790
0.000001011640042
0.000000976887638
0.000000972489270
0.000000998523640
0.000001053553411
0.000001134712648
0.000001237864620
0.000001357820387
0.000001488605788
0.000001623762455
0.000001756667284
0.000001880854510
0.000001990324982
0.000002079828409
0.000002145106159
0.000002183084363
0.000002192009650
0.000002171522551
0.000002122666352
0.000002047831946
0.000001950641789
0.000001835778492
0.000001708765705
0.000001575710817
0.000001443020515
0.000001317101410
0.000001204058693
0.000001109406092
0.000001037800243
0.000000992811894
0.000000976745153
0.000000990514191
0.000001033584566
0.000001103983543
0.000001198380647
0.000001312236323
0.000001440013060
0.000001575439963
0.000001711818643
0.000001842355707
0.000001960505202
0.000002060303307
0.000002136677455
0.000002185712994
0.000002204862426
0.000002193085123
0.000002150909086
0.000002080410561
0.000001985111889
0.000001869802606
0.000001740293187
0.000001603114673
0.000001465180521
0.000001333429102
0.000001214466313
0.000001114227582
0.000001037677288
0.000000988561283
0.000000969225025
0.000000980505974
0.000001021704688
0.000001090634693
0.000001183746987
0.000001296321216
0.000001422712330
0.000001556639026
0.000001691498670
0.000001820692579
0.000001937945660
0.000002037605280
0.000002114905750
0.000002166186975
0.000002189058231
0.000002182500847
0.000002146906369
0.000002084049651
0.000001996999024
0.000001889968227
0.000001768117051
0.000001637309596
0.000001503840688
0.000001374142237
0.000001254482183
0.000001150669128
0.000001067775706
0.000001009893276
0.000000979929498
0.000000979458858
0.000001008634170
0.000001066164615
0.000001149362975
0.000001254261529
0.000001375792710
0.000001508027262
0.000001644459430
0.000001778325913
0.000001902943053
0.000002012045234
0.000002100106837
0.000002162630467
0.000002196385506
0.000002199583403
0.000002171979306
0.000002114893552
0.000002031150934
0.000001924940243
0.000001801601148
0.000001667349630
0.000001528956737
0.000001393398101
0.000001267493324
0.000001157554804
0.000001069064972
0.000001006399083
0.000000972607998
0.000000969271819
0.000000996431155
0.000001052598406
0.000001134847059
0.000001238972861
0.000001359717073
0.000001491039075
0.000001626423418
0.000001759205198
0.000001882897252
0.000001991503218
0.000002079801761
0.000002143589215
0.000002179870283
0.000002186989221
0.000002164696823
0.000002114151514
0.000002037855722
0.000001939531350
0.000001823940633
0.000001696660710
0.000001563822001
0.000001431821823
0.000001307025608
0.000001195468650
0.000001102571356
0.000001032880648
0.000000989849305
0.000000975663743
0.000000991128943
0.000001035616982
0.000001107083011
0.000001202149524
0.000001316256582
0.000001443872366
0.000001578755257
0.000001714255693
0.000001843643561
0.000001960445059
0.000002058771868
0.000002133625313
0.000002181159035
0.000002198885429
0.000002185813853
0.000002142512090
0.000002071086650
0.000001975081980
0.000001859303194
0.000001729571355
0.000001592424186
0.000001454778334
0.000001323571472
0.000001205403757
0.000001106198077
0.000001030897421
0.000000983215427
0.000000965453044
0.000000978390346
0.000001021258287
0.000001091790646
0.000001186352089
0.000001300134247
0.000001427408322
0.000001561820063
0.000001696711229
0.000001825450793
0.000001941759267
0.000002040010441
0.000002115496536
0.000002164645044
0.000002185178248
0.000002176209365
0.000002138272353
0.000002073285425
0.000001984451186
0.000001876098872
0.000001753476469
0.000001622502323
0.000001489487351
0.000001360840010
0.000001242766786
0.000001140981157
0.000001060433747
0.000001005075636
0.000000977665714
0.000000979631300
0.000001010989283
