0.000003028117221
0.000003137328776
0.000003216930121
0.000003263489275
0.000003274968426
0.000003250815179
0.000003191993270
0.000003100950608
0.000002981524871
0.000002838789405
0.000002678844668
0.000002508562975
0.000002335296578
0.000002166561086
0.000002009707769
0.000001871599240
0.000001758303328
0.000001674819478
0.000001624850857
0.000001610633424
0.000001632830608
0.000001690499211
0.000001781128612
0.000001900751787
0.000002044123033
0.000002204953969
0.000002376196509
0.000002550359261
0.000002719842255
0.000002877274263
0.000003015837060
0.000003129561950
0.000003213585525
0.000003264353870
0.000003279767092
0.000003259259024
0.000003203809962
0.000003115893277
0.000002999359542
0.000002859264222
0.000002701647099
0.000002533273204
0.000002361346217
0.000002193206052
0.000002036022618
0.000001896497713
0.000001780586508
0.000001693249365
0.000001638243600
0.000001617963477
0.000001633335049
0.000001683770598
0.000001767185294
0.000001880076385
0.000002017662795
0.000002174080484
0.000002342626467
0.000002516042057
0.000002686823863
0.000002847549406
0.000002991203132
0.000003111488111
0.000003203108930
0.000003262012294
0.000003285573524
0.000003272719565
0.000003223982041
0.000003141477285
0.000003028813833
0.000002890931530
0.000002733879776
0.000002564545479
0.000002390343750
0.000002218886077
0.000002057641695
0.000001913607911
0.000001793004486
0.000001701005636
0.000001641521164
0.000001617035612
0.000001628511420
0.000001675359036
0.000001755473867
0.000001865337126
0.000002000175022
0.000002154168575
0.000002320704565
0.000002492656824
0.000002662686237
0.000002823547436
0.000002968390161
0.000003091043651
0.000003186273153
0.000003249998670
0.000003279467365
0.000003273372644
0.000003231914752
0.000003156799779
0.000003051176197
0.000002919510487
0.000002767405815
0.000002601370241
0.000002428543243
0.000002256391467
0.000002092386357
0.000001943677557
0.000001816776663
0.000001717265866
0.000001649545239
0.000001616630999
0.000001620014792
0.000001659591355
0.000001733658584
0.000001838990550
0.000001970980352
0.000002123846233
0.000002290891187
0.000002464803686
0.000002637985176
0.000002802888791
0.000002952353442
0.000003079917853
0.000003180100449
0.000003248632903
0.000003282637644
0.000003280742471
0.000003243128491
0.000003171510636
0.000003069053015
0.000002940223997
0.000002790598276
0.000002626615049
0.000002455302889
0.000002283982823
0.000002119961664
0.000001970227710
0.000001841160592
0.000001738266438
0.000001665948508
0.000001627322189
0.000001624081745
0.000001656424405
0.000001723035384
0.000001821135273
0.000001946588829
0.000002094071835
0.000002257290193
0.000002429243079
0.000002602519836
0.000002769618418
0.000002923271828
0.000003056768169
0.000003164249742
0.000003240977180
0.000003283545899
0.000003290044106
0.000003260144253
0.000003195122924
0.000003097807619
0.000002972452516
0.000002824548809
0.000002660578547
0.000002487723655
0.000002313544026
0.000002145639977
0.000001991314975
0.000001857254249
0.000001749233904
0.000001671873348
0.000001628441496
0.000001620724463
0.000001648959384
0.000001711835943
0.000001806564121
0.000001929003933
0.000002073850437
0.000002234865282
0.000002405144510
0.000002577411228
0.000002744321145
0.000002898768833
0.000003034182746
0.000003144797688
0.000003225894270
0.000003273996171
0.000003287017440
0.000003264353826
0.000003206914024
0.000003117088909
0.000002998659051
0.000002856643259
0.000002697093279
0.000002526842176
0.000002353216115
0.000002183721169
0.000002025718336
0.000001886100872
0.000001770988479
0.000001685452504
0.000001633285281
0.000001616824956
0.000001636844719
0.000001692512381
0.000001781422881
0.000001899702712
0.000002042181688
0.000002202624095
0.000002374008290
0.000002548841448
0.000002719494486
0.000002878541342
0.000003019086784
0.000003135067743
0.000003221514724
0.000003274762054
0.000003292598413
0.000003274352045
0.000003220908228
0.000003134659583
0.000003019392770
0.000002880117630
0.000002722847044
0.000002554337471
0.000002381801347
0.000002212603299
0.000002053952367
0.000001912602331
0.000001794571702
0.000001704894101
0.000001647408575
0.000001624598018
0.000001637482152
0.000001685569692
0.000001766872183
0.000001877979815
0.000002014197102
0.000002169733955
0.000002337945263
0.000002511609880
0.000002683237898
0.000002845393478
0.000002991019344
0.000003113748534
0.000003208189084
0.000003270168205
0.000003296924045
0.000003287235373
0.000003241482357
0.000003161634847
0.000003051168107
0.000002914909560
0.000002758823539
0.000002589744153
0.000002415068956
0.000002242427996
0.000002079343906
0.000001932898971
0.000001809424532
0.000001714226705
0.000001651360381
0.000001623460909
0.000001631639933
0.000001675448726
0.000001752909287
0.000001860610434
0.000001993863498
0.000002146909866
0.000002313170814
0.000002485528678
0.000002656627552
0.000002819181309
0.000002966276760
0.000003091660201
0.000003189996391
0.000003257090074
0.000003290061506
0.000003287469085
0.000003249373982
0.000003177343694
0.000003074393633
0.000002944868188
0.000002794265062
0.000002629009059
0.000002456183800
0.000002283231860
0.000002117635605
0.000001966592244
0.000001836697395
0.000001733651491
0.000001662002780
0.000001624939320
0.000001624140316
0.000001659694561
0.000001730090543
0.000001832279389
0.000001961808177
0.000002113017651
0.000002279295146
0.000002453370768
0.000002627642740
0.000002794516508
0.000002946741635
0.000003077730866
0.000003181846851
0.000003254643855
0.000003293054222
0.000003295512173
0.000003262010627
0.000003194089871
0.000003094759956
0.000002968361491
0.000002820371962
0.000002657166691
0.000002485745080
0.000002313433795
0.000002147579078
0.000001995240481
0.000001862897942
0.000001756183476
0.000001679647710
0.000001636570198
0.000001628820922
0.000001656778574
0.000001719309291
0.000001813807324
0.000001936296875
0.000002081591959
0.000002243508776
0.000002415122782
0.000002589060525
0.000002757814454
0.000002914067542
0.000003051013593
0.000003162658890
0.000003244091205
0.000003291703327
0.000003303360075
0.000003278500263
0.000003218168012
0.000003124971248
0.000003002968737
0.000002857490590
0.000002694900509
0.000002522310970
0.000002347264833
0.000002177398517
0.000002020102622
0.000001882195816
0.000001769626950
0.000001687218670
0.000001638463592
0.000001625381307
0.000001648441500
0.000001706555266
0.000001797133631
0.000001916209377
0.000002058615714
0.000002218213178
0.000002388154495
0.000002561175978
0.000002729903342
0.000002887159635
0.000003026263206
0.000003141304219
0.000003227389187
0.000003280844185
0.000003299368925
0.000003282135563
0.000003229828018
0.000003144619692
0.000003030089686
0.000002891079957
0.000002733498210
0.000002564073639
0.000002390074805
0.000002219000877
0.000002058258969
0.000001914841441
0.000001795017438
0.000001704052813
0.000001645971659
0.000001623371093
0.000001637298648
0.000001687198839
0.000001770932164
0.000001884866316
0.000002024035783
0.000002182362606
0.000002352927961
0.000002528281752
0.000002700775486
0.000002862902735
0.000003007631199
0.000003128711079
0.000003220945850
0.000003280413597
0.000003304629716
0.000003292644716
0.000003245074030
0.000003164059869
0.000003053168155
