0.000024080082815
0.000023801460256
0.000023590554730
0.000023448868340
0.000023377410552
0.000023376691078
0.000023446716314
0.000023586989347
0.000023796513539
0.000024073799629
0.000024416876333
0.000024823304354
0.000025290193716
0.000025814224304
0.000026391669485
0.000027018422625
0.000027690026342
0.000028401704256
0.000029148395031
0.000029924788428
0.000030725363129
0.000031544426039
0.000032376152784
0.000033214629121
0.000034053892966
0.000034887976758
0.000035710949849
0.000036516960654
0.000037300278254
0.000038055333153
0.000038776756923
0.000039459420420
0.000040098470312
0.000040689363639
0.000041227900145
0.000041710252160
0.000042132991795
0.000042493115283
0.000042788064280
0.000043015743991
0.000043174538010
0.000043263319764
0.000043281460495
0.000043228833724
0.000043105816154
0.000042913285014
0.000042652611833
0.000042325652698
0.000041934735048
0.000041482641093
0.000040972587992
0.000040408204911
0.000039793507164
0.000039132867607
0.000038430985511
0.000037692853133
0.000036923720237
0.000036129056799
0.000035314514166
0.000034485884928
0.000033649061781
0.000032809995658
0.000031974653433
0.000031148975480
0.000030338833410
0.000029549988282
0.000028788049602
0.000028058435410
0.000027366333753
0.000026716665803
0.000026114050914
0.000025562773829
0.000025066754281
0.000024629519194
0.000024254177656
0.000023943398855
0.000023699393122
0.000023523896211
0.000023418156950
0.000023382928347
0.000023418462223
0.000023524507426
0.000023700311642
0.000023944626777
0.000024255717890
0.000024631375586
0.000025068931783
0.000025565278719
0.000026116891069
0.000026719851007
0.000027369876024
0.000028062349330
0.000028792352614
0.000029554700952
0.000030343979623
0.000031154582570
0.000031980752246
0.000032816620560
0.000033656250618
0.000034493678952
0.000035322957943
0.000036138198105
0.000036933609941
0.000037703545053
0.000038442536241
0.000039145336292
0.000039806955198
0.000040422695559
0.000040988185917
0.000041499411788
0.000041952744182
0.000042344965395
0.000042673291888
0.000042935394072
0.000043129412866
0.000043253972883
0.000043308192169
0.000043291688409
0.000043204581580
0.000043047493029
0.000042821540999
0.000042528332647
0.000042169952607
0.000041748948194
0.000041268311338
0.000040731457372
0.000040142200823
0.000039504728353
0.000038823569041
0.000038103562215
0.000037349823054
0.000036567706215
0.000035762767753
0.000034940725608
0.000034107418956
0.000033268766724
0.000032430725554
0.000031599247531
0.000030780237953
0.000029979513448
0.000029202760718
0.000028455496196
0.000027743026892
0.000027070412719
0.000026442430544
0.000025863540257
0.000025337853079
0.000024869102364
0.000024460617097
0.000024115298292
0.000023835598439
0.000023623504161
0.000023480522185
0.000023407668706
0.000023405462234
0.000023473919942
0.000023612557559
0.000023820392787
0.000024095952249
0.000024437281912
0.000024841960918
0.000025307118758
0.000025829455639
0.000026405265936
0.000027030464532
0.000027700615875
0.000028410965515
0.000029156473905
0.000029931852202
0.000030731599822
0.000031550043468
0.000032381377369
0.000033219704441
0.000034059078096
0.000034893544412
0.000035717184358
0.000036524155802
0.000037308734976
0.000038065357123
0.000038788656011
0.000039473502036
0.000040115038625
0.000040708716686
0.000041250326846
0.000041736029270
0.000042162380828
0.000042526359466
0.000042825385580
0.000043057340282
0.000043220580409
0.000043313950192
0.000043336789475
0.000043288938439
0.000043170738769
0.000042983031256
0.000042727149842
0.000042404912138
0.000042018606491
0.000041570975695
0.000041065197469
0.000040504861854
0.000039893945691
0.000039236784386
0.000038538041145
0.000037802673910
0.000037035900216
0.000036243160217
0.000035430078127
0.000034602422347
0.000033766064549
0.000032926938015
0.000032090995526
0.000031264167101
0.000030452317916
0.000029661206680
0.000028896444804
0.000028163456626
0.000027467440993
0.000026813334457
0.000026205776335
0.000025649075877
0.000025147181760
0.000024703654116
0.000024321639292
0.000024003847527
0.000023752533701
0.000023569481313
0.000023455989809
0.000023412865349
0.000023440415105
0.000023538445112
0.000023706261692
0.000023942676437
0.000024246014695
0.000024614127509
0.000025044406881
0.000025533804294
0.000026078852313
0.000026675689158
0.000027320086048
0.000028007477158
0.000028732991969
0.000029491489789
0.000030277596217
0.000031085741270
0.000031910198906
0.000032745127660
0.000033584612080
0.000034422704673
0.000035253468053
0.000036071016997
0.000036869560103
0.000037643440779
0.000038387177271
0.000039095501461
0.000039763396169
0.000040386130701
0.000040959294381
0.000041478827845
0.000041941051840
0.000042342693338
0.000042680908752
0.000042953304091
0.000043157951903
0.000043293404893
0.000043358706116
0.000043353395693
0.000043277514004
0.000043131601350
0.000042916694090
0.000042634317286
0.000042286473900
0.000041875630625
0.000041404700420
0.000040877021891
0.000040296335630
0.000039666757700
0.000038992750432
0.000038279090764
0.000037530836346
0.000036753289662
0.000035951960438
0.000035132526599
0.000034300794067
0.000033462655672
0.000032624049460
0.000031790916697
0.000030969159836
0.000030164600749
0.000029382939504
0.000028629713994
0.000027910260679
0.000027229676753
0.000026592784004
0.000026004094629
0.000025467779260
0.000024987637434
0.000024567070717
0.000024209058656
0.000023916137744
0.000023690383517
0.000023533395905
0.000023446287944
0.000023429677911
0.000023483684945
0.000023607928191
0.000023801529482
0.000024063119538
0.000024390847665
0.000024782394877
0.000025234990351
0.000025745431098
0.000026310104700
0.000026925014951
0.000027585810193
0.000028287814153
0.000029026059063
0.000029795320800
0.000030590155839
0.000031404939741
0.000032233906918
0.000033071191416
0.000033910868419
0.000034746996191
0.000035573658169
0.000036385004879
0.000037175295392
0.000037938938006
0.000038670529852
0.000039364895152
0.000040017121832
0.000040622596258
0.000041177035834
0.000041676519258
0.000042117514217
0.000042496902348
0.000042812001275
0.000043060583595
0.000043240892640
0.000043351654934
0.000043392089214
0.000043361911963
0.000043261339407
0.000043091085949
0.000042852359060
0.000042546850675
0.000042176725150
0.000041744603893
0.000041253546764
0.000040707030416
0.000040108923694
0.000039463460293
0.000038775208847
0.000038049040648
0.000037290095224
0.000036503743998
0.000035695552286
0.000034871239904
0.000034036640659
0.000033197661026
0.000032360238308
0.000031530298592
0.000030713714800
0.000029916265143
0.000029143592262
0.000028401163354
0.000027694231544
0.000027027798775
0.000026406580461
0.000025834972164
0.000025317018498
0.000024856384519
0.000024456329778
0.000024119685247
0.000023848833287
0.000023645690798
0.000023511695693
0.000023447796772
0.000023454447074
0.000023531600747
0.000023678713435
0.000023894746184
0.000024178172829
0.000024526990790
0.000024938735226
0.000025410496432
0.000025938940379
0.000026520332250
0.000027150562828
0.000027825177548
0.000028539408012
0.000029288205745
0.000030066277945
0.000030868124964
0.000031688079246
0.000032520345438
0.000033359041382
0.000034198239694
0.000035032009651
0.000035854459076
0.000036659775953
