0.000066835284868
0.000066896857284
0.000066958127770
0.000067019094861
0.000067079757098
0.000067140113030
0.000067200161212
0.000067259900206
0.000067319328584
0.000067378444929
0.000067437247834
0.000067495735906
0.000067553907765
0.000067611762040
0.000067669297369
0.000067726512400
0.000067783405783
0.000067839976178
0.000067896222249
0.000067952142667
0.000068007736113
0.000068063001279
0.000068117936869
0.000068172541598
0.000068226814193
0.000068280753392
0.000068334357940
0.000068387626591
0.000068440558107
0.000068493151257
0.000068545404816
0.000068597317575
0.000068648888330
0.000068700115896
0.000068750999096
0.000068801536770
0.000068851727764
0.000068901570936
0.000068951065152
0.000069000209282
0.000069049002205
0.000069097442805
0.000069145529976
0.000069193262620
0.000069240639654
0.000069287660004
0.000069334322611
0.000069380626425
0.000069426570408
0.000069472153531
0.000069517374772
0.000069562233118
0.000069606727563
0.000069650857112
0.000069694620781
0.000069738017598
0.000069781046604
0.000069823706855
0.000069865997418
0.000069907917371
0.000069949465801
0.000069990641802
0.000070031444475
0.000070071872929
0.000070111926280
0.000070151603652
0.000070190904182
0.000070229827019
0.000070268371322
0.000070306536266
0.000070344321037
0.000070381724828
0.000070418746844
0.000070455386298
0.000070491642409
0.000070527514409
0.000070563001537
0.000070598103046
0.000070632818200
0.000070667146281
0.000070701086579
0.000070734638400
0.000070767801059
0.000070800573880
0.000070832956194
0.000070864947339
0.000070896546661
0.000070927753514
0.000070958567262
0.000070988987280
0.000071019012958
0.000071048643694
0.000071077878904
0.000071106718012
0.000071135160452
0.000071163205667
0.000071190853110
0.000071218102240
0.000071244952528
0.000071271403456
0.000071297454517
0.000071323105220
0.000071348355085
0.000071373203648
0.000071397650455
0.000071421695061
0.000071445337033
0.000071468575941
0.000071491411365
0.000071513842891
0.000071535870116
0.000071557492645
0.000071578710098
0.000071599522104
0.000071619928308
0.000071639928366
0.000071659521944
0.000071678708718
0.000071697488372
0.000071715860602
0.000071733825108
0.000071751381603
0.000071768529813
0.000071785269475
0.000071801600339
0.000071817522172
0.000071833034749
0.000071848137861
0.000071862831304
0.000071877114886
0.000071890988418
0.000071904451723
0.000071917504627
0.000071930146969
0.000071942378597
0.000071954199373
0.000071965609169
0.000071976607872
0.000071987195379
0.000071997371597
0.000072007136444
0.000072016489844
0.000072025431732
0.000072033962050
0.000072042080753
0.000072049787807
0.000072057083191
0.000072063966898
0.000072070438933
0.000072076499315
0.000072082148073
0.000072087385242
0.000072092210868
0.000072096625003
0.000072100627705
0.000072104219042
0.000072107399090
0.000072110167937
0.000072112525683
0.000072114472441
0.000072116008333
0.000072117133495
0.000072117848072
0.000072118152217
0.000072118046091
0.000072117529865
0.000072116603717
0.000072115267840
0.000072113522435
0.000072111367718
0.000072108803919
0.000072105831279
0.000072102450051
0.000072098660498
0.000072094462889
0.000072089857503
0.000072084844623
0.000072079424542
0.000072073597558
0.000072067363981
0.000072060724133
0.000072053678344
0.000072046226960
0.000072038370335
0.000072030108835
0.000072021442834
0.000072012372714
0.000072002898866
0.000071993021690
0.000071982741593
0.000071972058995
0.000071960974328
0.000071949488037
0.000071937600578
0.000071925312421
0.000071912624044
0.000071899535935
0.000071886048591
0.000071872162511
0.000071857878204
0.000071843196185
0.000071828116978
0.000071812641115
0.000071796769140
0.000071780501610
0.000071763839089
0.000071746782155
0.000071729331392
0.000071711487397
0.000071693250769
0.000071674622118
0.000071655602061
0.000071636191227
0.000071616390254
0.000071596199790
0.000071575620499
0.000071554653055
0.000071533298142
0.000071511556454
0.000071489428694
0.000071466915569
0.000071444017793
0.000071420736087
0.000071397071178
0.000071373023801
0.000071348594701
0.000071323784634
0.000071298594364
0.000071273024668
0.000071247076331
0.000071220750148
0.000071194046918
0.000071166967451
0.000071139512560
0.000071111683071
0.000071083479816
0.000071054903638
0.000071025955393
0.000070996635947
0.000070966946177
0.000070936886971
0.000070906459223
0.000070875663835
0.000070844501715
0.000070812973775
0.000070781080934
0.000070748824116
0.000070716204256
0.000070683222294
0.000070649879183
0.000070616175885
0.000070582113371
0.000070547692619
0.000070512914617
0.000070477780357
0.000070442290839
0.000070406447068
0.000070370250061
0.000070333700839
0.000070296800436
0.000070259549897
0.000070221950277
0.000070184002640
0.000070145708060
0.000070107067616
0.000070068082394
0.000070028753484
0.000069989081982
0.000069949068987
0.000069908715607
0.000069868022956
0.000069826992158
0.000069785624343
0.000069743920653
0.000069701882236
0.000069659510249
0.000069616805854
0.000069573770218
0.000069530404516
0.000069486709927
0.000069442687640
0.000069398338851
0.000069353664766
0.000069308666601
0.000069263345581
0.000069217702940
0.000069171739920
0.000069125457767
0.000069078857733
0.000069031941072
0.000068984709045
0.000068937162916
0.000068889303955
0.000068841133439
0.000068792652653
0.000068743862892
0.000068694765456
0.000068645361652
0.000068595652795
0.000068545640204
0.000068495325203
0.000068444709121
0.000068393793293
0.000068342579061
0.000068291067776
0.000068239260797
0.000068187159492
0.000068134765238
0.000068082079417
0.000068029103421
0.000067975838641
0.000067922286477
0.000067868448328
0.000067814325598
0.000067759919696
0.000067705232037
0.000067650264039
0.000067595017132
0.000067539492749
0.000067483692331
0.000067427617325
0.000067371269182
0.000067314649358
0.000067257759313
0.000067200600511
0.000067143174421
0.000067085482520
0.000067027526292
0.000066969307227
0.000066910826826
0.000066852086594
0.000066793088044
0.000066733832693
0.000066674322061
0.000066614557669
0.000066554541044
0.000066494273712
0.000066433757205
0.000066372993060
0.000066311982819
0.000066250728030
0.000066189230247
0.000066127491030
0.000066065511943
0.000066003294552
0.000065940840430
0.000065878151149
0.000065815228287
0.000065752073427
0.000065688688158
0.000065625074074
0.000065561232777
0.000065497165877
0.000065432874987
0.000065368361727
0.000065303627718
0.000065238674583
0.000065173503950
0.000065108117444
0.000065042516696
0.000064976703337
0.000064910679005
0.000064844445341
0.000064778003993
0.000064711356611
0.000064644504851
0.000064577450373
0.000064510194836
0.000064442739904
0.000064375087243
0.000064307238522
0.000064239195414
0.000064170959596
0.000064102532754
0.000064033916577
0.000063965112760
0.000063896123003
0.000063826949007
0.000063757592479
0.000063688055121
0.000063618338642
0.000063548444746
0.000063478375143
0.000063408131543
0.000063337715662
0.000063267129217
0.000063196373932
0.000063125451531
0.000063054363744
0.000062983112300
0.000062911698931
0.000062840125371
0.000062768393354
0.000062696504617
0.000062624460902
0.000062552263952
0.000062479915518
0.000062407417354
0.000062334771219
0.000062261978875
0.000062189042083
