0.000000554502417
0.000000505099177
0.000000464509437
0.000000435241374
0.000000419015827
0.000000416669641
0.000000428120134
0.000000452391373
0.000000487698674
0.000000531583933
0.000000581091212
0.000000632969669
0.000000683889589
0.000000730656926
0.000000770412478
0.000000800803369
0.000000820116889
0.000000827369585
0.000000822347751
0.000000805598714
0.000000778375500
0.000000742540247
0.000000700434027
0.000000654722430
0.000000608227221
0.000000563754665
0.000000523930750
0.000000491052534
0.000000466963421
0.000000452958369
0.000000449723024
0.000000457308720
0.000000475143246
0.000000502075430
0.000000536449968
0.000000576207584
0.000000619004618
0.000000662345469
0.000000703720950
0.000000740745620
0.000000771287343
0.000000793582856
0.000000806333785
0.000000808778479
0.000000800736051
0.000000782620225
0.000000755421905
0.000000720660766
0.000000680307632
0.000000636680862
0.000000592321366
0.000000549852184
0.000000511829635
0.000000480593884
0.000000458127253
0.000000445928622
0.000000444911886
0.000000455335466
0.000000476768488
0.000000508097338
0.000000547574060
0.000000592905552
0.000000641379848
0.000000690023239
0.000000735779623
0.000000775701547
0.000000807141105
0.000000827928238
0.000000836524198
0.000000832139025
0.000000814803801
0.000000785391097
0.000000745580280
0.000000697768034
0.000000644928194
0.000000590428726
0.000000537816930
0.000000490586579
0.000000451942476
0.000000424578569
0.000000410485400
0.000000410801023
0.000000425716908
0.000000454446782
0.000000495262090
0.000000545593137
0.000000602190270
0.000000661335048
0.000000719087566
0.000000771553219
0.000000815150482
0.000000846860860
0.000000864443109
0.000000866596102
0.000000853058135
0.000000824634887
0.000000783153205
0.000000731343236
0.000000672656531
0.000000611032446
0.000000550628978
0.000000495536822
0.000000449496792
0.000000415640592
0.000000396273356
0.000000392713423
0.000000405200792
0.000000432880740
0.000000473863772
0.000000525357559
0.000000583861435
0.000000645409518
0.000000705845183
0.000000761107378
0.000000807508626
0.000000841985225
0.000000862302332
0.000000867199956
0.000000856470236
0.000000830961342
0.000000792508594
0.000000743798543
0.000000688176374
0.000000629410868
0.000000571433869
0.000000518072714
0.000000472794236
0.000000438477737
0.000000417231987
0.000000410267848
0.000000417834045
0.000000439218981
0.000000472816912
0.000000516252371
0.000000566552908
0.000000620357211
0.000000674143635
0.000000724463282
0.000000768161978
0.000000802576790
0.000000825694954
0.000000836266054
0.000000833861739
0.000000818880979
0.000000792502502
0.000000756589454
0.000000713554185
0.000000666193266
0.000000617504282
0.000000570496537
0.000000528007593
0.000000492536584
0.000000466103682
0.000000450142969
0.000000445433617
0.000000452071722
0.000000469482655
0.000000496471465
0.000000531306891
0.000000571832903
0.000000615600551
0.000000660012209
0.000000702470077
0.000000740521008
0.000000771990284
0.000000795097843
0.000000808551564
0.000000811613465
0.000000804136061
0.000000786567517
0.000000759925653
0.000000725742228
0.000000685980242
0.000000642928176
0.000000599076176
0.000000556980111
0.000000519120099
0.000000487760623
0.000000464819504
0.000000451752903
0.000000449463030
0.000000458234401
0.000000477703280
0.000000506863358
0.000000544108901
0.000000587314489
0.000000633948312
0.000000681213769
0.000000726212138
0.000000766117331
0.000000798352481
0.000000820757428
0.000000831736100
0.000000830373549
0.000000816513751
0.000000790791492
0.000000754614303
0.000000710093587
0.000000659927459
0.000000607241201
0.000000555394398
0.000000507766482
0.000000467534409
0.000000437457273
0.000000419682757
0.000000415589377
0.000000425676460
0.000000449510861
0.000000485735778
0.000000532142765
0.000000585803674
0.000000643254891
0.000000700722324
0.000000754372409
0.000000800572174
0.000000836140351
0.000000858571744
0.000000866218595
0.000000858415423
0.000000835537576
0.000000798988313
0.000000751114250
0.000000695054117
0.000000634530644
0.000000573599563
0.000000516373002
0.000000466736531
0.000000428079817
0.000000403060016
0.000000393414851
0.000000399838908
0.000000421932178
0.000000458224809
0.000000506276527
0.000000562843884
0.000000624103592
0.000000685916206
0.000000744111510
0.000000794775471
0.000000834518530
0.000000860706415
0.000000871637416
0.000000866653970
0.000000846181142
0.000000811689866
0.000000765588162
0.000000711048612
0.000000651784848
0.000000591793209
0.000000535078018
0.000000485379815
0.000000445925372
0.000000419216501
0.000000406871613
0.000000409530064
0.000000426824707
0.000000457423210
0.000000499133878
0.000000549067361
0.000000603841917
0.000000659817255
0.000000713340364
0.000000760986411
0.000000799778592
0.000000827372771
0.000000842195587
0.000000843528219
0.000000831531961
0.000000807215802
0.000000772350060
0.000000729333583
0.000000681024790
0.000000630548777
0.000000581093767
0.000000535710298
0.000000497125731
0.000000467585135
0.000000448727362
0.000000441502496
0.000000446133990
0.000000462125827
0.000000488312364
0.000000522945995
0.000000563815854
0.000000608389325
0.000000653967253
0.000000697843528
0.000000737459968
0.000000770548195
0.000000795251370
0.000000810220062
0.000000814678162
0.000000808456444
0.000000791993067
0.000000766301913
0.000000732911113
0.000000693775417
0.000000651167099
0.000000607550995
0.000000565449834
0.000000527306458
0.000000495349643
0.000000471470144
0.000000457113261
0.000000453193584
0.000000460036758
0.000000477351962
0.000000504237485
0.000000539220192
0.000000580327992
0.000000625192607
0.000000671178146
0.000000715529293
0.000000755531431
0.000000788673886
0.000000812806735
0.000000826281477
0.000000828066249
0.000000817827326
0.000000795970282
0.000000763636404
0.000000722652572
0.000000675435779
0.000000624856492
0.000000574068010
0.000000526311609
0.000000484709354
0.000000452057849
0.000000430636772
0.000000422045566
0.000000427080369
0.000000445660914
0.000000476814089
0.000000518717140
0.000000568799463
0.000000623897768
0.000000680455497
0.000000734753967
0.000000783160078
0.000000822373806
0.000000849658264
0.000000863035849
0.000000861436016
0.000000844783290
0.000000814018104
0.000000771047714
0.000000718629325
0.000000660192488
0.000000599612261
0.000000540948365
0.000000488168232
0.000000444873268
0.000000414047671
0.000000397847806
0.000000397447400
0.000000412950017
0.000000443375526
0.000000486722072
0.000000540099610
0.000000599925964
0.000000662171807
0.000000722637436
0.000000777241869
0.000000822303878
0.000000854795140
0.000000872547671
0.000000874401015
0.000000860278968
0.000000831190710
0.000000789156593
0.000000737064230
0.000000678465429
0.000000617328652
0.000000557764710
0.000000503745124
0.000000458832913
0.000000425944421
0.000000407158407
0.000000403585016
0.000000415302879
0.000000441367638
0.000000479890127
0.000000528177608
0.000000582927154
0.000000640456888
0.000000696958424
0.000000748752828
0.000000792532534
0.000000825573125
0.000000845901360
0.000000852409241
0.000000844907875
0.000000824119229
0.000000791608106
0.000000749660695
0.000000701119384
0.000000649186154
0.000000597208489
0.000000548462363
0.000000505946513
0.000000472200820
