0.002950000876687
0.002947440535833
0.002945501694809
0.002944310773676
0.002943939433935
0.002944395857682
0.002945619670337
0.002947480932727
0.002949783365634
0.002952271686427
0.002954642650988
0.002956559123867
0.002957666264286
0.002957608732353
0.002956047703415
0.002952676439714
0.002947233213824
0.002939510508974
0.002929359633103
0.002916690166744
0.002901464004845
0.002883684130474
0.002863378651479
0.002840581015142
0.002815307665317
0.002787534697054
0.002757175273187
0.002724059677419
0.002687919875906
0.002648380337142
0.002604956617751
0.002557062866721
0.002504028946540
0.002445127337497
0.002379609407396
0.002306750024017
0.002225898895613
0.002136536480312
0.002038331842477
0.001931199483902
0.001815351966563
0.001691345091396
0.001560112516389
0.001422986990427
0.001281705840842
0.001138398966938
0.000995558334679
0.000855988806745
0.000722741038625
0.000599028081693
0.000488128212482
0.000393277307397
0.000317554760145
0.000263767456115
0.000234336641472
0.000231192631525
0.000255682179657
0.000308492972871
0.000389599142428
0.000498230899179
0.000632870454807
0.000791275313099
0.000970528858002
0.001167116980834
0.001377028333501
0.001595874723324
0.001819027230552
0.002041762878202
0.002259416154063
0.002467529404238
0.002661996103078
0.002839191258929
0.002996083729575
0.003130325973168
0.003240317716170
0.003325241135399
0.003385066374993
0.003420527493840
0.003433070205131
0.003424773968026
0.003398252066020
0.003356534207929
0.003302936874215
0.003240927073269
0.003173985350790
0.003105473805027
0.003038514509102
0.002975883149010
0.002919921884087
0.002872474467252
0.002834845574303
0.002807785139371
0.002791497333667
0.002785672713014
0.002789541048703
0.002801941492684
0.002821406050113
0.002846251868196
0.002874677617033
0.002904859240722
0.002935040588503
