0.002860212600039
0.002864680732874
0.002868858201334
0.002872470474008
0.002875248807230
0.002876940978859
0.002877321375460
0.002876199940931
0.002873429530728
0.002868911273176
0.002862597616054
0.002854492830030
0.002844650846999
0.002833170426895
0.002820187766428
0.002805866782557
0.002790387417325
0.002773932414043
0.002756673103161
0.002738754805295
0.002720282505512
0.002701307474364
0.002681815505747
0.002661717408762
0.002640842330840
0.002618934403935
0.002595653097192
0.002570577531653
0.002543214869502
0.002513012737308
0.002479375484931
0.002441683925288
0.002399318050726
0.002351682085190
0.002298231113003
0.002238498429871
0.002172122693534
0.002098873913764
0.002018677316034
0.001931634141347
0.001838038506144
0.001738389539624
0.001633398138671
0.001523987829369
0.001411289394259
0.001296629110830
0.001181510643149
0.001067590828924
0.000956649801898
0.000850556077928
0.000751227406083
0.000660588337806
0.000580525592457
0.000512842392127
0.000459212999015
0.000421138712775
0.000399906571835
0.000396551951889
0.000411826167830
0.000446170064750
0.000499694432654
0.000572167902719
0.000663012785415
0.000771309098376
0.000895806810910
0.001034946108878
0.001186885264925
0.001349535491087
0.001520601959590
0.001697630008746
0.001878055408962
0.002059257452958
0.002238613557414
0.002413554022394
0.002581615590944
0.002740492484206
0.002888083655976
0.003022535112714
0.003142276277561
0.003246049535930
0.003332932281212
0.003402350976884
0.003454086960273
0.003488273927671
0.003505387254523
0.003506225512299
0.003491884739825
0.003463726206248
0.003423338560746
0.003372495396697
0.003313109361932
0.003247184019631
0.003176764704698
0.003103889627450
0.003030542450396
0.002958607505826
0.002889828733858
0.002825773305157
0.002767800753201
0.002717038281676
0.002674362737899
