0.002729320514192
0.002725879213004
0.002723614487797
0.002722629955846
0.002722982083199
0.002724677335785
0.002727671171318
0.002731868937062
0.002737128668194
0.002743265710353
0.002750059020709
0.002757258936993
0.002764596145998
0.002771791534232
0.002778566565678
0.002784653806516
0.002789807205313
0.002793811740174
0.002796492061815
0.002797719792979
0.002797419189130
0.002795570921499
0.002792213809361
0.002787444401668
0.002781414386241
0.002774325884803
0.002766424771338
0.002757992226671
0.002749334810875
0.002740773394610
0.002732631338354
0.002725222342854
0.002718838413442
0.002713738384276
0.002710137435641
0.002708198008380
0.002708022475190
0.002709647870221
0.002713042908053
0.002718107443090
0.002724674433472
0.002732514382685
0.002741342140574
0.002750825856552
0.002760597794824
0.002770266647500
0.002779430919314
0.002787692909867
0.002794672787701
0.002800022236673
0.002803437159677
0.002804668948142
0.002803533867169
0.002799920164777
0.002793792587529
0.002785194071596
0.002774244475203
0.002761136322162
0.002746127633288
0.002729532029273
0.002711706391202
0.002693036459755
0.002673920837783
0.002654753930174
0.002635908407174
0.002617717810395
0.002600459933148
0.002584341597692
0.002569485421380
0.002555919112159
0.002543567762863
0.002532249525205
0.002521674941081
0.002511450093923
0.002501083620071
0.002489997493378
0.002477541369770
0.002463010156345
0.002445664356038
0.002424752637608
0.002399535995433
0.002369312797079
0.002333443971540
0.002291377568916
0.002242671924243
0.002187016684421
0.002124251007035
0.002054378312079
0.001977577059988
0.001894207139263
0.001804811570917
0.001710113371207
0.001611007554412
0.001508548399470
0.001403932243481
0.001298476197248
0.001193593298802
0.001090764726573
0.000991509781181
0.000897354410989
0.000809799099552
0.000730286951713
0.000660172808643
0.000600694191198
0.000552944816350
0.000517851355257
0.000496154006142
0.000488391343764
0.000494889783475
0.000515757865661
0.000550885430040
0.000599947613069
0.000662413469895
0.000737558899002
0.000824483436540
0.000922130391756
0.001029309717480
0.001144722952609
0.001266989538057
0.001394673794597
0.001526311860157
0.001660437914577
0.001795609070124
0.001930428373912
0.002063565451064
0.002193774411790
0.002319908748010
0.002440933051982
0.002555931496810
0.002664113122957
0.002764814072504
0.002857497000541
0.002941747968132
0.003017271181332
0.003083881984269
0.003141498540134
0.003190132641926
0.003229880085089
0.003260911007962
0.003283460564679
0.003297820241047
0.003304330059570
0.003303371848032
0.003295363670271
0.003280755441014
0.003260025672352
0.003233679230662
0.003202245922384
0.003166279677565
0.003126358063459
0.003083081838324
0.003037074248594
0.002988979781304
0.002939462107433
0.002889200989860
0.002838887980256
0.002789220790311
0.002740896291805
0.002694602174146
0.002651007364086
0.002610751387103
0.002574432920245
0.002542597848859
0.002515727191919
0.002494225299988
0.002478408754330
0.002468496403842
0.002464600967413
0.002466722602989
0.002474744801326
0.002488432903457
0.002507435467873
0.002531288628814
0.002559423493493
0.002591176526890
0.002625802771357
0.002662491648222
0.002700384993694
0.002738596894936
0.002776234817769
0.002812421457744
0.002846316703983
0.002877139081956
0.002904186038588
0.002926852451273
0.002944646781403
0.002957204351915
0.002964297305637
0.002965840894452
0.002961895855859
0.002952666749821
0.002938496251327
0.002919855518721
0.002897330880582
0.002871607200558
0.002843448386271
0.002813675601417
0.002783143816444
0.002752717389855
0.002723245407320
0.002695537517990
