0.002853531766997
0.002858552232335
0.002863021802129
0.002866650069586
0.002869163685488
0.002870317254892
0.002869903098231
0.002867759401933
0.002863776340575
0.002857899829067
0.002850132656596
0.002840532860679
0.002829209315467
0.002816314628966
0.002802035564169
0.002786581314312
0.002770170067765
0.002753014388874
0.002735306013354
0.002717200707205
0.002698803863983
0.002680157514915
0.002661229399164
0.002641904687805
0.002621980876227
0.002601166258080
0.002579082272825
0.002555269882578
0.002529199986960
0.002500287732417
0.002467910420349
0.002431428572174
0.002390209574497
0.002343653209111
0.002291218275241
0.002232449439139
0.002167003402056
0.002094673463695
0.002015411575746
0.001929347028812
0.001836800994957
0.001738296254940
0.001634561570854
0.001526530317206
0.001415333151736
0.001302284686042
0.001188864299665
0.001076691423672
0.000967495795149
0.000863083346614
0.000765298538889
0.000675984067873
0.000596938970831
0.000529876223308
0.000476380951468
0.000437870385416
0.000415556646933
0.000410413400942
0.000423147306067
0.000454175078562
0.000503606839529
0.000571236252018
0.000656537777166
0.000758671192319
0.000876493324388
0.001008576764123
0.001153235146604
0.001308554415275
0.001472429335532
0.001642604393370
0.001816718107991
0.001992349707184
0.002167067062325
0.002338474756934
0.002504261168910
0.002662243481043
0.002810409595786
0.002946956016307
0.003070320863835
0.003179211327990
0.003272624988614
0.003349864600523
0.003410546092790
0.003454599697286
0.003482264283429
0.003494075133393
0.003490845540840
0.003473642753241
0.003443758900063
0.003402677654037
0.003352037458389
0.003293592217648
0.003229170392564
0.003160633460099
0.003089834697464
0.003018579225133
0.002948586198700
0.002881453974553
0.002818628991470
0.002761379011440
0.002710771250652
