0.002868296579862
0.002872150271257
0.002875947531612
0.002879437929193
0.002882365595882
0.002884479371665
0.002885542835542
0.002885343731882
0.002883702312530
0.002880478148554
0.002875575020758
0.002868943573075
0.002860581505270
0.002850531187367
0.002838874693883
0.002825726376505
0.002811223214305
0.002795513295737
0.002778742891397
0.002761042665979
0.002742513647708
0.002723213620032
0.002703144620747
0.002682242226113
0.002660367261121
0.002637300512302
0.002612740927816
0.002586307673688
0.002557546278644
0.002525938947697
0.002490918961727
0.002451888912892
0.002408242359902
0.002359388329610
0.002304777948166
0.002243932362179
0.002176471013163
0.002102139261649
0.002020834324118
0.001932628488770
0.001837788616222
0.001736791008193
0.001630330839630
0.001519325494565
0.001404911319272
0.001288433502620
0.001171429006977
0.001055602696501
0.000942797035904
0.000834955954195
0.000734083676773
0.000642199518389
0.000561289792009
0.000493258118669
0.000439875515852
0.000402731693093
0.000383188990879
0.000382340361357
0.000400972707457
0.000439536772449
0.000498124608174
0.000576455451711
0.000673870612896
0.000789337725630
0.000921464451936
0.001068521457173
0.001228474206185
0.001399022871635
0.001577649405554
0.001761670610617
0.001948295865660
0.002134688016226
0.002318025840026
0.002495566442338
0.002664705929500
0.002823036749897
0.002968400180297
0.003098932568237
0.003213104114565
0.003309749188900
0.003388087408475
0.003447734970358
0.003488706000594
0.003511403963243
0.003516603449167
0.003505422930558
0.003479289314686
0.003439895352009
0.003389151143077
0.003329131140242
0.003262018149871
0.003190045905480
0.003115441800628
0.003040371342223
0.002966885811531
0.002896874504235
0.002832022766341
0.002773776854594
0.002723316434445
0.002681535292281
0.002649030589030
