0.002844482033555
0.002849707747076
0.002854041106160
0.002857187315739
0.002858882754606
0.002858905465486
0.002857083943926
0.002853303795978
0.002847511913429
0.002839717910707
0.002829992675977
0.002818464006331
0.002805309418765
0.002790746350030
0.002775020074624
0.002758389776369
0.002741113300745
0.002723431188544
0.002705550643090
0.002687630110763
0.002669765156271
0.002651976289355
0.002634199348735
0.002616278973537
0.002597965594393
0.002578916259231
0.002558699476305
0.002536804113976
0.002512652248155
0.002485615699524
0.002455035859087
0.002420246267546
0.002380597296454
0.002335482181516
0.002284363584589
0.002226799813833
0.002162469813207
0.002091196043987
0.002012964422392
0.001927940547490
0.001836481550417
0.001739143016476
0.001636680572096
0.001530045884423
0.001420376987365
0.001308983018899
0.001197323624773
0.001086983447836
0.000979642274864
0.000877041549037
0.000780948071730
0.000693115808564
0.000615246778847
0.000548952042737
0.000495713805886
0.000456849636929
0.000433479740056
0.000426498144989
0.000436548572657
0.000464005610278
0.000508961688349
0.000571220198719
0.000650294932237
0.000745415851147
0.000855541050362
0.000979374607414
0.001115389877563
0.001261857661921
0.001416878565727
0.001578418773502
0.001744348399663
0.001912481528219
0.002080617033800
0.002246579278165
0.002408257800422
0.002563645163927
0.002710872186069
0.002848239856535
0.002974247342207
0.003087615579816
0.003187306067658
0.003272534582111
0.003342779660466
0.003397785805872
0.003437561480668
0.003462372058635
0.003472728003126
0.003469368624899
0.003453241849782
0.003425480491138
0.003387375574975
0.003340347306264
0.003285914293536
0.003225661665413
0.003161208717730
0.003094176723757
0.003026157523455
0.002958683481168
0.002893199365439
0.002831036660417
0.002773390766239
