0.002970782077486
0.002967402106237
0.002964477117362
0.002962216827871
0.002960782373436
0.002960271164694
0.002960705516897
0.002962025949482
0.002964089739034
0.002966674942444
0.002969489711082
0.002972186318862
0.002974378955712
0.002975664021017
0.002975641414335
0.002973935183751
0.002970211870264
0.002964194986812
0.002955674291968
0.002944508851571
0.002930623308966
0.002913997281090
0.002894648332416
0.002872609516418
0.002847902977632
0.002820511539442
0.002790350529532
0.002757242287298
0.002720895834065
0.002680894054909
0.002636690438259
0.002587616954761
0.002532904049995
0.002471713006195
0.002403180134833
0.002326471440135
0.002240845592799
0.002145722324422
0.002040752745488
0.001925887647662
0.001801439611141
0.001668134726254
0.001527149969407
0.001380132747101
0.001229199824270
0.001076913756602
0.000926236010101
0.000780457123064
0.000643105485747
0.000517837515858
0.000408313126722
0.000318061354557
0.000250341773054
0.000208007827746
0.000193378432767
0.000208124066486
0.000253173174912
0.000328643954741
0.000433805570552
0.000567071608021
0.000726027135902
0.000907489213468
0.001107599113963
0.001321943018249
0.001545696544971
0.001773787297477
0.002001068686974
0.002222497686612
0.002433308916824
0.002629177574662
0.002806364196556
0.002961835062942
0.003093353174820
0.003199536100618
0.003279878537916
0.003334739080242
0.003365292340966
0.003373449179960
0.003361749223949
0.003333231096068
0.003291286713870
0.003239506632838
0.003181523676802
0.003120861998813
0.003060798266504
0.003004240893575
0.002953632189362
0.002910877030946
0.002877300247068
0.002853633416883
0.002840030308426
0.002836108788572
0.002841015799158
0.002853510973669
0.002872063713355
0.002894958083113
0.002920399741420
0.002946619282958
0.002971966828515
0.002994993409807
0.003014515619560
