0.002965409999825
0.002963595196407
0.002962056043310
0.002960907025911
0.002960237589005
0.002960105337905
0.002960531322117
0.002961497775686
0.002962948525428
0.002964792097119
0.002966907362658
0.002969151390837
0.002971369003479
0.002973403408675
0.002975107193518
0.002976352917091
0.002977042554473
0.002977115104732
0.002976551787155
0.002975378403797
0.002973664633220
0.002971520227955
0.002969088302870
0.002966536108722
0.002964043870204
0.002961792417392
0.002959950442585
0.002958662262663
0.002958036955621
0.002958139668012
0.002958985761085
0.002960538284623
0.002962709049983
0.002965363331338
0.002968327972742
0.002971402435237
0.002974372099983
0.002977022965733
0.002979156755618
0.002980605388889
0.002981243784317
0.002981000044394
0.002979862220211
0.002977881067348
0.002975168461016
0.002971891427648
0.002968262051491
0.002964523808043
0.002960935141178
0.002957751318203
0.002955205750337
0.002953492042441
0.002952748027137
0.002953042942214
0.002954368729783
0.002956636180032
0.002959676326383
0.002963247141472
0.002967045207648
0.002970721666551
0.002973901415430
0.002976204237885
0.002977266355379
0.002976760780886
0.002974414859335
0.002970023496364
0.002963456805546
0.002954661235056
0.002943653651401
0.002930508337097
0.002915337372947
0.002898265391857
0.002879400176167
0.002858800990799
0.002836446868972
0.002812207269058
0.002785817579938
0.002756861855344
0.002724764901524
0.002688795433142
0.002648081465258
0.002601638449387
0.002548409921922
0.002487319653005
0.002417333507046
0.002337528498295
0.002247165891455
0.002145764700094
0.002033171610789
0.001909623236316
0.001775796694732
0.001632844829016
0.001482412918263
0.001326634467562
0.001168104569569
0.001009830365446
0.000855159246788
0.000707686577755
0.000571145818772
0.000449284940775
0.000345733875793
0.000263868405877
0.000206676307049
0.000176631708760
0.000175583486495
0.000204663074079
0.000264216376864
0.000353763515208
0.000471988971381
0.000616763405002
0.000785197004385
0.000973722821113
0.001178207162679
0.001394082861502
0.001616500161407
0.001840489119870
0.002061126859675
0.002273702747097
0.002473874640048
0.002657809737127
0.002822304249520
0.002964877078857
0.003083833868768
0.003178299147683
0.003248215729101
0.003294312011779
0.003318039253862
0.003321482212050
0.003307247676194
0.003278336337186
0.003238004060035
0.003189618967216
0.003136520757980
0.003081888401572
0.003028621766250
0.002979241915897
0.002935813768658
0.002899893624092
0.002872502789861
0.002854127242571
0.002844742006130
0.002843857787166
0.002850586425934
0.002863720948156
0.002881825471741
0.002903329952115
0.002926624746491
0.002950150232018
0.002972477203123
0.002992374465500
0.003008860894030
0.003021240178692
0.003029117490947
0.003032398307128
0.003031270571066
0.003026172216466
0.003017746759028
0.003006790177284
0.002994192608794
0.002980878486107
0.002967748627925
0.002955627500005
0.002945218392483
0.002937068658976
0.002931546467859
0.002928829771131
0.002928907446154
0.002931591853671
0.002936541421514
0.002943291340709
0.002951290075220
0.002959939154951
0.002968633651076
0.002976800820576
0.002983934641188
0.002989624318678
0.002993575308564
0.002995621922424
0.002995731150020
0.002993997887442
0.002990632284456
0.002985940380849
0.002980299566570
0.002974130655249
0.002967868493806
0.002961933039080
0.002956702719915
0.002952491681701
0.002949532197841
0.002947963151897
0.002947825071674
0.002949061760094
0.002951528145426
0.002955003591101
0.002959209585778
0.002963830495250
0.002968535911634
0.002973003087841
0.002976937996385
0.002980093694209
0.002982284897492
