0.002955145582084
0.002953913016229
0.002953085934167
0.002952731523141
0.002952886301200
0.002953552935715
0.002954699284121
0.002956259772036
0.002958139068997
0.002960217866467
0.002962360416613
0.002964423363922
0.002966265303653
0.002967756438806
0.002968787685603
0.002969278598922
0.002969183553177
0.002968495717646
0.002967248502176
0.002965514311288
0.002963400621639
0.002961043578357
0.002958599477711
0.002956234655495
0.002954114421535
0.002952391762139
0.002951196567542
0.002950626126913
0.002950737568887
0.002951542813836
0.002953006451264
0.002955046770861
0.002957539970335
0.002960327350051
0.002963225097913
0.002966036081533
0.002968562911687
0.002970621432410
0.002972053737432
0.002972739815326
0.002972606988350
0.002971636430173
0.002969866219507
0.002967390600112
0.002964355360186
0.002960949500416
0.002957393613556
0.002953925632324
0.002950784800480
0.002948194869716
0.002946347610912
0.002945387744279
0.002945400335413
0.002946401574179
0.002948333656515
0.002951064236118
0.002954390617992
0.002958048546848
0.002961725120550
0.002965075053331
0.002967739246500
0.002969364415233
0.002969622385411
0.002968227626907
0.002964951636815
0.002959632929628
0.002952181627226
0.002942577959317
0.002930864368811
0.002917131345473
0.002901497560343
0.002884085315379
0.002864992729272
0.002844264423758
0.002821862729750
0.002797641578043
0.002771325259642
0.002742494126734
0.002710579055749
0.002674866115228
0.002634512387755
0.002588573309078
0.002536041237015
0.002475894281498
0.002407153752207
0.002328947950153
0.002240579482368
0.002141592849506
0.002031838775054
0.001911531635443
0.001781296427722
0.001642201981429
0.001495777579170
0.001344010781500
0.001189325031278
0.001034536507076
0.000882790663568
0.000737479892703
0.000602144713144
0.000480361797021
0.000375622924058
0.000291209570237
0.000230068254720
0.000194691957366
0.000187012863238
0.000208311385213
0.000259145868912
0.000339306615606
0.000447796900136
0.000582842553794
0.000741930476491
0.000921875194181
0.001118911345008
0.001328808820161
0.001547006258920
0.001768757752305
0.001989286988215
0.002203942704565
0.002408349225100
0.002598546041458
0.002771110867204
0.002923261304132
0.003052931194995
0.003158818846039
0.003240405534931
0.003297944016416
0.003332418038078
0.003345475120491
0.003339335981782
0.003316684943955
0.003280546403804
0.003234152952020
0.003180810959708
0.003123769414665
0.003066097486593
0.003010575750141
0.002959605228243
0.002915137476907
0.002878627865558
0.002851013068615
0.002832712631316
0.002823653362168
0.002823314289248
0.002830789044897
0.002844861852231
0.002864092806169
0.002886907888805
0.002911689139444
0.002936860606953
0.002960966128218
0.002982735573438
0.003001136939970
0.003015412518692
0.003025098253285
0.003030026315512
0.003030311781225
0.003026325069399
0.003018652462391
0.003008047530251
0.002995376614496
0.002981561676617
0.002967523783082
0.002954130290958
0.002942148434914
0.002932207523334
0.002924771360804
0.002920121862718
0.002918354153412
0.002919382780432
0.002922958069940
0.002928691123711
0.002936085542425
0.002944573671794
0.002953555018444
0.002962434473957
0.002970658112771
0.002977744579643
0.002983310435867
0.002987088265587
0.002988936826284
0.002988843030782
0.002986916041765
0.002983374215449
0.002978526023642
0.002972746392293
0.002966450105107
0.002960064024210
0.002953999874380
0.002948629227532
0.002944262120599
0.002941130458415
0.002939377013532
0.002939050459666
0.002940106488621
0.002942414685741
0.002945770498541
0.002949911346348
0.002954535701128
0.002959323831891
0.002963958852603
0.002968146746718
