0.002885732532098
0.002884212721214
0.002882221842965
0.002879846964460
0.002877195525551
0.002874390594316
0.002871565276936
0.002868856531644
0.002866398669490
0.002864316845012
0.002862720846350
0.002861699486276
0.002861315873280
0.002861603805832
0.002862565484955
0.002864170681969
0.002866357432572
0.002869034257969
0.002872083841886
0.002875368022275
0.002878733891653
0.002882020743379
0.002885067555610
0.002887720672522
0.002889841325323
0.002891312634798
0.002892045752975
0.002891984833536
0.002891110567753
0.002889442083145
0.002887037073195
0.002883990105359
0.002880429137719
0.002876510358415
0.002872411542352
0.002868324193221
0.002864444801717
0.002860965600162
0.002858065226788
0.002855899727901
0.002854594321870
0.002854236325067
0.002854869597184
0.002856490803039
0.002859047712535
0.002862439672652
0.002866520288923
0.002871102252861
0.002875964150625
0.002880858991314
0.002885524105190
0.002889691986916
0.002893101600344
0.002895509622562
0.002896701088164
0.002896498901433
0.002894771714859
0.002891439726559
0.002886478025198
0.002879917206367
0.002871841095714
0.002862381537146
0.002851710334435
0.002840028566271
0.002827553622783
0.002814504430313
0.002801085435535
0.002787470005080
0.002773783958417
0.002760089986510
0.002746373714407
0.002732532140993
0.002718365133649
0.002703570570509
0.002687743610655
0.002670380436361
0.002650886655736
0.002628590384115
0.002602759844289
0.002572625145530
0.002537403726086
0.002496328780034
0.002448679843539
0.002393814593564
0.002331200819144
0.002260447465738
0.002181333630061
0.002093834398134
0.001998142473623
0.001894684636179
0.001784132198197
0.001667404789816
0.001545666991378
0.001420317544213
0.001292971097962
0.001165432688358
0.001039665375816
0.000917751704499
0.000801849855977
0.000694145563809
0.000596801018729
0.000511902122600
0.000441405538280
0.000387087028357
0.000350492576249
0.000332893737680
0.000335248579791
0.000358169431378
0.000401898494565
0.000466292160601
0.000550814636468
0.000654541231587
0.000776171382940
0.000914051220506
0.001066205201594
0.001230376080688
0.001404072239004
0.001584621182477
0.001769227835009
0.001955036111230
0.002139192154115
0.002318907570620
0.002491520994797
0.002654556352677
0.002805776295245
0.002943229402391
0.003065289937506
0.003170689144180
0.003258537316781
0.003328336138260
0.003379981053519
0.003413753726777
0.003430304908249
0.003430628300826
0.003416026263523
0.003388068408012
0.003348544331224
0.003299411875498
0.003242742413968
0.003180664720008
0.003115308994210
0.003048752590656
0.002982968907489
0.002919780788004
0.002860819621549
0.002807491143854
0.002760948720050
0.002722074657574
0.002691469847899
0.002669451783221
0.002656060744880
0.002651073721838
0.002654025397283
0.002664235345905
0.002680840419210
0.002702831166157
0.002729091044767
0.002758437129569
0.002789661010466
0.002821568610625
0.002853017722312
0.002882952167420
0.002910431629432
0.002934656370740
0.002954986237577
0.002970953557840
0.002982269747747
0.002988825654701
0.002990685868675
0.002988077426519
0.002981373506403
0.002971072858022
0.002957775833504
0.002942157970968
0.002924942134914
0.002906870234246
0.002888675519794
0.002871056410215
0.002854652710675
0.002840024976405
0.002827637637567
0.002817846348261
0.002810889856628
0.002806886521173
0.002805835426805
0.002807621888819
0.002812026980027
0.002818740580592
0.002827377336522
0.002837494824728
0.002848613162884
0.002860235272360
0.002871867002924
0.002883036357802
0.002893311115402
0.002902314226698
0.002909736471245
0.002915345975689
0.002918994331434
0.002920619187498
0.002920243335098
