0.002876989849676
0.002874724099103
0.002872058096604
0.002869111460096
0.002866019831340
0.002862928773438
0.002859987079975
0.002857339798367
0.002855121288762
0.002853448644112
0.002852415786245
0.002852088527188
0.002852500845603
0.002853652576491
0.002855508650581
0.002857999950582
0.002861025777902
0.002864457848758
0.002868145666254
0.002871923048295
0.002875615533382
0.002879048340047
0.002882054523428
0.002884482955868
0.002886205758490
0.002887124827906
0.002887177135865
0.002886338528792
0.002884625816664
0.002882097014078
0.002878849677563
0.002875017368606
0.002870764357828
0.002866278768314
0.002861764431583
0.002857431794411
0.002853488265710
0.002850128427258
0.002847524548318
0.002845817841097
0.002845110871116
0.002845461494552
0.002846878634902
0.002849320136032
0.002852692840933
0.002856854948704
0.002861620600578
0.002866766543530
0.002872040621557
0.002877171754551
0.002881880986995
0.002885893127064
0.002888948454403
0.002890813954068
0.002891293536498
0.002890236729414
0.002887545376816
0.002883177951382
0.002877151177172
0.002869538766439
0.002860467193494
0.002850108555464
0.002838670699339
0.002826384921716
0.002813491666812
0.002800224754579
0.002786794759320
0.002773372226078
0.002760071453773
0.002746935588202
0.002733923753166
0.002720900903776
0.002707631013200
0.002693774104702
0.002678887517710
0.002662431653777
0.002643780290491
0.002622235384015
0.002597046109980
0.002567431724079
0.002532607664099
0.002491814170384
0.002444346577377
0.002389586330010
0.002327031709401
0.002256327215810
0.002177290555226
0.002089936210142
0.001994494644776
0.001891426298598
0.001781429656824
0.001665442848633
0.001544638408478
0.001420411037246
0.001294358411959
0.001168255308466
0.001044021514141
0.000923684210208
0.000809335689226
0.000703087436405
0.000607021738230
0.000523142083875
0.000453323690393
0.000399265509260
0.000362445058395
0.000344077370123
0.000345079253159
0.000366039937906
0.000407199012923
0.000468432370865
0.000549246670055
0.000648782589361
0.000765826915806
0.000898833263382
0.001045950984902
0.001205061613282
0.001373821961029
0.001549712822836
0.001730092071434
0.001912250815593
0.002093471204836
0.002271084420348
0.002442527386928
0.002605396776619
0.002757498949708
0.002896894590837
0.003021936943641
0.003131302722411
0.003224014978607
0.003299457417990
0.003357379894370
0.003397895042027
0.003421466244111
0.003428887362156
0.003421254866001
0.003399933198025
0.003366514375384
0.003322772974375
0.003270617748541
0.003212041203868
0.003149068488880
0.003083706953904
0.003017897692816
0.002953470303667
0.002892101994361
0.002835282019406
0.002784282268007
0.002740134637495
0.002703615624682
0.002675238357288
0.002655252074158
0.002643648852783
0.002640177181708
0.002644361789511
0.002655528976335
0.002672836553107
0.002695307381461
0.002721865426828
0.002751373190288
0.002782669372480
0.002814605645066
0.002846081460855
0.002876075920510
0.002903675828802
0.002928099212617
0.002948713731865
0.002965049587702
0.002976806714679
0.002983856228438
0.002986236282834
0.002984142663778
0.002977914606584
0.002968016463971
0.002955015969059
0.002939559928163
0.002922348239342
0.002904107163061
0.002885562770308
0.002867415461690
0.002850316389939
0.002834846530408
0.002821499032893
0.002810665357789
0.002802625554723
0.002797542887883
0.002795462854530
0.002796316487410
0.002799927683207
0.002806024163046
0.002814251551923
0.002824189965717
0.002835372420404
0.002847304330341
0.002859483342442
0.002871418760839
0.002882649851616
0.002892762377455
0.002901402795100
0.002908289650812
0.002913221826356
0.002916083415927
