0.002972640857705
0.002970647927879
0.002968801214228
0.002967239142632
0.002966082447176
0.002965425106242
0.002965327005426
0.002965808888742
0.002966850008358
0.002968388699566
0.002970325904093
0.002972531455260
0.002974852737527
0.002977125155158
0.002979183703019
0.002980874837912
0.002982067808877
0.002982664623826
0.002982607907549
0.002981886038518
0.002980535130896
0.002978637642160
0.002976317621538
0.002973732853950
0.002971064381473
0.002968504083287
0.002966241150753
0.002964448394696
0.002963269358640
0.002962807180374
0.002963116045308
0.002964195913743
0.002965990990166
0.002968392149569
0.002971243260401
0.002974351064795
0.002977498013702
0.002980457226542
0.002983008568818
0.002984954730927
0.002986136156665
0.002986443715446
0.002985828137196
0.002984305426964
0.002981957735733
0.002978929468581
0.002975418741063
0.002971664627248
0.002967930954878
0.002964487671974
0.002961591014536
0.002959463830070
0.002958277444903
0.002958136398812
0.002959067209516
0.002961012079422
0.002963828132096
0.002967292385940
0.002971112262075
0.002974941010102
0.002978397048109
0.002981085880606
0.002982623005702
0.002982656072591
0.002980884517622
0.002977075000381
0.002971071180270
0.002962796710724
0.002952250765686
0.002939495926928
0.002924638820586
0.002907804461590
0.002889105807652
0.002868610502227
0.002846307162528
0.002822073813311
0.002795651155474
0.002766623275054
0.002734408137654
0.002698259781065
0.002657283531578
0.002610464854146
0.002556711639700
0.002494908878299
0.002423983813569
0.002342978873439
0.002251128975384
0.002147939258334
0.002033258938769
0.001907346856296
0.001770924384048
0.001625211738038
0.001471944319634
0.001313366545145
0.001152201621060
0.000991596866131
0.000835045405750
0.000686286307110
0.000549186418871
0.000427608260686
0.000325269213674
0.000245597938504
0.000191594349412
0.000165699570142
0.000169682076893
0.000204545695897
0.000270464288346
0.000366746858299
0.000491835509804
0.000643337220159
0.000818088857949
0.001012253334179
0.001221443310073
0.001440867571278
0.001665494083201
0.001890222923685
0.002110061790726
0.002320296631988
0.002516650148874
0.002695421482163
0.002853601261592
0.002988957354781
0.003100088023478
0.003186440717947
0.003248296336614
0.003286720367227
0.003303483828351
0.003300958271233
0.003281990216378
0.003249761233237
0.003207640387191
0.003159035954322
0.003107253138264
0.003055364029491
0.003006095257488
0.002961737747131
0.002924081761141
0.002894379058715
0.002873332599129
0.002861112842367
0.002857398417555
0.002861437808427
0.002872127797223
0.002888103755576
0.002907836499307
0.002929730344188
0.002952217205760
0.002973842057213
0.002993335760074
0.003009672166601
0.003022107405157
0.003030200340009
0.003033814282849
0.003033101064378
0.003028469495397
0.003020541010807
0.003010095860282
0.002998013561841
0.002985211458263
0.002972585113784
0.002960953975402
0.002951015226425
0.002943308116429
0.002938190305435
0.002935826959109
0.002936192525755
0.002939084362770
0.002944146703709
0.002950902903755
0.002958793499341
0.002967217384500
0.002975573349253
0.002983299339933
0.002989907073477
0.002995010044049
0.002998343470302
0.002999775309213
0.002999308069179
0.002997071751955
0.002993308803156
0.002988352421949
0.002982599945688
0.002976483265933
0.002970438338145
0.002964875816987
0.002960154689754
0.002956560507193
0.002954289445541
0.002953439002988
0.002954005667966
0.002955889426980
0.002958904536530
0.002962795594701
0.002967257636503
0.002971958760380
0.002976563682333
0.002980756612261
0.002984261950881
0.002986861504445
0.002988407192278
0.002988828558084
