0.000061183578968
0.000061589617327
0.000061973909654
0.000062335725241
0.000062674376234
0.000062989218939
0.000063279655045
0.000063545132755
0.000063785147836
0.000063999244568
0.000064187016611
0.000064348107773
0.000064482212680
0.000064589077354
0.000064668499689
0.000064720329833
0.000064744470464
0.000064740876974
0.000064709557543
0.000064650573121
0.000064564037308
0.000064450116127
0.000064309027705
0.000064141041855
0.000063946479551
0.000063725712318
0.000063479161515
0.000063207297529
0.000062910638877
0.000062589751211
0.000062245246237
0.000061877780551
0.000061488054377
0.000061076810237
0.000060644831530
0.000060192941040
0.000059721999365
0.000059232903275
0.000058726584006
0.000058204005479
0.000057666162470
0.000057114078709
0.000056548804936
0.000055971416891
0.000055383013275
0.000054784713652
0.000054177656319
0.000053562996141
0.000052941902353
0.000052315556334
0.000051685149359
0.000051051880336
0.000050416953522
0.000049781576238
0.000049146956566
0.000048514301060
0.000047884812447
0.000047259687345
0.000046640113987
0.000046027269962
0.000045422319983
0.000044826413668
0.000044240683362
0.000043666241983
0.000043104180914
0.000042555567925
0.000042021445151
0.000041502827112
0.000041000698791
0.000040516013762
0.000040049692385
0.000039602620057
0.000039175645537
0.000038769579337
0.000038385192184
0.000038023213561
0.000037684330329
0.000037369185422
0.000037078376631
0.000036812455479
0.000036571926171
0.000036357244645
0.000036168817712
0.000036007002288
0.000035872104719
0.000035764380208
0.000035684032337
0.000035631212679
0.000035606020525
0.000035608502695
0.000035638653454
0.000035696414536
0.000035781675251
0.000035894272706
0.000036033992122
0.000036200567240
0.000036393680841
0.000036612965346
0.000036858003523
0.000037128329286
0.000037423428581
0.000037742740369
0.000038085657697
0.000038451528852
0.000038839658607
0.000039249309542
0.000039679703448
0.000040130022809
0.000040599412361
0.000041086980712
0.000041591802044
0.000042112917870
0.000042649338858
0.000043200046708
0.000043763996093
0.000044340116641
0.000044927314969
0.000045524476761
0.000046130468882
0.000046744141534
0.000047364330434
0.000047989859026
0.000048619540715
0.000049252181119
0.000049886580333
0.000050521535208
0.000051155841631
0.000051788296809
0.000052417701552
0.000053042862546
0.000053662594614
0.000054275722962
0.000054881085408
0.000055477534584
0.000056063940107
0.000056639190724
0.000057202196416
0.000057751890458
0.000058287231447
0.000058807205266
0.000059310827007
0.000059797142834
0.000060265231790
0.000060714207533
0.000061143220022
0.000061551457115
0.000061938146107
0.000062302555195
0.000062643994854
0.000062961819142
0.000063255426919
0.000063524262982
0.000063767819112
0.000063985635031
0.000064177299270
0.000064342449941
0.000064480775422
0.000064592014938
0.000064675959050
0.000064732450046
0.000064761382239
0.000064762702153
0.000064736408627
0.000064682552805
0.000064601238038
0.000064492619680
0.000064356904790
0.000064194351731
0.000064005269680
0.000063790018033
0.000063549005719
0.000063282690422
0.000062991577710
0.000062676220069
0.000062337215853
0.000061975208147
0.000061590883544
0.000061184970842
0.000060758239654
0.000060311498954
0.000059845595534
0.000059361412404
0.000058859867108
0.000058341909992
0.000057808522394
0.000057260714791
0.000056699524873
0.000056126015585
0.000055541273108
0.000054946404801
0.000054342537105
0.000053730813407
0.000053112391873
0.000052488443258
0.000051860148689
0.000051228697424
0.000050595284609
0.000049961109008
0.000049327370737
0.000048695268996
0.000048065999797
0.000047440753703
0.000046820713576
0.000046207052338
0.000045600930759
0.000045003495255
0.000044415875727
0.000043839183422
0.000043274508834
0.000042722919646
0.000042185458708
0.000041663142073
0.000041156957076
0.000040667860467
0.000040196776609
0.000039744595734
0.000039312172259
0.000038900323178
0.000038509826518
0.000038141419876
0.000037795799027
0.000037473616611
0.000037175480908
0.000036901954689
0.000036653554159
0.000036430747985
0.000036233956417
0.000036063550497
0.000035919851365
0.000035803129655
0.000035713604990
0.000035651445574
0.000035616767877
0.000035609636422
0.000035630063669
0.000035678009996
0.000035753383781
0.000035856041578
0.000035985788397
0.000036142378077
0.000036325513755
0.000036534848434
0.000036769985645
0.000037030480199
0.000037315839035
0.000037625522155
0.000037958943653
0.000038315472820
0.000038694435350
0.000039095114608
0.000039516752996
0.000039958553385
0.000040419680624
0.000040899263126
0.000041396394512
0.000041910135331
0.000042439514836
0.000042983532820
0.000043541161510
0.000044111347510
0.000044693013790
0.000045285061727
0.000045886373177
0.000046495812594
0.000047112229170
0.000047734459011
0.000048361327337
0.000048991650702
0.000049624239225
0.000050257898841
0.000050891433552
0.000051523647687
0.000052153348158
0.000052779346712
0.000053400462172
0.000054015522668
0.000054623367843
0.000055222851048
0.000055812841499
0.000056392226410
0.000056959913095
0.000057514831021
0.000058055933832
0.000058582201316
0.000059092641330
0.000059586291667
0.000060062221868
0.000060519534977
0.000060957369225
0.000061374899655
0.000061771339672
0.000062145942526
0.000062498002712
0.000062826857298
0.000063131887174
0.000063412518210
0.000063668222334
0.000063898518527
0.000064102973724
0.000064281203622
0.000064432873402
0.000064557698355
0.000064655444414
0.000064725928588
0.000064769019303
0.000064784636643
0.000064772752497
0.000064733390605
0.000064666626507
0.000064572587398
0.000064451451879
0.000064303449617
0.000064128860904
0.000063928016128
0.000063701295139
0.000063449126532
0.000063171986832
0.000062870399591
0.000062544934395
0.000062196205790
0.000061824872111
0.000061431634245
0.000061017234302
0.000060582454209
0.000060128114239
0.000059655071456
0.000059164218098
0.000058656479892
0.000058132814306
0.000057594208743
0.000057041678675
0.000056476265731
0.000055899035726
0.000055311076658
0.000054713496649
0.000054107421860
0.000053493994369
0.000052874370012
0.000052249716213
0.000051621209775
0.000050990034671
0.000050357379809
0.000049724436794
0.000049092397681
0.000048462452735
0.000047835788187
0.000047213584001
0.000046597011654
0.000045987231931
0.000045385392738
0.000044792626949
0.000044210050267
0.000043638759131
0.000043079828652
0.000042534310591
0.000042003231382
0.000041487590206
0.000040988357108
0.000040506471178
0.000040042838785
0.000039598331876
0.000039173786339
0.000038770000432
0.000038387733287
0.000038027703483
0.000037690587704
0.000037377019461
0.000037087587915
0.000036822836764
0.000036583263233
0.000036369317137
0.000036181400043
0.000036019864522
0.000035885013486
0.000035777099628
0.000035696324947
0.000035642840381
0.000035616745522
0.000035618088437
0.000035646865584
0.000035703021822
0.000035786450521
0.000035896993771
0.000036034442680
0.000036198537775
0.000036388969496
0.000036605378782
0.000036847357751
0.000037114450476
0.000037406153842
0.000037721918501
0.000038061149909
0.000038423209450
0.000038807415636
0.000039213045401
0.000039639335458
0.000040085483740
0.000040550650915
0.000041033961963
0.000041534507829
0.000042051347131
