0.000053370682113
0.000054077488939
0.000054540495978
0.000054753380393
0.000054713238818
0.000054420626881
0.000053879551447
0.000053097415669
0.000052084917634
0.000050855903968
0.000049427180414
0.000047818281985
0.000046051205817
0.000044150110397
0.000042140985267
0.000040051295729
0.000037909607399
0.000035745195755
0.000033587646008
0.000031466448770
0.000029410597039
0.000027448190015
0.000025606049157
0.000023909351727
0.000022381286827
0.000021042738625
0.000019912001105
0.000019004528219
0.000018332722869
0.000017905767589
0.000017729499239
0.000017806329421
0.000018135211694
0.000018711656040
0.000019527790372
0.000020572468249
0.000021831421306
0.000023287454332
0.000024920680310
0.000026708792220
0.000028627367873
0.000030650203627
0.000032749672400
0.000034897101119
0.000037063162414
0.000039218275236
0.000041333008899
0.000043378485049
0.000045326772061
0.000047151266472
0.000048827056259
0.000050331260979
0.000051643344149
0.000052745393592
0.000053622365925
0.000054262291850
0.000054656439459
0.000054799433310
0.000054689327673
0.000054327632926
0.000053719294770
0.000052872626525
0.000051799195459
0.000050513664695
0.000049033592851
0.000047379194173
0.000045573062420
0.000043639862282
0.000041605992547
0.000039499225619
0.000037348328309
0.000035182669070
0.000033031817055
0.000030925138459
0.000028891395660
0.000026958354627
0.000025152405963
0.000023498204741
0.000022018334061
0.000020732996902
0.000019659740492
0.000018813216938
0.000018204983388
0.000017843344448
0.000017733239000
0.000017876172962
0.000018270198903
0.000018909942785
0.000019786677474
0.000020888441990
0.000022200204892
0.000023704069541
0.000025379518452
0.000027203693388
0.000029151707377
0.000031196984388
0.000033311622026
0.000035466772307
0.000037633035301
0.000039780860281
0.000041880948904
0.000043904654916
0.000045824374933
0.000047613924975
0.000049248897602
0.000050706994793
0.000051968332025
0.000053015709407
0.000053834846180
0.000054414575369
0.000054746995961
0.000054827580515
0.000054655236752
0.000054232322289
0.000053564612309
0.000052661220634
0.000051534475255
0.000050199750040
0.000048675254915
0.000046981787377
0.000045142448740
0.000043182328979
0.000041128164475
0.000039007973340
0.000036850673278
0.000034685687212
0.000032542542051
0.000030450466058
0.000028437990329
0.000026532559798
0.000024760159080
0.000023144958254
0.000021708983407
0.000020471816436
0.000019450328188
0.000018658448587
0.000018106976867
0.000017803434496
0.000017751962805
0.000017953266688
0.000018404605167
0.000019099828920
0.000020029464274
0.000021180842503
0.000022538272671
0.000024083255657
0.000025794736441
0.000027649391211
0.000029621945375
0.000031685518132
0.000033811988920
0.000035972380728
0.000038137255058
0.000040277113147
0.000042362797982
0.000044365891631
0.000046259102476
0.000048016637064
0.000049614551528
0.000051031077767
0.000052246919965
0.000053245517398
0.000054013269955
0.000054539723302
0.000054817711175
0.000054843452856
0.000054616604526
0.000054140263775
0.000053420927237
0.000052468401913
0.000051295671403
0.000049918718871
0.000048356309162
0.000046629733034
0.000044762517002
0.000042780102749
0.000040709500466
0.000038578920851
0.000036417390786
0.000034254357916
0.000032119289530
0.000030041271201
0.000028048610650
0.000026168452237
0.000024426407318
0.000022846205508
0.000021449371601
0.000020254932530
0.000019279158371
0.000018535340911
0.000018033612778
0.000017780809621
0.000017780377180
0.000018032324532
0.000018533224137
0.000019276258673
0.000020251314033
0.000021445117194
0.000022841417096
0.000024421206053
0.000026162978676
0.000028043024796
0.000030035752367
0.000032114035981
0.000034249586230
0.000036413334884
0.000038575830652
0.000040707640124
0.000042779748447
0.000044763954271
0.000046633253599
0.000048362207303
0.000049927287327
0.000051307196840
0.000052483160005
0.000053439177416
0.000054162243719
0.000054642524479
0.000054873489870
0.000054852003385
0.000054578364358
0.000054056303718
0.000053292933053
0.000052298647662
0.000051086984935
0.000049674439976
0.000048080241003
0.000046326087557
0.000044435855118
0.000042435270121
0.000040351559812
0.000038213081713
0.000036048937727
0.000033888578146
0.000031761400946
0.000029696351820
0.000027721530393
0.000025863807976
0.000024148462056
0.000022598832493
0.000021236004102
0.000020078519934
0.000019142129151
0.000018439572928
0.000017980411281
0.000017770893187
0.000017813871739
0.000018108765512
0.000018651566631
0.000019434895456
0.000020448101119
0.000021677406537
0.000023106095948
0.000024714742388
0.000026481472030
0.000028382261782
0.000030391266093
0.000032481168512
0.000034623553239
0.000036789291590
0.000038948938130
0.000041073131090
0.000043132991613
0.000045100516412
0.000046948958488
0.000048653190748
0.000050190047566
0.000051538639657
0.000052680637973
0.000053600522778
0.000054285794508
0.000054727143559
0.000054918576690
0.000054857498341
0.000054544745751
0.000053984577409
0.000053184614995
0.000052155739617
0.000050911943735
0.000049470140816
0.000047849935290
0.000046073355950
0.000044164556413
0.000042149486728
0.000040055540586
0.000037911182936
0.000035745563067
0.000033588118412
0.000031468174475
0.000029414546291
0.000027455146864
0.000025616607888
0.000023923917896
0.000022400082781
0.000021065813265
0.000019939243588
0.000019035685223
0.000018367418964
0.000017943528205
0.000017769775681
0.000017848525330
0.000018178710340
0.000018755847814
0.000019572099838
0.000020616380133
0.000021874504827
0.000023329385300
0.000024961260474
0.000026747965396
0.000028665232451
0.000030687021126
0.000032785871828
0.000034933278952
0.000037100078138
0.000039256842445
0.000041374282060
0.000043423642129
0.000045377093278
0.000047208109552
0.000048891828614
0.000050405389333
0.000051728242162
0.000052842428110
0.000053732822501
0.000054387340244
0.000054797099788
0.000054956543583
0.000054863513382
0.000054519279382
0.000053928522811
0.000053099272194
0.000052042794176
0.000050773440386
0.000049308452423
0.000047667727614
0.000045873548741
0.000043950281388
0.000041924043035
0.000039822348398
0.000037673735815
0.000035507379768
0.000033352694789
0.000031238936144
0.000029194802701
0.000027248047380
0.000025425100467
0.000023750710916
0.000022247610492
0.000020936205316
0.000019834299005
0.000018956851151
0.000018315774416
0.000017919772998
0.000017774224654
0.000017881107877
0.000018238975209
0.000018842973056
0.000019684907719
0.000020753356755
0.000022033824140
0.000023508937135
0.000025158682174
0.000026960676565
0.000028890472328
0.000030921888032
0.000033027364126
0.000035178336952
0.000037345626349
0.000039499831600
0.000041611730338
0.000043652675010
0.000045594981511
0.000047412304726
0.000049079995869
0.000050575436798
0.000051878346749
0.000052971057343
0.000053838752139
0.000054469667483
0.000054855251924
0.000054990282062
0.000054872933227
0.000054504804073
0.000053890894718
0.000053039538763
0.000051962290099
0.000050673766042
0.000049191448939
0.000047535448922
0.000045728231050
0.000043794310522
0.000041759920122
0.000039652654380
0.000037501095302
0.000035334424730
0.000033182028601
0.000031073098454
0.000029036235616
0.000027099063407
0.000025287852636
0.000023627165466
