0.003006617491401
0.003006349870117
0.003005996005461
0.003005598748675
0.003005206501228
0.003004868505412
0.003004629912660
0.003004527121649
0.003004583863778
0.003004808450509
0.003005192490605
0.003005711245336
0.003006325629474
0.003006985701197
0.003007635331137
0.003008217615465
0.003008680513079
0.003008982152075
0.003009095270272
0.003009010327673
0.003008736949434
0.003008303514994
0.003007754887817
0.003007148463409
0.003006548882959
0.003006021899091
0.003005627974561
0.003005416234080
0.003005419368951
0.003005650014562
0.003006098988822
0.003006735606962
0.003007510091062
0.003008357889643
0.003009205533470
0.003009977496839
0.003010603424931
0.003011025038631
0.003011202044523
0.003011116459074
0.003010774895855
0.003010208550527
0.003009470833370
0.003008632823211
0.003007776928491
0.003006989320416
0.003006351831957
0.003005934081750
0.003005786576267
0.003005935466306
0.003006379490876
0.003007089445272
0.003008010278249
0.003009065676863
0.003010164759885
0.003011210294123
0.003012107692673
0.003012773965507
0.003013145780393
0.003013185858608
0.003012887070246
0.003012273796542
0.003011400373520
0.003010346700323
0.003009211361990
0.003008102855392
0.003007129695770
0.003006390301317
0.003005963592240
0.003005901193444
0.003006221999359
0.003006909655963
0.003007913256213
0.003009151253806
0.003010518302737
0.003011894453782
0.003013155909702
0.003014186380625
0.003014888005743
0.003015190825713
0.003015059902073
0.003014499377075
0.003013553033268
0.003012301223794
0.003010854374212
0.003009343574860
0.003007909060116
0.003006687581234
0.003005799802329
0.003005338871554
0.003005361237491
0.003005880599720
0.003006865616723
0.003008241666197
0.003009896590998
0.003011690000225
0.003013465362525
0.003015063857990
0.003016338772069
0.003017169137891
0.003017471371676
0.003017207798462
0.003016391220907
0.003015085021789
0.003013398682316
0.003011479009549
0.003009497760591
0.003007636692910
0.003006071327346
0.003004954858055
0.003004403665970
0.003004485784467
0.003005213434272
0.003006540407115
0.003008364661673
0.003010536036404
0.003012868521632
0.003015156109137
0.003017190890085
0.003018781834497
0.003019772581528
0.003020056612382
0.003019588366824
0.003018389187017
0.003016547403811
0.003014212385191
0.003011582901730
0.003008890682743
0.003006380493152
0.003004288412405
0.003002820209038
0.003002131754734
0.003002313300602
0.003003379151519
0.003005263841855
0.003007825371513
0.003010855449439
0.003014096064419
0.003017261115019
0.003020061334958
0.003022230394074
0.003023549874231
0.003023870836398
0.003023129914941
0.003021358286136
0.003018682430703
0.003015316300681
0.003011545252698
0.003007702859202
0.003004142390297
0.003001205308823
0.002999189486419
0.002998319988272
0.002998725166851
0.003000420448034
0.003003301606237
0.003007148548387
0.003011639718073
0.003016376263322
0.003020914164844
0.003024801679440
0.003027618793926
0.003029014975530
0.003028741394833
0.003026674014500
0.003022824482816
0.003017336620361
0.003010467389470
0.003002552514683
0.002993958284907
0.002985022409316
0.002975988009629
0.002966935806249
0.002957720202169
0.002947915214550
0.002936776004199
0.002923221094396
0.002905839273298
0.002882923693306
0.002852533902622
0.002812584581675
0.002760957742031
0.002695633220351
0.002614830607365
0.002517154424308
0.002401733509205
0.002268345286294
0.002117515911314
0.001950588220311
0.001769750924589
0.001578024512692
0.001379201727881
0.001177743142278
0.000978631081185
0.000787187787383
0.000608866081322
0.000449022708351
0.000312685932556
0.000204329637016
0.000127666162737
0.000085469350444
0.000079437776088
0.000110106074228
0.000176809646590
0.000277705113144
0.000409845760258
0.000569308166896
0.000751363336331
0.000950683204312
0.001161571486747
0.001378206586514
0.001594883772763
0.001806244102059
0.002007478544595
0.002194497439163
0.002364057614095
0.002513842130474
0.002642490457235
0.002749579791806
0.002835561011531
0.002901655209545
0.002949718786938
0.002982086527032
0.003001402893268
0.003010451939468
0.003011995715247
0.003008629947491
0.003002664176926
0.002996031552026
0.002990231277460
0.002986304436780
0.002984841714456
0.002986019573683
0.002989659825670
0.002995306345974
0.003002312012179
0.003009928775513
0.003017394120267
0.003024007957721
0.003029195164456
0.003032550404698
0.003033863454527
0.003033124849310
0.003030513185577
0.003026366718437
0.003021142919434
0.003015370336705
0.003009597397911
0.003004342715169
0.003000051017504
0.002997058103342
0.002995567246600
0.002995638392505
0.002997190337260
0.003000014992037
0.003003801871312
0.003008170188500
0.003012705439147
0.003016997131905
0.003020674394521
0.003023436517346
0.003025076060615
0.003025492887578
0.003024698325252
0.003022809524464
0.003020034917604
0.003016652389426
0.003012982328081
0.003009358071033
0.003006096382458
0.003003470493638
0.003001687923029
0.003000874802197
0.003001067815231
0.003002214169179
0.003004179311968
0.003006761461858
0.003009711461940
0.003012756067854
0.003015622546112
0.003018062418243
0.003019872329802
0.003020910335195
0.003021106337434
0.003020465964054
0.003019067747546
0.003017054059258
0.003014616770548
0.003011979040700
0.003009374924230
0.003007028629355
0.003005135236907
0.003003844511341
0.003003249122029
0.003003378174566
0.003004196466887
0.003005609377337
0.003007472805600
0.003009607164081
0.003011814091823
0.003013894361016
0.003015665381982
0.003016976788379
0.003017722790224
0.003017850297250
0.003017362209105
0.003016315705880
0.003014815813492
0.003013004924953
0.003011049296134
0.003009123775176
0.003007396149723
0.003006012497077
0.003005084802041
0.003004681878779
0.003004824318791
0.003005483816537
0.003006586830962
0.003008022160230
0.003009651671498
0.003011323166106
0.003012884194595
0.003014195578037
0.003015143445295
0.003015648752891
0.003015673499369
0.003015223155775
0.003014345179620
0.003013123830018
0.003011671825576
0.003010119655772
0.003008603548275
0.003007253193350
0.003006180325219
0.003005469161019
0.003005169511550
0.003005293122591
0.003005813505319
0.003006669196827
0.003007770085825
0.003009006171196
0.003010257915656
0.003011407230419
0.003012348089442
0.003012995825287
0.003013294296269
0.003013220322644
0.003012785047942
0.003012032166028
0.003011033238983
0.003009880589607
0.003008678462462
0.003007533290666
0.003006543970286
0.003005793025840
0.003005339452057
0.003005213849180
0.003005416248109
0.003005916768738
0.003006658993495
0.003007565692392
0.003008546328008
0.003009505617120
0.003010352343036
0.003011007605523
0.003011411762812
0.003011529455010
0.003011352286799
0.003010898971223
0.003010212974342
0.003009357930477
0.003008411298390
0.003007456882168
0.003006576933276
0.003005844574785
0.003005317244002
0.003005031741112
0.003005001310128
0.003005214980453
0.003005639181881
0.003006221433171
0.003006895714509
0.003007588984409
0.003008228205311
0.003008747207440
0.003009092749444
0.003009229223177
0.003009141589140
0.003008836304653
0.003008340201355
0.003007697463497
0.003006965035171
0.003006206926628
0.003005487984393
0.003004867728830
0.003004394843438
0.003004102825493
0.003004007185805
0.003004104428888
0.003004372869493
0.003004775164293
