0.002781171031387
0.002782169551026
0.002783919646641
0.002786355864891
0.002789383449588
0.002792881982995
0.002796710128465
0.002800711289297
0.002804719959016
0.002808568507467
0.002812094126531
0.002815145649905
0.002817589963657
0.002819317738239
0.002820248237882
0.002820332998786
0.002819558212016
0.002817945698673
0.002815552421750
0.002812468538783
0.002808814059575
0.002804734231405
0.002800393827840
0.002795970564330
0.002791647902129
0.002787607530122
0.002784021830587
0.002781046638994
0.002778814599301
0.002777429395158
0.002776961104583
0.002777442882397
0.002778869122494
0.002781195193067
0.002784338774464
0.002788182763945
0.002792579646984
0.002797357173489
0.002802325121918
0.002807282887186
0.002812027591375
0.002816362391248
0.002820104644625
0.002823093599348
0.002825197283998
0.002826318308227
0.002826398321523
0.002825420930916
0.002823412938549
0.002820443826873
0.002816623489783
0.002812098279516
0.002807045508658
0.002801666611311
0.002796179224707
0.002790808499855
0.002785777985173
0.002781300448918
0.002777569013500
0.002774748967006
0.002772970594616
0.002772323335713
0.002772851522838
0.002774551897902
0.002777373031671
0.002781216697135
0.002785941168941
0.002791366342683
0.002797280492780
0.002803448418820
0.002809620670674
0.002815543494652
0.002820969108835
0.002825665896770
0.002829428106109
0.002832084652695
0.002833506660829
0.002833613415840
0.002832376464192
0.002829821666841
0.002826029090871
0.002821130709466
0.002815305967712
0.002808775358125
0.002801792231732
0.002794633144590
0.002787587102861
0.002780944119240
0.002774983527481
0.002769962518521
0.002766105360207
0.002763593742836
0.002762558655047
0.002763074140352
0.002765153215635
0.002768746151827
0.002773741226665
0.002779967963441
0.002787202771583
0.002795176808641
0.002803585792595
0.002812101411931
0.002820383912050
0.002828095383098
0.002834913238586
0.002840543357816
0.002844732369132
0.002847278575448
0.002848041067732
0.002846946634800
0.002843994156590
0.002839256260410
0.002832878121933
0.002825073401338
0.002816117415704
0.002806337757458
0.002796102671077
0.002785807592361
0.002775860332764
0.002766665452267
0.002758608405515
0.002752040065659
0.002747262227289
0.002744514664002
0.002743964267993
0.002745696730194
0.002749711132133
0.002755917717882
0.002764138999872
0.002774114230001
0.002785507141899
0.002797916746034
0.002810890841090
0.002823941797381
0.002836564074835
0.002848252863181
0.002858523178208
0.002866928717667
0.002873079774953
0.002876659528650
0.002877438070935
0.002875283606404
0.002870170342904
0.002862182704500
0.002851515619999
0.002838470774394
0.002823448850386
0.002806937928039
0.002789498347569
0.002771744468448
0.002754323872884
0.002737894659137
0.002723101546622
0.002710551567466
0.002700790146216
0.002694278369644
0.002691372221965
0.002692304507985
0.002697170109601
0.002705915122050
0.002718330298782
0.002734049101738
0.002752550511480
0.002773166603933
0.002795094752283
0.002817414168767
0.002839106366423
0.002859078999706
0.002876192439082
0.002889288351532
0.002897219498884
0.002898879930670
0.002893234738658
0.002879348556298
0.002856412027070
0.002823765529520
0.002780919531006
0.002727571043903
0.002663615773435
0.002589155671573
0.002504501742200
0.002410172074755
0.002306885212582
0.002195549084210
0.002077245837183
0.001953213011643
0.001824821572129
0.001693551379046
0.001560964724775
0.001428678582998
0.001298336223692
0.001171578831316
0.001050017731562
0.000935207784663
0.000828622443192
0.000731630902376
0.000645477694171
0.000571264995825
0.000509937842381
0.000462272353470
0.000428867010282
0.000410136951085
0.000406311194740
0.000417432652674
0.000443360751340
0.000483776459610
0.000538189498418
0.000605947502500
0.000686246905159
0.000778145324951
0.000880575246386
0.000992358803238
0.001112223490843
0.001238818651131
0.001370732589204
0.001506510191736
0.001644670924172
0.001783727084886
0.001922202189903
0.002058649351567
0.002191669499288
0.002319929271190
0.002442178383413
0.002557266260763
0.002664157690067
0.002761947238006
0.002849872160400
0.002927323521684
0.002993855243433
0.003049190810646
0.003093227385094
0.003126037106981
0.003147865409523
0.003159126225408
0.003160394028421
0.003152392726298
0.003135981500208
0.003112137769586
0.003081937545714
0.003046533520500
0.003007131315058
0.002964964383079
0.002921268123380
0.002877253801863
0.002834082912927
0.002792842622388
0.002754522926743
0.002719996136625
0.002689999245509
0.002665119678912
0.002645784835975
0.002632255736590
0.002624624975869
0.002622819067122
0.002626605128359
0.002635601739645
0.002649293673745
0.002667050084490
0.002688145630394
0.002711783918909
0.002737122582770
0.002763299246907
0.002789457614434
0.002814772894685
0.002838475815582
0.002859874506519
0.002878373605089
0.002893490029511
0.002904864965542
0.002912271738661
0.002915619375256
0.002914951796085
0.002910442726581
0.002902386547013
0.002891185436193
0.002877333280973
0.002861396926133
0.002843995421838
0.002825777985899
0.002807401433503
0.002789507836755
0.002772703159972
0.002757537574931
0.002744488094616
0.002733944076977
0.002726196044806
0.002721428147960
0.002719714464042
0.002721019197955
0.002725200704322
0.002732019124379
0.002741147305364
0.002752184559886
0.002764672729087
0.002778113939930
0.002791989395916
0.002805778513768
0.002818977716729
0.002831118217967
0.002841782174141
0.002850616657418
0.002857344981596
0.002861775020947
0.002863804275172
0.002863421556002
0.002860705296090
0.002855818604135
0.002849001307341
0.002840559328897
0.002830851840590
0.002820276705491
0.002809254780480
0.002798213681310
0.002787571623056
0.002777721936060
0.002769018822575
0.002761764863873
0.002756200713898
0.002752497326640
0.002750750963759
0.002750981120582
0.002753131396571
0.002757073224948
0.002762612269676
0.002769497200193
0.002777430468989
0.002786080647154
0.002795095821016
0.002804117520612
0.002812794638894
0.002820796809619
0.002827826740952
0.002833631049801
0.002838009206461
0.002840820277831
0.002841987246876
0.002841498782670
0.002839408435497
0.002835831331078
0.002830938533376
0.002824949332858
0.002818121793364
0.002810741953044
0.002803112120934
0.002795538739113
0.002788320290091
0.002781735720114
0.002776033821850
0.002771423975932
0.002768068591845
0.002766077517279
0.002765504604149
0.002766346532378
0.002768543902700
0.002771984520670
0.002776508709294
0.002781916410448
0.002787975768453
0.002794432835339
0.002801021998331
0.002807476707385
0.002813540074713
0.002818974929375
0.002823572937308
0.002827162439571
0.002829614717003
0.002830848455793
0.002830832262725
0.002829585158170
0.002827175056000
0.002823715319261
0.002819359555620
0.002814294884206
0.002808733963122
0.002802906112286
0.002797047897764
0.002791393560382
0.002786165672538
0.002781566393000
0.002777769660844
0.002774914627776
0.002773100574781
0.002772383496642
0.002772774468857
0.002774239838786
0.002776703209378
0.002780049112490
0.002784128202462
0.002788763741849
0.002793759102244
0.002798905965899
0.002803992889566
0.002808813881647
0.002813176647441
0.002816910174813
0.002819871363099
0.002821950440085
0.002823074963738
0.002823212264719
0.002822370250229
0.002820596556653
