0.002983393419480
0.002983195738804
0.002982731765362
0.002982035961394
0.002981161077013
0.002980174370543
0.002979152661386
0.002978176579519
0.002977324442108
0.002976666221884
0.002976258070969
0.002976137827253
0.002976321860815
0.002976803519887
0.002977553316929
0.002978520864116
0.002979638433904
0.002980825894573
0.002981996662264
0.002983064228702
0.002983948773995
0.002984583360860
0.002984919231811
0.002984929792811
0.002984612961348
0.002983991677154
0.002983112510912
0.002982042450225
0.002980864081898
0.002979669514569
0.002978553486305
0.002977606169921
0.002976906218951
0.002976514586558
0.002976469598597
0.002976783673678
0.002977441963812
0.002978403047533
0.002979601653701
0.002980953240040
0.002982360107396
0.002983718609693
0.002984926930168
0.002985892843657
0.002986540877077
0.002986818316870
0.002986699590882
0.002986188667738
0.002985319260950
0.002984152787381
0.002982774198288
0.002981285963450
0.002979800632482
0.002978432511320
0.002977289067032
0.002976462704313
0.002976023539343
0.002976013731697
0.002976443826864
0.002977291418111
0.002978502267118
0.002979993840336
0.002981661035815
0.002983383707021
0.002985035448622
0.002986493005525
0.002987645608866
0.002988403536256
0.002988705239762
0.002988522481142
0.002987863053569
0.002986770842560
0.002985323173932
0.002983625598903
0.002981804461143
0.002979997762889
0.002978344984017
0.002976976598290
0.002976004067425
0.002975511072382
0.002975546662977
0.002976120876315
0.002977203200409
0.002978724053912
0.002980579230679
0.002982637035363
0.002984747629707
0.002986753934494
0.002988503302730
0.002989859106118
0.002990711365763
0.002990985611415
0.002990649268706
0.002989715043519
0.002988240985293
0.002986327151934
0.002984109050667
0.002981748273336
0.002979420962960
0.002977304924174
0.002975566309477
0.002974346866020
0.002973752708502
0.002973845492539
0.002974636704637
0.002976085569915
0.002978100821492
0.002980546294039
0.002983250018630
0.002986016227675
0.002988639447560
0.002990919680719
0.002992677572420
0.002993768430267
0.002994094020162
0.002993611199394
0.002992336657439
0.002990347304562
0.002987776159040
0.002984803914007
0.002981646690838
0.002978540783474
0.002975725444589
0.002973424940355
0.002971831190961
0.002971088309838
0.002971280253300
0.002972422598640
0.002974459194044
0.002977264085668
0.002980648748775
0.002984374257323
0.002988167648173
0.002991741400303
0.002994814681918
0.002997134841046
0.002998497543980
0.002998764009589
0.002997873946881
0.002995853070552
0.002992814429121
0.002988953209516
0.002984535152146
0.002979879188687
0.002975335366663
0.002971259516464
0.002967986416939
0.002965803399580
0.002964926380467
0.002965480214309
0.002967485026714
0.002970849810183
0.002975374086910
0.002980757876892
0.002986619599648
0.002992520923599
0.002997997002285
0.003002590044109
0.003005883791112
0.003007536264906
0.003007308097731
0.003005083915814
0.003000884580849
0.002994868610368
0.002987321763478
0.002978634557938
0.002969268331357
0.002959711320178
0.002950427048436
0.002941798037103
0.002934068411356
0.002927289351477
0.002921271468321
0.002915548064457
0.002909352860680
0.002901615134191
0.002890974355359
0.002875815365848
0.002854323966671
0.002824561545415
0.002784556139395
0.002732406180309
0.002666392168766
0.002585090750232
0.002487485163271
0.002373065848005
0.002241915161766
0.002094770655135
0.001933062199873
0.001758919396003
0.001575147065313
0.001385168194192
0.001192935339206
0.001002813165726
0.000819436362235
0.000647548572061
0.000491829129367
0.000356715208882
0.000246227447256
0.000163807136199
0.000112172713633
0.000093202501954
0.000107849497320
0.000156092556689
0.000236926633719
0.000348392868074
0.000487647431402
0.000651066177154
0.000834380428335
0.001032837757585
0.001241380445387
0.001454833505561
0.001668093783033
0.001876311675084
0.002075057498441
0.002260465392100
0.002429348859734
0.002579283547833
0.002708654543546
0.002816667267437
0.002903322834325
0.002969360464563
0.003016171059637
0.003045687331994
0.003060256837761
0.003062504859000
0.003055194297251
0.003041089571659
0.003022830983808
0.003002825158012
0.002983156047592
0.002965519685416
0.002951184430019
0.002940977000737
0.002935293188984
0.002934130855127
0.002937141738414
0.002943697774393
0.002952967067390
0.002963994423851
0.002975781416312
0.002987361299871
0.002997864709536
0.003006572880131
0.003012956092449
0.003016696095592
0.003017692318755
0.003016052700931
0.003012070874473
0.003006192187610
0.002998971603359
0.002991026842918
0.002982990240781
0.002975462651346
0.002968972411860
0.002963941855420
0.002960663221616
0.002959285079370
0.002959809608073
0.002962100330981
0.002965899207403
0.002970851409692
0.002976535670840
0.002982497811565
0.002988284953204
0.002993477993825
0.002997720157476
0.003000739797808
0.003002366116730
0.003002537009214
0.003001298826757
0.002998798423419
0.002995268371360
0.002991006673344
0.002986352630989
0.002981660730774
0.002977274475965
0.002973502022099
0.002970595276301
0.002968733814753
0.002968014583114
0.002968447901542
0.002969959831868
0.002972400512471
0.002975557657554
0.002979174079009
0.002982967842236
0.002986653526452
0.002989963031751
0.002992664457823
0.002994577763653
0.002995586187542
0.002995642740817
0.002994771461261
0.002993063495957
0.002990668450717
0.002987781768842
0.002984629163851
0.002981449312305
0.002978476103199
0.002975921735756
0.002973961860755
0.002972723781018
0.002972278479421
0.002972636947148
0.002973750963124
0.002975518151381
0.002977790839637
0.002980387980764
0.002983109196813
0.002985749875746
0.002988116201594
0.002990039030938
0.002991385638278
0.002992068530201
0.002992050759045
0.002991347433232
0.002990023403536
0.002988187381733
0.002985983000489
0.002983577533378
0.002981149147330
0.002978873646880
0.002976911685368
0.002975397363140
0.002974429012334
0.002974062791966
0.002974309499746
0.002975134764732
0.002976462535795
0.002978181542896
0.002980154198506
0.002982227239659
0.002984243298475
0.002986052537466
0.002987523498329
0.002988552386885
0.002989070146017
0.002989046842303
0.002988493097190
0.002987458514476
0.002986027276192
0.002984311282706
0.002982441385483
0.002980557390388
0.002978797587051
0.002977288580904
0.002976136168448
0.002975417906768
0.002975177892722
0.002975424096280
0.002976128399217
0.002977229289376
0.002978636966707
0.002980240444402
0.002981916089025
0.002983536947114
0.002984982158854
0.002986145764529
0.002986944265572
0.002987322403991
0.002987256763786
0.002986756964642
0.002985864399157
0.002984648646591
0.002983201865191
0.002981631609405
0.002980052627433
0.002978578261121
0.002977312089874
0.002976340432349
0.002975726246876
0.002975504859934
0.002975681810320
0.002976232935825
0.002977106661391
0.002978228285340
0.002979505915350
0.002980837588737
0.002982119030677
0.002983251464679
0.002984148894269
0.002984744322475
0.002984994462293
0.002984882609761
0.002984419492541
0.002983642060043
0.002982610334756
0.002981402587051
0.002980109216866
0.002978825816725
0.002977645944997
0.002976654152661
0.002975919780551
0.002975491979560
0.002975396308950
0.002975633145272
0.002976177996139
0.002976983669455
0.002977984110735
0.002979099598871
