0.002874490179132
0.002874815767616
0.002874752408546
0.002874300893177
0.002873480703544
0.002872329264362
0.002870900321779
0.002869261518107
0.002867491271059
0.002865675100582
0.002863901574401
0.002862258063503
0.002860826509885
0.002859679410441
0.002858876212585
0.002858460299507
0.002858456716545
0.002858870756174
0.002859687479183
0.002860872205518
0.002862371962140
0.002864117829176
0.002866028081965
0.002868011987271
0.002869974079025
0.002871818713983
0.002873454692006
0.002874799720102
0.002875784504247
0.002876356268303
0.002876481524333
0.002876147952329
0.002875365288169
0.002874165164776
0.002872599900728
0.002870740280693
0.002868672420716
0.002866493856115
0.002864309028540
0.002862224379555
0.002860343279499
0.002858761031101
0.002857560186919
0.002856806407802
0.002856545066901
0.002856798771031
0.002857565929950
0.002858820456177
0.002860512625500
0.002862571073756
0.002864905851359
0.002867412405912
0.002869976317590
0.002872478573962
0.002874801142487
0.002876832581447
0.002878473424635
0.002879641082018
0.002880274017698
0.002880334997141
0.002879813236407
0.002878725335358
0.002877114932264
0.002875051076380
0.002872625375268
0.002869948031950
0.002867142940874
0.002864342058314
0.002861679300190
0.002859284246300
0.002857275943388
0.002855757099456
0.002854808948041
0.002854487034367
0.002854818136295
0.002855798483500
0.002857393380480
0.002859538275321
0.002862141249562
0.002865086837930
0.002868241023400
0.002871457195721
0.002874582813211
0.002877466470438
0.002879965050331
0.002881950629663
0.002883316812274
0.002883984184952
0.002883904625810
0.002883064242942
0.002881484780100
0.002879223393673
0.002876370778327
0.002873047694111
0.002869400022255
0.002865592546857
0.002861801721898
0.002858207734682
0.002854986215208
0.002852299964295
0.002850291080113
0.002849073852505
0.002848728767388
0.002849297920276
0.002850782080552
0.002853139578469
0.002856287108219
0.002860102455854
0.002864429074212
0.002869082342006
0.002873857264779
0.002878537305031
0.002882903970964
0.002886746750537
0.002889872952322
0.002892117008253
0.002893348806578
0.002893480655869
0.002892472531899
0.002890335326577
0.002887131899507
0.002882975824698
0.002878027823850
0.002872489979254
0.002866597919400
0.002860611264469
0.002854802702856
0.002849446139880
0.002844804412556
0.002841117097110
0.002838588946917
0.002837379486797
0.002837594255041
0.002839278128077
0.002842411086202
0.002846906684978
0.002852613389239
0.002859318809309
0.002866756756630
0.002874616913437
0.002882556793470
0.002890215562900
0.002897229197336
0.002903246376098
0.002907944462466
0.002911044890930
0.002912327281452
0.002911641627025
0.002908917954201
0.002904172935195
0.002897513032460
0.002889133878693
0.002879315733002
0.002868415002557
0.002856851972943
0.002845095044101
0.002833641916188
0.002822998305356
0.002813654887903
0.002806063267685
0.002800611831931
0.002797602401602
0.002797228591700
0.002799556773661
0.002804510475925
0.002811858971360
0.002821210683680
0.002832011902804
0.002843551135582
0.002854969238668
0.002865275290372
0.002873367964309
0.002878061976067
0.002878118991455
0.002872282217414
0.002859313750195
0.002838033635242
0.002807359503612
0.002766345594328
0.002714219953017
0.002650418615813
0.002574615643783
0.002486747965832
0.002387034114766
0.002275986098465
0.002154413831465
0.002023421756264
0.001884397502462
0.001738992658776
0.001589095961311
0.001436799424358
0.001284358150611
0.001134144749712
0.000988599461593
0.000850177218959
0.000721292987312
0.000604266787746
0.000501269835285
0.000414273212714
0.000345000446855
0.000294885262440
0.000265035660614
0.000256205308172
0.000268773034475
0.000302731020844
0.000357682038153
0.000432845848686
0.000527074645042
0.000638877158592
0.000766450839692
0.000907721297873
0.001060387998629
0.001221975049541
0.001389885776833
0.001561459697730
0.001734030436756
0.001904983116843
0.002071809779194
0.002232161448520
0.002383895560519
0.002525117603424
0.002654215991078
0.002769889376509
0.002871165826821
0.002957413506267
0.003028342748130
0.003083999630821
0.003124751402677
0.003151264316856
0.003164474636239
0.003165553742941
0.003155868432899
0.003136937589218
0.003110386505351
0.003077900169045
0.003041176819280
0.003001883051733
0.002961611674925
0.002921843411900
0.002883913404520
0.002848983313818
0.002818019625574
0.002791778571195
0.002770797866451
0.002755395260992
0.002745673686527
0.002741532597212
0.002742684918213
0.002748678862869
0.002758923749907
0.002772718853539
0.002789284253575
0.002807792621528
0.002827400882500
0.002847280730696
0.002866647046814
0.002884783365535
0.002901063666888
0.002914969911823
0.002926104904552
0.002934200236352
0.002939119241451
0.002940855069378
0.002939524143669
0.002935355428661
0.002928676059113
0.002919893997460
0.002909478467062
0.002897938964580
0.002885803679146
0.002873598140092
0.002861824879549
0.002850944833058
0.002841361113399
0.002833405683901
0.002827329331967
0.002823295206478
0.002821376039441
0.002821555028263
0.002823730215756
0.002827722075558
0.002833283895837
0.002840114457935
0.002847872432339
0.002856191864378
0.002864698097762
0.002873023485936
0.002880822268446
0.002887784040707
0.002893645317983
0.002898198784865
0.002901299926079
0.002902870848534
0.002902901223516
0.002901446396817
0.002898622828762
0.002894601130866
0.002889597057374
0.002883860884560
0.002877665665904
0.002871294885092
0.002865030040375
0.002859138683057
0.002853863400737
0.002849412184106
0.002845950547148
0.002843595687770
0.002842412882831
0.002842414212418
0.002843559607275
0.002845760114780
0.002848883186900
0.002852759711946
0.002857192443807
0.002861965430490
0.002866854009949
0.002871634926560
0.002876096126444
0.002880045813494
0.002883320389243
0.002885790956292
0.002887368134421
0.002888005017277
0.002887698182335
0.002886486753640
0.002884449602082
0.002881700847793
0.002878383900396
0.002874664332308
0.002870721925706
0.002866742263355
0.002862908246282
0.002859391916955
0.002856346945654
0.002853902101393
0.002852155978796
0.002851173191302
0.002850982171795
0.002851574647387
0.002852906779140
0.002854901883210
0.002857454580694
0.002860436162180
0.002863700902406
0.002867093022504
0.002870453973552
0.002873629706491
0.002876477599914
0.002878872738419
0.002880713268827
0.002881924607935
0.002882462331285
0.002882313635048
0.002881497329624
0.002880062390860
0.002878085159872
0.002875665342402
0.002872921010768
0.002869982853609
0.002866987948948
0.002864073353405
0.002861369804139
0.002858995820217
0.002857052467344
0.002855619015354
0.002854749673422
0.002854471535615
0.002854783811870
0.002855658359229
0.002857041468201
0.002858856802002
0.002861009334917
0.002863390092201
0.002865881459945
0.002868362810382
0.002870716177267
0.002872831717477
0.002874612708673
0.002875979857924
0.002876874731289
0.002877262157795
0.002877131510911
0.002876496824022
0.002875395751239
0.002873887438378
0.002872049418756
0.002869973692320
0.002867762182536
0.002865521791884
0.002863359292605
0.002861376293965
0.002859664520556
0.002858301618640
0.002857347680075
0.002856842637385
0.002856804640880
0.002857229481346
0.002858091072108
0.002859342954438
0.002860920742790
0.002862745383281
