0.002811035201702
0.002808774322916
0.002807035967302
0.002805903894445
0.002805436507256
0.002805664030226
0.002806586881207
0.002808175319630
0.002810370399581
0.002813086199913
0.002816213248033
0.002819623001470
0.002823173204169
0.002826713894795
0.002830093813788
0.002833166936126
0.002835798848469
0.002837872693190
0.002839294417601
0.002839997093993
0.002839944113753
0.002839131105352
0.002837586479520
0.002835370563086
0.002832573343479
0.002829310906007
0.002825720703312
0.002821955848213
0.002818178665362
0.002814553771619
0.002811240978338
0.002808388319668
0.002806125508936
0.002804558110125
0.002803762683950
0.002803783129015
0.002804628389691
0.002806271645547
0.002808651034808
0.002811671899051
0.002815210470818
0.002819118862983
0.002823231161143
0.002827370370632
0.002831355930091
0.002835011475779
0.002838172526234
0.002840693756231
0.002842455542545
0.002843369491220
0.002843382696048
0.002842480529062
0.002840687824106
0.002838068381443
0.002834722792169
0.002830784652905
0.002826415310855
0.002821797343829
0.002817127036450
0.002812606159984
0.002808433396962
0.002804795771485
0.002801860450677
0.002799767271939
0.002798622324654
0.002798492874712
0.002799403867196
0.002801336178920
0.002804226720697
0.002807970412279
0.002812423973940
0.002817411401002
0.002822730914558
0.002828163116277
0.002833480020424
0.002838454594436
0.002842870412587
0.002846531016690
0.002849268584124
0.002850951526682
0.002851490683073
0.002850843821925
0.002849018238814
0.002846071307508
0.002842108929231
0.002837281910975
0.002831780391023
0.002825826513376
0.002819665629114
0.002813556368604
0.002807759981056
0.002802529374767
0.002798098310855
0.002794671204222
0.002792413967609
0.002791446298490
0.002791835755251
0.002793593900745
0.002796674710353
0.002800975351384
0.002806339344500
0.002812562019756
0.002819398083772
0.002826571024501
0.002833783999735
0.002840731788373
0.002847113332458
0.002852644365425
0.002857069609421
0.002860174032870
0.002861792688515
0.002861818701246
0.002860209042272
0.002856987809375
0.002852246828775
0.002846143499079
0.002838895907621
0.002830775360086
0.002822096571064
0.002813205861926
0.002804467799004
0.002796250775898
0.002788912095807
0.002782783140664
0.002778155222080
0.002775266693965
0.002774291868421
0.002775332216289
0.002778410253523
0.002783466417281
0.002790359124699
0.002798868086906
0.002808700825448
0.002819502212638
0.002830866736329
0.002842353077861
0.002853500493899
0.002863846412460
0.002872944593958
0.002880383172051
0.002885801878230
0.002888907769099
0.002889488815993
0.002887424781787
0.002882694897358
0.002875381957172
0.002865672576268
0.002853853485133
0.002840303879819
0.002825483987230
0.002809920144527
0.002794186822145
0.002778886137207
0.002764625503857
0.002751994145562
0.002741539248858
0.002733742566186
0.002728998276349
0.002727592884456
0.002729687889873
0.002735305872338
0.002744320545688
0.002756451208929
0.002771261889692
0.002788165329976
0.002806431813353
0.002825202681475
0.002843508240858
0.002860289623199
0.002874424038459
0.002884752753487
0.002890111043339
0.002889359300222
0.002881414447914
0.002865280798337
0.002840079501741
0.002805075781839
0.002759703210425
0.002703584360190
0.002636547276595
0.002558637326154
0.002470124105519
0.002371503229137
0.002263492948913
0.002147025692973
0.002023234738583
0.001893436352842
0.001759107840929
0.001621862032823
0.001483418813578
0.001345574358128
0.001210168768468
0.001079052828901
0.000954054594437
0.000836946509365
0.000729413719185
0.000633024191296
0.000549201200419
0.000479198665966
0.000424079753046
0.000384699068874
0.000361688704414
0.000355448289293
0.000366139148202
0.000393682570889
0.000437762136524
0.000497829967818
0.000573116731217
0.000662645147232
0.000765246729392
0.000879581431315
0.001004159848576
0.001137367594952
0.001277491450748
0.001422746863729
0.001571306370349
0.001721328496052
0.001870986688404
0.002018497835540
0.002162149925202
0.002300328406650
0.002431540829557
0.002554439351049
0.002667840725053
0.002770743417469
0.002862341527058
0.002942035235563
0.003009437561688
0.003064377252045
0.003106897707670
0.003137251916452
0.003155893438850
0.003163463575093
0.003160774925032
0.003148791634863
0.003128606705862
0.003101416816653
0.003068495179824
0.003031163013472
0.002990760256141
0.002948616187361
0.002906020633866
0.002864196442036
0.002824273879272
0.002787267590454
0.002754056680588
0.002725368422038
0.002701765995896
0.002683640574099
0.002671207934618
0.002664509679521
0.002663418998498
0.002667650792547
0.002676775847717
0.002690238631442
0.002707378177695
0.002727451435890
0.002749658385125
0.002773168162984
0.002797145428487
0.002820776173472
0.002843292216021
0.002863993653341
0.002882268618499
0.002897609773668
0.002909627079321
0.002918056500579
0.002922764444849
0.002923747864377
0.002921130098828
0.002915152671570
0.002906163384318
0.002894601173630
0.002880978295311
0.002865860485600
0.002849845808130
0.002833542931033
0.002817549588064
0.002802431960863
0.002788705677288
0.002776819054564
0.002767139128414
0.002759940903474
0.002755400140116
0.002753589862662
0.002754480638645
0.002757944543185
0.002763762591588
0.002771635301728
0.002781195939926
0.002792025913801
0.002803671705998
0.002815662696317
0.002827529197863
0.002838820036224
0.002849119028750
0.002858059772650
0.002865338223512
0.002870722637168
0.002874060553788
0.002875282619722
0.002874403165217
0.002871517580123
0.002866796650359
0.002860478130571
0.002852855929041
0.002844267365668
0.002835079029790
0.002825671809354
0.002816425685134
0.002807704882634
0.002799843950452
0.002793135288371
0.002787818583305
0.002784072529320
0.002782009112594
0.002781670637300
0.002783029558253
0.002785991075012
0.002790398334495
0.002796039989081
0.002802659768589
0.002809967650669
0.002817652157827
0.002825393272450
0.002832875445045
0.002839800175800
0.002845897675006
0.002850937152671
0.002854735349617
0.002857162998894
0.002858148994199
0.002857682137441
0.002855810436782
0.002852638025379
0.002848319865646
0.002843054490452
0.002837075107920
0.002830639457396
0.002824018848621
0.002817486842476
0.002811308039044
0.002805727427214
0.002800960720226
0.002797186054957
0.002794537371471
0.002793099716042
0.002792906628734
0.002793939689038
0.002796130203769
0.002799362933975
0.002803481675653
0.002808296435780
0.002813591883546
0.002819136708956
0.002824693489065
0.002830028647030
0.002834922091339
0.002839176141708
0.002842623383218
0.002845133139628
0.002846616318265
0.002847028449728
0.002846370822883
0.002844689695902
0.002842073644151
0.002838649182195
0.002834574866980
0.002830034149516
0.002825227290805
0.002820362692444
0.002815648011971
0.002811281437077
0.002807443481195
0.002804289636455
0.002801944179767
0.002800495375802
0.002799992259060
0.002800443108837
0.002801815658621
0.002804039008284
0.002807007136516
0.002810583845198
0.002814608909449
0.002818905159352
0.002823286183652
0.002827564323433
0.002831558615682
0.002835102352905
0.002838049945183
0.002840282804193
0.002841714013261
0.002842291601473
0.002842000300835
0.002840861730840
0.002838933021778
0.002836303953809
0.002833092750579
0.002829440721303
0.002825505991643
0.002821456599380
