0.002857673041642
0.002855996500705
0.002854018585169
0.002851829086822
0.002849528868948
0.002847225295912
0.002845027310073
0.002843040380684
0.002841361557658
0.002840074860589
0.002839247220223
0.002838925166305
0.002839132423149
0.002839868534050
0.002841108589319
0.002842804082578
0.002844884868073
0.002847262140669
0.002849832312178
0.002852481614967
0.002855091228458
0.002857542697837
0.002859723398339
0.002861531793697
0.002862882244096
0.002863709137043
0.002863970143221
0.002863648437477
0.002862753770919
0.002861322331626
0.002859415386479
0.002857116752507
0.002854529200461
0.002851769943522
0.002848965407783
0.002846245516349
0.002843737743895
0.002841561212032
0.002839821097094
0.002838603610874
0.002837971791620
0.002837962308372
0.002838583437723
0.002839814320376
0.002841605547620
0.002843881067643
0.002846541341154
0.002849467617798
0.002852527152096
0.002855579132403
0.002858481061026
0.002861095299662
0.002863295483135
0.002864972506530
0.002866039806428
0.002866437685365
0.002866136468898
0.002865138334880
0.002863477712800
0.002861220214581
0.002858460124404
0.002855316540891
0.002851928327402
0.002848448082401
0.002845035389218
0.002841849640847
0.002839042758875
0.002836752135000
0.002835094118332
0.002834158351737
0.002834003226640
0.002834652679291
0.002836094494353
0.002838280216354
0.002841126698697
0.002844519246789
0.002848316239576
0.002852355045638
0.002856458989077
0.002860445069568
0.002864132102520
0.002867348921191
0.002869942274129
0.002871784059001
0.002872777557681
0.002872862376541
0.002872017848683
0.002870264719296
0.002867665008671
0.002864320026607
0.002860366593525
0.002855971604080
0.002851325144813
0.002846632445019
0.002842104996470
0.002837951220227
0.002834367085448
0.002831527094459
0.002829576039655
0.002828621911248
0.002828730291238
0.002829920509984
0.002832163769654
0.002835383356584
0.002839456975577
0.002844221147194
0.002849477517981
0.002855000847406
0.002860548357741
0.002865870067728
0.002870719680663
0.002874865564864
0.002878101351083
0.002880255678208
0.002881200645521
0.002880858576201
0.002879206760850
0.002876279929364
0.002872170291165
0.002867025084186
0.002861041677842
0.002854460380226
0.002847555200617
0.002840622910657
0.002833970827294
0.002827903804320
0.002822710963956
0.002818652723417
0.002815948672260
0.002814766834174
0.002815214802178
0.002817333170368
0.002821091600683
0.002826387762731
0.002833049272327
0.002840838634305
0.002849461072143
0.002858575005781
0.002867804824636
0.002876755499886
0.002885028492945
0.002892238349299
0.002898029321707
0.002902091346269
0.002904174700300
0.002904102702664
0.002901781874385
0.002897209058371
0.002890475099164
0.002881764803436
0.002871353035157
0.002859596941362
0.002846924449929
0.002833819324670
0.002820803199734
0.002808415140029
0.002797189382070
0.002787631996467
0.002780197275577
0.002775264685175
0.002773117225712
0.002773922026132
0.002777713941836
0.002784382849487
0.002793665227429
0.002805140484732
0.002818232358328
0.002832215540967
0.002846227537915
0.002859285582789
0.002870308278147
0.002878141469762
0.002881587720076
0.002879438620707
0.002870509080206
0.002853672644858
0.002827896859651
0.002792277655340
0.002746071756323
0.002688726142778
0.002619903667782
0.002539504024098
0.002447679372968
0.002344844085233
0.002231678199133
0.002109124364917
0.001978378218959
0.001840872304595
0.001698253828436
0.001552356704752
0.001405168492201
0.001258792962715
0.001115409158196
0.000977227883987
0.000846446656622
0.000725204165565
0.000615535323830
0.000519327970355
0.000438282248540
0.000373873621660
0.000327320398877
0.000299556537815
0.000291210363881
0.000302589706196
0.000333673798541
0.000384112134960
0.000453230307455
0.000540042691370
0.000643271686378
0.000761373071137
0.000892566890929
0.001034873173166
0.001186151658149
0.001344144644308
0.001506521980146
0.001670927190727
0.001835023705623
0.001996540158199
0.002153313752867
0.002303330746715
0.002444763163762
0.002576000952142
0.002695678904908
0.002802697791174
0.002896239283232
0.002975774413820
0.003041065452399
0.003092161246548
0.003129386230575
0.003153323454407
0.003164792128057
0.003164820306862
0.003154613456958
0.003135519736051
0.003108992898935
0.003076553788290
0.003039751397570
0.003000124493344
0.002959164759149
0.002918282372173
0.002878774849097
0.002841799900152
0.002808352913320
0.002779249556883
0.002755113841788
0.002736371829697
0.002723251012567
0.002715785229703
0.002713824833223
0.002717051667277
0.002724998294506
0.002737070789244
0.002752574324073
0.002770740707655
0.002790756989194
0.002811794229795
0.002833035553884
0.002853702634101
0.002873079829554
0.002890535287553
0.002905538430153
0.002917673375189
0.002926647982706
0.002932298367094
0.002934588867782
0.002933607621921
0.002929558026018
0.002922746505243
0.002913567124553
0.002902483671298
0.002890009911185
0.002876688766355
0.002863071184274
0.002849695458916
0.002837067731681
0.002825644340331
0.002815816602198
0.002807898516324
0.002802117751917
0.002798610161960
0.002797417925913
0.002798491289136
0.002801693734057
0.002806810294023
0.002813558609732
0.002821602234135
0.002830565617955
0.002840050157105
0.002849650656742
0.002858971565307
0.002867642355205
0.002875331473636
0.002881758355288
0.002886703075197
0.002890013321489
0.002891608479711
0.002891480738542
0.002889693246144
0.002886375462494
0.002881715961280
0.002875953031144
0.002869363506564
0.002862250320581
0.002854929312651
0.002847715843858
0.002840911768094
0.002834793282157
0.002829600131340
0.002825526582238
0.002822714494048
0.002821248727158
0.002821155027158
0.002822400417970
0.002824896033680
0.002828502219400
0.002833035640838
0.002838278064024
0.002843986403728
0.002849903593953
0.002855769808051
0.002861333550318
0.002866362155258
0.002870651264179
0.002874032899730
0.002876381824977
0.002877619951680
0.002877718649091
0.002876698896086
0.002874629311858
0.002871622189768
0.002867827741598
0.002863426831977
0.002858622542157
0.002853630946376
0.002848671511061
0.002843957536147
0.002839687048801
0.002836034533427
0.002833143839329
0.002831122551000
0.002830038038175
0.002829915326688
0.002830736850189
0.002832444060420
0.002834940793646
0.002838098216364
0.002841761107733
0.002845755181996
0.002849895113667
0.002853992903024
0.002857866210353
0.002861346294587
0.002864285214963
0.002866561991869
0.002868087473278
0.002868807713823
0.002868705741706
0.002867801661337
0.002866151113521
0.002863842186918
0.002860990941319
0.002857735762070
0.002854230813327
0.002850638893701
0.002847124019878
0.002843844071149
0.002840943820358
0.002838548655038
0.002836759257682
0.002835647467779
0.002835253492751
0.002835584572696
0.002836615137820
0.002838288430557
0.002840519499560
0.002843199412933
0.002846200485812
0.002849382274877
0.002852598061453
0.002855701526720
0.002858553317792
0.002861027212257
0.002863015610446
0.002864434118256
0.002865225027068
0.002865359549113
0.002864838724201
0.002863692974310
0.002861980343454
0.002859783518756
0.002857205782202
0.002854366088676
0.002851393502772
0.002848421252853
0.002845580674885
0.002842995320243
0.002840775491005
0.002839013443828
0.002837779470471
0.002837119021079
0.002837050987273
