0.002861958871747
0.002860669325559
0.002859023718330
0.002857096326703
0.002854975563798
0.002852759993005
0.002850553823607
0.002848462093269
0.002846585759159
0.002845016925935
0.002843834434806
0.002843100023303
0.002842855241004
0.002843119273106
0.002843887783097
0.002845132839467
0.002846803941656
0.002848830109459
0.002851122950282
0.002853580572276
0.002856092170658
0.002858543081411
0.002860820072616
0.002862816630162
0.002864437992180
0.002865605695520
0.002866261417613
0.002866369927341
0.002865920997736
0.002864930179822
0.002863438388497
0.002861510305819
0.002859231661862
0.002856705505919
0.002854047628858
0.002851381338506
0.002848831822237
0.002846520352739
0.002844558603188
0.002843043336189
0.002842051716737
0.002841637473659
0.002841828097609
0.002842623218143
0.002843994249863
0.002845885340216
0.002848215592031
0.002850882474833
0.002853766283213
0.002856735450554
0.002859652484640
0.002862380260079
0.002864788382652
0.002866759333628
0.002868194108365
0.002869017082869
0.002869179873842
0.002868664000640
0.002867482209869
0.002865678382572
0.002863326007743
0.002860525271146
0.002857398872392
0.002854086742869
0.002850739889700
0.002847513634008
0.002844560543208
0.002842023375336
0.002840028357538
0.002838679110391
0.002838051504998
0.002838189701740
0.002839103569691
0.002840767626118
0.002843121568743
0.002846072402442
0.002849498089953
0.002853252586184
0.002857172050983
0.002861081978834
0.002864804938395
0.002868168582411
0.002871013570875
0.002873201048388
0.002874619330848
0.002875189486388
0.002874869539887
0.002873657087509
0.002871590175381
0.002868746371675
0.002865240040935
0.002861217909934
0.002856853092124
0.002852337809404
0.002847875112135
0.002843669948306
0.002839919967947
0.002836806467677
0.002834485881452
0.002833082206884
0.002832680722368
0.002833323299865
0.002835005553572
0.002837675988342
0.002841237226859
0.002845549304698
0.002850434931408
0.002855686527482
0.002861074765560
0.002866358272910
0.002871294094545
0.002875648474918
0.002879207493082
0.002881787082800
0.002883241985832
0.002883473223170
0.002882433724095
0.002880131824566
0.002876632431898
0.002872055748517
0.002866573549928
0.002860403116715
0.002853799022955
0.002847043079611
0.002840432817000
0.002834268961619
0.002828842416158
0.002824421284845
0.002821238497677
0.002819480575572
0.002819278044156
0.002820697947738
0.002823738838852
0.002828328525361
0.002834324749921
0.002841518859758
0.002849642402671
0.002858376462860
0.002867363432394
0.002876220805788
0.002884556490680
0.002891985051050
0.002898144244206
0.002902711181407
0.002905417436296
0.002906062445934
0.002904524595932
0.002900769452636
0.002894854699388
0.002886931447250
0.002877241719502
0.002866112049024
0.002853943273358
0.002841196758563
0.002828377424401
0.002816014074822
0.002804637653980
0.002794758144810
0.002786840900589
0.002781283246939
0.002778392210305
0.002778364217928
0.002781267573706
0.002787028445041
0.002795420999786
0.002806062212722
0.002818411721232
0.002831776954645
0.002845323595912
0.002858091263398
0.002869014130103
0.002876946033147
0.002880689473326
0.002879027767842
0.002870759503595
0.002854734347306
0.002829889205383
0.002795283692888
0.002750133868373
0.002693843219967
0.002626029947096
0.002546549669920
0.002455512812386
0.002353296041372
0.002240547299715
0.002118184140490
0.001987385248713
0.001849575219703
0.001706402845242
0.001559713334551
0.001411515061809
0.001263941581214
0.001119209780241
0.000979575148455
0.000847285220252
0.000724532303204
0.000613406628086
0.000515851051708
0.000433618409761
0.000368232555107
0.000320954029058
0.000292751201793
0.000284277586016
0.000295855878889
0.000327469124991
0.000378759221643
0.000449032811892
0.000537274433857
0.000642166622569
0.000762116495916
0.000895288203768
0.001039640482486
0.001192968438919
0.001352948591437
0.001517186122764
0.001683263251941
0.001848787611727
0.002011439523584
0.002169017094804
0.002319478120544
0.002460977856090
0.002591901829526
0.002710892989610
0.002816872625093
0.002909054646335
0.002986952984361
0.003050382032148
0.003099450223948
0.003134547016424
0.003156323696167
0.003165668587611
0.003163677369628
0.003151619324731
0.003130900438681
0.003103024337907
0.003069552095660
0.003032061953815
0.002992109995440
0.002951192763683
0.002910712756345
0.002871947634427
0.002836023869409
0.002803895421232
0.002776327890627
0.002753888429763
0.002736941528770
0.002725650627405
0.002719985335787
0.002719733890747
0.002724520329512
0.002733825734451
0.002747012795467
0.002763352853292
0.002782054530134
0.002802293025349
0.002823239153926
0.002844087234375
0.002864080989110
0.002882536702525
0.002898862987025
0.002912576631565
0.002923314146686
0.002930838769862
0.002935042850113
0.002935945686129
0.002933687042330
0.002928516707318
0.002920780584466
0.002910903910695
0.002899372283449
0.002886711234770
0.002873465123482
0.002860176120949
0.002847364042925
0.002835507730790
0.002825028612067
0.002816276975478
0.002809521383701
0.002804941521627
0.002802624644163
0.002802565650435
0.002804670675757
0.002808763963923
0.002814597664992
0.002821864101913
0.002830209966767
0.002839251846825
0.002848592444084
0.002857836840328
0.002866608173354
0.002874562127606
0.002881399702509
0.002886877801424
0.002890817280084
0.002893108201481
0.002893712160240
0.002892661658579
0.002890056633551
0.002886058346569
0.002880880947030
0.002874781108273
0.002868046202967
0.002860981533790
0.002853897162375
0.002847094884150
0.002840855879083
0.002835429529577
0.002831023838664
0.002827797807002
0.002825856039202
0.002825245752592
0.002825956258734
0.002827920884237
0.002831021196863
0.002835093309779
0.002839935954720
0.002845319947127
0.002850998615470
0.002856718734945
0.002862231493450
0.002867303025528
0.002871724077065
0.002875318408595
0.002877949605841
0.002879526039905
0.002880003802846
0.002879387533785
0.002877729142059
0.002875124523565
0.002871708450458
0.002867647889246
0.002863134065122
0.002858373638482
0.002853579391249
0.002848960834678
0.002844715146464
0.002841018823640
0.002838020400081
0.002835834525335
0.002834537637378
0.002834165388790
0.002834711906893
0.002836130887276
0.002838338440270
0.002841217534788
0.002844623816802
0.002848392523266
0.002852346168917
0.002856302654736
0.002860083434053
0.002863521375531
0.002866467981366
0.002868799652801
0.002870422741858
0.002871277185779
0.002871338586394
0.002870618667451
0.002869164115697
0.002867053882962
0.002864395093502
0.002861317760566
0.002857968565940
0.002854503994109
0.002851083137082
0.002847860495967
0.002844979100814
0.002842564251407
0.002840718149722
0.002839515651055
0.002839001307739
0.002839187819098
0.002840055936850
0.002841555809336
0.002843609683750
0.002846115825774
0.002848953463381
0.002851988518161
0.002855079855393
0.002858085764345
0.002860870373735
0.002863309714142
0.002865297158759
0.002866748005428
0.002867603004626
0.002867830688106
0.002867428408878
0.002866422062488
0.002864864519485
0.002862832856831
0.002860424529172
0.002857752667093
0.002854940726660
0.002852116741122
0.002849407440624
0.002846932508455
0.002844799232939
0.002843097792958
0.002841897383471
0.002841243346768
0.002841155427525
0.002841627217226
