0.002834411002670
0.002831600862699
0.002828908409563
0.002826456380001
0.002824357775548
0.002822710706615
0.002821593852319
0.002821062744962
0.002821147053289
0.002821848995840
0.002823142966591
0.002824976401869
0.002827271862470
0.002829930250518
0.002832835029200
0.002835857267551
0.002838861293841
0.002841710711840
0.002844274515519
0.002846433030593
0.002848083416173
0.002849144476546
0.002849560561081
0.002849304368443
0.002848378517973
0.002846815804374
0.002844678109407
0.002842054003589
0.002839055129433
0.002835811512777
0.002832465997997
0.002829168043863
0.002826067147887
0.002823306186477
0.002821014965261
0.002819304268047
0.002818260674173
0.002817942383172
0.002818376243986
0.002819556135037
0.002821442783586
0.002823965050286
0.002827022640549
0.002830490140895
0.002834222218856
0.002838059771729
0.002841836765066
0.002845387468223
0.002848553773196
0.002851192275401
0.002853180801508
0.002854424089773
0.002854858361833
0.002854454570271
0.002853220161639
0.002851199257684
0.002848471225622
0.002845147678554
0.002841368016399
0.002837293683086
0.002833101374264
0.002828975478792
0.002825100074559
0.002821650822997
0.002818787115686
0.002816644820301
0.002815329951741
0.002814913558394
0.002815428064618
0.002816865250380
0.002819175980304
0.002822271719843
0.002826027799089
0.002830288308237
0.002834872436164
0.002839581998205
0.002844209843878
0.002848548792632
0.002852400717542
0.002855585384800
0.002857948661478
0.002859369725445
0.002859766948812
0.002859102178443
0.002857383201880
0.002854664261916
0.002851044564853
0.002846664812936
0.002841701876801
0.002836361805549
0.002830871446494
0.002825469010738
0.002820393971322
0.002815876715716
0.002812128391923
0.002809331386641
0.002807630854389
0.002807127678943
0.002807873194064
0.002809865921421
0.002813050502546
0.002817318911778
0.002822513942154
0.002828434859986
0.002834845030447
0.002841481229810
0.002848064283829
0.002854310609349
0.002859944190559
0.002864708494341
0.002868377822443
0.002870767612311
0.002871743232963
0.002871226876380
0.002869202216332
0.002865716592976
0.002860880579320
0.002854864891194
0.002847894711305
0.002840241605950
0.002832213315610
0.002824141793652
0.002816369946769
0.002809237593251
0.002803067197756
0.002798149962022
0.002794732848740
0.002793007090154
0.002793098684799
0.002795061316389
0.002798872040871
0.002804429984167
0.002811558177971
0.002820008538562
0.002829469868596
0.002839578639120
0.002849932193432
0.002860103910531
0.002869659777919
0.002878175755139
0.002885255263531
0.002890546116423
0.002893756208458
0.002894667313281
0.002893146394520
0.002889153914211
0.002882748722906
0.002874089233139
0.002863430708725
0.002851118641746
0.002837578332094
0.002823300925945
0.002808826304275
0.002794723335671
0.002781568114644
0.002769920893355
0.002760302478064
0.002753170898954
0.002748899172074
0.002747754954132
0.002749882845410
0.002755290024402
0.002763835802333
0.002775225569533
0.002789009472609
0.002804586015941
0.002821210627906
0.002838009076635
0.002853995466977
0.002868094404800
0.002879166781368
0.002886038513666
0.002887531479683
0.002882495813938
0.002869842679885
0.002848576613740
0.002817826539030
0.002776874582376
0.002725181877372
0.002662410622905
0.002588441762063
0.002503387764677
0.002407600126708
0.002301671339136
0.002186431223496
0.002062937676417
0.001932462007532
0.001796469189795
0.001656593465309
0.001514609859985
0.001372402254271
0.001231928732855
0.001095184992242
0.000964166620795
0.000840831081030
0.000727060219080
0.000624624102321
0.000535146944500
0.000460075820184
0.000400652798912
0.000357891046509
0.000332555348849
0.000325147414480
0.000335896209373
0.000364753471832
0.000411394450655
0.000475223806844
0.000555386520370
0.000650783550287
0.000760091910201
0.000881788742853
0.001014178908324
0.001155425540842
0.001303582979945
0.001456631443274
0.001612512780873
0.001769166634735
0.001924566322646
0.002076753772156
0.002223872848708
0.002364200451510
0.002496174791359
0.002618420316032
0.002729768810483
0.002829276270396
0.002916235227633
0.002990182293876
0.003050900782911
0.003098418371088
0.003132999857730
0.003155135190713
0.003165523024976
0.003165050180978
0.003154767463796
0.003135862389097
0.003109629437344
0.003077438519875
0.003040702387953
0.003000843746600
0.002959262847595
0.002917306329365
0.002876238045148
0.002837212574698
0.002801252049630
0.002769226839426
0.002741840545925
0.002719619641262
0.002702907960471
0.002691866128800
0.002686475868760
0.002686548997107
0.002691740791286
0.002701567282484
0.002715425922162
0.002732618974440
0.002752378911085
0.002773895031846
0.002796340502354
0.002818898996098
0.002840790146447
0.002861293059043
0.002879767202765
0.002895670086887
0.002908571240262
0.002918162131743
0.002924261805739
0.002926818148131
0.002925904841264
0.002921714207246
0.002914546271809
0.002904794501836
0.002892928774198
0.002879476218312
0.002865000636749
0.002850081245425
0.002835291485953
0.002821178647591
0.002808244995303
0.002796931035604
0.002787601465317
0.002780534243550
0.002775913107886
0.002773823726493
0.002774253543212
0.002777095237889
0.002782153593878
0.002789155443806
0.002797762257559
0.002807584846849
0.002818199591913
0.002829165550138
0.002840041785165
0.002850404258944
0.002859861657662
0.002868069574375
0.002874742543995
0.002879663517267
0.002882690465680
0.002883759924736
0.002882887404099
0.002880164715151
0.002875754384602
0.002869881432671
0.002862822891594
0.002854895521445
0.002846442242337
0.002837817842902
0.002829374543243
0.002821447985785
0.002814344200233
0.002808328040491
0.002803613524058
0.002800356421165
0.002798649345069
0.002798519490651
0.002799929059923
0.002802778304678
0.002806911012634
0.002812122168159
0.002818167435687
0.002824774046424
0.002831652619482
0.002838509418736
0.002845058537657
0.002851033515955
0.002856197923537
0.002860354497321
0.002863352482628
0.002865092910278
0.002865531629710
0.002864680013602
0.002862603346681
0.002859417006628
0.002855280634287
0.002850390570244
0.002844970902072
0.002839263518489
0.002833517601532
0.002827979004243
0.002822879959015
0.002818429540927
0.002814805272211
0.002812146200338
0.002810547715442
0.002810058295928
0.002810678287459
0.002812360733684
0.002815014190658
0.002818507374674
0.002822675418357
0.002827327445607
0.002832255124720
0.002837241822859
0.002842071965198
0.002846540199303
0.002850459979328
0.002853671214823
0.002856046673648
0.002857496885807
0.002857973362198
0.002857470016488
0.002856022756225
0.002853707287624
0.002850635253850
0.002846948895900
0.002842814485514
0.002838414828439
0.002833941171966
0.002829584871459
0.002825529176108
0.002821941484090
0.002818966392531
0.002816719829205
0.002815284502733
0.002814706848322
0.002814995579566
0.002816121886391
0.002818021247994
0.002820596760566
0.002823723815742
0.002827255909690
0.002831031316897
0.002834880328830
0.002838632737142
0.002842125234589
0.002845208414511
0.002847753071112
0.002849655536673
0.002850841836846
0.002851270498963
0.002850933908728
0.002849858174781
0.002848101525851
0.002845751328530
0.002842919872541
0.002839739122105
0.002836354674601
0.002832919199300
0.002829585648386
0.002826500538959
0.002823797598194
