0.002853280486538
0.002851263827368
0.002849012474139
0.002846629182396
0.002844224182082
0.002841910165529
0.002839797106606
0.002837987147820
0.002836569791436
0.002835617619062
0.002835182742222
0.002835294154898
0.002835956119398
0.002837147670866
0.002838823275314
0.002840914623528
0.002843333490974
0.002845975544228
0.002848724929858
0.002851459444114
0.002854056053033
0.002856396514092
0.002858372843193
0.002859892375081
0.002860882181133
0.002861292635271
0.002861099955320
0.002860307592068
0.002858946389434
0.002857073494394
0.002854770052088
0.002852137777348
0.002849294546119
0.002846369196533
0.002843495767577
0.002840807431496
0.002838430392981
0.002836478032857
0.002835045566083
0.002834205463659
0.002834003856229
0.002834458095135
0.002835555596180
0.002837254034601
0.002839482899231
0.002842146352225
0.002845127280857
0.002848292372404
0.002851497994669
0.002854596625461
0.002857443546246
0.002859903499616
0.002861857008009
0.002863206062538
0.002863878915521
0.002863833747268
0.002863061025588
0.002861584433018
0.002859460299788
0.002856775547080
0.002853644212321
0.002850202693162
0.002846603906313
0.002843010608990
0.002839588171815
0.002836497120748
0.002833885780493
0.002831883351993
0.002830593741960
0.002830090433257
0.002830412642535
0.002831562957522
0.002833506583025
0.002836172254692
0.002839454806004
0.002843219299936
0.002847306565601
0.002851539915160
0.002855732760229
0.002859696802675
0.002863250444070
0.002866227042770
0.002868482648502
0.002869902861593
0.002870408497145
0.002869959782174
0.002868558874232
0.002866250560731
0.002863121076212
0.002859295056787
0.002854930733384
0.002850213544712
0.002845348423421
0.002840551071587
0.002836038591456
0.002832019872015
0.002828686149656
0.002826202160956
0.002824698287134
0.002824264053622
0.002824943295617
0.002826731233589
0.002829573624104
0.002833368064166
0.002837967435307
0.002843185380653
0.002848803618147
0.002854580809997
0.002860262635830
0.002865592658279
0.002870323527561
0.002874228048051
0.002877109626215
0.002878811636118
0.002879225275541
0.002878295541431
0.002876025025878
0.002872475320281
0.002867765912455
0.002862070565279
0.002855611271731
0.002848649985614
0.002841478425309
0.002834406335544
0.002827748665440
0.002821812176807
0.002816882032193
0.002813208925639
0.002810997309636
0.002810395239305
0.002811486300278
0.002814284011947
0.002818729005381
0.002824689168648
0.002831962835603
0.002840284971874
0.002849336188636
0.002858754295637
0.002868147994682
0.002877112217885
0.002885244535534
0.002892161999767
0.002897517755172
0.002901016737586
0.002902429798689
0.002901605636239
0.002898479976878
0.002893081548134
0.002885534485691
0.002876056947232
0.002864955840916
0.002852617719833
0.002839496038419
0.002826095107549
0.002812951216565
0.002800611508070
0.002789611290320
0.002780450548812
0.002773570470078
0.002769330814631
0.002767988971296
0.002769681491621
0.002774408841522
0.002782024019617
0.002792225580536
0.002804555470485
0.002818401935610
0.002833007606134
0.002847482695908
0.002860823093260
0.002871932960142
0.002879651307854
0.002882781883627
0.002880125587659
0.002870514548206
0.002852846916144
0.002826121401913
0.002789470568221
0.002742191911492
0.002683775813089
0.002613929516372
0.002532596385198
0.002439969820551
0.002336501350911
0.002222902564541
0.002100140713714
0.001969427987236
0.001832204613835
0.001690116120429
0.001544985221556
0.001398778955433
0.001253571804483
0.001111505640912
0.000974747418467
0.000845445588159
0.000725686247550
0.000617450039535
0.000522570797955
0.000442696894573
0.000379256176465
0.000333425296767
0.000306104137364
0.000297895902320
0.000309093328753
0.000339671320691
0.000389286164645
0.000457281336557
0.000542699761956
0.000644302247639
0.000760591667314
0.000889842358138
0.001030134072537
0.001179389732528
0.001335416153750
0.001495946845222
0.001658685949638
0.001821352368510
0.001981723117097
0.002137674975687
0.002287223546005
0.002428558883368
0.002560076955446
0.002680406275410
0.002788429168847
0.002883297257714
0.002964440878127
0.003031572289016
0.003084682672536
0.003124033071259
0.003150139548325
0.003163752991495
0.003165834107116
0.003157524262292
0.003140112930087
0.003115002570811
0.003083671840099
0.003047638049919
0.003008419820570
0.002967500849551
0.002926295686976
0.002886118347505
0.002848154507056
0.002813437930679
0.002782831658617
0.002757014343782
0.002736471989382
0.002721495184157
0.002712181778965
0.002708444796739
0.002710025222555
0.002716509186068
0.002727348928952
0.002741886848905
0.002759381832388
0.002779037033089
0.002800028223872
0.002821531847697
0.002842751917726
0.002862944967846
0.002881442330479
0.002897669116350
0.002911159387667
0.002921567148087
0.002928672915432
0.002932385791795
0.002932741095262
0.002929893763095
0.002924107872933
0.002915742751751
0.002905236247914
0.002893085826066
0.002879828205201
0.002866018294928
0.002852208192914
0.002838926987534
0.002826662064880
0.002815842550356
0.002806825424733
0.002799884746324
0.002795204288908
0.002792873773810
0.002792888738981
0.002795153953134
0.002799490153809
0.002805643769508
0.002813299181966
0.002822092998937
0.002831629743544
0.002841498325454
0.002851288643044
0.002860607674684
0.002869094450578
0.002876433352600
0.002882365265873
0.002886696199180
0.002889303097809
0.002890136687841
0.002889221310528
0.002886651824575
0.002882587768122
0.002877245076683
0.002870885744196
0.002863805888298
0.002856322735283
0.002848761073048
0.002841439730683
0.002834658631154
0.002828686929573
0.002823752695515
0.002820034526273
0.002817655391901
0.002816678916136
0.002817108193934
0.002818887140568
0.002821904263578
0.002825998651302
0.002830967884390
0.002836577502806
0.002842571603422
0.002848684104351
0.002854650193033
0.002860217476373
0.002865156372393
0.002869269322903
0.002872398463575
0.002874431458925
0.002875305291906
0.002875007887483
0.002873577542818
0.002871100229640
0.002867704923008
0.002863557191435
0.002858851352881
0.002853801556681
0.002848632190929
0.002843568036699
0.002838824594170
0.002834598991214
0.002831061853319
0.002828350466294
0.002826563502437
0.002825757509388
0.002825945282043
0.002827096155047
0.002829138170210
0.002831961993225
0.002835426380654
0.002839364934459
0.002843593829860
0.002847920165197
0.002852150560979
0.002856099630362
0.002859597954647
0.002862499224543
0.002864686249364
0.002866075590080
0.002866620635770
0.002866313013557
0.002865182296461
0.002863294048444
0.002860746318026
0.002857664758090
0.002854196607048
0.002850503813070
0.002846755616576
0.002843120925525
0.002839760822381
0.002836821531075
0.002834428147497
0.002832679399193
0.002831643650988
0.002831356315317
0.002831818761966
0.002832998754442
0.002834832372397
0.002837227314414
0.002840067415791
0.002843218164426
0.002846532956512
0.002849859804381
0.002853048192509
0.002855955775041
0.002858454619173
0.002860436722646
0.002861818569305
0.002862544532412
0.002862588989021
0.002861957067787
0.002860684014350
0.002858833220244
0.002856493020200
0.002853772416404
0.002850795934130
0.002847697849490
0.002844616055156
0.002841685842859
0.002839033881889
0.002836772660684
0.002834995634747
0.002833773289626
0.002833150284257
