0.002036049454465
0.002036049690602
0.002036054745892
0.002036065024451
0.002036080612659
0.002036101260950
0.002036126393336
0.002036155144179
0.002036186419344
0.002036218976621
0.002036251518629
0.002036282790213
0.002036311671946
0.002036337261655
0.002036358936914
0.002036376393148
0.002036389654112
0.002036399054016
0.002036405193035
0.002036408870375
0.002036411001033
0.002036412523869
0.002036414309381
0.002036417075589
0.002036421319687
0.002036427271725
0.002036434874516
0.002036443791642
0.002036453442801
0.002036463063285
0.002036471782111
0.002036478711622
0.002036483040256
0.002036484119885
0.002036481539510
0.002036475178341
0.002036465233095
0.002036452216652
0.002036436927822
0.002036420394567
0.002036403795484
0.002036388366335
0.002036375299847
0.002036365647658
0.002036360233184
0.002036359583253
0.002036363884720
0.002036372970114
0.002036386333742
0.002036403176990
0.002036422478940
0.002036443086108
0.002036463813387
0.002036483547240
0.002036501341920
0.002036516500119
0.002036528630778
0.002036537678829
0.002036543924143
0.002036547949720
0.002036550581919
0.002036552808077
0.002036555678912
0.002036560204536
0.002036567253503
0.002036577464119
0.002036591176167
0.002036608389415
0.002036628752908
0.002036651586281
0.002036675931459
0.002036700630392
0.002036724422067
0.002036746050304
0.002036764372806
0.002036778461771
0.002036787687080
0.002036791774581
0.002036790834169
0.002036785355068
0.002036776168591
0.002036764381615
0.002036751286577
0.002036738255977
0.002036726630721
0.002036717612260
0.002036712168141
0.002036710959400
0.002036714296291
0.002036722126294
0.002036734055453
0.002036749401042
0.002036767270761
0.002036786661171
0.002036806566339
0.002036826086631
0.002036844527541
0.002036861479252
0.002036876869269
0.002036890982867
0.002036904448907
0.002036918191670
0.002036933352401
0.002036951186970
0.002036972948235
0.002036999763062
0.002037032514506
0.002037071739176
0.002037117548506
0.002037169580466
0.002037226985526
0.002037288447546
0.002037352237053
0.002037416291351
0.002037478313342
0.002037535879093
0.002037586543184
0.002037627930823
0.002037657806679
0.002037674112164
0.002037674965497
0.002037658621884
0.002037623394508
0.002037567540218
0.002037489116738
0.002037385820495
0.002037254815668
0.002037092565604
0.002036894677314
0.002036655768344
0.002036369363121
0.002036027822988
0.002035622310956
0.002035142788858
0.002034578041540
0.002033915720138
0.002033142394658
0.002032243605173
0.002031203901059
0.002030006858815
0.002028635071063
0.002027070102140
0.002025292409036
0.002023281230001
0.002021014446623
0.002018468428302
0.002015617870503
0.002012435639751
0.002008892638892
0.002004957705672
0.002000597556172
0.001995776782194
0.001990457908673
0.001984601513635
0.001978166409670
0.001971109882485
0.001963387979251
0.001954955837331
0.001945768042845
0.001935779008357
0.001924943359919
0.001913216325527
0.001900554119681
0.001886914321811
0.001872256249678
0.001856541332008
0.001839733487319
0.001821799517925
0.001802709529045
0.001782437382913
0.001760961196454
0.001738263888788
0.001714333781444
0.001689165250179
0.001662759422778
0.001635124912695
0.001606278574111
0.001576246260298
0.001545063564384
0.001512776519906
0.001479442238055
0.001445129459238
0.001409918998490
0.001373904067144
0.001337190456731
0.001299896575157
0.001262153329266
0.001224103851798
0.001185903074118
0.001147717148674
0.001109722726831
0.001072106098509
0.001035062199865
0.000998793494354
0.000963508731090
0.000929421582763
0.000896749163828
0.000865710428573
0.000836524448337
0.000809408567806
0.000784576442143
0.000762235959779
0.000742587059982
0.000725819459597
0.000712110309470
0.000701621807531
0.000694498802086
0.000690866424927
0.000690827799166
0.000694461870682
0.000701821414506
0.000712931268140
0.000727786842500
0.000746352957982
0.000768563048193
0.000794318767292
0.000823490029108
0.000855915497486
0.000891403538157
0.000929733633141
0.000970658249722
0.001013905147624
0.001059180100369
0.001106170000095
0.001154546309335
0.001203968818305
0.001254089662067
0.001304557548275
0.001355022142823
0.001405138557547
0.001454571880813
0.001503001688464
0.001550126469071
0.001595667893887
0.001639374858525
0.001681027220512
0.001720439154840
0.001757462048882
0.001791986859077
0.001823945854918
0.001853313681461
0.001880107680022
0.001904387418092
0.001926253393709
0.001945844896438
0.001963337026333
0.001978936893228
0.001992879040872
0.002005420162848
0.002016833199304
0.002027400924176
0.002037409151199
0.002047139702704
0.002056863297412
0.002066832521621
0.002077275052124
0.002088387298524
0.002100328627618
0.002113216323106
0.002127121420531
0.002142065540421
0.002158018822564
0.002174899041731
0.002192571960591
0.002210852949454
0.002229509875439
0.002248267236112
0.002266811485030
0.002284797469316
0.002301855872813
0.002317601532841
0.002331642474518
0.002343589484489
0.002353066026084
0.002359718281068
0.002363225089783
0.002363307552162
0.002359738047637
0.002352348432758
0.002341037182178
0.002325775251801
0.002306610462743
0.002283670231369
0.002257162503905
0.002227374793509
0.002194671262580
0.002159487842400
0.002122325434700
0.002083741293879
0.002044338742685
0.002004755426352
0.001965650358595
0.001927690055667
0.001891534090200
0.001857820423215
0.001827150889343
0.001800077216074
0.001777087952157
0.001758596663224
0.001744931724437
0.001736328001408
0.001732920662815
0.001734741312531
0.001741716567452
0.001753669141404
0.001770321427531
0.001791301503643
0.001816151418878
0.001844337557966
0.001875262822856
0.001908280322250
0.001942708218922
0.001977845353660
0.002012987244083
0.002047442046940
0.002080546074008
0.002111678464399
0.002140274639536
0.002165838200787
0.002187950972900
0.002206280947849
0.002220587942268
0.002230726845759
0.002236648405315
0.002238397561040
0.002236109418316
0.002230003009364
0.002220373060751
0.002207580040694
0.002192038808903
0.002174206230550
0.002154568143038
0.002133626078468
0.002111884145290
0.002089836459210
0.002067955486365
0.002046681621826
0.002026414274978
0.002007504672290
0.001990250519636
0.001974892593545
0.001961613256499
0.001950536818876
0.001941731602424
0.001935213500332
0.001930950779547
0.001928869834346
0.001928861577659
0.001930788149439
0.001934489629372
0.001939790464072
0.001946505355058
0.001954444401336
0.001963417346709
0.001973236843829
0.001983720711298
0.001994693223179
0.002005985528850
0.002017435351973
0.002028886157821
0.002040186006146
0.002051186320680
0.002061740805669
0.002071704724500
0.002080934726546
0.002089289367369
0.002096630416688
0.002102824990944
0.002107748485937
0.002111288223415
0.002113347667023
0.002113851010968
0.002112747902189
0.002110018026130
0.002105675269469
0.002099771171537
0.002092397390200
0.002083686937412
0.002073813983494
0.002062992085705
0.002051470763435
0.002039530416603
0.002027475662091
0.002015627241864
0.002004312732058
0.001993856351119
0.001984568223632
0.001976733501715
0.001970601775115
0.001966377212628
0.001964209869709
0.001964188569919
0.001966335721446
0.001970604365608
0.001976877674164
0.001984971019266
0.001994636637508
0.002005570802042
0.002017423308538
0.002029808976770
0.002042320774523
