0.002038246286860
0.002038246064055
0.002038245507818
0.002038244695760
0.002038243712631
0.002038242647574
0.002038241591258
0.002038240633017
0.002038239858127
0.002038239345341
0.002038239164752
0.002038239376028
0.002038240027032
0.002038241152803
0.002038242774871
0.002038244900863
0.002038247524368
0.002038250625055
0.002038254169039
0.002038258109534
0.002038262387824
0.002038266934590
0.002038271671635
0.002038276513998
0.002038281372437
0.002038286156209
0.002038290776045
0.002038295147172
0.002038299192246
0.002038302844014
0.002038306047575
0.002038308762124
0.002038310962107
0.002038312637755
0.002038313795030
0.002038314455032
0.002038314652960
0.002038314436723
0.002038313865296
0.002038313006907
0.002038311937096
0.002038310736701
0.002038309489759
0.002038308281339
0.002038307195283
0.002038306311896
0.002038305705582
0.002038305442519
0.002038305578442
0.002038306156654
0.002038307206395
0.002038308741681
0.002038310760716
0.002038313245943
0.002038316164755
0.002038319470818
0.002038323105945
0.002038327002378
0.002038331085341
0.002038335275702
0.002038339492601
0.002038343655921
0.002038347688532
0.002038351518240
0.002038355079476
0.002038358314712
0.002038361175682
0.002038363624414
0.002038365634139
0.002038367190040
0.002038368289846
0.002038368944197
0.002038369176716
0.002038369023700
0.002038368533379
0.002038367764684
0.002038366785530
0.002038365670671
0.002038364499188
0.002038363351774
0.002038362307939
0.002038361443308
0.002038360827162
0.002038360520316
0.002038360573428
0.002038361025751
0.002038361904305
0.002038363223414
0.002038364984513
0.002038367176157
0.002038369774125
0.002038372741599
0.002038376029364
0.002038379576060
0.002038383308514
0.002038387142189
0.002038390981802
0.002038394722108
0.002038398248836
0.002038401439704
0.002038404165381
0.002038406290229
0.002038407672631
0.002038408164686
0.002038407611065
0.002038405846856
0.002038402694260
0.002038397958059
0.002038391419823
0.002038382830864
0.002038371903988
0.002038358304092
0.002038341637638
0.002038321441022
0.002038297167803
0.002038268174712
0.002038233706319
0.002038192878197
0.002038144658413
0.002038087847157
0.002038021054367
0.002037942675207
0.002037850863299
0.002037743501664
0.002037618171320
0.002037472117520
0.002037302213590
0.002037104922307
0.002036876254718
0.002036611726251
0.002036306309927
0.002035954386465
0.002035549691031
0.002035085256441
0.002034553352654
0.002033945422471
0.002033252013465
0.002032462706296
0.002031566039689
0.002030549432472
0.002029399103224
0.002028099988155
0.002026635657989
0.002024988234655
0.002023138308722
0.002021064858583
0.002018745172494
0.002016154774718
0.002013267357135
0.002010054717894
0.002006486708831
0.002002531193608
0.001998154018737
0.001993318999820
0.001987987925545
0.001982120582097
0.001975674800732
0.001968606531353
0.001960869944878
0.001952417567213
0.001943200447518
0.001933168363375
0.001922270065319
0.001910453563021
0.001897666455224
0.001883856305276
0.001868971063832
0.001852959539943
0.001835771921313
0.001817360344007
0.001797679511270
0.001776687360401
0.001754345775812
0.001730621345510
0.001705486157194
0.001678918629161
0.001650904370061
0.001621437060411
0.001590519347646
0.001558163745318
0.001524393525962
0.001489243596034
0.001452761340327
0.001415007422258
0.001376056525558
0.001335998022061
0.001294936549646
0.001252992483816
0.001210302286073
0.001167018712139
0.001123310863172
0.001079364063622
0.001035379550110
0.000991573956887
0.000948178584960
0.000905438443914
0.000863611057781
0.000822965029063
0.000783778358087
0.000746336518352
0.000710930292266
0.000677853375724
0.000647399764264
0.000619860937970
0.000595522866895
0.000574662863445
0.000557546312773
0.000544423316848
0.000535525292196
0.000531061565470
0.000531216014653
0.000536143806948
0.000545968286929
0.000560778070345
0.000580624399867
0.000605518819026
0.000635431219422
0.000670288314032
0.000709972585935
0.000754321757103
0.000803128815991
0.000856142635592
0.000913069205410
0.000973573491585
0.001037281929239
0.001103785540194
0.001172643657646
0.001243388227407
0.001315528643165
0.001388557061015
0.001461954126715
0.001535195037808
0.001607755852378
0.001679119947007
0.001748784518765
0.001816267020153
0.001881111412032
0.001942894117985
0.002001229564491
0.002055775194807
0.002106235850740
0.002152367425461
0.002193979702187
0.002230938307732
0.002263165726459
0.002290641338706
0.002313400468013
0.002331532442971
0.002345177701866
0.002354523990798
0.002359801728307
0.002361278630890
0.002359253713689
0.002354050798413
0.002346011675638
0.002335489080416
0.002322839648172
0.002308417021689
0.002292565279287
0.002275612848831
0.002257867061909
0.002239609487439
0.002221092164327
0.002202534828926
0.002184123205579
0.002166008397976
0.002148307386431
0.002131104602201
0.002114454515811
0.002098385143017
0.002082902340611
0.002067994735942
0.002053639109740
0.002039806032674
0.002026465542850
0.002013592644882
0.002001172411857
0.001989204479687
0.001977706739191
0.001966718054515
0.001956299866872
0.001946536579220
0.001937534659558
0.001929420446712
0.001922336691417
0.001916437915479
0.001911884721188
0.001908837229986
0.001907447871877
0.001907853783427
0.001910169100697
0.001914477452681
0.001920824969558
0.001929214117369
0.001939598656271
0.001951879992995
0.001965905160149
0.001981466606202
0.001998303921780
0.002016107561890
0.002034524552045
0.002053166091340
0.002071616890022
0.002089446005828
0.002106218875231
0.002121510175560
0.002134917104524
0.002146072627268
0.002154658219941
0.002160415634246
0.002163157220766
0.002162774380159
0.002159243760472
0.002152630884570
0.002143090972394
0.002130866815910
0.002116283667141
0.002099741207986
0.002081702780667
0.002062682165284
0.002043228291880
0.002023908364268
0.002005289947752
0.001987922629230
0.001972319893064
0.001958941867398
0.001948179581989
0.001940341339837
0.001935641741509
0.001934193814960
0.001936004597430
0.001940974393327
0.001948899797372
0.001959480430685
0.001972329194516
0.001986985707749
0.002002932465841
0.002019613146099
0.002036452392078
0.002052876342813
0.002068333133787
0.002082312588396
0.002094364342007
0.002104113695324
0.002111274577897
0.002115659113228
0.002117183409782
0.002115869352086
0.002111842326717
0.002105324982715
0.002096627287729
0.002086133292998
0.002074285155432
0.002061565077577
0.002048475910970
0.002035521221557
0.002023185634781
0.002011916261790
0.002002105957482
0.001994079077988
0.001988080293324
0.001984266875333
0.001982704727790
0.001983368261508
0.001986144050085
0.001990838038949
0.001997185929201
0.002004866225195
0.002013515326750
0.002022743968318
0.002032154261489
0.002041356585946
0.002049985597279
0.002057714676600
0.002064268233322
0.002069431384426
0.002073056665050
0.002075067569809
0.002075458874593
0.002074293837322
0.002071698516123
0.002067853567948
0.002062983994205
0.002057347377907
0.002051221206118
0.002044889890596
0.002038632088401
0.002032708884606
0.002027353334015
0.002022761772272
0.002019087204123
0.002016434963721
0.002014860724916
0.002014370824623
0.002014924755267
0.002016439588178
0.002018796012721
0.002021845618923
0.002025419016243
0.002029334368371
0.002033405932771
