0.002038209907175
0.002038211821834
0.002038213726554
0.002038215621309
0.002038217506088
0.002038219380892
0.002038221245736
0.002038223100647
0.002038224945663
0.002038226780833
0.002038228606215
0.002038230421870
0.002038232227862
0.002038234024250
0.002038235811083
0.002038237588395
0.002038239356201
0.002038241114498
0.002038242863258
0.002038244602441
0.002038246331991
0.002038248051847
0.002038249761948
0.002038251462238
0.002038253152671
0.002038254833212
0.002038256503839
0.002038258164545
0.002038259815335
0.002038261456228
0.002038263087253
0.002038264708453
0.002038266319878
0.002038267921588
0.002038269513646
0.002038271096115
0.002038272669050
0.002038274232497
0.002038275786484
0.002038277331020
0.002038278866093
0.002038280391672
0.002038281907709
0.002038283414146
0.002038284910922
0.002038286397976
0.002038287875254
0.002038289342713
0.002038290800321
0.002038292248062
0.002038293685932
0.002038295113939
0.002038296532105
0.002038297940464
0.002038299339060
0.002038300727949
0.002038302107189
0.002038303476845
0.002038304836977
0.002038306187640
0.002038307528872
0.002038308860697
0.002038310183116
0.002038311496111
0.002038312799644
0.002038314093663
0.002038315378109
0.002038316652918
0.002038317918032
0.002038319173399
0.002038320418979
0.002038321654745
0.002038322880684
0.002038324096795
0.002038325303090
0.002038326499596
0.002038327686347
0.002038328863392
0.002038330030785
0.002038331188589
0.002038332336865
0.002038333475671
0.002038334605054
0.002038335725047
0.002038336835661
0.002038337936885
0.002038339028688
0.002038340111017
0.002038341183802
0.002038342246965
0.002038343300419
0.002038344344073
0.002038345377837
0.002038346401615
0.002038347415306
0.002038348418796
0.002038349411948
0.002038350394595
0.002038351366519
0.002038352327434
0.002038353276960
0.002038354214586
0.002038355139626
0.002038356051158
0.002038356947948
0.002038357828353
0.002038358690196
0.002038359530610
0.002038360345848
0.002038361131029
0.002038361879827
0.002038362584075
0.002038363233261
0.002038363813883
0.002038364308643
0.002038364695421
0.002038364945992
0.002038365024412
0.002038364885003
0.002038364469850
0.002038363705681
0.002038362500020
0.002038360736421
0.002038358268616
0.002038354913319
0.002038350441427
0.002038344567289
0.002038336935644
0.002038327105803
0.002038314532523
0.002038298542986
0.002038278309160
0.002038252814745
0.002038220815772
0.002038180793799
0.002038130900537
0.002038068892559
0.002037992054631
0.002037897110043
0.002037780116161
0.002037636343301
0.002037460134873
0.002037244746656
0.002036982162960
0.002036662887432
0.002036275706234
0.002035807421455
0.002035242552748
0.002034563005495
0.002033747704191
0.002032772190297
0.002031608184522
0.002030223114416
0.002028579609275
0.002026634965721
0.002024340588922
0.002021641416284
0.002018475332595
0.002014772587987
0.002010455232741
0.002005436585855
0.001999620757319
0.001992902247288
0.001985165648541
0.001976285481828
0.001966126196752
0.001954542373510
0.001941379163101
0.001926473005155
0.001909652663267
0.001890740617320
0.001869554850600
0.001845911066229
0.001819625362449
0.001790517389235
0.001758413999611
0.001723153397557
0.001684589770650
0.001642598379446
0.001597081057309
0.001547972054036
0.001495244134680
0.001438914821775
0.001379052645498
0.001315783242776
0.001249295123975
0.001179844905589
0.001107761790416
0.001033451064297
0.000957396371825
0.000880160533837
0.000802384678021
0.000724785471768
0.000648150274227
0.000573330062960
0.000501230039818
0.000432797880440
0.000369009661416
0.000310853577277
0.000259311644472
0.000215339678661
0.000179845922355
0.000153668788471
0.000137554268034
0.000132133622874
0.000137902042395
0.000155198983280
0.000184190928205
0.000224857291014
0.000276980158531
0.000340138491617
0.000413707309622
0.000496862253912
0.000588589769960
0.000687702967496
0.000792863019833
0.000902605753632
0.001015372867243
0.001129547008429
0.001243489750673
0.001355581341210
0.001464260963111
0.001568066166942
0.001665670091996
0.001755915118291
0.001837841671328
0.001910711042192
0.001974021283028
0.002027515486196
0.002071182045339
0.002105246816385
0.002130157431783
0.002146560356256
0.002155271590184
0.002157242210636
0.002153520174296
0.002145209977286
0.002133431863304
0.002119282286366
0.002103797265039
0.002087920113153
0.002072474804390
0.002058145936087
0.002045465916545
0.002034809628635
0.002026396441533
0.002020299073653
0.002016458474671
0.002014703612494
0.002014774838329
0.002016349371831
0.002019067405403
0.002022557373314
0.002026459062646
0.002030443449017
0.002034228405364
0.002037589737929
0.002040367328591
0.002042466484498
0.002043854893030
0.002044555833137
0.002044638487427
0.002044206322303
0.002043384550568
0.002042307662976
0.002041107918202
0.002039905526066
0.002038801061602
0.002037870425609
0.002037162439560
0.002036698947560
0.002036477111781
0.002036473443621
0.002036649019370
0.002036955290474
0.002037339913423
0.002037752087334
0.002038146988816
0.002038489021511
0.002038753737974
0.002038928430308
0.002039011510627
0.002039010902355
0.002038941731626
0.002038823640750
0.002038678043392
0.002038525607154
0.002038384190369
0.002038267384619
0.002038183732048
0.002038136606524
0.002038124678133
0.002038142827800
0.002038183346890
0.002038237246758
0.002038295513965
0.002038350174943
0.002038395073991
0.002038426314768
0.002038442361785
0.002038443839335
0.002038433096633
0.002038413626931
0.002038389434282
0.002038364435159
0.002038341965634
0.002038324441557
0.002038313192861
0.002038308467592
0.002038309579594
0.002038315158519
0.002038323452976
0.002038332637522
0.002038341080715
0.002038347542974
0.002038351287255
0.002038352100237
0.002038350234726
0.002038346293705
0.002038341081844
0.002038335451305
0.002038330165508
0.002038325798418
0.002038322678992
0.002038320882177
0.002038320260579
0.002038320505539
0.002038321223509
0.002038322013309
0.002038322531911
0.002038322540041
0.002038321923449
0.002038320690256
0.002038318948577
0.002038316871263
0.002038314655654
0.002038312485880
0.002038310503658
0.002038308791198
0.002038307367211
0.002038306194604
0.002038305196645
0.002038304277425
0.002038303342292
0.002038302314657
0.002038301146722
0.002038299823209
0.002038298358516
0.002038296788908
0.002038295161971
0.002038293525735
0.002038291919541
0.002038290368091
0.002038288879286
0.002038287445636
0.002038286048402
0.002038284663213
0.002038283265827
0.002038281836893
0.002038280364935
0.002038278847259
0.002038277288954
0.002038275700486
0.002038274094616
0.002038272483376
0.002038270875708
0.002038269276144
0.002038267684634
0.002038266097358
0.002038264508197
0.002038262910443
0.002038261298341
0.002038259668168
0.002038258018686
0.002038256350987
0.002038254667851
0.002038252972846
0.002038251269402
0.002038249560080
0.002038247846149
0.002038246127530
0.002038244403042
0.002038242670860
0.002038240929040
0.002038239175971
0.002038237410683
0.002038235632945
0.002038233843184
0.002038232042253
0.002038230231154
0.002038228410769
0.002038226581668
0.002038224744031
0.002038222897682
0.002038221042197
0.002038219177066
0.002038217301839
0.002038215416244
0.002038213520225
0.002038211613933
0.002038209697654
