0.002037786065305
0.002037797618179
0.002037807738792
0.002037816289675
0.002037823212586
0.002037828524078
0.002037832304793
0.002037834683934
0.002037835820865
0.002037835886062
0.002037835043667
0.002037833437636
0.002037831183009
0.002037828363139
0.002037825032977
0.002037821227737
0.002037816975583
0.002037812312445
0.002037807296819
0.002037802022334
0.002037796626168
0.002037791291834
0.002037786245576
0.002037781746358
0.002037778070239
0.002037775490650
0.002037774256606
0.002037774571222
0.002037776572932
0.002037780321568
0.002037785790955
0.002037792868984
0.002037801365311
0.002037811025974
0.002037821553467
0.002037832630174
0.002037843942731
0.002037855204739
0.002037866175499
0.002037876672865
0.002037886579020
0.002037895838785
0.002037904450951
0.002037912453912
0.002037919907550
0.002037926873717
0.002037933397846
0.002037939494026
0.002037945135471
0.002037950251644
0.002037954732476
0.002037958439264
0.002037961220975
0.002037962934061
0.002037963463360
0.002037962741552
0.002037960764728
0.002037957602059
0.002037953398218
0.002037948368029
0.002037942783724
0.002037936956029
0.002037931211060
0.002037925865472
0.002037921202563
0.002037917451902
0.002037914774697
0.002037913256431
0.002037912907495
0.002037913671586
0.002037915440789
0.002037918075446
0.002037921426390
0.002037925356846
0.002037929761345
0.002037934579366
0.002037939802051
0.002037945471171
0.002037951670457
0.002037958510348
0.002037966107989
0.002037974564959
0.002037983945467
0.002037994257791
0.002038005441364
0.002038017361303
0.002038029811324
0.002038042525027
0.002038055194555
0.002038067494763
0.002038079110357
0.002038089763102
0.002038099236118
0.002038107392598
0.002038114186852
0.002038119666428
0.002038123965030
0.002038127286948
0.002038129884669
0.002038132032006
0.002038133995593
0.002038136007653
0.002038138242758
0.002038140800708
0.002038143696899
0.002038146860511
0.002038150139901
0.002038153313574
0.002038156104364
0.002038158193961
0.002038159234742
0.002038158856065
0.002038156662689
0.002038152223789
0.002038145052000
0.002038134572965
0.002038120086839
0.002038100724013
0.002038075397863
0.002038042757532
0.002038001143581
0.002037948548853
0.002037882586076
0.002037800462735
0.002037698962655
0.002037574432671
0.002037422771899
0.002037239420477
0.002037019344390
0.002036757013084
0.002036446367068
0.002036080773494
0.002035652968755
0.002035154988313
0.002034578085106
0.002033912638957
0.002033148060154
0.002032272690849
0.002031273708024
0.002030137031459
0.002028847239552
0.002027387494947
0.002025739480959
0.002023883348741
0.002021797674270
0.002019459423592
0.002016843924425
0.002013924842304
0.002010674159899
0.002007062158942
0.002003057405281
0.001998626738793
0.001993735271175
0.001988346395716
0.001982421814119
0.001975921585904
0.001968804206133
0.001961026716828
0.001952544856796
0.001943313253482
0.001933285659223
0.001922415232853
0.001910654866304
0.001897957554603
0.001884276806786
0.001869567094651
0.001853784336047
0.001836886409532
0.001818833697622
0.001799589656417
0.001779121410003
0.001757400368506
0.001734402868971
0.001710110838105
0.001684512475445
0.001657602954519
0.001629385138176
0.001599870302489
0.001569078861650
0.001537041084130
0.001503797788388
0.001469401004568
0.001433914587201
0.001397414762983
0.001359990597310
0.001321744363439
0.001282791798883
0.001243262234834
0.001203298586013
0.001163057190095
0.001122707487801
0.001082431536568
0.001042423352518
0.001002888076995
0.000964040965385
0.000926106197193
0.000889315507632
0.000853906642249
0.000820121637644
0.000788204933183
0.000758401320859
0.000730953743293
0.000706100953146
0.000684075051100
0.000665098923768
0.000649383607445
0.000637125608134
0.000628504212713
0.000623678830109
0.000622786404681
0.000625938946566
0.000633221225223
0.000644688672835
0.000660365543434
0.000680243371758
0.000704279772792
0.000732397619068
0.000764484627949
0.000800393385730
0.000839941829344
0.000882914200117
0.000929062477270
0.000978108291931
0.001029745315222
0.001083642106589
0.001139445400874
0.001196783804761
0.001255271865061
0.001314514463014
0.001374111480316
0.001433662674275
0.001492772691388
0.001551056141140
0.001608142645201
0.001663681771813
0.001717347761424
0.001768843947757
0.001817906778994
0.001864309346624
0.001907864335046
0.001948426313209
0.001985893300315
0.002020207550766
0.002051355518800
0.002079366980276
0.002104313307361
0.002126304911044
0.002145487885866
0.002162039910626
0.002176165477477
0.002188090539534
0.002198056683236
0.002206314946074
0.002213119412488
0.002218720730478
0.002223359698501
0.002227261076321
0.002230627774352
0.002233635573517
0.002236428521562
0.002239115141881
0.002241765577243
0.002244409773286
0.002247036785297
0.002249595266966
0.002251995171703
0.002254110666326
0.002255784224101
0.002256831830087
0.002257049197415
0.002256218859607
0.002254117972488
0.002250526630680
0.002245236479409
0.002238059383291
0.002228835900871
0.002217443307759
0.002203802912675
0.002187886419961
0.002169721109115
0.002149393626479
0.002127052215855
0.002102907252845
0.002077229991175
0.002050349477086
0.002022647638788
0.001994552610653
0.001966530404788
0.001939075094464
0.001912697723062
0.001887914197277
0.001865232462927
0.001845139294457
0.001828087053948
0.001814480791095
0.001804666061181
0.001798917833117
0.001797430843461
0.001800311725062
0.001807573200725
0.001819130583565
0.001834800767590
0.001854303825691
0.001877267259388
0.001903232867367
0.001931666120351
0.001961967850679
0.001993487988823
0.002025541008592
0.002057422680642
0.002088427682518
0.002117867575010
0.002145088630878
0.002169488994173
0.002190534657405
0.002207773769568
0.002220848830296
0.002229506382914
0.002233603890381
0.002233113560747
0.002228122980276
0.002218832509793
0.002205549499865
0.002188679479833
0.002168714571110
0.002146219463327
0.002121815369833
0.002096162444041
0.002069941187936
0.002043833416866
0.002018503359344
0.001994579466384
0.001972637481739
0.001953185283094
0.001936649945887
0.001923367407887
0.001913575026353
0.001907407223370
0.001904894312105
0.001905964490834
0.001910448886376
0.001918089427894
0.001928549239512
0.001941425159362
0.001956261926556
0.001972567528649
0.001989829172419
0.002007529331156
0.002025161332650
0.002042243982893
0.002058334769974
0.002073041258331
0.002086030362718
0.002097035280219
0.002105859953696
0.002112381036898
0.002116547425910
0.002118377509771
0.002117954371161
0.002115419233035
0.002110963496556
0.002104819747992
0.002097252126745
0.002088546443454
0.002079000417264
0.002068914366591
0.002058582640586
0.002048286021986
0.002038285269433
0.002028815902213
0.002020084266111
0.002012264858972
0.002005498841523
0.001999893615242
0.001995523316511
0.001992430055721
0.001990625721904
0.001990094177326
0.001990793681146
0.001992659405120
0.001995605935096
0.001999529687282
0.002004311205082
0.002009817338062
0.002015903336473
0.002022414920531
0.002029190401129
0.002036062936635
0.002042863007925
0.002049421180809
0.002055571202139
0.002061153444467
0.002066018676123
0.002070032091581
0.002073077493913
0.002075061480265
0.002075917445824
0.002075609194937
0.002074133932571
0.002071524407458
0.002067849991536
