0.002037202900404
0.002037203523756
0.002037206217960
0.002037210784248
0.002037216926949
0.002037224288593
0.002037232490007
0.002037241171190
0.002037250028671
0.002037258845404
0.002037267510054
0.002037276023642
0.002037284492850
0.002037293110698
0.002037302126674
0.002037311809520
0.002037322406684
0.002037334104852
0.002037346995901
0.002037361052067
0.002037376113227
0.002037391887913
0.002037407968296
0.002037423857884
0.002037439009371
0.002037452868979
0.002037464922927
0.002037474741414
0.002037482015711
0.002037486584633
0.002037488447732
0.002037487763885
0.002037484835453
0.002037480079632
0.002037473989947
0.002037467091832
0.002037459896827
0.002037452860044
0.002037446345217
0.002037440600785
0.002037435749338
0.002037431791289
0.002037428622140
0.002037426061268
0.002037423888892
0.002037421887036
0.002037419879827
0.002037417768546
0.002037415557371
0.002037413366722
0.002037411432463
0.002037410090678
0.002037409749327
0.002037410849515
0.002037413820242
0.002037419031307
0.002037426749274
0.002037437101232
0.002037450050310
0.002037465385794
0.002037482729230
0.002037501556292
0.002037521232578
0.002037541060091
0.002037560330038
0.002037578376918
0.002037594628717
0.002037608648400
0.002037620162744
0.002037629075856
0.002037635466229
0.002037639567898
0.002037641737820
0.002037642413050
0.002037642062233
0.002037641136570
0.002037640025348
0.002037639020670
0.002037638294998
0.002037637893751
0.002037637743571
0.002037637675223
0.002037637458490
0.002037636845136
0.002037635615116
0.002037633620836
0.002037630824418
0.002037627323632
0.002037623363317
0.002037619330612
0.002037615734041
0.002037613168175
0.002037612267149
0.002037613651543
0.002037617873864
0.002037625368092
0.002037636408412
0.002037651081327
0.002037669274053
0.002037690680397
0.002037714823564
0.002037741093537
0.002037768795187
0.002037797202049
0.002037825610121
0.002037853385894
0.002037880003357
0.002037905065763
0.002037928309372
0.002037949588164
0.002037968840349
0.002037986039240
0.002038001132565
0.002038013975311
0.002038024261751
0.002038031462178
0.002038034769242
0.002038033057579
0.002038024858813
0.002038008352224
0.002037981369455
0.002037941409927
0.002037885662226
0.002037811025792
0.002037714126902
0.002037591323201
0.002037438691902
0.002037251998147
0.002037026641773
0.002036757582666
0.002036439246831
0.002036065417062
0.002035629113454
0.002035122469855
0.002034536612637
0.002033861547750
0.002033086061118
0.002032197635954
0.002031182388858
0.002030025024613
0.002028708807802
0.002027215547764
0.002025525592308
0.002023617825031
0.002021469661162
0.002019057037590
0.002016354394046
0.002013334644181
0.002009969137353
0.002006227614092
0.002002078160245
0.001997487166509
0.001992419301257
0.001986837505158
0.001980703015967
0.001973975431097
0.001966612814186
0.001958571850033
0.001949808050108
0.001940276008656
0.001929929707275
0.001918722864130
0.001906609322666
0.001893543474004
0.001879480707197
0.001864377882049
0.001848193820298
0.001830889812409
0.001812430138788
0.001792782605787
0.001771919098096
0.001749816149938
0.001726455537598
0.001701824895312
0.001675918355217
0.001648737210159
0.001620290595599
0.001590596184048
0.001559680882426
0.001527581519846
0.001494345510792
0.001460031476642
0.001424709807252
0.001388463143829
0.001351386764775
0.001313588857368
0.001275190660065
0.001236326462645
0.001197143454161
0.001157801411517
0.001118472224201
0.001079339253172
0.001040596523895
0.001002447755041
0.000965105225440
0.000928788482520
0.000893722895852
0.000860138059766
0.000828266049445
0.000798339535765
0.000770589765484
0.000745244415454
0.000722525332361
0.000702646173068
0.000685809964885
0.000672206609870
0.000662010362263
0.000655377313159
0.000652442921175
0.000653319631838
0.000658094631421
0.000666827782743
0.000679549790849
0.000696260645383
0.000716928383852
0.000741488216003
0.000769842044237
0.000801858408724
0.000837372878754
0.000876188904354
0.000918079134305
0.000962787198908
0.001010029948153
0.001059500128538
0.001110869474742
0.001163792185605
0.001217908747419
0.001272850061302
0.001328241825280
0.001383709115705
0.001438881106606
0.001493395859747
0.001546905112482
0.001599078985330
0.001649610526648
0.001698220008368
0.001744658884665
0.001788713325188
0.001830207236368
0.001869004688644
0.001905011674435
0.001938177131472
0.001968493178568
0.001995994525999
0.002020757039960
0.002042895459724
0.002062560286527
0.002079933884278
0.002095225853203
0.002108667757888
0.002120507310089
0.002131002123698
0.002140413173683
0.002148998102353
0.002157004524618
0.002164663488666
0.002172183249801
0.002179743512772
0.002187490292085
0.002195531530463
0.002203933603009
0.002212718818935
0.002221864014090
0.002231300306156
0.002240914060582
0.002250549089272
0.002260010076115
0.002269067194016
0.002277461847607
0.002284913444935
0.002291127070742
0.002295801904326
0.002298640197309
0.002299356601823
0.002297687618753
0.002293400919700
0.002286304286162
0.002276253905980
0.002263161770921
0.002247001930905
0.002227815379940
0.002205713376228
0.002180879033735
0.002153567064018
0.002124101594268
0.002092872039099
0.002060327058017
0.002026966686199
0.001993332781322
0.001959997982007
0.001927553422302
0.001896595489721
0.001867711950491
0.001841467793342
0.001818391161616
0.001798959751851
0.001783588054930
0.001772615803253
0.001766297964338
0.001764796588208
0.001768174773629
0.001776392967568
0.001789307754410
0.001806673227730
0.001828144969494
0.001853286590909
0.001881578717791
0.001912430233146
0.001945191522503
0.001979169405729
0.002013643384229
0.002047882786764
0.002081164362243
0.002112789845222
0.002142103010877
0.002168505741527
0.002191472646984
0.002210563815909
0.002225435324348
0.002235847189634
0.002241668531105
0.002242879781492
0.002239571881697
0.002231942484094
0.002220289282212
0.002205000674397
0.002186544052548
0.002165452081079
0.002142307393243
0.002117726179335
0.002092341172418
0.002066784550860
0.002041671272637
0.002017583334404
0.001995055409559
0.001974562265661
0.001956508294729
0.001941219412803
0.001928937500819
0.001919817470419
0.001913926949361
0.001911248494782
0.001911684162042
0.001915062184823
0.001921145461256
0.001929641492782
0.001940213388806
0.001952491531686
0.001966085493483
0.001980595807765
0.001995625225772
0.002010789124878
0.002025724786737
0.002040099320426
0.002053616069837
0.002066019411745
0.002077097918498
0.002086685924485
0.002094663595578
0.002100955653283
0.002105528948243
0.002108389109289
0.002109576513353
0.002109161827614
0.002107241368276
0.002103932501147
0.002099369278884
0.002093698470385
0.002087076091687
0.002079664497624
0.002071630042488
0.002063141269115
0.002054367542217
0.002045478006252
0.002036640722896
0.002028021830204
0.002019784565669
0.002012088009046
0.002005085427214
0.001998922141174
0.001993732882215
0.001989638657302
0.001986743199599
0.001985129134648
0.001984854042485
0.001985946636943
0.001988403312324
0.001992185321740
0.001997216848905
0.002003384214944
0.002010536424157
0.002018487198792
0.002027018585076
0.002035886134377
0.002044825578419
0.002053560830688
0.002061813062526
0.002069310526938
0.002075798740527
0.002081050588590
0.002084875893377
