0.002038221995276
0.002038223909076
0.002038225813049
0.002038227707158
0.002038229591373
0.002038231465676
0.002038233330061
0.002038235184534
0.002038237029111
0.002038238863820
0.002038240688695
0.002038242503777
0.002038244309106
0.002038246104723
0.002038247890668
0.002038249666971
0.002038251433657
0.002038253190744
0.002038254938235
0.002038256676127
0.002038258404405
0.002038260123046
0.002038261832020
0.002038263531291
0.002038265220826
0.002038266900590
0.002038268570554
0.002038270230698
0.002038271881008
0.002038273521481
0.002038275152123
0.002038276772951
0.002038278383985
0.002038279985256
0.002038281576795
0.002038283158637
0.002038284730815
0.002038286293363
0.002038287846308
0.002038289389673
0.002038290923473
0.002038292447717
0.002038293962402
0.002038295467518
0.002038296963046
0.002038298448960
0.002038299925229
0.002038301391821
0.002038302848703
0.002038304295847
0.002038305733230
0.002038307160835
0.002038308578656
0.002038309986695
0.002038311384964
0.002038312773481
0.002038314152273
0.002038315521371
0.002038316880808
0.002038318230620
0.002038319570838
0.002038320901492
0.002038322222605
0.002038323534190
0.002038324836251
0.002038326128779
0.002038327411754
0.002038328685145
0.002038329948907
0.002038331202990
0.002038332447333
0.002038333681875
0.002038334906546
0.002038336121279
0.002038337326002
0.002038338520640
0.002038339705110
0.002038340879318
0.002038342043150
0.002038343196465
0.002038344339083
0.002038345470771
0.002038346591230
0.002038347700073
0.002038348796805
0.002038349880793
0.002038350951237
0.002038352007132
0.002038353047221
0.002038354069942
0.002038355073361
0.002038356055097
0.002038357012219
0.002038357941137
0.002038358837454
0.002038359695795
0.002038360509597
0.002038361270852
0.002038361969801
0.002038362594562
0.002038363130682
0.002038363560601
0.002038363863016
0.002038364012113
0.002038363976661
0.002038363718927
0.002038363193401
0.002038362345272
0.002038361108635
0.002038359404375
0.002038357137672
0.002038354195067
0.002038350441026
0.002038345713904
0.002038339821235
0.002038332534240
0.002038323581417
0.002038312641115
0.002038299332898
0.002038283207577
0.002038263735684
0.002038240294207
0.002038212151338
0.002038178448992
0.002038138182809
0.002038090179343
0.002038033070095
0.002037965262037
0.002037884904246
0.002037789850215
0.002037677615426
0.002037545329711
0.002037389683911
0.002037206870347
0.002036992516594
0.002036741612024
0.002036448426642
0.002036106421683
0.002035708151542
0.002035245156575
0.002034707846439
0.002034085373657
0.002033365497245
0.002032534436326
0.002031576713835
0.002030474990604
0.002029209890302
0.002027759816027
0.002026100759557
0.002024206104681
0.002022046426348
0.002019589287822
0.002016799038492
0.002013636615466
0.002010059352645
0.002006020801537
0.002001470568678
0.001996354175157
0.001990612944382
0.001984183924872
0.001976999855484
0.001968989181095
0.001960076127306
0.001950180843232
0.001939219621831
0.001927105207510
0.001913747200860
0.001899052570358
0.001882926280586
0.001865272046048
0.001845993218895
0.001824993817788
0.001802179703757
0.001777459907109
0.001750748107336
0.001721964265417
0.001691036404937
0.001657902535141
0.001622512705215
0.001584831175015
0.001544838682929
0.001502534786830
0.001457940249047
0.001411099431131
0.001362082659016
0.001310988514039
0.001257946000346
0.001203116534680
0.001146695700468
0.001088914704815
0.001030041474513
0.000970381325842
0.000910277142796
0.000850108999741
0.000790293167493
0.000731280446608
0.000673553778369
0.000617625092721
0.000564031363243
0.000513329852134
0.000466092543234
0.000422899777950
0.000384333127650
0.000350967556247
0.000323362948012
0.000302055097716
0.000287546282532
0.000280295557187
0.000280708934915
0.000289129636325
0.000305828605457
0.000330995506468
0.000364730424757
0.000407036502162
0.000457813736592
0.000516854171333
0.000583838687966
0.000658335598862
0.000739801210492
0.000827582497179
0.000920921986757
0.001018964915163
0.001120768657043
0.001225314384869
0.001331520850929
0.001438260126324
0.001544375070274
0.001648698243421
0.001750071922216
0.001847368819944
0.001939513075413
0.002025501034724
0.002104421326792
0.002175473720886
0.002237986255916
0.002291430147456
0.002335432010221
0.002369782981039
0.002394444389959
0.002409549704034
0.002415402558100
0.002412470787481
0.002401376486402
0.002382882229961
0.002357873713406
0.002327339176262
0.002292346086893
0.002254015661023
0.002213495872056
0.002171933677715
0.002130447233655
0.002090098887385
0.002051869743220
0.002016636559990
0.001985151687488
0.001958026666202
0.001935720009365
0.001918529559765
0.001906589669846
0.001899873297062
0.001898198942694
0.001901242197196
0.001908551494923
0.001919567532112
0.001933645670225
0.001950080537963
0.001968131964221
0.001987051324924
0.002006107371810
0.002024610632023
0.002041935524000
0.002057539425595
0.002070978051844
0.002081916647464
0.002090136667297
0.002095537799698
0.002098135375504
0.002098053390869
0.002095513547662
0.002090820872624
0.002084346608935
0.002076509175289
0.002067754053349
0.002058533491545
0.002049286900338
0.002040422762089
0.002032302789919
0.002025228949028
0.002019433806554
0.002015074509707
0.002012230514615
0.002010905008959
0.002011029798867
0.002012473273092
0.002015050922963
0.002018537791317
0.002022682152475
0.002027219691324
0.002031887453742
0.002036436881868
0.002040645323180
0.002044325507025
0.002047332610027
0.002049568674935
0.002050984298052
0.002051577649664
0.002051391031949
0.002050505301970
0.002049032587356
0.002047107794232
0.002044879447800
0.002042500414488
0.002040119031494
0.002037871117500
0.002035873261412
0.002034217689909
0.002032968905708
0.002032162173983
0.002031803821342
0.002031873206940
0.002032326134703
0.002033099404059
0.002034116147423
0.002035291577945
0.002036538770773
0.002037774124138
0.002038922190105
0.002039919624895
0.002040718080618
0.002041285938606
0.002041608864047
0.002041689237014
0.002041544581734
0.002041205170275
0.002040711016055
0.002040108495231
0.002039446839705
0.002038774735108
0.002038137232515
0.002037573146397
0.002037113066784
0.002036778064216
0.002036579115496
0.002036517229835
0.002036584211694
0.002036763960876
0.002037034183855
0.002037368373922
0.002037737911643
0.002038114140921
0.002038470288537
0.002038783114911
0.002039034209134
0.002039210870102
0.002039306545793
0.002039320832493
0.002039259063344
0.002039131539529
0.002038952476654
0.002038738752532
0.002038508550345
0.002038279992841
0.002038069859030
0.002037892465361
0.002037758779161
0.002037675814310
0.002037646338649
0.002037668900872
0.002037738162789
0.002037845502311
0.002037979834508
0.002038128583862
0.002038278731248
0.002038417855101
0.002038535087847
0.002038621916164
0.002038672766448
0.002038685334180
0.002038660636519
0.002038602789816
0.002038518536074
0.002038416562915
0.002038306678545
0.002038198914996
0.002038102638581
0.002038025745196
0.002037974010043
0.002037950646952
0.002037956113102
0.002037988172166
0.002038042204954
0.002038111733577
0.002038189105417
0.002038266268524
0.002038335562071
0.002038390444971
0.002038426092789
0.002038439807081
0.002038431200733
0.002038402145988
0.002038356496056
