0.002017645739899
0.002017713652145
0.002017734837475
0.002017707865312
0.002017633738838
0.002017515869267
0.002017359929708
0.002017173595165
0.002016966180911
0.002016748196583
0.002016530837591
0.002016325438675
0.002016142916447
0.002015993228444
0.002015884875545
0.002015824472633
0.002015816409104
0.002015862616543
0.002015962455664
0.002016112728788
0.002016307817973
0.002016539942714
0.002016799525184
0.002017075645619
0.002017356565935
0.002017630296143
0.002017885175925
0.002018110442833
0.002018296759066
0.002018436670726
0.002018524976598
0.002018558987912
0.002018538665752
0.002018466628820
0.002018348030561
0.002018190311126
0.002018002835830
0.002017796437411
0.002017582884240
0.002017374300358
0.002017182565739
0.002017018726269
0.002016892442587
0.002016811505182
0.002016781439950
0.002016805224132
0.002016883127135
0.002017012684708
0.002017188808364
0.002017404025301
0.002017648837603
0.002017912183570
0.002018181978891
0.002018445711353
0.002018691059957
0.002018906508030
0.002019081919994
0.002019209053144
0.002019281978828
0.002019297391756
0.002019254791579
0.002019156527116
0.002019007700298
0.002018815933853
0.002018591013449
0.002018344421314
0.002018088783770
0.002017837259487
0.002017602898352
0.002017398002448
0.002017233520707
0.002017118507321
0.002017059671017
0.002017061037958
0.002017123745584
0.002017245978322
0.002017423049172
0.002017647624022
0.002017910078474
0.002018198970389
0.002018501605563
0.002018804669234
0.002019094892706
0.002019359722496
0.002019587959078
0.002019770333612
0.002019899993910
0.002019972875194
0.002019987936705
0.002019947251727
0.002019855945695
0.002019721984503
0.002019555822479
0.002019369926447
0.002019178198438
0.002018995324740
0.002018836082698
0.002018714638929
0.002018643873187
0.002018634761013
0.002018695845584
0.002018832824884
0.002019048274780
0.002019341521955
0.002019708673288
0.002020142800559
0.002020634271631
0.002021171211913
0.002021740073330
0.002022326282492
0.002022914935593
0.002023491504973
0.002024042521346
0.002024556196612
0.002025022954673
0.002025435841930
0.002025790794708
0.002026086747605
0.002026325574357
0.002026511860832
0.002026652517856
0.002026756249385
0.002026832898566
0.002026892700269
0.002026945473307
0.002026999788652
0.002027062151245
0.002027136232533
0.002027222188549
0.002027316094363
0.002027409520238
0.002027489268096
0.002027537279209
0.002027530715890
0.002027442211578
0.002027240275686
0.002026889832182
0.002026352864533
0.002025589134692
0.002024556940429
0.002023213873775
0.002021517543690
0.002019426228273
0.002016899425871
0.002013898280047
0.002010385860349
0.002006327288753
0.002001689710279
0.001996442115018
0.001990555027370
0.001984000086153
0.001976749546065
0.001968775736335
0.001960050516136
0.001950544768066
0.001940227970790
0.001929067889624
0.001917030419638
0.001904079609771
0.001890177888954
0.001875286506450
0.001859366189141
0.001842378008568
0.001824284440810
0.001805050593041
0.001784645562400
0.001763043885981
0.001740227035570
0.001716184907594
0.001690917257593
0.001664435029570
0.001636761533678
0.001607933430760
0.001578001489005
0.001547031086113
0.001515102439476
0.001482310556531
0.001448764907253
0.001414588830084
0.001379918691260
0.001344902824844
0.001309700286659
0.001274479459362
0.001239416548051
0.001204694005857
0.001170498927151
0.001137021442278
0.001104453142466
0.001072985557035
0.001042808697648
0.001014109676526
0.000987071397813
0.000961871314022
0.000938680233250
0.000917661157943
0.000898968132797
0.000882745078160
0.000869124586169
0.000858226659840
0.000850157380425
0.000845007495287
0.000842850927034
0.000843743214399
0.000847719905720
0.000854794936514
0.000864959032826
0.000878178191370
0.000894392295265
0.000913513930006
0.000935427467770
0.000959988488831
0.000987023606647
0.001016330757885
0.001047680010352
0.001080814930715
0.001115454540215
0.001151295870845
0.001188017117122
0.001225281360262
0.001262740822904
0.001300041594291
0.001336828748561
0.001372751763323
0.001407470132513
0.001440659057166
0.001472015090704
0.001501261611755
0.001528153997758
0.001552484376474
0.001574085840078
0.001592836017380
0.001608659913588
0.001621531943411
0.001631477101609
0.001638571234776
0.001642940398466
0.001644759304180
0.001644248880517
0.001641672991459
0.001637334371756
0.001631569854314
0.001624744977059
0.001617248066772
0.001609483904760
0.001601867083971
0.001594815169456
0.001588741774065
0.001584049659290
0.001581123967472
0.001580325686676
0.001581985443525
0.001586397712761
0.001593815525327
0.001604445749704
0.001618445014193
0.001635916330865
0.001656906475030
0.001681404167217
0.001709339097605
0.001740581825458
0.001774944578130
0.001812182965322
0.001851998614324
0.001894042720720
0.001937920496299
0.001983196481747
0.002029400676005
0.002076035417275
0.002122582932708
0.002168513455299
0.002213293788012
0.002256396177135
0.002297307340311
0.002335537480075
0.002370629102131
0.002402165449557
0.002429778360557
0.002453155358764
0.002472045792042
0.002486265848424
0.002495702296563
0.002500314822563
0.002500136865071
0.002495274885463
0.002485906048948
0.002472274334494
0.002454685135313
0.002433498455980
0.002409120855425
0.002381996325665
0.002352596332556
0.002321409275611
0.002288929647788
0.002255647191740
0.002222036355733
0.002188546349336
0.002155592086079
0.002123546277434
0.002092732910251
0.002063422298953
0.002035827855550
0.002010104666267
0.001986349905221
0.001964605054858
0.001944859842118
0.001927057740506
0.001911102833739
0.001896867788364
0.001884202642610
0.001872944088451
0.001862924904564
0.001853983190648
0.001845971058774
0.001838762455210
0.001832259815928
0.001826399300017
0.001821154396035
0.001816537755227
0.001812601170541
0.001809433689039
0.001807157915238
0.001805924631497
0.001805905926250
0.001807287079200
0.001810257502362
0.001815001075027
0.001821686237906
0.001830456225595
0.001841419816616
0.001854642966400
0.001870141661126
0.001887876290244
0.001907747784160
0.001929595702803
0.001953198392792
0.001978275258165
0.002004491114768
0.002031462524214
0.002058765932447
0.002085947373116
0.002112533439437
0.002138043182146
0.002162000557185
0.002183947026061
0.002203453905264
0.002220134068666
0.002233652628383
0.002243736254064
0.002250180836795
0.002252857259937
0.002251715103126
0.002246784175011
0.002238173842413
0.002226070195956
0.002210731162074
0.002192479736240
0.002171695569995
0.002148805192894
0.002124271188253
0.002098580667445
0.002072233400755
0.002045729963267
0.002019560242256
0.001994192628862
0.001970064182607
0.001947572014189
0.001927066081860
0.001908843541579
0.001893144733408
0.001880150828423
0.001869983104113
0.001862703763808
0.001858318169078
0.001856778314781
0.001857987345772
0.001861804893083
0.001868052995954
0.001876522374582
0.001886978826327
0.001899169534631
0.001912829103948
0.001927685164062
0.001943463421793
0.001959892075329
0.001976705544631
0.001993647508627
0.002010473274560
0.002026951535510
0.002042865597251
0.002058014174516
0.002072211868557
0.002085289442452
0.002097094007818
0.002107489227053
0.002116355619402
0.002123591038280
0.002129111362448
0.002132851416293
0.002134766106166
0.002134831731928
0.002133047407159
