0.002037491849849
0.002037486007162
0.002037479150048
0.002037471631944
0.002037463869158
0.002037456311012
0.002037449405886
0.002037443566601
0.002037439138695
0.002037436374880
0.002037435418312
0.002037436296394
0.002037438925704
0.002037443127475
0.002037448651891
0.002037455208536
0.002037462499675
0.002037470252726
0.002037478248382
0.002037486341327
0.002037494471286
0.002037502663235
0.002037511016772
0.002037519685869
0.002037528851299
0.002037538688857
0.002037549336994
0.002037560867596
0.002037573263300
0.002037586404122
0.002037600065113
0.002037613925643
0.002037627589605
0.002037640614674
0.002037652547742
0.002037662962948
0.002037671498423
0.002037677887961
0.002037681984314
0.002037683771727
0.002037683366371
0.002037681004694
0.002037677020897
0.002037671815949
0.002037665821407
0.002037659461853
0.002037653119887
0.002037647107308
0.002037641645413
0.002037636856351
0.002037632766220
0.002037629319295
0.002037626401568
0.002037623870697
0.002037621588798
0.002037619454117
0.002037617427809
0.002037615552509
0.002037613960319
0.002037612869004
0.002037612566491
0.002037613385100
0.002037615668110
0.002037619732160
0.002037625829545
0.002037634114540
0.002037644617551
0.002037657230127
0.002037671702762
0.002037687656101
0.002037704604755
0.002037721991615
0.002037739229406
0.002037755745480
0.002037771025452
0.002037784651400
0.002037796330891
0.002037805914067
0.002037813397234
0.002037818912851
0.002037822707199
0.002037825108316
0.002037826487788
0.002037827220590
0.002037827647352
0.002037828043103
0.002037828595819
0.002037829396956
0.002037830444839
0.002037831660303
0.002037832912625
0.002037834052584
0.002037834948690
0.002037835522204
0.002037835776665
0.002037835818185
0.002037835863737
0.002037836235967
0.002037837344474
0.002037839654988
0.002037843649224
0.002037849779178
0.002037858420299
0.002037869828119
0.002037884102554
0.002037901163321
0.002037920738679
0.002037942368280
0.002037965419344
0.002037989113888
0.002038012563445
0.002038034806812
0.002038054845902
0.002038071674806
0.002038084297763
0.002038091732718
0.002038092998493
0.002038087085170
0.002038072908838
0.002038049253321
0.002038014702666
0.002037967568889
0.002037905819745
0.002037827010993
0.002037728226867
0.002037606031270
0.002037456430729
0.002037274848590
0.002037056108346
0.002036794422694
0.002036483383958
0.002036115951020
0.002035684427979
0.002035180430327
0.002034594835536
0.002033917716367
0.002033138256941
0.002032244653291
0.002031224001787
0.002030062180115
0.002028743726407
0.002027251722503
0.002025567687181
0.002023671484490
0.002021541251197
0.002019153345928
0.002016482320982
0.002013500916235
0.002010180073211
0.002006488966397
0.002002395048392
0.001997864105505
0.001992860321048
0.001987346344625
0.001981283367242
0.001974631203749
0.001967348385903
0.001959392270950
0.001950719171910
0.001941284516580
0.001931043042464
0.001919949034474
0.001907956611212
0.001895020064086
0.001881094251589
0.001866135048840
0.001850099850264
0.001832948121210
0.001814641992502
0.001795146890619
0.001774432195400
0.001752471916941
0.001729245383630
0.001704737933955
0.001678941605688
0.001651855817081
0.001623488035665
0.001593854430915
0.001562980507271
0.001530901713732
0.001497664025401
0.001463324490955
0.001427951738232
0.001391626427972
0.001354441643607
0.001316503202873
0.001277929875326
0.001238853488695
0.001199418906535
0.001159783860060
0.001120118618315
0.001080605482912
0.001041438096491
0.001002820557449
0.000964966337420
0.000928097001984
0.000892440739149
0.000858230703950
0.000825703190950
0.000795095649391
0.000766644558272
0.000740583180562
0.000717139217438
0.000696532384774
0.000678971935331
0.000664654151429
0.000653759834291
0.000646451818008
0.000642872538062
0.000643141686641
0.000647353989379
0.000655577140625
0.000667849936447
0.000684180646286
0.000704545665042
0.000728888487192
0.000757119043103
0.000789113434816
0.000824714104164
0.000863730460144
0.000905939985108
0.000951089830706
0.000998898904927
0.001049060441314
0.001101245030816
0.001155104086177
0.001210273698592
0.001266378836807
0.001323037830263
0.001379867070385
0.001436485857856
0.001492521318713
0.001547613308413
0.001601419220560
0.001653618615782
0.001703917586170
0.001752052771871
0.001797794948709
0.001840952109309
0.001881371965126
0.001918943803207
0.001953599639544
0.001985314620691
0.002014106636983
0.002040035124250
0.002063199046310
0.002083734067629
0.002101808944011
0.002117621178743
0.002131392011566
0.002143360827830
0.002153779094252
0.002162903945322
0.002170991559749
0.002178290478756
0.002185035026898
0.002191439000899
0.002197689792393
0.002203943106201
0.002210318426898
0.002216895372904
0.002223711059629
0.002230758571538
0.002237986618058
0.002245300420513
0.002252563847513
0.002259602785053
0.002266209695816
0.002272149290426
0.002277165202486
0.002280987529750
0.002283341076490
0.002283954107572
0.002282567403745
0.002278943390638
0.002272875101741
0.002264194728631
0.002252781510560
0.002238568720661
0.002221549517757
0.002201781451399
0.002179389433254
0.002154567020236
0.002127575893280
0.002098743459943
0.002068458557899
0.002037165288897
0.002005355067325
0.001973557022575
0.001942326948152
0.001912235041141
0.001883852721230
0.001857738857417
0.001834425760982
0.001814405324084
0.001798115693195
0.001785928864941
0.001778139578279
0.001774955851529
0.001776491475946
0.001782760730249
0.001793675523983
0.001809045113411
0.001828578463587
0.001851889256403
0.001878503468919
0.001907869371332
0.001939369721862
0.001972335868660
0.002006063408799
0.002039829003175
0.002072907905620
0.002104591735881
0.002134206010688
0.002161126945480
0.002184797052055
0.002204739084427
0.002220567925999
0.002232000065199
0.002238860372485
0.002241085967574
0.002238727049744
0.002231944653664
0.002221005385712
0.002206273288084
0.002188199067224
0.002167307005955
0.002144179952222
0.002119442838800
0.002093745235157
0.002067743463047
0.002042082819876
0.002017380447772
0.001994209361621
0.001973084106785
0.001954448458411
0.001938665501177
0.001926010343913
0.001916665630991
0.001910719915195
0.001908168858965
0.001908919135981
0.001912794816927
0.001919545945044
0.001928858941792
0.001940368432737
0.001953670050358
0.001968333754619
0.001983917214059
0.001999978809094
0.002016089853971
0.002031845682324
0.002046875301175
0.002060849386557
0.002073486467720
0.002084557222727
0.002093886883097
0.002101355815844
0.002106898415059
0.002110500489709
0.002112195377607
0.002112059046276
0.002110204458729
0.002106775486053
0.002101940639392
0.002095886872548
0.002088813674580
0.002080927631396
0.002072437588931
0.002063550500628
0.002054467991557
0.002045383623287
0.002036480800369
0.002027931223422
0.002019893767211
0.002012513646490
0.002005921728368
0.002000233857911
0.001995550082969
0.001991953693526
0.001989510028329
0.001988265044551
0.001988243691853
0.001989448177068
0.001991856246581
0.001995419646943
0.002000062947459
0.002005682919090
0.002012148660214
0.002019302640924
0.002026962803679
0.002034925810475
0.002042971467424
0.002050868289736
0.002058380097450
0.002065273459113
0.002071325731680
0.002076333384767
0.002080120250414
0.002082545309496
0.002083509615774
