0.002034615039386
0.002034653334740
0.002034684339692
0.002034706806312
0.002034720034503
0.002034723922365
0.002034718971252
0.002034706245054
0.002034687286821
0.002034663999204
0.002034638498064
0.002034612950678
0.002034589411268
0.002034569666757
0.002034555104910
0.002034546615246
0.002034544530553
0.002034548613612
0.002034558090181
0.002034571725593
0.002034587938870
0.002034604945202
0.002034620915395
0.002034634139441
0.002034643181004
0.002034647010246
0.002034645104097
0.002034637505573
0.002034624836976
0.002034608265438
0.002034589423053
0.002034570287456
0.002034553031930
0.002034539856562
0.002034532813617
0.002034533640845
0.002034543615925
0.002034563443730
0.002034593185600
0.002034632236597
0.002034679353034
0.002034732728635
0.002034790113913
0.002034848969933
0.002034906644902
0.002034960560208
0.002035008391697
0.002035048232309
0.002035078723570
0.002035099145805
0.002035109460139
0.002035110299030
0.002035102906143
0.002035089030262
0.002035070781560
0.002035050461507
0.002035030379745
0.002035012672327
0.002034999135609
0.002034991088881
0.002034989276571
0.002034993817754
0.002035004206981
0.002035019366369
0.002035037744845
0.002035057456684
0.002035076448315
0.002035092680085
0.002035104308433
0.002035109853786
0.002035108340567
0.002035099397833
0.002035083312092
0.002035061027615
0.002035034093648
0.002035004562166
0.002034974843722
0.002034947532329
0.002034925212833
0.002034910265753
0.002034904684838
0.002034909921785
0.002034926770501
0.002034955300323
0.002034994843865
0.002035044040929
0.002035100935572
0.002035163119247
0.002035227909335
0.002035292549512
0.002035354416682
0.002035411218541
0.002035461166520
0.002035503110656
0.002035536625842
0.002035562042603
0.002035580419843
0.002035593461445
0.002035603383013
0.002035612738860
0.002035624222509
0.002035640455973
0.002035663784029
0.002035696089248
0.002035738641968
0.002035791996585
0.002035855941926
0.002035929509134
0.002036011035910
0.002036098281457
0.002036188582306
0.002036279035881
0.002036366696252
0.002036448765377
0.002036522763267
0.002036586661884
0.002036638970237
0.002036678761691
0.002036705638834
0.002036719635922
0.002036721063646
0.002036710305285
0.002036687577026
0.002036652667856
0.002036604675981
0.002036541758855
0.002036460912788
0.002036357795643
0.002036226602729
0.002036060001658
0.002035849127265
0.002035583632826
0.002035251789281
0.002034840620301
0.002034336058069
0.002033723102958
0.002032985969876
0.002032108205085
0.002031072759608
0.002029862008871
0.002028457712588
0.002026840913886
0.002024991781815
0.002022889406338
0.002020511559278
0.002017834438139
0.002014832411980
0.002011477789425
0.002007740628326
0.002003588604679
0.001998986955149
0.001993898503391
0.001988283775413
0.001982101204025
0.001975307417290
0.001967857601235
0.001959705923270
0.001950806000077
0.001941111392378
0.001930576109050
0.001919155104546
0.001906804756325
0.001893483312821
0.001879151306973
0.001863771935270
0.001847311407035
0.001829739273052
0.001811028746092
0.001791157028234
0.001770105660772
0.001747860911877
0.001724414215050
0.001699762667805
0.001673909595282
0.001646865177808
0.001618647135323
0.001589281455384
0.001558803145672
0.001527256986947
0.001494698258594
0.001461193406552
0.001426820622739
0.001391670306058
0.001355845377714
0.001319461427691
0.001282646674458
0.001245541726127
0.001208299137713
0.001171082765638
0.001134066926601
0.001097435373078
0.001061380101786
0.001026100014094
0.000991799448689
0.000958686606679
0.000926971888012
0.000896866155791
0.000868578942171
0.000842316606372
0.000818280452419
0.000796664811873
0.000777655095454
0.000761425817312
0.000748138596998
0.000737940146939
0.000730960257364
0.000727309795962
0.000727078745738
0.000730334311139
0.000737119129091
0.000747449627548
0.000761314579020
0.000778673899803
0.000799457746954
0.000823565964015
0.000850867923079
0.000881202804891
0.000914380350477
0.000950182107492
0.000988363182644
0.001028654498453
0.001070765539007
0.001114387555794
0.001159197191656
0.001204860469095
0.001251037078895
0.001297384896698
0.001343564649070
0.001389244646711
0.001434105500810
0.001477844738988
0.001520181239505
0.001560859406132
0.001599653010942
0.001636368637919
0.001670848666328
0.001702973739052
0.001732664667320
0.001759883729433
0.001784635327170
0.001806965969742
0.001826963561623
0.001844755977613
0.001860508916343
0.001874423032518
0.001886730358593
0.001897690038606
0.001907583410529
0.001916708488632
0.001925373913767
0.001933892456802
0.001942574177966
0.001951719362082
0.001961611365651
0.001972509525709
0.001984642291396
0.001998200746554
0.002013332694502
0.002030137474027
0.002048661668063
0.002068895853404
0.002090772521151
0.002114165273780
0.002138889376246
0.002164703706287
0.002191314113908
0.002218378163150
0.002245511191791
0.002272293587868
0.002298279147112
0.002323004343556
0.002345998317921
0.002366793365597
0.002384935688837
0.002399996166672
0.002411580891146
0.002419341219938
0.002422983102996
0.002422275454215
0.002417057357922
0.002407243923506
0.002392830629228
0.002373896027488
0.002350602717889
0.002323196530670
0.002292003900833
0.002257427451933
0.002219939847411
0.002180076005919
0.002138423814694
0.002095613511058
0.002052305935831
0.002009179893150
0.001966918878159
0.001926197456373
0.001887667595523
0.001851945261465
0.001819597593590
0.001791130971412
0.001766980272145
0.001747499598766
0.001732954729324
0.001723517501152
0.001719262298924
0.001720164763870
0.001726102784264
0.001736859766034
0.001752130118847
0.001771526829286
0.001794590931108
0.001820802625107
0.001849593750210
0.001880361265005
0.001912481366946
0.001945323856260
0.001978266344351
0.002010707912647
0.002042081847469
0.002071867109055
0.002099598237215
0.002124873450698
0.002147360760113
0.002166801982780
0.002183014619532
0.002195891625448
0.002205399175954
0.002211572593999
0.002214510660630
0.002214368578148
0.002211349890466
0.002205697688089
0.002197685434772
0.002187607749181
0.002175771458505
0.002162487212701
0.002148061909669
0.002132792134813
0.002116958765405
0.002100822833354
0.002084622681699
0.002068572392951
0.002052861413577
0.002037655250502
0.002023097074444
0.002009310032497
0.001996400049910
0.001984458889018
0.001973567232032
0.001963797563805
0.001955216650052
0.001947887435017
0.001941870218878
0.001937223017778
0.001934001056541
0.001932255393802
0.001932030729664
0.001933362494758
0.001936273364875
0.001940769385159
0.001946835920288
0.001954433670712
0.001963495008425
0.001973920887970
0.001985578578876
0.001998300444288
0.002011883957489
0.002026093104195
0.002040661265095
0.002055295611990
0.002069682984182
0.002083497142143
0.002096407225712
0.002108087177428
0.002118225831030
0.002126537313955
0.002132771373630
0.002136723213009
0.002138242413303
0.002137240532397
0.002133696996830
0.002127662953171
0.002119262809994
0.002108693282599
0.002096219846125
0.002082170605303
0.002066927696490
0.002050916445077
0.002034592604045
0.002018428092286
0.002002895729661
0.001988453525390
0.001975529113761
0.001964504943707
0.001955704815172
0.001949382314985
0.001945711639389
0.001944781201655
0.001946590314925
0.001951049117127
0.001957981771976
0.001967132843666
