0.002033098127321
0.002033133056915
0.002033178052181
0.002033231743963
0.002033292107099
0.002033356592152
0.002033422296385
0.002033486161749
0.002033545185594
0.002033596628809
0.002033638206228
0.002033668245372
0.002033685801846
0.002033690722891
0.002033683654317
0.002033665990227
0.002033639769127
0.002033607523956
0.002033572097024
0.002033536433401
0.002033503367970
0.002033475421835
0.002033454623125
0.002033442365462
0.002033439314616
0.002033445370303
0.002033459686016
0.002033480745478
0.002033506490065
0.002033534487768
0.002033562131075
0.002033586848999
0.002033606317313
0.002033618651116
0.002033622565099
0.002033617489180
0.002033603630444
0.002033581976262
0.002033554237801
0.002033522737567
0.002033490248819
0.002033459798293
0.002033434446513
0.002033417061726
0.002033410104069
0.002033415436007
0.002033434173207
0.002033466587204
0.002033512067463
0.002033569146163
0.002033635584455
0.002033708514435
0.002033784626995
0.002033860392274
0.002033932297010
0.002033997081761
0.002034051960906
0.002034094809499
0.002034124303419
0.002034140002598
0.002034142371233
0.002034132733466
0.002034113167742
0.002034086347504
0.002034055339898
0.002034023377199
0.002033993617762
0.002033968914064
0.002033951604963
0.002033943347525
0.002033945000911
0.002033956570997
0.002033977219930
0.002034005340046
0.002034038686778
0.002034074560825
0.002034110026111
0.002034142147397
0.002034168229825
0.002034186042469
0.002034194009041
0.002034191351241
0.002034178173659
0.002034155483405
0.002034125142424
0.002034089755416
0.002034052501075
0.002034016918583
0.002033986664682
0.002033965258949
0.002033955835847
0.002033960921797
0.002033982253787
0.002034020653088
0.002034075963720
0.002034147060580
0.002034231927127
0.002034327797333
0.002034431351947
0.002034538954985
0.002034646913363
0.002034751740736
0.002034850406156
0.002034940549141
0.002035020644995
0.002035090107761
0.002035149322573
0.002035199604207
0.002035243083947
0.002035282531990
0.002035321127283
0.002035362190451
0.002035408898113
0.002035463998201
0.002035529545760
0.002035606677128
0.002035695437516
0.002035794672971
0.002035901992877
0.002036013803781
0.002036125409938
0.002036231170847
0.002036324701600
0.002036399098466
0.002036447169984
0.002036461653123
0.002036435394879
0.002036361481900
0.002036233304296
0.002036044544386
0.002035789086416
0.002035460848994
0.002035053547521
0.002034560399043
0.002033973786216
0.002033284900175
0.002032483383834
0.002031556997361
0.002030491326237
0.002029269549566
0.002027872282297
0.002026277500086
0.002024460549992
0.002022394244507
0.002020049030958
0.002017393223507
0.002014393281193
0.002011014112940
0.002007219389465
0.002002971842575
0.001998233534460
0.001992966083091
0.001987130834499
0.001980688978170
0.001973601607684
0.001965829734565
0.001957334268724
0.001948075983395
0.001938015485760
0.001927113216305
0.001915329500113
0.001902624671765
0.001888959292428
0.001874294473109
0.001858592312409
0.001841816450613
0.001823932735244
0.001804909986506
0.001784720845031
0.001763342679205
0.001740758525621
0.001716958033958
0.001691938387075
0.001665705168258
0.001638273150297
0.001609666985164
0.001579921778166
0.001549083536209
0.001517209485698
0.001484368261334
0.001450639971955
0.001416116153579
0.001380899622300
0.001345104240750
0.001308854611295
0.001272285707017
0.001235542448134
0.001198779227037
0.001162159380012
0.001125854598423
0.001090044267084
0.001054914713303
0.001020658347010
0.000987472670852
0.000955559139451
0.000925121849262
0.000896366044685
0.000869496432086
0.000844715300980
0.000822220460372
0.000802203007704
0.000784844957477
0.000770316765884
0.000758774796066
0.000750358775565
0.000745189302556
0.000743365460434
0.000744962600927
0.000750030354188
0.000758590920398
0.000770637691388
0.000786134243179
0.000805013731471
0.000827178712467
0.000852501401547
0.000880824372698
0.000911961692608
0.000945700475437
0.000981802837593
0.001020008226598
0.001060036094296
0.001101588882059
0.001144355284167
0.001188013754790
0.001232236223574
0.001276691984523
0.001321051722026
0.001364991636480
0.001408197629526
0.001450369505485
0.001491225141086
0.001530504570163
0.001567973924000
0.001603429161762
0.001636699519524
0.001667650601350
0.001696187032288
0.001722254591664
0.001745841746177
0.001766980506457
0.001785746538339
0.001802258471116
0.001816676359610
0.001829199274589
0.001840062016644
0.001849530971328
0.001857899147512
0.001865480465598
0.001872603386542
0.001879603995541
0.001886818674920
0.001894576518195
0.001903191650903
0.001912955632862
0.001924130120762
0.001936939969135
0.001951566941831
0.001968144195351
0.001986751680130
0.002007412586710
0.002030090941253
0.002054690429875
0.002081054504492
0.002108967795103
0.002138158825411
0.002168304000986
0.002199032812520
0.002229934171432
0.002260563771647
0.002290452349946
0.002319114698205
0.002346059264080
0.002370798162462
0.002392857408364
0.002411787172905
0.002427171857851
0.002438639781001
0.002445872264653
0.002448611922927
0.002446669950947
0.002439932230289
0.002428364080810
0.002412013509344
0.002391012830750
0.002365578566544
0.002336009560460
0.002302683288510
0.002266050382621
0.002226627431001
0.002184988163731
0.002141753177598
0.002097578398166
0.002053142518164
0.002009133687729
0.001966235762292
0.001925114436554
0.001886403606740
0.001850692307170
0.001818512560461
0.001790328463161
0.001766526800389
0.001747409444744
0.001733187747348
0.001723979073842
0.001719805577163
0.001720595234181
0.001726185106836
0.001736326722841
0.001750693408545
0.001768889349508
0.001790460104787
0.001814904260647
0.001841685879861
0.001870247384848
0.001900022507283
0.001930448943414
0.001960980372838
0.001991097527963
0.002020318040548
0.002048204839041
0.002074372923860
0.002098494405446
0.002120301749488
0.002139589233200
0.002156212673670
0.002170087542369
0.002181185627004
0.002189530441770
0.002195191618504
0.002198278533470
0.002198933437156
0.002197324357402
0.002193638039565
0.002188073171932
0.002180834120859
0.002172125369226
0.002162146814979
0.002151090045074
0.002139135655548
0.002126451642257
0.002113192840566
0.002099501347557
0.002085507818661
0.002071333493395
0.002057092773604
0.002042896153244
0.002028853282541
0.002015075941905
0.002001680703002
0.001988791065943
0.001976538882717
0.001965064907237
0.001954518350920
0.001945055368431
0.001936836449545
0.001930022748159
0.001924771436191
0.001921230226059
0.001919531258179
0.001919784596838
0.001922071616537
0.001926438589059
0.001932890797228
0.001941387503037
0.001951838084478
0.001964099626758
0.001977976209847
0.001993220076607
0.002009534795896
0.002026580455429
0.002043980833028
0.002061332405708
0.002078214967883
0.002094203546880
0.002108881230194
0.002121852458212
0.002132756292222
0.002141279142983
0.002147166442242
0.002150232759308
0.002150369907311
0.002147552647924
0.002141841687192
0.002133383755332
0.002122408676123
0.002109223451874
0.002094203512691
0.002077781398327
0.002060433251702
0.002042663599914
0.002024988976560
0.002007920994465
0.001991949507550
0.001977526502958
0.001965051339031
0.001954857892462
0.001947204100896
0.001942264289012
0.001940124551023
0.001940781335980
0.001944143250023
