0.002036855516627
0.002036867216798
0.002036879674719
0.002036892606888
0.002036905574623
0.002036918022927
0.002036929332506
0.002036938879906
0.002036946099926
0.002036950544195
0.002036951930126
0.002036950175352
0.002036945414131
0.002036937993924
0.002036928452279
0.002036917476028
0.002036905846566
0.002036894376312
0.002036883842354
0.002036874923551
0.002036868147078
0.002036863849493
0.002036862156013
0.002036862979935
0.002036866042185
0.002036870909017
0.002036877044124
0.002036883869979
0.002036890832342
0.002036897461509
0.002036903424193
0.002036908560808
0.002036912904355
0.002036916678868
0.002036920277408
0.002036924221598
0.002036929106507
0.002036935536203
0.002036944056222
0.002036955089617
0.002036968882927
0.002036985467550
0.002037004640562
0.002037025967170
0.002037048804986
0.002037072348135
0.002037095687380
0.002037117880822
0.002037138028723
0.002037155345539
0.002037169222503
0.002037179274937
0.002037185369910
0.002037187631719
0.002037186424749
0.002037182315435
0.002037176017028
0.002037168322503
0.002037160032065
0.002037151882234
0.002037144483270
0.002037138270944
0.002037133477168
0.002037130122216
0.002037128029107
0.002037126858541
0.002037126160770
0.002037125439077
0.002037124218389
0.002037122111991
0.002037118879473
0.002037114469857
0.002037109045272
0.002037102982436
0.002037096851356
0.002037091372941
0.002037087359264
0.002037085642022
0.002037086995935
0.002037092064420
0.002037101294787
0.002037114889342
0.002037132777387
0.002037154611133
0.002037179786342
0.002037207486136
0.002037236744238
0.002037266522018
0.002037295792388
0.002037323622887
0.002037349250348
0.002037372140264
0.002037392025424
0.002037408920289
0.002037423109865
0.002037435114231
0.002037445632160
0.002037455469235
0.002037465457297
0.002037476372860
0.002037488862163
0.002037503379839
0.002037520146796
0.002037539130984
0.002037560052429
0.002037582411470
0.002037605536775
0.002037628647697
0.002037650923981
0.002037671574992
0.002037689900507
0.002037705335792
0.002037717475004
0.002037726068927
0.002037730995363
0.002037732202984
0.002037729631896
0.002037723116278
0.002037712276050
0.002037696405489
0.002037674366871
0.002037644496574
0.002037604529794
0.002037551547993
0.002037481950904
0.002037391452270
0.002037275096053
0.002037127287564
0.002036941832312
0.002036711974311
0.002036430425369
0.002036089377473
0.002035680491732
0.002035194859361
0.002034622932667
0.002033954426707
0.002033178195016
0.002032282085215
0.002031252782269
0.002030075648446
0.002028734569478
0.002027211816118
0.002025487929098
0.002023541633699
0.002021349787821
0.002018887364845
0.002016127469976
0.002013041386437
0.002009598645966
0.002005767116916
0.002001513102826
0.001996801444801
0.001991595622276
0.001985857848708
0.001979549161203
0.001972629505836
0.001965057823180
0.001956792141064
0.001947789683574
0.001938007006584
0.001927400170518
0.001915924960539
0.001903537162945
0.001890192904327
0.001875849057220
0.001860463712704
0.001843996717086
0.001826410266545
0.001807669550825
0.001787743434888
0.001766605166046
0.001744233093554
0.001720611387978
0.001695730748781
0.001669589090227
0.001642192197841
0.001613554349837
0.001583698899995
0.001552658820120
0.001520477201234
0.001487207712914
0.001452915019588
0.001417675151202
0.001381575823536
0.001344716700776
0.001307209590037
0.001269178554598
0.001230759930022
0.001192102225400
0.001153365890871
0.001114722932562
0.001076356357338
0.001038459432101
0.001001234745961
0.000964893068076
0.000929651999168
0.000895734420390
0.000863366748941
0.000832777015364
0.000804192782487
0.000777838930229
0.000753935333897
0.000732694465947
0.000714318952648
0.000698999117600
0.000686910543929
0.000678211686299
0.000673041563014
0.000671517557528
0.000673733357977
0.000679757062905
0.000689629481376
0.000703362656012
0.000720938638153
0.000742308545032
0.000767391929420
0.000796076492218
0.000828218167723
0.000863641609414
0.000902141100837
0.000943481911345
0.000987402109987
0.001033614842726
0.001081811068590
0.001131662739590
0.001182826397570
0.001234947149131
0.001287662967820
0.001340609261407
0.001393423631871
0.001445750747007
0.001497247235805
0.001547586515217
0.001596463453700
0.001643598777133
0.001688743125273
0.001731680671608
0.001772232226196
0.001810257749413
0.001845658214320
0.001878376766209
0.001908399139635
0.001935753305568
0.001960508334217
0.001982772472315
0.002002690447305
0.002020440024847
0.002036227860332
0.002050284699745
0.002062859999957
0.002074216053467
0.002084621717286
0.002094345859848
0.002103650653093
0.002112784848612
0.002121977186459
0.002131430092222
0.002141313821621
0.002151761211662
0.002162863192778
0.002174665206985
0.002187164662831
0.002200309538717
0.002213998222331
0.002228080645890
0.002242360745345
0.002256600237442
0.002270523672700
0.002283824685918
0.002296173330103
0.002307224345753
0.002316626186511
0.002324030595213
0.002329102502349
0.002331530002520
0.002331034154287
0.002327378345108
0.002320376966095
0.002309903150979
0.002295895349817
0.002278362530228
0.002257387826836
0.002233130492569
0.002205826042877
0.002175784524964
0.002143386888164
0.002109079477575
0.002073366720254
0.002036802120614
0.001999977728105
0.001963512284782
0.001928038301693
0.001894188350087
0.001862580884885
0.001833805942673
0.001808411073277
0.001786887872026
0.001769659478025
0.001757069391671
0.001749371941884
0.001746724700107
0.001749183094521
0.001756697424791
0.001769112416426
0.001786169385887
0.001807511015050
0.001832688658632
0.001861172033258
0.001892361064519
0.001925599601192
0.001960190646266
0.001995412704791
0.002030536810705
0.002064843770314
0.002097641149989
0.002128279540383
0.002156167649117
0.002180785807735
0.002201697525764
0.002218558783288
0.002231124821561
0.002239254266578
0.002242910500570
0.002242160278500
0.002237169668035
0.002228197469615
0.002215586345553
0.002199751951468
0.002181170417740
0.002160364571532
0.002137889320109
0.002114316632800
0.002090220561761
0.002066162730679
0.002042678696268
0.002020265550724
0.001999371085441
0.001980384778983
0.001963630807370
0.001949363204415
0.001937763226518
0.001928938902508
0.001922926677385
0.001919694991709
0.001919149578387
0.001921140207891
0.001925468573430
0.001931896980869
0.001940157495178
0.001949961196485
0.001961007214202
0.001972991236502
0.001985613233270
0.001998584181609
0.002011631641567
0.002024504093155
0.002036974010777
0.002048839714630
0.002059926097256
0.002070084374170
0.002079191047817
0.002087146301815
0.002093872056227
0.002099309913736
0.002103419211252
0.002106175362746
0.002107568638633
0.002107603477458
0.002106298369975
0.002103686297416
0.002099815648553
0.002094751487746
0.002088577001893
0.002081394921217
0.002073328689420
0.002064523154563
0.002055144563813
0.002045379672755
0.002035433822095
0.002025527889210
0.002015894086388
0.002006770648071
0.001998395522249
0.001990999251919
0.001984797297317
0.001979982104218
0.001976715264725
0.001975120141605
0.001975275333456
0.001977209344635
0.001980896790921
0.001986256420199
0.001993151159027
0.002001390313606
0.002010733961015
0.002020899467921
0.002031569973829
0.002042404579289
0.002053049891003
0.002063152500002
0.002072371910093
