0.002038247335012
0.002038249484971
0.002038251570540
0.002038253583603
0.002038255518986
0.002038257374687
0.002038259151958
0.002038260855225
0.002038262491871
0.002038264071881
0.002038265607361
0.002038267111972
0.002038268600288
0.002038270087114
0.002038271586802
0.002038273112583
0.002038274675959
0.002038276286173
0.002038277949788
0.002038279670389
0.002038281448432
0.002038283281228
0.002038285163088
0.002038287085601
0.002038289038039
0.002038291007874
0.002038292981371
0.002038294944243
0.002038296882320
0.002038298782214
0.002038300631942
0.002038302421482
0.002038304143228
0.002038305792340
0.002038307366953
0.002038308868256
0.002038310300417
0.002038311670378
0.002038312987516
0.002038314263189
0.002038315510197
0.002038316742167
0.002038317972907
0.002038319215756
0.002038320482948
0.002038321785051
0.002038323130463
0.002038324525037
0.002038325971815
0.002038327470896
0.002038329019456
0.002038330611889
0.002038332240094
0.002038333893868
0.002038335561398
0.002038337229833
0.002038338885893
0.002038340516503
0.002038342109408
0.002038343653755
0.002038345140598
0.002038346563312
0.002038347917898
0.002038349203159
0.002038350420736
0.002038351575020
0.002038352672920
0.002038353723521
0.002038354737637
0.002038355727275
0.002038356705060
0.002038357683614
0.002038358674945
0.002038359689865
0.002038360737462
0.002038361824647
0.002038362955811
0.002038364132584
0.002038365353727
0.002038366615148
0.002038367910031
0.002038369229091
0.002038370560918
0.002038371892387
0.002038373209133
0.002038374496033
0.002038375737680
0.002038376918814
0.002038378024680
0.002038379041285
0.002038379955518
0.002038380755119
0.002038381428486
0.002038381964276
0.002038382350830
0.002038382575377
0.002038382623054
0.002038382475711
0.002038382110531
0.002038381498452
0.002038380602412
0.002038379375405
0.002038377758356
0.002038375677797
0.002038373043344
0.002038369744930
0.002038365649779
0.002038360599058
0.002038354404169
0.002038346842588
0.002038337653192
0.002038326530956
0.002038313120936
0.002038297011395
0.002038277725958
0.002038254714636
0.002038227343584
0.002038194883420
0.002038156495933
0.002038111219015
0.002038057949625
0.002037995424603
0.002037922199138
0.002037836622709
0.002037736812280
0.002037620622568
0.002037485613173
0.002037329012376
0.002037147677390
0.002036938050885
0.002036696113586
0.002036417332761
0.002036096606440
0.002035728203194
0.002035305697374
0.002034821899681
0.002034268783032
0.002033637403682
0.002032917817672
0.002032098992681
0.002031168715493
0.002030113495354
0.002028918463600
0.002027567270087
0.002026041977060
0.002024322951268
0.002022388755307
0.002020216039340
0.002017779434564
0.002015051449988
0.002012002374315
0.002008600184970
0.002004810466539
0.002000596341143
0.001995918413516
0.001990734733797
0.001985000781302
0.001978669472737
0.001971691198536
0.001964013891195
0.001955583129592
0.001946342283410
0.001936232701830
0.001925193950656
0.001913164101962
0.001900080080219
0.001885878068626
0.001870493979025
0.001853863988399
0.001835925144361
0.001816616041425
0.001795877569049
0.001773653731521
0.001749892538744
0.001724546965750
0.001697575977505
0.001668945614097
0.001638630129842
0.001606613178197
0.001572889032566
0.001537463831281
0.001500356833125
0.001461601667884
0.001421247564472
0.001379360537363
0.001336024510280
0.001291342354463
0.001245436817415
0.001198451316810
0.001150550573347
0.001101921055771
0.001052771211124
0.001003331453617
0.000953853886291
0.000904611731061
0.000855898444680
0.000808026500802
0.000761325821585
0.000716141846252
0.000672833228644
0.000631769161098
0.000593326327926
0.000557885498258
0.000525827775062
0.000497530524602
0.000473363018378
0.000453681827578
0.000438826018090
0.000429112202070
0.000424829509673
0.000426234551717
0.000433546450530
0.000446942021813
0.000466551194828
0.000492452761412
0.000524670546009
0.000563170088893
0.000607855932920
0.000658569600350
0.000715088340354
0.000777124719834
0.000844327119992
0.000916281188838
0.000992512285515
0.001072488936200
0.001155627303522
0.001241296652289
0.001328825774054
0.001417510312219
0.001506620908201
0.001595412068352
0.001683131631223
0.001769030695921
0.001852373855371
0.001932449563687
0.002008580455160
0.002080133424090
0.002146529270161
0.002207251713793
0.002261855590001
0.002309974038104
0.002351324518077
0.002385713502456
0.002413039715245
0.002433295815955
0.002446568457211
0.002453036677742
0.002452968628296
0.002446716665244
0.002434710884444
0.002417451205388
0.002395498151598
0.002369462506800
0.002339994056324
0.002307769648749
0.002273480832865
0.002237821339007
0.002201474680949
0.002165102154517
0.002129331501508
0.002094746492523
0.002061877660049
0.002031194384064
0.002003098497325
0.001977919537162
0.001955911726324
0.001937252718318
0.001922044094384
0.001910313551155
0.001902018671715
0.001897052129927
0.001895248139719
0.001896389929166
0.001900217994550
0.001906438873258
0.001914734166859
0.001924769547352
0.001936203490418
0.001948695499042
0.001961913608447
0.001975540997820
0.001989281574406
0.002002864439655
0.002016047193375
0.002028618078349
0.002040397012747
0.002051235598848
0.002061016232446
0.002069650466228
0.002077076801076
0.002083258090862
0.002088178748301
0.002091841931770
0.002094266876241
0.002095486506295
0.002095545437163
0.002094498432353
0.002092409345862
0.002089350535364
0.002085402692514
0.002080654999905
0.002075205493499
0.002069161486485
0.002062639896999
0.002055767319276
0.002048679685900
0.002041521388146
0.002034443751014
0.002027602798375
0.002021156289677
0.002015260060542
0.002010063752553
0.002005706069509
0.002002309745186
0.001999976448153
0.001998781879505
0.001998771336998
0.001999956022203
0.002002310354601
0.002005770527815
0.002010234498822
0.002015563542513
0.002021585433723
0.002028099239881
0.002034881623710
0.002041694471077
0.002048293578929
0.002054438066838
0.002059900117435
0.002064474610046
0.002067988191208
0.002070307327952
0.002071344915771
0.002071065063103
0.002069485746408
0.002066679121886
0.002062769387491
0.002057928207232
0.002052367832778
0.002046332178863
0.002040086222059
0.002033904190837
0.002028057092365
0.002022800173181
0.002018360932870
0.002014928299746
0.002012643534718
0.002011593355072
0.002011805666855
0.002013248167541
0.002015829936016
0.002019405971936
0.002023784489685
0.002028736621974
0.002034008053321
0.002039331992181
0.002044442809167
0.002049089623153
0.002053049110347
0.002056136845098
0.002058216554154
0.002059206775011
0.002059084548322
0.002057885936628
0.002055703337903
0.002052679742615
0.002049000256619
0.002044881369029
0.002040558574676
0.002036273056837
0.002032258191381
0.002028726644593
0.002025858802491
0.002023793191081
0.002022619428964
0.002022374102928
0.002023039782465
0.002024547201117
0.002026780442672
0.002029584790172
0.002032776736668
0.002036155528714
0.002039515524702
0.002042658606127
0.002045405883427
0.002047607989123
0.002049153346209
0.002049973933138
0.002050048229569
0.002049401208846
0.002048101432101
0.002046255482635
0.002044000145857
0.002041492878755
0.002038901214649
0.002036391807374
0.002034119830477
0.002032219411116
0.002030795697943
0.002029919043067
0.002029621628775
