0.002038246039970
0.002038248264548
0.002038250756972
0.002038253496721
0.002038256454429
0.002038259592954
0.002038262868705
0.002038266233204
0.002038269634797
0.002038273020481
0.002038276337747
0.002038279536398
0.002038282570272
0.002038285398811
0.002038287988420
0.002038290313585
0.002038292357709
0.002038294113640
0.002038295583877
0.002038296780445
0.002038297724454
0.002038298445333
0.002038298979794
0.002038299370528
0.002038299664702
0.002038299912301
0.002038300164368
0.002038300471218
0.002038300880680
0.002038301436438
0.002038302176531
0.002038303132056
0.002038304326124
0.002038305773107
0.002038307478183
0.002038309437204
0.002038311636878
0.002038314055264
0.002038316662556
0.002038319422128
0.002038322291819
0.002038325225396
0.002038328174178
0.002038331088731
0.002038333920611
0.002038336624074
0.002038339157690
0.002038341485816
0.002038343579854
0.002038345419258
0.002038346992244
0.002038348296181
0.002038349337650
0.002038350132163
0.002038350703577
0.002038351083201
0.002038351308654
0.002038351422512
0.002038351470784
0.002038351501283
0.002038351561937
0.002038351699108
0.002038351955959
0.002038352370942
0.002038352976444
0.002038353797651
0.002038354851666
0.002038356146920
0.002038357682894
0.002038359450178
0.002038361430852
0.002038363599179
0.002038365922589
0.002038368362899
0.002038370877733
0.002038373422073
0.002038375949882
0.002038378415742
0.002038380776434
0.002038382992416
0.002038385029143
0.002038386858179
0.002038388458079
0.002038389814992
0.002038390922980
0.002038391784020
0.002038392407694
0.002038392810561
0.002038393015211
0.002038393049032
0.002038392942705
0.002038392728464
0.002038392438167
0.002038392101222
0.002038391742408
0.002038391379662
0.002038391021841
0.002038390666528
0.002038390297878
0.002038389884530
0.002038389377573
0.002038388708560
0.002038387787521
0.002038386500949
0.002038384709698
0.002038382246715
0.002038378914547
0.002038374482517
0.002038368683481
0.002038361210038
0.002038351710079
0.002038339781536
0.002038324966169
0.002038306742248
0.002038284515962
0.002038257611379
0.002038225258799
0.002038186581328
0.002038140579522
0.002038086113935
0.002038021885433
0.002037946413132
0.002037858009812
0.002037754754690
0.002037634463407
0.002037494655099
0.002037332516439
0.002037144862501
0.002036928094348
0.002036678153224
0.002036390471258
0.002036059918589
0.002035680746873
0.002035246529110
0.002034750095811
0.002034183467514
0.002033537783725
0.002032803228397
0.002031968952111
0.002031022991193
0.002029952184071
0.002028742085281
0.002027376877606
0.002025839282977
0.002024110472891
0.002022169979225
0.002019995606515
0.002017563346918
0.002014847299239
0.002011819593617
0.002008450323619
0.002004707487698
0.002000556942148
0.001995962367876
0.001990885253496
0.001985284897417
0.001979118431756
0.001972340871049
0.001964905188846
0.001956762425382
0.001947861829535
0.001938151038323
0.001927576297118
0.001916082723685
0.001903614618960
0.001890115827266
0.001875530148368
0.001859801803347
0.001842875955850
0.001824699289691
0.001805220643140
0.001784391699502
0.001762167732766
0.001738508406172
0.001713378620520
0.001686749407979
0.001658598865909
0.001628913124020
0.001597687336822
0.001564926691992
0.001530647423891
0.001494877820085
0.001457659207357
0.001419046902379
0.001379111111000
0.001337937758950
0.001295629235789
0.001252305033146
0.001208102257653
0.001163175998670
0.001117699530823
0.001071864331649
0.001025879895247
0.000979973323864
0.000934388680772
0.000889386089653
0.000845240568058
0.000802240585299
0.000760686338400
0.000720887743452
0.000683162143909
0.000647831741876
0.000615220763430
0.000585652374182
0.000559445366805
0.000536910647839
0.000518347556772
0.000504040056050
0.000494252836118
0.000489227384806
0.000489178075163
0.000494288330040
0.000504706925286
0.000520544496109
0.000541870312875
0.000568709393276
0.000601040017213
0.000638791708843
0.000681843747002
0.000730024260466
0.000783109958372
0.000840826538467
0.000902849806802
0.000968807532109
0.001038282046468
0.001110813591178
0.001185904393178
0.001263023443121
0.001341611931619
0.001421089285426
0.001500859730890
0.001580319298097
0.001658863166170
0.001735893238544
0.001810825827056
0.001883099315727
0.001952181669482
0.002017577650074
0.002078835601341
0.002135553668855
0.002187385325144
0.002234044080961
0.002275307275589
0.002311018854711
0.002341091062757
0.002365504997561
0.002384309998200
0.002397621861605
0.002405619909339
0.002408542952231
0.002406684226652
0.002400385401424
0.002390029777911
0.002376034827078
0.002358844225466
0.002338919566515
0.002316731933887
0.002292753528912
0.002267449544669
0.002241270474281
0.002214645030682
0.002187973839528
0.002161624046329
0.002135924953680
0.002111164775380
0.002087588561902
0.002065397317095
0.002044748290202
0.002025756391345
0.002008496643760
0.001993007553494
0.001979295248146
0.001967338211643
0.001957092423097
0.001948496695225
0.001941478002350
0.001935956590157
0.001931850669135
0.001929080511135
0.001927571793132
0.001927258063558
0.001928082243385
0.001929997115372
0.001932964799039
0.001936955254336
0.001941943901930
0.001947908490660
0.001954825381208
0.001962665447607
0.001971389823320
0.001980945734805
0.001991262671749
0.002002249138692
0.002013790217283
0.002025746142052
0.002037952055884
0.002050219065429
0.002062336662958
0.002074076521597
0.002085197607730
0.002095452490122
0.002104594662856
0.002112386641128
0.002118608538242
0.002123066791293
0.002125602674370
0.002126100223619
0.002124493199508
0.002120770729019
0.002114981304355
0.002107234864496
0.002097702750350
0.002086615401190
0.002074257746936
0.002060962344401
0.002047100402033
0.002033070933029
0.002019288366663
0.002006169028088
0.001994116963805
0.001983509639720
0.001974684068416
0.001967923929487
0.001963448230323
0.001961402014122
0.001961849557891
0.001964770417525
0.001970058572606
0.001977524804130
0.001986902308589
0.001997855417111
0.002009991154381
0.002022873244885
0.002036038059558
0.002049011899664
0.002061328941798
0.002072549122163
0.002082275222925
0.002090168439942
0.002095961759954
0.002099470555047
0.002100599910263
0.002099348332367
0.002095807638792
0.002090158989069
0.002082665189475
0.002073659567596
0.002063531869069
0.002052711766686
0.002041650685263
0.002030802728524
0.002020605542167
0.002011461957288
0.002003723229399
0.001997674620985
0.001993523972573
0.001991393772997
0.001991317079961
0.001993237464557
0.001997012966310
0.002002423857870
0.002009183839479
0.002016954121970
0.002025359721204
0.002034007183502
0.002042502896177
0.002050471113073
0.002057570843643
0.002063510814632
0.002068061813059
0.002071065852875
0.002072441768713
0.002072187020274
0.002070375680901
0.002067152773968
0.002062725301035
0.002057350466952
0.002051321740962
0.002044953492460
0.002038565000427
0.002032464653735
0.002026935135010
0.002022220315078
0.002018514482302
0.002015954397121
0.002014614504513
0.002014505464671
0.002015575984488
0.002017717759213
0.002020773174259
0.002024545280088
0.002028809445489
0.002033326021787
0.002037853315852
0.002042160174354
0.002046037524403
0.002049308293142
0.002051835235966
0.002053526332867
0.002054337557104
0.002054272971286
