0.002974797327699
0.002979119987337
0.002986335649227
0.002995961360668
0.003007285400899
0.003019415561519
0.003031344958806
0.003042030913025
0.003050481143242
0.003055840624194
0.003057472020658
0.003055022708827
0.003048472030391
0.003038153580617
0.003024748944302
0.003009251264542
0.002992899229692
0.002977084342776
0.002963236532106
0.002952695108696
0.002946573623297
0.002945628194018
0.002950139267691
0.002959816487907
0.002973735359385
0.002990312759334
0.003007326136147
0.003021978580827
0.003031009018966
0.003030843737737
0.003017782532861
0.002988210134355
0.002938821432350
0.002866847534052
0.002770268960410
0.002648002409304
0.002500048491181
0.002327589647046
0.002133029997236
0.001919972002182
0.001693128361586
0.001458171324014
0.001221525295464
0.000990112091355
0.000771061152444
0.000571399349130
0.000397736477941
0.000255963106027
0.000150976998618
0.000086452985571
0.000064668861137
0.000086396896444
0.000150866954918
0.000255803251372
0.000397532723132
0.000571159031368
0.000770792620170
0.000989824244383
0.001221227112940
0.001457871413055
0.001692834557317
0.001919691045374
0.002132767309272
0.002327349214042
0.002499832860328
0.002647812791665
0.002770105426126
0.002866709278858
0.002938707089075
0.002988118100009
0.003017711281292
0.003030792089685
0.003030976345485
0.003021964922138
0.003007332225577
0.002990339950350
0.002973785462316
0.002959891530935
0.002950241203480
0.002945758578412
0.002946733295349
0.002952883901762
0.002963453043697
0.002977325786530
0.002993161386523
0.003009528542238
0.003025034546188
0.003038439775116
0.003048750505045
0.003055284985284
0.003057709901871
0.003056046642013
0.003050648974014
0.003042155730758
0.003031423699807
0.003019447080827
0.003007270508802
0.002995902736520
0.002986237638945
0.002978988299634
0.002974638651641
