0.002684198176206
0.002665595590864
0.002648527410990
0.002633746261732
0.002621967746154
0.002613842585315
0.002609929318161
0.002610668459655
0.002616359003253
0.002627138113299
0.002642964784770
0.002663608153456
0.002688641021410
0.002717439023493
0.002749185704690
0.002782883609248
0.002817371306135
0.002851346096314
0.002883391971047
0.002912012222345
0.002935665952018
0.002952807589364
0.002961928413922
0.002961598992632
0.002950511383364
0.002927519931288
0.002891679492344
0.002842279959455
0.002778876041542
0.002701311351169
0.002609735991281
0.002504616991510
0.002386741125744
0.002257209840115
0.002117426228960
0.001969074209674
0.001814090259889
0.001654628285875
0.001493018383673
0.001331720428610
0.001173273579411
0.001020242905711
0.000875164438576
0.000740490000020
0.000618533187426
0.000511417871619
0.000421030513171
0.000348977511791
0.000296548680555
0.000264687783632
0.000253970897127
0.000264593152634
0.000296364207551
0.000348712561007
0.000420698605820
0.000511036081301
0.000618121375405
0.000740069923571
0.000874758771108
0.001019874211256
0.001172963286087
0.001331487845770
0.001492879805648
0.001654596221519
0.001814172821802
0.001969274690135
0.002117742881610
0.002257635877612
0.002387264934336
0.002505222554151
0.002610403501951
0.002702017994832
0.002779596907000
0.002842989046654
0.002892350771552
0.002928128409296
0.002951034131496
0.002962016092933
0.002962223783315
0.002952969646755
0.002935688099975
0.002911893122874
0.002883135603720
0.002850961596303
0.002816872589033
0.002782288798654
0.002748516386905
0.002716719361028
0.002687896762978
0.002662865582494
0.002642249651106
0.002626474593217
0.002615768731958
0.002610169676940
0.002609536163181
0.002613564569937
0.002621809428626
0.002633707133800
0.002648602002403
0.002665773785863
0.002684465727492
