0.002741031718449
0.002722034258155
0.002703233261138
0.002685422899655
0.002669410948006
0.002655988201315
0.002645896578106
0.002639796957174
0.002638237854969
0.002641626069430
0.002650200398131
0.002664009482181
0.002682894733173
0.002706479170771
0.002734162836438
0.002765125258928
0.002798335234947
0.002832567960385
0.002866429310752
0.002898386831610
0.002926806768668
0.002949996250559
0.002966249542648
0.002973897124459
0.002971356212504
0.002957181259596
0.002930112914986
0.002889123929369
0.002833460536022
0.002762677933581
0.002676668635198
0.002575682629547
0.002460338516396
0.002331625027167
0.002190892611675
0.002039835058075
0.001880461405231
0.001715058696177
0.001546146399088
0.001376423579430
0.001208710135344
0.001045883600681
0.000890813169773
0.000746292700261
0.000614974501259
0.000499305711892
0.000401469019511
0.000323329358833
0.000266388075984
0.000231745839408
0.000220075338811
0.000231604540931
0.000266110975155
0.000322927211828
0.000400957380840
0.000498704267467
0.000614306225709
0.000745582875734
0.000890088309536
0.001045170325016
0.001208034049259
0.001375808201572
0.001545612188883
0.001714622221764
0.001880134688446
0.002039625124763
0.002190801266447
0.002331648861633
0.002460469149508
0.002575907168308
0.002676970334160
0.002763037022715
0.002833855179062
0.002889531268933
0.002930510156993
0.002957546747775
0.002971670444341
0.002974143662601
0.002966415780577
0.002950073997930
0.002926792629867
0.002898282360446
0.002866240934297
0.002832306675395
0.002798016090578
0.002764766649106
0.002733785633863
0.002706105741699
0.002682547877573
0.002663711347243
0.002649971414436
0.002641483958104
0.002638196751077
0.002639866689452
0.002646082138217
0.002656289427350
0.002669822437440
0.002685934156710
0.002703829073026
0.002722695284465
0.002741735268370
