0.000256403978117
0.000256428586392
0.000256452531752
0.000256475813980
0.000256498431190
0.000256520380111
0.000256541656439
0.000256562255245
0.000256582171418
0.000256601400107
0.000256619937168
0.000256637779562
0.000256654925710
0.000256671375774
0.000256687131855
0.000256702198092
0.000256716580674
0.000256730287745
0.000256743329218
0.000256755716507
0.000256767462190
0.000256778579615
0.000256789082479
0.000256798984389
0.000256808298438
0.000256817036807
0.000256825210418
0.000256832828658
0.000256839899177
0.000256846427777
0.000256852418399
0.000256857873201
0.000256862792725
0.000256867176150
0.000256871021608
0.000256874326554
0.000256877088172
0.000256879303787
0.000256880971276
0.000256882089451
0.000256882658389
0.000256882679707
0.000256882156755
0.000256881094729
0.000256879500689
0.000256877383491
0.000256874753629
0.000256871623002
0.000256868004615
0.000256863912224
0.000256859359956
0.000256854361913
0.000256848931775
0.000256843082439
0.000256836825695
0.000256830171960
0.000256823130091
0.000256815707263
0.000256807908953
0.000256799738989
0.000256791199696
0.000256782292109
0.000256773016247
0.000256763371448
0.000256753356718
0.000256742971106
0.000256732214075
0.000256721085840
0.000256709587677
0.000256697722171
0.000256685493397
0.000256672907033
0.000256659970383
0.000256646692330
0.000256633083201
0.000256619154573
0.000256604919014
0.000256590389776
0.000256575580460
0.000256560504672
0.000256545175674
0.000256529606061
0.000256513807477
0.000256497790374
0.000256481563843
0.000256465135502
0.000256448511470
0.000256431696409
0.000256414693638
0.000256397505314
0.000256380132667
0.000256362576276
0.000256344836380
0.000256326913189
0.000256308807209
0.000256290519530
0.000256272052096
0.000256253407913
0.000256234591218
0.000256215607566
0.000256196463867
0.000256177168335
0.000256157730392
0.000256138160495
0.000256118469926
0.000256098670534
0.000256078774454
0.000256058793819
0.000256038740466
0.000256018625672
0.000255998459908
0.000255978252647
0.000255958012214
0.000255937745697
0.000255917458928
0.000255897156511
0.000255876841919
0.000255856517646
0.000255836185394
0.000255815846302
0.000255795501201
0.000255775150865
0.000255754796275
0.000255734438854
0.000255714080679
0.000255693724651
0.000255673374626
0.000255653035485
0.000255632713150
0.000255612414553
0.000255592147547
0.000255571920765
0.000255551743451
0.000255531625255
0.000255511576009
0.000255491605495
0.000255471723225
0.000255451938229
0.000255432258869
0.000255412692694
0.000255393246335
0.000255373925439
0.000255354734662
0.000255335677705
0.000255316757390
0.000255297975788
0.000255279334367
0.000255260834172
0.000255242476016
0.000255224260680
0.000255206189100
0.000255188262544
0.000255170482761
0.000255152852102
0.000255135373601
0.000255118051017
0.000255100888835
0.000255083892222
0.000255067066953
0.000255050419300
0.000255033955890
0.000255017683559
0.000255001609177
0.000254985739491
0.000254970080961
0.000254954639621
0.000254939420961
0.000254924429831
0.000254909670391
0.000254895146079
0.000254880859630
0.000254866813116
0.000254853008023
0.000254839445352
0.000254826125736
0.000254813049570
0.000254800217153
0.000254787628813
0.000254775285032
0.000254763186557
0.000254751334477
0.000254739730285
0.000254728375911
0.000254717273717
0.000254706426474
0.000254695837307
0.000254685509622
0.000254675447009
0.000254665653140
0.000254656131657
0.000254646886069
0.000254637919640
0.000254629235311
0.000254620835622
0.000254612722663
0.000254604898049
0.000254597362918
0.000254590117951
0.000254583163416
0.000254576499233
0.000254570125047
0.000254564040321
0.000254558244418
0.000254552736698
0.000254547516596
0.000254542583695
0.000254537937778
0.000254533578866
0.000254529507229
0.000254525723382
0.000254522228057
0.000254519022153
0.000254516106676
0.000254513482662
0.000254511151101
0.000254509112846
0.000254507368544
0.000254505918555
0.000254504762903
0.000254503901228
0.000254503332774
0.000254503056379
0.000254503070505
0.000254503373276
0.000254503962533
0.000254504835917
0.000254505990944
0.000254507425096
0.000254509135910
0.000254511121055
0.000254513378407
0.000254515906101
0.000254518702562
0.000254521766523
0.000254525097012
0.000254528693312
0.000254532554914
0.000254536681433
0.000254541072523
0.000254545727774
0.000254550646608
0.000254555828174
0.000254561271258
0.000254566974199
0.000254572934825
0.000254579150420
0.000254585617706
0.000254592332864
0.000254599291573
0.000254606489081
0.000254613920296
0.000254621579899
0.000254629462467
0.000254637562600
0.000254645875052
0.000254654394852
0.000254663117408
0.000254672038590
0.000254681154790
0.000254690462946
0.000254699960537
0.000254709645542
0.000254719516369
0.000254729571756
0.000254739810638
0.000254750232012
0.000254760834777
0.000254771617578
0.000254782578655
0.000254793715706
0.000254805025767
0.000254816505133
0.000254828149299
0.000254839952948
0.000254851909975
0.000254864013554
0.000254876256235
0.000254888630081
0.000254901126827
0.000254913738059
0.000254926455402
0.000254939270707
0.000254952176228
0.000254965164783
0.000254978229881
0.000254991365815
0.000255004567720
0.000255017831575
0.000255031154165
0.000255044533000
0.000255057966186
0.000255071452267
0.000255084990027
0.000255098578290
0.000255112215694
0.000255125900483
0.000255139630299
0.000255153402011
0.000255167211569
0.000255181053907
0.000255194922890
0.000255208811312
0.000255222710956
0.000255236612694
0.000255250506638
0.000255264382333
0.000255278228981
0.000255292035678
0.000255305791669
0.000255319486591
0.000255333110703
0.000255346655080
0.000255360111780
0.000255373473946
0.000255386735869
0.000255399892978
0.000255412941785
0.000255425879759
0.000255438705159
0.000255451416818
0.000255464013894
0.000255476495602
0.000255488860933
0.000255501108387
0.000255513235720
0.000255525239725
0.000255537116061
0.000255548859132
0.000255560462032
0.000255571916549
0.000255583213241
0.000255594341566
0.000255605290083
0.000255616046681
0.000255626598864
0.000255636934047
0.000255647039861
0.000255656904457
0.000255666516780
0.000255675866814
0.000255684945768
0.000255693746211
0.000255702262138
0.000255710488965
0.000255718423447
0.000255726063540
0.000255733408190
0.000255740457075
0.000255747210309
0.000255753668118
0.000255759830509
0.000255765696948
0.000255771266060
0.000255776535370
0.000255781501097
0.000255786158012
0.000255790499367
0.000255794516902
0.000255798200928
0.000255801540483
0.000255804523552
0.000255807137350
0.000255809368637
0.000255811204070
0.000255812630554
0.000255813635600
0.000255814207637
0.000255814336303
0.000255814012663
0.000255813229370
0.000255811980741
0.000255810262761
0.000255808072995
0.000255805410433
0.000255802275253
0.000255798668533
0.000255794591912
0.000255790047229
0.000255785036140
0.000255779559754
0.000255773618291
0.000255767210779
0.000255760334820
0.000255752986422
0.000255745159909
0.000255736847918
0.000255728041491
0.000255718730234
0.000255708902563
0.000255698546008
0.000255687647568
0.000255676194093
0.000255664172684
0.000255651571083
0.000255638378034
0.000255624583601
0.000255610179423
0.000255595158903
0.000255579517296
0.000255563251727
0.000255546361104
