0.000882063216268
0.000875457020821
0.000868929460051
0.000862485637563
0.000856130449793
0.000849868581356
0.000843704500815
0.000837642456868
0.000831686474959
0.000825840354310
0.000820107665380
0.000814491747749
0.000808995708424
0.000803622420568
0.000798374522657
0.000793254418041
0.000788264274933
0.000783406026799
0.000778681373156
0.000774091780770
0.000769638485242
0.000765322492988
0.000761144583585
0.000757105312496
0.000753205014153
0.000749443805388
0.000745821589206
0.000742338058889
0.000738992702421
0.000735784807212
0.000732713465129
0.000729777577798
0.000726975862184
0.000724306856423
0.000721768925897
0.000719360269538
0.000717078926351
0.000714922782123
0.000712889576334
0.000710976909228
0.000709182249036
0.000707502939348
0.000705936206598
0.000704479167669
0.000703128837578
0.000701882137247
0.000700735901333
0.000699686886101
0.000698731777331
0.000697867198239
0.000697089717391
0.000696395856616
0.000695782098869
0.000695244896065
0.000694780676842
0.000694385854256
0.000694056833382
0.000693790018818
0.000693581822069
0.000693428668802
0.000693327005967
0.000693273308749
0.000693264087371
0.000693295893708
0.000693365327720
0.000693469043678
0.000693603756191
0.000693766246007
0.000693953365588
0.000694162044455
0.000694389294276
0.000694632213721
0.000694887993039
0.000695153918385
0.000695427375873
0.000695705855345
0.000695986953878
0.000696268378988
0.000696547951558
0.000696823608474
0.000697093404970
0.000697355516672
0.000697608241360
0.000697850000422
0.000698079340023
0.000698294931976
0.000698495574317
0.000698680191600
0.000698847834892
0.000698997681489
0.000699129034351
0.000699241321259
0.000699334093698
0.000699407025475
0.000699459911074
0.000699492663755
0.000699505313406
0.000699498004152
0.000699470991731
0.000699424640639
0.000699359421065
0.000699275905609
0.000699174765803
0.000699056768443
0.000698922771734
0.000698773721270
0.000698610645847
0.000698434653130
0.000698246925178
0.000698048713840
0.000697841336032
0.000697626168910
0.000697404644945
0.000697178246914
0.000696948502823
0.000696716980764
0.000696485283724
0.000696255044360
0.000696027919746
0.000695805586103
0.000695589733531
0.000695382060753
0.000695184269867
0.000694998061144
0.000694825127859
0.000694667151184
0.000694525795134
0.000694402701603
0.000694299485474
0.000694217729828
0.000694158981262
0.000694124745317
0.000694116482035
0.000694135601646
0.000694183460397
0.000694261356535
0.000694370526442
0.000694512140946
0.000694687301789
0.000694897038290
0.000695142304189
0.000695423974675
0.000695742843625
0.000696099621032
0.000696494930653
0.000696929307855
0.000697403197689
0.000697916953168
0.000698470833781
0.000699065004217
0.000699699533320
0.000700374393271
0.000701089458995
0.000701844507795
0.000702639219216
0.000703473175133
0.000704345860068
0.000705256661724
0.000706204871754
0.000707189686737
0.000708210209378
0.000709265449924
0.000710354327780
0.000711475673344
0.000712628230034
0.000713810656512
0.000715021529110
0.000716259344424
0.000717522522102
0.000718809407799
0.000720118276301
0.000721447334801
0.000722794726338
0.000724158533372
0.000725536781501
0.000726927443299
0.000728328442283
0.000729737656981
0.000731152925116
0.000732572047868
0.000733992794231
0.000735412905443
0.000736830099478
0.000738242075599
0.000739646518952
0.000741041105203
0.000742423505196
0.000743791389635
0.000745142433766
0.000746474322063
0.000747784752897
0.000749071443193
0.000750332133039
0.000751564590275
0.000752766615015
0.000753936044116
0.000755070755585
0.000756168672895
0.000757227769230
0.000758246071621
0.000759221664989
0.000760152696075
0.000761037377248
0.000761873990185
0.000762660889425
0.000763396505773
0.000764079349562
0.000764708013753
0.000765281176888
0.000765797605863
0.000766256158535
0.000766655786153
0.000766995535610
0.000767274551500
0.000767492077992
0.000767647460516
0.000767740147237
0.000767769690345
0.000767735747136
0.000767638080889
0.000767476561544
0.000767251166164
0.000766961979198
0.000766609192539
0.000766193105362
0.000765714123772
0.000765172760234
0.000764569632809
0.000763905464174
0.000763181080461
0.000762397409879
0.000761555481157
0.000760656421788
0.000759701456086
0.000758691903063
0.000757629174127
0.000756514770602
0.000755350281087
0.000754137378644
0.000752877817833
0.000751573431600
0.000750226128010
0.000748837886852
0.000747410756112
0.000745946848312
0.000744448336753
0.000742917451628
0.000741356476049
0.000739767741980
0.000738153626080
0.000736516545475
0.000734858953468
0.000733183335177
0.000731492203143
0.000729788092879
0.000728073558402
0.000726351167733
0.000724623498393
0.000722893132887
0.000721162654199
0.000719434641297
0.000717711664664
0.000715996281863
0.000714291033137
0.000712598437069
0.000710920986288
0.000709261143257
0.000707621336126
0.000706003954674
0.000704411346342
0.000702845812365
0.000701309604019
0.000699804918974
0.000698333897775
0.000696898620452
0.000695501103269
0.000694143295609
0.000692827077016
0.000691554254387
0.000690326559325
0.000689145645663
0.000688013087148
0.000686930375309
0.000685898917503
0.000684920035138
0.000683994962087
0.000683124843296
0.000682310733568
0.000681553596560
0.000680854303963
0.000680213634884
0.000679632275426
0.000679110818462
0.000678649763619
0.000678249517447
0.000677910393797
0.000677632614387
0.000677416309573
0.000677261519301
0.000677168194265
0.000677136197238
0.000677165304602
0.000677255208049
0.000677405516464
0.000677615757985
0.000677885382226
0.000678213762666
0.000678600199197
0.000679043920827
0.000679544088521
0.000680099798194
0.000680710083830
0.000681373920729
0.000682090228874
0.000682857876409
0.000683675683225
0.000684542424635
0.000685456835144
0.000686417612292
0.000687423420572
0.000688472895410
0.000689564647195
0.000690697265355
0.000691869322469
0.000693079378398
0.000694325984442
0.000695607687493
0.000696923034195
0.000698270575081
0.000699648868697
0.000701056485689
0.000702492012853
0.000703954057127
0.000705441249535
0.000706952249050
0.000708485746383
0.000710040467691
0.000711615178181
0.000713208685606
0.000714819843663
0.000716447555252
0.000718090775614
0.000719748515335
0.000721419843192
0.000723103888863
0.000724799845461
0.000726506971919
0.000728224595184
0.000729952112250
0.000731688991993
0.000733434776826
0.000735189084154
0.000736951607632
0.000738722118217
0.000740500465020
0.000742286575941
0.000744080458092
0.000745882198007
0.000747691961633
0.000749509994102
0.000751336619282
0.000753172239108
0.000755017332694
0.000756872455220
0.000758738236604
0.000760615379951
0.000762504659789
0.000764406920086
0.000766323072064
0.000768254091791
0.000770201017582
0.000772164947186
0.000774147034788
0.000776148487813
0.000778170563545
0.000780214565567
0.000782281840029
0.000784373771742
0.000786491780125
0.000788637314984
0.000790811852161
0.000793016889037
0.000795253939912
0.000797524531268
0.000799830196916
0.000802172473056
0.000804552893230
0.000806972983214
0.000809434255830
0.000811938205698
0.000814486303951
0.000817079992906
0.000819720680709
0.000822409735974
0.000825148482411
0.000827938193471
0.000830780087007
0.000833675319975
0.000836624983172
0.000839630096034
0.000842691601511
