0.000159600212845
0.000159587758596
0.000159576108856
0.000159565213045
0.000159555008260
0.000159545420658
0.000159536367224
0.000159527757833
0.000159519497518
0.000159511488832
0.000159503634185
0.000159495838049
0.000159488008934
0.000159480061046
0.000159471915578
0.000159463501598
0.000159454756535
0.000159445626298
0.000159436065062
0.000159426034817
0.000159415504742
0.000159404450511
0.000159392853620
0.000159380700806
0.000159367983638
0.000159354698328
0.000159340845771
0.000159326431839
0.000159311467881
0.000159295971395
0.000159279966795
0.000159263486205
0.000159246570162
0.000159229268161
0.000159211638937
0.000159193750413
0.000159175679253
0.000159157509994
0.000159139333748
0.000159121246491
0.000159103347015
0.000159085734593
0.000159068506487
0.000159051755397
0.000159035566974
0.000159020017536
0.000159005172065
0.000158991082611
0.000158977787151
0.000158965308945
0.000158953656417
0.000158942823520
0.000158932790559
0.000158923525388
0.000158914984907
0.000158907116752
0.000158899861081
0.000158893152347
0.000158886920989
0.000158881094933
0.000158875600875
0.000158870365304
0.000158865315251
0.000158860378788
0.000158855485317
0.000158850565697
0.000158845552292
0.000158840379010
0.000158834981413
0.000158829296969
0.000158823265493
0.000158816829828
0.000158809936759
0.000158802538155
0.000158794592288
0.000158786065275
0.000158776932547
0.000158767180252
0.000158756806495
0.000158745822300
0.000158734252225
0.000158722134541
0.000158709520935
0.000158696475709
0.000158683074486
0.000158669402462
0.000158655552258
0.000158641621463
0.000158627709984
0.000158613917300
0.000158600339768
0.000158587068084
0.000158574185017
0.000158561763520
0.000158549865277
0.000158538539748
0.000158527823711
0.000158517741310
0.000158508304546
0.000158499514155
0.000158491360783
0.000158483826355
0.000158476885536
0.000158470507178
0.000158464655663
0.000158459292062
0.000158454375076
0.000158449861707
0.000158445707679
0.000158441867628
0.000158438295108
0.000158434942478
0.000158431760740
0.000158428699416
0.000158425706524
0.000158422728730
0.000158419711721
0.000158416600825
0.000158413341894
0.000158409882417
0.000158406172843
0.000158402168038
0.000158397828796
0.000158393123328
0.000158388028606
0.000158382531494
0.000158376629556
0.000158370331479
0.000158363657054
0.000158356636700
0.000158349310517
0.000158341726929
0.000158333940945
0.000158326012160
0.000158318002575
0.000158309974371
0.000158301987745
0.000158294098933
0.000158286358517
0.000158278810101
0.000158271489410
0.000158264423850
0.000158257632509
0.000158251126596
0.000158244910234
0.000158238981556
0.000158233333986
0.000158227957630
0.000158222840649
0.000158217970537
0.000158213335204
0.000158208923801
0.000158204727246
0.000158200738421
0.000158196952055
0.000158193364314
0.000158189972168
0.000158186772591
0.000158183761693
0.000158180933872
0.000158178281069
0.000158175792222
0.000158173452967
0.000158171245637
0.000158169149571
0.000158167141733
0.000158165197590
0.000158163292194
0.000158161401399
0.000158159503107
0.000158157578458
0.000158155612867
0.000158153596829
0.000158151526417
0.000158149403443
0.000158147235238
0.000158145034084
0.000158142816309
0.000158140601104
0.000158138409154
0.000158136261145
0.000158134176277
0.000158132170866
0.000158130257137
0.000158128442300
0.000158126727968
0.000158125109972
0.000158123578574
0.000158122119087
0.000158120712848
0.000158119338478
0.000158117973352
0.000158116595170
0.000158115183517
0.000158113721308
0.000158112196016
0.000158110600601
0.000158108934077
0.000158107201679
0.000158105414640
0.000158103589575
0.000158101747552
0.000158099912896
0.000158098111835
0.000158096371065
0.000158094716359
0.000158093171292
0.000158091756187
0.000158090487330
0.000158089376517
0.000158088430947
0.000158087653452
0.000158087043046
0.000158086595721
0.000158086305448
0.000158086165256
0.000158086168340
0.000158086309067
0.000158086583812
0.000158086991556
0.000158087534172
0.000158088216397
0.000158089045465
0.000158090030451
0.000158091181350
0.000158092507993
0.000158094018870
0.000158095719955
0.000158097613651
0.000158099697919
0.000158101965685
0.000158104404576
0.000158106997010
0.000158109720658
0.000158112549238
0.000158115453614
0.000158118403108
0.000158121366966
0.000158124315847
0.000158127223275
0.000158130066920
0.000158132829640
0.000158135500207
0.000158138073668
0.000158140551311
0.000158142940243
0.000158145252604
0.000158147504478
0.000158149714569
0.000158151902758
0.000158154088611
0.000158156289983
0.000158158521792
0.000158160795065
0.000158163116322
0.000158165487332
0.000158167905270
0.000158170363249
0.000158172851184
0.000158175356928
0.000158177867585
0.000158180370905
0.000158182856662
0.000158185317905
0.000158187752004
0.000158190161405
0.000158192554051
0.000158194943435
0.000158197348292
0.000158199791933
0.000158202301302
0.000158204905790
0.000158207635912
0.000158210521928
0.000158213592508
0.000158216873536
0.000158220387116
0.000158224150867
0.000158228177525
0.000158232474882
0.000158237046042
0.000158241889964
0.000158247002229
0.000158252375946
0.000158258002727
0.000158263873610
0.000158269979874
0.000158276313637
0.000158282868200
0.000158289638085
0.000158296618767
0.000158303806113
0.000158311195568
0.000158318781150
0.000158326554355
0.000158334503034
0.000158342610378
0.000158350854074
0.000158359205741
0.000158367630711
0.000158376088199
0.000158384531891
0.000158392910955
0.000158401171423
0.000158409257914
0.000158417115593
0.000158424692280
0.000158431940595
0.000158438820011
0.000158445298711
0.000158451355144
0.000158456979183
0.000158462172831
0.000158466950436
0.000158471338412
0.000158475374490
0.000158479106555
0.000158482591140
0.000158485891684
0.000158489076635
0.000158492217534
0.000158495387152
0.000158498657781
0.000158502099754
0.000158505780223
0.000158509762236
0.000158514104103
0.000158518859023
0.000158524074935
0.000158529794534
0.000158536055369
0.000158542889973
0.000158550325935
0.000158558385865
0.000158567087202
0.000158576441838
0.000158586455560
0.000158597127312
0.000158608448345
0.000158620401295
0.000158632959286
0.000158646085136
0.000158659730772
0.000158673836946
0.000158688333311
0.000158703138948
0.000158718163358
0.000158733307931
0.000158748467869
0.000158763534518
0.000158778398006
0.000158792950110
0.000158807087209
0.000158820713208
0.000158833742300
0.000158846101437
0.000158857732415
0.000158868593477
0.000158878660367
0.000158887926818
0.000158896404455
0.000158904122149
0.000158911124870
0.000158917472120
0.000158923236033
0.000158928499256
0.000158933352718
0.000158937893391
0.000158942222146
0.000158946441776
0.000158950655253
0.000158954964251
0.000158959467935
0.000158964262018
0.000158969438025
0.000158975082727
0.000158981277668
0.000158988098721
0.000158995615607
0.000159003891322
0.000159012981436
0.000159022933245
0.000159033784781
0.000159045563719
0.000159058286221
0.000159071955788
0.000159086562215
0.000159102080711
0.000159118471306
0.000159135678603
0.000159153631947
0.000159172246077
0.000159191422272
0.000159211049992
0.000159231009002
0.000159251171899
0.000159271406985
0.000159291581361
0.000159311564139
0.000159331229621
0.000159350460342
