0.000194718260326
0.000194692545034
0.000194666776493
0.000194640993419
0.000194615234848
0.000194589539478
0.000194563944984
0.000194538487309
0.000194513199964
0.000194488113331
0.000194463254007
0.000194438644205
0.000194414301226
0.000194390237025
0.000194366457888
0.000194342964224
0.000194319750482
0.000194296805199
0.000194274111168
0.000194251645732
0.000194229381203
0.000194207285381
0.000194185322189
0.000194163452408
0.000194141634501
0.000194119825523
0.000194097982111
0.000194076061524
0.000194054022742
0.000194031827571
0.000194009441748
0.000193986836008
0.000193963987068
0.000193940878500
0.000193917501452
0.000193893855166
0.000193869947283
0.000193845793893
0.000193821419317
0.000193796855628
0.000193772141900
0.000193747323221
0.000193722449494
0.000193697574061
0.000193672752214
0.000193648039627
0.000193623490776
0.000193599157395
0.000193575087017
0.000193551321656
0.000193527896652
0.000193504839719
0.000193482170220
0.000193459898677
0.000193438026537
0.000193416546178
0.000193395441171
0.000193374686775
0.000193354250668
0.000193334093874
0.000193314171891
0.000193294435972
0.000193274834541
0.000193255314704
0.000193235823804
0.000193216310986
0.000193196728726
0.000193177034251
0.000193157190827
0.000193137168854
0.000193116946729
0.000193096511449
0.000193075858924
0.000193054994001
0.000193033930193
0.000193012689133
0.000192991299772
0.000192969797372
0.000192948222328
0.000192926618865
0.000192905033676
0.000192883514540
0.000192862108961
0.000192840862894
0.000192819819561
0.000192799018410
0.000192778494222
0.000192758276383
0.000192738388327
0.000192718847162
0.000192699663450
0.000192680841179
0.000192662377876
0.000192644264890
0.000192626487813
0.000192609027039
0.000192591858443
0.000192574954170
0.000192558283495
0.000192541813761
0.000192525511337
0.000192509342585
0.000192493274800
0.000192477277087
0.000192461321157
0.000192445382001
0.000192429438440
0.000192413473520
0.000192397474765
0.000192381434272
0.000192365348675
0.000192349218981
0.000192333050307
0.000192316851532
0.000192300634906
0.000192284415610
0.000192268211313
0.000192252041718
0.000192235928132
0.000192219893028
0.000192203959641
0.000192188151556
0.000192172492317
0.000192157005028
0.000192141711957
0.000192126634139
0.000192111790985
0.000192097199900
0.000192082875924
0.000192068831413
0.000192055075765
0.000192041615216
0.000192028452709
0.000192015587849
0.000192003016946
0.000191990733149
0.000191978726663
0.000191966985032
0.000191955493490
0.000191944235357
0.000191933192461
0.000191922345581
0.000191911674893
0.000191901160412
0.000191890782427
0.000191880521917
0.000191870360958
0.000191860283107
0.000191850273776
0.000191840320584
0.000191830413677
0.000191820546030
0.000191810713687
0.000191800915960
0.000191791155544
0.000191781438554
0.000191771774455
0.000191762175890
0.000191752658394
0.000191743240000
0.000191733940739
0.000191724782067
0.000191715786219
0.000191706975535
0.000191698371778
0.000191689995473
0.000191681865304
0.000191673997586
0.000191666405837
0.000191659100451
0.000191652088500
0.000191645373646
0.000191638956164
0.000191632833069
0.000191626998321
0.000191621443113
0.000191616156209
0.000191611124324
0.000191606332540
0.000191601764741
0.000191597404060
0.000191593233338
0.000191589235582
0.000191585394420
0.000191581694539
0.000191578122107
0.000191574665159
0.000191571313932
0.000191568061143
0.000191564902189
0.000191561835259
0.000191558861344
0.000191555984152
0.000191553209913
0.000191550547091
0.000191548006016
0.000191545598449
0.000191543337103
0.000191541235155
0.000191539305763
0.000191537561612
0.000191536014525
0.000191534675132
0.000191533552630
0.000191532654616
0.000191531987002
0.000191531554008
0.000191531358206
0.000191531400613
0.000191531680811
0.000191532197092
0.000191532946603
0.000191533925488
0.000191535129031
0.000191536551798
0.000191538187766
0.000191540030467
0.000191542073133
0.000191544308855
0.000191546730756
0.000191549332169
0.000191552106829
0.000191555049059
0.000191558153945
0.000191561417483
0.000191564836702
0.000191568409734
0.000191572135838
0.000191576015372
0.000191580049710
0.000191584241120
0.000191588592605
0.000191593107721
0.000191597790390
0.000191602644712
0.000191607674803
0.000191612884648
0.000191618277995
0.000191623858268
0.000191629628514
0.000191635591369
0.000191641749029
0.000191648103232
0.000191654655221
0.000191661405705
0.000191668354803
0.000191675501967
0.000191682845913
0.000191690384544
0.000191698114897
0.000191706033116
0.000191714134465
0.000191722413404
0.000191730863712
0.000191739478676
0.000191748251334
0.000191757174760
0.000191766242385
0.000191775448319
0.000191784787671
0.000191794256832
0.000191803853714
0.000191813577916
0.000191823430824
0.000191833415619
0.000191843537209
0.000191853802087
0.000191864218116
0.000191874794266
0.000191885540300
0.000191896466445
0.000191907583035
0.000191918900157
0.000191930427294
0.000191942172987
0.000191954144501
0.000191966347515
0.000191978785839
0.000191991461156
0.000192004372802
0.000192017517597
0.000192030889735
0.000192044480741
0.000192058279526
0.000192072272529
0.000192086443969
0.000192100776208
0.000192115250221
0.000192129846160
0.000192144543998
0.000192159324238
0.000192174168635
0.000192189060919
0.000192203987476
0.000192218937942
0.000192233905702
0.000192248888235
0.000192263887319
0.000192278909066
0.000192293963783
0.000192309065676
0.000192324232415
0.000192339484556
0.000192354844877
0.000192370337632
0.000192385987761
0.000192401820081
0.000192417858488
0.000192434125182
0.000192450639947
0.000192467419495
0.000192484476893
0.000192501821087
0.000192519456527
0.000192537382919
0.000192555595098
0.000192574083049
0.000192592832061
0.000192611823039
0.000192631032964
0.000192650435485
0.000192670001656
0.000192689700772
0.000192709501291
0.000192729371812
0.000192749282065
0.000192769203873
0.000192789112052
0.000192808985205
0.000192828806377
0.000192848563544
0.000192868249919
0.000192887864064
0.000192907409808
0.000192926895988
0.000192946336025
0.000192965747361
0.000192985150797
0.000193004569752
0.000193024029480
0.000193043556276
0.000193063176700
0.000193082916836
0.000193102801598
0.000193122854110
0.000193143095161
0.000193163542726
0.000193184211589
0.000193205113033
0.000193226254630
0.000193247640109
0.000193269269327
0.000193291138316
0.000193313239435
0.000193335561607
0.000193358090638
0.000193380809615
0.000193403699365
0.000193426738968
0.000193449906283
0.000193473178500
0.000193496532660
0.000193519946150
0.000193543397141
0.000193566864962
0.000193590330399
0.000193613775924
0.000193637185852
0.000193660546443
0.000193683845955
0.000193707074681
0.000193730224964
0.000193753291232
0.000193776270037
0.000193799160129
0.000193821962548
0.000193844680731
0.000193867320632
0.000193889890821
0.000193912402555
0.000193934869799
0.000193957309167
0.000193979739781
0.000194002183028
0.000194024662211
0.000194047202099
0.000194069828383
0.000194092567045
0.000194115443677
0.000194138482747
0.000194161706864
0.000194185136040
0.000194208786994
0.000194232672505
0.000194256800837
0.000194281175264
0.000194305793685
0.000194330648375
0.000194355725847
0.000194381006869
0.000194406466624
