0.000212193583097
0.000212167954884
0.000212142625086
0.000212117611481
0.000212092919771
0.000212068543583
0.000212044464843
0.000212020654515
0.000211997073674
0.000211973674870
0.000211950403751
0.000211927200875
0.000211904003661
0.000211880748410
0.000211857372331
0.000211833815508
0.000211810022743
0.000211785945221
0.000211761541943
0.000211736780890
0.000211711639883
0.000211686107127
0.000211660181415
0.000211633872020
0.000211607198267
0.000211580188815
0.000211552880694
0.000211525318110
0.000211497551086
0.000211469633973
0.000211441623874
0.000211413579040
0.000211385557277
0.000211357614403
0.000211329802809
0.000211302170139
0.000211274758137
0.000211247601681
0.000211220728024
0.000211194156249
0.000211167896965
0.000211141952230
0.000211116315700
0.000211090973011
0.000211065902348
0.000211041075219
0.000211016457373
0.000210992009868
0.000210967690231
0.000210943453691
0.000210919254456
0.000210895046991
0.000210870787268
0.000210846433971
0.000210821949604
0.000210797301507
0.000210772462729
0.000210747412763
0.000210722138109
0.000210696632668
0.000210670897940
0.000210644943032
0.000210618784476
0.000210592445844
0.000210565957180
0.000210539354247
0.000210512677627
0.000210485971659
0.000210459283283
0.000210432660783
0.000210406152493
0.000210379805475
0.000210353664240
0.000210327769518
0.000210302157140
0.000210276857051
0.000210251892497
0.000210227279400
0.000210203025953
0.000210179132436
0.000210155591276
0.000210132387327
0.000210109498386
0.000210086895916
0.000210064545958
0.000210042410209
0.000210020447227
0.000209998613744
0.000209976866021
0.000209955161233
0.000209933458819
0.000209911721773
0.000209889917809
0.000209868020399
0.000209846009611
0.000209823872746
0.000209801604743
0.000209779208330
0.000209756693935
0.000209734079342
0.000209711389114
0.000209688653810
0.000209665909008
0.000209643194189
0.000209620551507
0.000209598024494
0.000209575656749
0.000209553490644
0.000209531566095
0.000209509919441
0.000209488582454
0.000209467581509
0.000209446936948
0.000209426662634
0.000209406765721
0.000209387246628
0.000209368099222
0.000209349311196
0.000209330864624
0.000209312736673
0.000209294900457
0.000209277325982
0.000209259981169
0.000209242832919
0.000209225848179
0.000209208994973
0.000209192243379
0.000209175566409
0.000209158940775
0.000209142347519
0.000209125772480
0.000209109206616
0.000209092646145
0.000209076092535
0.000209059552332
0.000209043036855
0.000209026561755
0.000209010146476
0.000208993813627
0.000208977588287
0.000208961497273
0.000208945568374
0.000208929829603
0.000208914308442
0.000208899031143
0.000208884022069
0.000208869303100
0.000208854893129
0.000208840807638
0.000208827058379
0.000208813653165
0.000208800595768
0.000208787885935
0.000208775519515
0.000208763488688
0.000208751782302
0.000208740386289
0.000208729284156
0.000208718457538
0.000208707886785
0.000208697551576
0.000208687431528
0.000208677506806
0.000208667758687
0.000208658170090
0.000208648726047
0.000208639414101
0.000208630224630
0.000208621151088
0.000208612190153
0.000208603341786
0.000208594609192
0.000208585998694
0.000208577519508
0.000208569183447
0.000208561004532
0.000208552998553
0.000208545182571
0.000208537574383
0.000208530191969
0.000208523052940
0.000208516174009
0.000208509570490
0.000208503255865
0.000208497241412
0.000208491535925
0.000208486145517
0.000208481073528
0.000208476320525
0.000208471884395
0.000208467760529
0.000208463942082
0.000208460420290
0.000208457184851
0.000208454224333
0.000208451526600
0.000208449079257
0.000208446870068
0.000208444887372
0.000208443120447
0.000208441559838
0.000208440197628
0.000208439027648
0.000208438045613
0.000208437249191
0.000208436637997
0.000208436213511
0.000208435978935
0.000208435938983
0.000208436099624
0.000208436467782
0.000208437051010
0.000208437857161
0.000208438894048
0.000208440169138
0.000208441689266
0.000208443460396
0.000208445487432
0.000208447774085
0.000208450322794
0.000208453134709
0.000208456209725
0.000208459546562
0.000208463142888
0.000208466995476
0.000208471100384
0.000208475453149
0.000208480048992
0.000208484883029
0.000208489950466
0.000208495246792
0.000208500767954
0.000208506510508
0.000208512471750
0.000208518649809
0.000208525043715
0.000208531653428
0.000208538479827
0.000208545524663
0.000208552790474
0.000208560280461
0.000208567998341
0.000208575948163
0.000208584134115
0.000208592560315
0.000208601230601
0.000208610148330
0.000208619316181
0.000208628735997
0.000208638408631
0.000208648333847
0.000208658510238
0.000208668935188
0.000208679604875
0.000208690514303
0.000208701657381
0.000208713027030
0.000208724615337
0.000208736413727
0.000208748413182
0.000208760604480
0.000208772978459
0.000208785526304
0.000208798239840
0.000208811111829
0.000208824136262
0.000208837308625
0.000208850626136
0.000208864087936
0.000208877695220
0.000208891451307
0.000208905361624
0.000208919433620
0.000208933676592
0.000208948101428
0.000208962720284
0.000208977546183
0.000208992592572
0.000209007872831
0.000209023399767
0.000209039185093
0.000209055238931
0.000209071569341
0.000209088181894
0.000209105079324
0.000209122261245
0.000209139723971
0.000209157460437
0.000209175460235
0.000209193709757
0.000209212192469
0.000209230889288
0.000209249779074
0.000209268839210
0.000209288046266
0.000209307376720
0.000209326807707
0.000209346317787
0.000209365887675
0.000209385500929
0.000209405144560
0.000209424809524
0.000209444491098
0.000209464189105
0.000209483907974
0.000209503656652
0.000209523448339
0.000209543300075
0.000209563232192
0.000209583267631
0.000209603431174
0.000209623748597
0.000209644245784
0.000209664947822
0.000209685878128
0.000209707057607
0.000209728503894
0.000209750230694
0.000209772247244
0.000209794557916
0.000209817161969
0.000209840053470
0.000209863221377
0.000209886649792
0.000209910318368
0.000209934202859
0.000209958275800
0.000209982507295
0.000210006865871
0.000210031319392
0.000210055835982
0.000210080384938
0.000210104937598
0.000210129468133
0.000210153954250
0.000210178377769
0.000210202725076
0.000210226987432
0.000210251161135
0.000210275247539
0.000210299252929
0.000210323188264
0.000210347068805
0.000210370913623
0.000210394745029
0.000210418587914
0.000210442469041
0.000210466416284
0.000210490457854
0.000210514621507
0.000210538933768
0.000210563419183
0.000210588099612
0.000210612993589
0.000210638115756
0.000210663476382
0.000210689080999
0.000210714930137
0.000210741019193
0.000210767338410
0.000210793873001
0.000210820603386
0.000210847505559
0.000210874551565
0.000210901710095
0.000210928947162
0.000210956226876
0.000210983512279
0.000211010766232
0.000211037952341
0.000211065035890
0.000211091984773
0.000211118770385
0.000211145368465
0.000211171759849
0.000211197931116
0.000211223875104
0.000211249591257
0.000211275085806
0.000211300371747
0.000211325468619
0.000211350402066
0.000211375203200
0.000211399907763
0.000211424555118
0.000211449187084
0.000211473846655
0.000211498576643
0.000211523418278
0.000211548409822
0.000211573585235
0.000211598972940
0.000211624594738
0.000211650464896
0.000211676589462
0.000211702965824
0.000211729582527
0.000211756419381
0.000211783447844
0.000211810631686
0.000211837927911
