0.000193742104700
0.000193718456623
0.000193694473588
0.000193670169079
0.000193645564505
0.000193620688280
0.000193595574759
0.000193570263080
0.000193544795964
0.000193519218506
0.000193493577000
0.000193467917820
0.000193442286396
0.000193416726269
0.000193391278271
0.000193365979801
0.000193340864216
0.000193315960335
0.000193291292047
0.000193266878026
0.000193242731553
0.000193218860448
0.000193195267100
0.000193171948610
0.000193148897031
0.000193126099708
0.000193103539702
0.000193081196296
0.000193059045551
0.000193037060916
0.000193015213855
0.000192993474480
0.000192971812173
0.000192950196179
0.000192928596166
0.000192906982740
0.000192885327919
0.000192863605565
0.000192841791787
0.000192819865316
0.000192797807858
0.000192775604444
0.000192753243759
0.000192730718464
0.000192708025487
0.000192685166287
0.000192662147055
0.000192638978840
0.000192615677578
0.000192592264003
0.000192568763422
0.000192545205341
0.000192521622941
0.000192498052414
0.000192474532164
0.000192451101897
0.000192427801631
0.000192404670667
0.000192381746533
0.000192359063973
0.000192336653991
0.000192314542982
0.000192292752003
0.000192271296171
0.000192250184231
0.000192229418281
0.000192208993684
0.000192188899135
0.000192169116915
0.000192149623292
0.000192130389086
0.000192111380379
0.000192092559357
0.000192073885273
0.000192055315509
0.000192036806729
0.000192018316082
0.000191999802428
0.000191981227566
0.000191962557405
0.000191943763051
0.000191924821764
0.000191905717742
0.000191886442702
0.000191866996226
0.000191847385849
0.000191827626886
0.000191807742000
0.000191787760519
0.000191767717537
0.000191747652828
0.000191727609625
0.000191707633300
0.000191687770008
0.000191668065341
0.000191648563035
0.000191629303771
0.000191610324112
0.000191591655590
0.000191573323973
0.000191555348711
0.000191537742577
0.000191520511490
0.000191503654531
0.000191487164124
0.000191471026396
0.000191455221678
0.000191439725165
0.000191424507687
0.000191409536601
0.000191394776768
0.000191380191596
0.000191365744120
0.000191351398089
0.000191337119025
0.000191322875217
0.000191308638624
0.000191294385634
0.000191280097683
0.000191265761675
0.000191251370223
0.000191236921684
0.000191222420004
0.000191207874386
0.000191193298799
0.000191178711368
0.000191164133666
0.000191149589948
0.000191135106369
0.000191120710203
0.000191106429098
0.000191092290391
0.000191078320480
0.000191064544287
0.000191050984786
0.000191037662615
0.000191024595755
0.000191011799278
0.000190999285155
0.000190987062125
0.000190975135616
0.000190963507731
0.000190952177293
0.000190941139953
0.000190930388368
0.000190919912454
0.000190909699695
0.000190899735528
0.000190890003770
0.000190880487091
0.000190871167503
0.000190862026864
0.000190853047349
0.000190844211901
0.000190835504624
0.000190826911118
0.000190818418738
0.000190810016798
0.000190801696689
0.000190793451956
0.000190785278313
0.000190777173632
0.000190769137900
0.000190761173159
0.000190753283443
0.000190745474695
0.000190737754683
0.000190730132894
0.000190722620402
0.000190715229704
0.000190707974512
0.000190700869495
0.000190693929971
0.000190687171549
0.000190680609728
0.000190674259479
0.000190668134804
0.000190662248317
0.000190656610857
0.000190651231153
0.000190646115568
0.000190641267930
0.000190636689451
0.000190632378761
0.000190628332019
0.000190624543119
0.000190621003963
0.000190617704781
0.000190614634493
0.000190611781083
0.000190609131970
0.000190606674373
0.000190604395653
0.000190602283627
0.000190600326858
0.000190598514914
0.000190596838601
0.000190595290172
0.000190593863508
0.000190592554268
0.000190591360009
0.000190590280261
0.000190589316551
0.000190588472370
0.000190587753076
0.000190587165716
0.000190586718790
0.000190586421936
0.000190586285563
0.000190586320443
0.000190586537271
0.000190586946245
0.000190587556649
0.000190588376500
0.000190589412261
0.000190590668639
0.000190592148474
0.000190593852738
0.000190595780616
0.000190597929676
0.000190600296109
0.000190602875010
0.000190605660685
0.000190608646967
0.000190611827514
0.000190615196074
0.000190618746717
0.000190622474019
0.000190626373192
0.000190630440186
0.000190634671747
0.000190639065443
0.000190643619679
0.000190648333690
0.000190653207522
0.000190658242006
0.000190663438716
0.000190668799914
0.000190674328468
0.000190680027752
0.000190685901507
0.000190691953685
0.000190698188256
0.000190704609009
0.000190711219336
0.000190718022024
0.000190725019075
0.000190732211557
0.000190739599501
0.000190747181867
0.000190754956563
0.000190762920538
0.000190771069924
0.000190779400226
0.000190787906548
0.000190796583819
0.000190805427025
0.000190814431405
0.000190823592620
0.000190832906861
0.000190842370913
0.000190851982167
0.000190861738583
0.000190871638624
0.000190881681176
0.000190891865454
0.000190902190934
0.000190912657296
0.000190923264408
0.000190934012337
0.000190944901398
0.000190955932224
0.000190967105854
0.000190978423817
0.000190989888211
0.000191001501754
0.000191013267798
0.000191025190305
0.000191037273783
0.000191049523173
0.000191061943712
0.000191074540761
0.000191087319627
0.000191100285374
0.000191113442644
0.000191126795489
0.000191140347221
0.000191154100276
0.000191168056103
0.000191182215057
0.000191196576309
0.000191211137755
0.000191225895939
0.000191240845972
0.000191255981471
0.000191271294512
0.000191286775621
0.000191302413806
0.000191318196653
0.000191334110494
0.000191350140654
0.000191366271787
0.000191382488295
0.000191398774821
0.000191415116793
0.000191431501013
0.000191447916235
0.000191464353731
0.000191480807783
0.000191497276094
0.000191513760079
0.000191530265016
0.000191546800050
0.000191563378039
0.000191580015249
0.000191596730913
0.000191613546663
0.000191630485869
0.000191647572900
0.000191664832348
0.000191682288220
0.000191699963154
0.000191717877650
0.000191736049357
0.000191754492426
0.000191773216950
0.000191792228491
0.000191811527731
0.000191831110230
0.000191850966334
0.000191871081221
0.000191891435098
0.000191912003572
0.000191932758172
0.000191953667041
0.000191974695767
0.000191995808351
0.000192016968277
0.000192038139651
0.000192059288364
0.000192080383243
0.000192101397128
0.000192122307842
0.000192143099000
0.000192163760621
0.000192184289516
0.000192204689437
0.000192224970969
0.000192245151191
0.000192265253095
0.000192285304819
0.000192305338705
0.000192325390236
0.000192345496885
0.000192365696930
0.000192386028260
0.000192406527223
0.000192427227545
0.000192448159338
0.000192469348244
0.000192490814695
0.000192512573347
0.000192534632661
0.000192556994665
0.000192579654883
0.000192602602455
0.000192625820423
0.000192649286196
0.000192672972186
0.000192696846587
0.000192720874288
0.000192745017889
0.000192769238797
0.000192793498341
0.000192817758901
0.000192841984972
0.000192866144146
0.000192890207973
0.000192914152651
0.000192937959542
0.000192961615495
0.000192985112958
0.000193008449911
0.000193031629611
0.000193054660196
0.000193077554158
0.000193100327740
0.000193123000268
0.000193145593476
0.000193168130822
0.000193190636852
0.000193213136595
0.000193235655024
0.000193258216572
0.000193280844705
0.000193303561553
0.000193326387582
0.000193349341309
0.000193372439057
0.000193395694729
0.000193419119628
