0.000340480266079
0.000340686375823
0.000340892417234
0.000341098328899
0.000341304049743
0.000341509519049
0.000341714676482
0.000341919462108
0.000342123816416
0.000342327680341
0.000342530995282
0.000342733703122
0.000342935746251
0.000343137067585
0.000343337610586
0.000343537319281
0.000343736138282
0.000343934012803
0.000344130888684
0.000344326712403
0.000344521431098
0.000344714992583
0.000344907345369
0.000345098438676
0.000345288222454
0.000345476647398
0.000345663664967
0.000345849227395
0.000346033287711
0.000346215799753
0.000346396718183
0.000346575998504
0.000346753597069
0.000346929471101
0.000347103578701
0.000347275878867
0.000347446331500
0.000347614897422
0.000347781538386
0.000347946217086
0.000348108897169
0.000348269543247
0.000348428120907
0.000348584596718
0.000348738938246
0.000348891114057
0.000349041093731
0.000349188847866
0.000349334348091
0.000349477567067
0.000349618478499
0.000349757057141
0.000349893278801
0.000350027120346
0.000350158559711
0.000350287575900
0.000350414148989
0.000350538260133
0.000350659891570
0.000350779026618
0.000350895649684
0.000351009746263
0.000351121302938
0.000351230307385
0.000351336748370
0.000351440615752
0.000351541900481
0.000351640594596
0.000351736691227
0.000351830184593
0.000351921069995
0.000352009343820
0.000352095003532
0.000352178047674
0.000352258475858
0.000352336288765
0.000352411488139
0.000352484076780
0.000352554058542
0.000352621438323
0.000352686222059
0.000352748416722
0.000352808030304
0.000352865071818
0.000352919551284
0.000352971479721
0.000353020869142
0.000353067732539
0.000353112083876
0.000353153938079
0.000353193311023
0.000353230219523
0.000353264681323
0.000353296715081
0.000353326340358
0.000353353577610
0.000353378448167
0.000353400974227
0.000353421178839
0.000353439085889
0.000353454720087
0.000353468106952
0.000353479272797
0.000353488244714
0.000353495050558
0.000353499718931
0.000353502279167
0.000353502761315
0.000353501196120
0.000353497615010
0.000353492050076
0.000353484534055
0.000353475100313
0.000353463782825
0.000353450616160
0.000353435635461
0.000353418876427
0.000353400375292
0.000353380168808
0.000353358294229
0.000353334789283
0.000353309692161
0.000353283041494
0.000353254876330
0.000353225236120
0.000353194160693
0.000353161690238
0.000353127865281
0.000353092726669
0.000353056315545
0.000353018673328
0.000352979841696
0.000352939862560
0.000352898778047
0.000352856630476
0.000352813462340
0.000352769316283
0.000352724235080
0.000352678261615
0.000352631438859
0.000352583809853
0.000352535417680
0.000352486305451
0.000352436516279
0.000352386093260
0.000352335079452
0.000352283517852
0.000352231451379
0.000352178922850
0.000352125974960
0.000352072650262
0.000352018991147
0.000351965039823
0.000351910838294
0.000351856428342
0.000351801851503
0.000351747149053
0.000351692361982
0.000351637530979
0.000351582696412
0.000351527898305
0.000351473176324
0.000351418569754
0.000351364117483
0.000351309857985
0.000351255829296
0.000351202069002
0.000351148614218
0.000351095501574
0.000351042767192
0.000350990446674
0.000350938575086
0.000350887186935
0.000350836316161
0.000350785996116
0.000350736259548
0.000350687138592
0.000350638664745
0.000350590868861
0.000350543781130
0.000350497431068
0.000350451847501
0.000350407058553
0.000350363091632
0.000350319973418
0.000350277729850
0.000350236386118
0.000350195966643
0.000350156495076
0.000350117994279
0.000350080486319
0.000350043992456
0.000350008533134
0.000349974127974
0.000349940795761
0.000349908554436
0.000349877421091
0.000349847411960
0.000349818542411
0.000349790826940
0.000349764279161
0.000349738911808
0.000349714736722
0.000349691764847
0.000349670006230
0.000349649470011
0.000349630164422
0.000349612096783
0.000349595273501
0.000349579700061
0.000349565381033
0.000349552320063
0.000349540519875
0.000349529982268
0.000349520708120
0.000349512697383
0.000349505949086
0.000349500461336
0.000349496231318
0.000349493255299
0.000349491528628
0.000349491045739
0.000349491800156
0.000349493784494
0.000349496990464
0.000349501408879
0.000349507029655
0.000349513841821
0.000349521833518
0.000349530992015
0.000349541303705
0.000349552754118
0.000349565327927
0.000349579008957
0.000349593780190
0.000349609623776
0.000349626521041
0.000349644452497
0.000349663397850
0.000349683336013
0.000349704245113
0.000349726102504
0.000349748884779
0.000349772567778
0.000349797126604
0.000349822535634
0.000349848768528
0.000349875798248
0.000349903597069
0.000349932136590
0.000349961387752
0.000349991320850
0.000350021905548
0.000350053110894
0.000350084905335
0.000350117256733
0.000350150132382
0.000350183499020
0.000350217322849
0.000350251569552
0.000350286204305
0.000350321191802
0.000350356496264
0.000350392081463
0.000350427910737
0.000350463947009
0.000350500152804
0.000350536490271
0.000350572921196
0.000350609407026
0.000350645908887
0.000350682387600
0.000350718803705
0.000350755117477
0.000350791288947
0.000350827277923
0.000350863044007
0.000350898546617
0.000350933745010
0.000350968598295
0.000351003065461
0.000351037105393
0.000351070676895
0.000351103738710
0.000351136249539
0.000351168168065
0.000351199452970
0.000351230062961
0.000351259956784
0.000351289093252
0.000351317431260
0.000351344929810
0.000351371548028
0.000351397245187
0.000351421980730
0.000351445714286
0.000351468405693
0.000351490015021
0.000351510502589
0.000351529828986
0.000351547955095
0.000351564842110
0.000351580451555
0.000351594745310
0.000351607685624
0.000351619235140
0.000351629356912
0.000351638014424
0.000351645171614
0.000351650792886
0.000351654843135
0.000351657287762
0.000351658092697
0.000351657224413
0.000351654649945
0.000351650336914
0.000351644253535
0.000351636368644
0.000351626651710
0.000351615072853
0.000351601602863
0.000351586213215
0.000351568876085
0.000351549564366
0.000351528251686
0.000351504912420
0.000351479521707
0.000351452055467
0.000351422490411
0.000351390804057
0.000351356974747
0.000351320981657
0.000351282804812
0.000351242425097
0.000351199824274
0.000351154984990
0.000351107890790
0.000351058526132
0.000351006876391
0.000350952927877
0.000350896667842
0.000350838084489
0.000350777166984
0.000350713905464
0.000350648291044
0.000350580315830
0.000350509972920
0.000350437256421
0.000350362161447
0.000350284684131
0.000350204821631
0.000350122572135
0.000350037934866
0.000349950910089
0.000349861499115
0.000349769704304
0.000349675529070
0.000349578977883
0.000349480056276
0.000349378770840
0.000349275129234
0.000349169140179
0.000349060813465
0.000348950159948
0.000348837191554
0.000348721921273
0.000348604363166
0.000348484532355
0.000348362445030
0.000348238118442
0.000348111570903
0.000347982821780
0.000347851891496
0.000347718801524
0.000347583574381
0.000347446233626
0.000347306803855
0.000347165310692
0.000347021780787
0.000346876241807
0.000346728722429
0.000346579252335
0.000346427862203
0.000346274583697
0.000346119449461
0.000345962493111
0.000345803749223
0.000345643253323
0.000345481041882
0.000345317152298
0.000345151622891
0.000344984492889
0.000344815802416
0.000344645592479
0.000344473904960
0.000344300782597
0.000344126268974
0.000343950408507
0.000343773246430
0.000343594828780
0.000343415202381
