0.000268730371928
0.000268764865016
0.000268798429398
0.000268831063883
0.000268862767792
0.000268893540936
0.000268923383583
0.000268952296405
0.000268980280409
0.000269007336862
0.000269033467211
0.000269058673003
0.000269082955814
0.000269106317189
0.000269128758601
0.000269150281423
0.000269170886927
0.000269190576297
0.000269209350669
0.000269227211181
0.000269244159039
0.000269260195594
0.000269275322413
0.000269289541359
0.000269302854657
0.000269315264945
0.000269326775317
0.000269337389341
0.000269347111057
0.000269355944960
0.000269363895958
0.000269370969314
0.000269377170587
0.000269382505550
0.000269386980113
0.000269390600252
0.000269393371943
0.000269395301102
0.000269396393554
0.000269396655008
0.000269396091062
0.000269394707216
0.000269392508913
0.000269389501590
0.000269385690741
0.000269381081985
0.000269375681140
0.000269369494286
0.000269362527829
0.000269354788546
0.000269346283616
0.000269337020632
0.000269327007599
0.000269316252904
0.000269304765282
0.000269292553756
0.000269279627574
0.000269265996139
0.000269251668933
0.000269236655457
0.000269220965162
0.000269204607411
0.000269187591438
0.000269169926343
0.000269151621085
0.000269132684512
0.000269113125390
0.000269092952457
0.000269072174476
0.000269050800305
0.000269028838952
0.000269006299640
0.000268983191855
0.000268959525385
0.000268935310343
0.000268910557175
0.000268885276648
0.000268859479828
0.000268833178035
0.000268806382795
0.000268779105776
0.000268751358727
0.000268723153412
0.000268694501551
0.000268665414771
0.000268635904562
0.000268605982258
0.000268575659023
0.000268544945856
0.000268513853618
0.000268482393057
0.000268450574861
0.000268418409705
0.000268385908305
0.000268353081474
0.000268319940170
0.000268286495537
0.000268252758933
0.000268218741947
0.000268184456403
0.000268149914344
0.000268115128008
0.000268080109791
0.000268044872195
0.000268009427781
0.000267973789110
0.000267937968691
0.000267901978931
0.000267865832091
0.000267829540263
0.000267793115344
0.000267756569033
0.000267719912843
0.000267683158116
0.000267646316055
0.000267609397764
0.000267572414288
0.000267535376661
0.000267498295946
0.000267461183276
0.000267424049881
0.000267386907111
0.000267349766446
0.000267312639490
0.000267275537961
0.000267238473667
0.000267201458466
0.000267164504236
0.000267127622822
0.000267090825998
0.000267054125423
0.000267017532601
0.000266981058855
0.000266944715303
0.000266908512845
0.000266872462168
0.000266836573748
0.000266800857873
0.000266765324666
0.000266729984118
0.000266694846118
0.000266659920489
0.000266625217020
0.000266590745491
0.000266556515691
0.000266522537434
0.000266488820563
0.000266455374938
0.000266422210430
0.000266389336896
0.000266356764153
0.000266324501947
0.000266292559920
0.000266260947581
0.000266229674274
0.000266198749153
0.000266168181166
0.000266137979041
0.000266108151281
0.000266078706166
0.000266049651764
0.000266020995948
0.000265992746409
0.000265964910682
0.000265937496170
0.000265910510161
0.000265883959852
0.000265857852358
0.000265832194729
0.000265806993948
0.000265782256932
0.000265757990526
0.000265734201488
0.000265710896475
0.000265688082027
0.000265665764540
0.000265643950254
0.000265622645231
0.000265601855340
0.000265581586247
0.000265561843406
0.000265542632056
0.000265523957223
0.000265505823728
0.000265488236189
0.000265471199037
0.000265454716527
0.000265438792749
0.000265423431639
0.000265408636987
0.000265394412447
0.000265380761536
0.000265367687637
0.000265355193995
0.000265343283711
0.000265331959737
0.000265321224863
0.000265311081712
0.000265301532726
0.000265292580163
0.000265284226089
0.000265276472376
0.000265269320698
0.000265262772536
0.000265256829179
0.000265251491732
0.000265246761120
0.000265242638099
0.000265239123259
0.000265236217029
0.000265233919683
0.000265232231342
0.000265231151969
0.000265230681368
0.000265230819177
0.000265231564861
0.000265232917703
0.000265234876793
0.000265237441022
0.000265240609074
0.000265244379423
0.000265248750328
0.000265253719837
0.000265259285794
0.000265265445842
0.000265272197440
0.000265279537873
0.000265287464266
0.000265295973600
0.000265305062725
0.000265314728371
0.000265324967152
0.000265335775576
0.000265347150039
0.000265359086822
0.000265371582080
0.000265384631828
0.000265398231926
0.000265412378060
0.000265427065724
0.000265442290203
0.000265458046558
0.000265474329616
0.000265491133968
0.000265508453962
0.000265526283719
0.000265544617140
0.000265563447926
0.000265582769601
0.000265602575537
0.000265622858980
0.000265643613077
0.000265664830900
0.000265686505466
0.000265708629749
0.000265731196689
0.000265754199191
0.000265777630116
0.000265801482268
0.000265825748372
0.000265850421045
0.000265875492773
0.000265900955876
0.000265926802485
0.000265953024513
0.000265979613641
0.000266006561303
0.000266033858685
0.000266061496734
0.000266089466171
0.000266117757516
0.000266146361119
0.000266175267195
0.000266204465866
0.000266233947197
0.000266263701235
0.000266293718038
0.000266323987704
0.000266354500381
0.000266385246279
0.000266416215657
0.000266447398815
0.000266478786064
0.000266510367695
0.000266542133942
0.000266574074941
0.000266606180690
0.000266638441011
0.000266670845523
0.000266703383617
0.000266736044448
0.000266768816933
0.000266801689767
0.000266834651446
0.000266867690299
0.000266900794538
0.000266933952302
0.000266967151707
0.000267000380899
0.000267033628099
0.000267066881642
0.000267100130000
0.000267133361805
0.000267166565848
0.000267199731068
0.000267232846528
0.000267265901384
0.000267298884836
0.000267331786085
0.000267364594276
0.000267397298453
0.000267429887515
0.000267462350177
0.000267494674951
0.000267526850132
0.000267558863804
0.000267590703862
0.000267622358039
0.000267653813956
0.000267685059176
0.000267716081260
0.000267746867832
0.000267777406636
0.000267807685590
0.000267837692828
0.000267867416730
0.000267896845935
0.000267925969347
0.000267954776108
0.000267983255574
0.000268011397270
0.000268039190832
0.000268066625952
0.000268093692318
0.000268120379555
0.000268146677172
0.000268172574530
0.000268198060811
0.000268223125012
0.000268247755953
0.000268271942303
0.000268295672619
0.000268318935399
0.000268341719149
0.000268364012452
0.000268385804031
0.000268407082823
0.000268427838032
0.000268448059176
0.000268467736117
0.000268486859074
0.000268505418617
0.000268523405647
0.000268540811350
0.000268557627153
0.000268573844653
0.000268589455556
0.000268604451603
0.000268618824511
0.000268632565915
0.000268645667329
0.000268658120118
0.000268669915492
0.000268681044520
0.000268691498157
0.000268701267296
0.000268710342824
0.000268718715697
0.000268726377015
0.000268733318096
0.000268739530548
0.000268745006329
0.000268749737793
0.000268753717724
0.000268756939336
0.000268759396273
0.000268761082575
0.000268761992631
0.000268762121120
0.000268761462941
0.000268760013136
0.000268757766821
0.000268754719108
0.000268750865057
0.000268746199626
0.000268740717650
0.000268734413835
0.000268727282771
0.000268719318972
0.000268710516924
0.000268700871156
0.000268690376312
0.000268679027236
0.000268666819047
0.000268653747216
0.000268639807624
0.000268624996610
0.000268609310998
0.000268592748103
0.000268575305714
0.000268556982062
