0.000199121991656
0.000199095681275
0.000199069097688
0.000199042299616
0.000199015351721
0.000198988322799
0.000198961283827
0.000198934305927
0.000198907458341
0.000198880806448
0.000198854409904
0.000198828320965
0.000198802583029
0.000198777229447
0.000198752282634
0.000198727753501
0.000198703641222
0.000198679933338
0.000198656606202
0.000198633625739
0.000198610948509
0.000198588523041
0.000198566291399
0.000198544190936
0.000198522156191
0.000198500120860
0.000198478019794
0.000198455790952
0.000198433377250
0.000198410728249
0.000198387801613
0.000198364564305
0.000198340993479
0.000198317077025
0.000198292813787
0.000198268213412
0.000198243295884
0.000198218090742
0.000198192636028
0.000198166977013
0.000198141164748
0.000198115254495
0.000198089304098
0.000198063372339
0.000198037517340
0.000198011795033
0.000197986257773
0.000197960953081
0.000197935922576
0.000197911201103
0.000197886816053
0.000197862786920
0.000197839125053
0.000197815833639
0.000197792907887
0.000197770335417
0.000197748096830
0.000197726166447
0.000197704513189
0.000197683101579
0.000197661892824
0.000197640845950
0.000197619918961
0.000197599069973
0.000197578258300
0.000197557445463
0.000197536596090
0.000197515678687
0.000197494666277
0.000197473536887
0.000197452273894
0.000197430866225
0.000197409308432
0.000197387600643
0.000197365748416
0.000197343762492
0.000197321658478
0.000197299456457
0.000197277180540
0.000197254858359
0.000197232520513
0.000197210199961
0.000197187931370
0.000197165750424
0.000197143693094
0.000197121794892
0.000197100090105
0.000197078611043
0.000197057387309
0.000197036445115
0.000197015806671
0.000196995489653
0.000196975506789
0.000196955865550
0.000196936567989
0.000196917610700
0.000196898984918
0.000196880676757
0.000196862667565
0.000196844934394
0.000196827450576
0.000196810186380
0.000196793109755
0.000196776187112
0.000196759384175
0.000196742666837
0.000196726002047
0.000196709358679
0.000196692708383
0.000196676026390
0.000196659292245
0.000196642490448
0.000196625610981
0.000196608649696
0.000196591608533
0.000196574495576
0.000196557324914
0.000196540116314
0.000196522894710
0.000196505689525
0.000196488533832
0.000196471463410
0.000196454515695
0.000196437728693
0.000196421139878
0.000196404785122
0.000196388697682
0.000196372907301
0.000196357439414
0.000196342314518
0.000196327547691
0.000196313148281
0.000196299119770
0.000196285459799
0.000196272160358
0.000196259208127
0.000196246584951
0.000196234268442
0.000196222232690
0.000196210449055
0.000196198887038
0.000196187515192
0.000196176302054
0.000196165217080
0.000196154231541
0.000196143319367
0.000196132457891
0.000196121628495
0.000196110817107
0.000196100014548
0.000196089216715
0.000196078424587
0.000196067644070
0.000196056885675
0.000196046164065
0.000196035497474
0.000196024907048
0.000196014416111
0.000196004049416
0.000195993832385
0.000195983790379
0.000195973948014
0.000195964328543
0.000195954953313
0.000195945841311
0.000195937008789
0.000195928468985
0.000195920231931
0.000195912304331
0.000195904689535
0.000195897387583
0.000195890395315
0.000195883706565
0.000195877312418
0.000195871201520
0.000195865360468
0.000195859774225
0.000195854426595
0.000195849300711
0.000195844379537
0.000195839646368
0.000195835085297
0.000195830681651
0.000195826422360
0.000195822296269
0.000195818294365
0.000195814409928
0.000195810638600
0.000195806978385
0.000195803429571
0.000195799994611
0.000195796677943
0.000195793485792
0.000195790425936
0.000195787507466
0.000195784740530
0.000195782136074
0.000195779705578
0.000195777460787
0.000195775413435
0.000195773574966
0.000195771956252
0.000195770567314
0.000195769417047
0.000195768512974
0.000195767861015
0.000195767465310
0.000195767328085
0.000195767449595
0.000195767828125
0.000195768460075
0.000195769340119
0.000195770461428
0.000195771815957
0.000195773394781
0.000195775188446
0.000195777187349
0.000195779382099
0.000195781763858
0.000195784324643
0.000195787057587
0.000195789957134
0.000195793019183
0.000195796241170
0.000195799622097
0.000195803162505
0.000195806864399
0.000195810731135
0.000195814767264
0.000195818978342
0.000195823370715
0.000195827951267
0.000195832727150
0.000195837705492
0.000195842893093
0.000195848296121
0.000195853919803
0.000195859768153
0.000195865843723
0.000195872147411
0.000195878678329
0.000195885433757
0.000195892409173
0.000195899598379
0.000195906993716
0.000195914586355
0.000195922366659
0.000195930324602
0.000195938450201
0.000195946733972
0.000195955167354
0.000195963743096
0.000195972455589
0.000195981301116
0.000195990278018
0.000195999386776
0.000196008629992
0.000196018012297
0.000196027540176
0.000196037221725
0.000196047066364
0.000196057084498
0.000196067287157
0.000196077685614
0.000196088291001
0.000196099113914
0.000196110164045
0.000196121449818
0.000196132978060
0.000196144753714
0.000196156779583
0.000196169056155
0.000196181581479
0.000196194351127
0.000196207358239
0.000196220593660
0.000196234046164
0.000196247702759
0.000196261549073
0.000196275569797
0.000196289749166
0.000196304071461
0.000196318521511
0.000196333085165
0.000196347749712
0.000196362504249
0.000196377339952
0.000196392250278
0.000196407231072
0.000196422280586
0.000196437399428
0.000196452590439
0.000196467858524
0.000196483210435
0.000196498654537
0.000196514200546
0.000196529859276
0.000196545642365
0.000196561562015
0.000196577630731
0.000196593861055
0.000196610265307
0.000196626855325
0.000196643642206
0.000196660636047
0.000196677845705
0.000196695278564
0.000196712940328
0.000196730834843
0.000196748963959
0.000196767327429
0.000196785922860
0.000196804745707
0.000196823789311
0.000196843044980
0.000196862502108
0.000196882148321
0.000196901969652
0.000196921950734
0.000196942075014
0.000196962324986
0.000196982682442
0.000197003128753
0.000197023645174
0.000197044213183
0.000197064814855
0.000197085433275
0.000197106052974
0.000197126660390
0.000197147244337
0.000197167796460
0.000197188311660
0.000197208788460
0.000197229229292
0.000197249640674
0.000197270033274
0.000197290421826
0.000197310824897
0.000197331264520
0.000197351765663
0.000197372355587
0.000197393063084
0.000197413917626
0.000197434948464
0.000197456183689
0.000197477649302
0.000197499368308
0.000197521359882
0.000197543638608
0.000197566213842
0.000197589089196
0.000197612262176
0.000197635723991
0.000197659459524
0.000197683447507
0.000197707660869
0.000197732067286
0.000197756629910
0.000197781308276
0.000197806059356
0.000197830838753
0.000197855601984
0.000197880305822
0.000197904909651
0.000197929376787
0.000197953675707
0.000197977781145
0.000198001675004
0.000198025347049
0.000198048795337
0.000198072026377
0.000198095055004
0.000198117903968
0.000198140603251
0.000198163189141
0.000198185703096
0.000198208190434
0.000198230698910
0.000198253277209
0.000198275973425
0.000198298833560
0.000198321900104
0.000198345210719
0.000198368797082
0.000198392683908
0.000198416888183
0.000198441418624
0.000198466275388
0.000198491450022
0.000198516925678
0.000198542677566
0.000198568673651
0.000198594875562
0.000198621239696
0.000198647718479
0.000198674261743
0.000198700818181
0.000198727336825
0.000198753768495
0.000198780067182
0.000198806191303
