0.000229004014532
0.000228982329219
0.000228960254032
0.000228937834530
0.000228915120767
0.000228892165678
0.000228869023381
0.000228845747433
0.000228822389126
0.000228798995863
0.000228775609681
0.000228752265971
0.000228728992432
0.000228705808305
0.000228682723895
0.000228659740416
0.000228636850142
0.000228614036864
0.000228591276637
0.000228568538781
0.000228545787105
0.000228522981297
0.000228500078450
0.000228477034644
0.000228453806552
0.000228430352997
0.000228406636422
0.000228382624210
0.000228358289820
0.000228333613705
0.000228308583981
0.000228283196826
0.000228257456613
0.000228231375766
0.000228204974347
0.000228178279415
0.000228151324149
0.000228124146798
0.000228096789478
0.000228069296866
0.000228041714826
0.000228014089022
0.000227986463557
0.000227958879680
0.000227931374601
0.000227903980456
0.000227876723437
0.000227849623132
0.000227822692077
0.000227795935537
0.000227769351524
0.000227742931040
0.000227716658542
0.000227690512614
0.000227664466810
0.000227638490659
0.000227612550782
0.000227586612096
0.000227560639065
0.000227534596953
0.000227508453045
0.000227482177799
0.000227455745888
0.000227429137100
0.000227402337076
0.000227375337847
0.000227348138170
0.000227320743641
0.000227293166582
0.000227265425712
0.000227237545605
0.000227209555955
0.000227181490680
0.000227153386877
0.000227125283680
0.000227097221054
0.000227069238560
0.000227041374142
0.000227013662974
0.000226986136401
0.000226958821020
0.000226931737924
0.000226904902142
0.000226878322282
0.000226852000404
0.000226825932108
0.000226800106856
0.000226774508483
0.000226749115916
0.000226723904040
0.000226698844703
0.000226673907810
0.000226649062479
0.000226624278200
0.000226599525980
0.000226574779411
0.000226550015640
0.000226525216197
0.000226500367665
0.000226475462162
0.000226450497617
0.000226425477854
0.000226400412453
0.000226375316426
0.000226350209711
0.000226325116495
0.000226300064418
0.000226275083659
0.000226250205970
0.000226225463660
0.000226200888590
0.000226176511205
0.000226152359628
0.000226128458858
0.000226104830085
0.000226081490151
0.000226058451166
0.000226035720290
0.000226013299688
0.000225991186642
0.000225969373835
0.000225947849769
0.000225926599319
0.000225905604387
0.000225884844646
0.000225864298333
0.000225843943074
0.000225823756707
0.000225803718084
0.000225783807811
0.000225764008923
0.000225744307461
0.000225724692933
0.000225705158658
0.000225685701973
0.000225666324312
0.000225647031141
0.000225627831769
0.000225608739036
0.000225589768890
0.000225570939871
0.000225552272523
0.000225533788742
0.000225515511099
0.000225497462142
0.000225479663722
0.000225462136337
0.000225444898548
0.000225427966451
0.000225411353257
0.000225395068960
0.000225379120128
0.000225363509809
0.000225348237555
0.000225333299571
0.000225318688966
0.000225304396108
0.000225290409066
0.000225276714119
0.000225263296318
0.000225250140076
0.000225237229768
0.000225224550319
0.000225212087759
0.000225199829729
0.000225187765911
0.000225175888386
0.000225164191892
0.000225152673979
0.000225141335064
0.000225130178376
0.000225119209806
0.000225108437657
0.000225097872320
0.000225087525875
0.000225077411645
0.000225067543718
0.000225057936449
0.000225048603979
0.000225039559760
0.000225030816138
0.000225022383977
0.000225014272359
0.000225006488352
0.000224999036866
0.000224991920593
0.000224985140023
0.000224978693549
0.000224972577634
0.000224966787055
0.000224961315184
0.000224956154319
0.000224951296038
0.000224946731560
0.000224942452109
0.000224938449261
0.000224934715254
0.000224931243271
0.000224928027661
0.000224925064110
0.000224922349754
0.000224919883220
0.000224917664615
0.000224915695451
0.000224913978513
0.000224912517687
0.000224911317749
0.000224910384121
0.000224909722615
0.000224909339173
0.000224909239601
0.000224909429333
0.000224909913204
0.000224910695265
0.000224911778635
0.000224913165390
0.000224914856509
0.000224916851864
0.000224919150253
0.000224921749490
0.000224924646525
0.000224927837611
0.000224931318495
0.000224935084627
0.000224939131385
0.000224943454303
0.000224948049281
0.000224952912784
0.000224958042013
0.000224963435032
0.000224969090859
0.000224975009507
0.000224981191976
0.000224987640186
0.000224994356873
0.000225001345433
0.000225008609724
0.000225016153850
0.000225023981905
0.000225032097729
0.000225040504642
0.000225049205211
0.000225058201027
0.000225067492526
0.000225077078848
0.000225086957755
0.000225097125603
0.000225107577378
0.000225118306795
0.000225129306461
0.000225140568087
0.000225152082760
0.000225163841244
0.000225175834317
0.000225188053112
0.000225200489464
0.000225213136237
0.000225225987612
0.000225239039346
0.000225252288950
0.000225265735819
0.000225279381272
0.000225293228521
0.000225307282555
0.000225321549950
0.000225336038605
0.000225350757418
0.000225365715907
0.000225380923804
0.000225396390614
0.000225412125183
0.000225428135272
0.000225444427160
0.000225461005296
0.000225477872010
0.000225495027296
0.000225512468674
0.000225530191145
0.000225548187235
0.000225566447133
0.000225584958912
0.000225603708835
0.000225622681729
0.000225641861419
0.000225661231200
0.000225680774338
0.000225700474580
0.000225720316650
0.000225740286719
0.000225760372837
0.000225780565298
0.000225800856941
0.000225821243366
0.000225841723058
0.000225862297422
0.000225882970717
0.000225903749899
0.000225924644363
0.000225945665608
0.000225966826823
0.000225988142407
0.000226009627439
0.000226031297113
0.000226053166155
0.000226075248243
0.000226097555444
0.000226120097685
0.000226142882290
0.000226165913578
0.000226189192559
0.000226212716719
0.000226236479927
0.000226260472445
0.000226284681070
0.000226309089382
0.000226333678117
0.000226358425638
0.000226383308498
0.000226408302089
0.000226433381341
0.000226458521459
0.000226483698679
0.000226508891004
0.000226534078907
0.000226559245969
0.000226584379424
0.000226609470602
0.000226634515233
0.000226659513608
0.000226684470583
0.000226709395422
0.000226734301480
0.000226759205724
0.000226784128120
0.000226809090896
0.000226834117701
0.000226859232698
0.000226884459611
0.000226909820776
0.000226935336213
0.000226961022765
0.000226986893334
0.000227012956245
0.000227039214757
0.000227065666755
0.000227092304621
0.000227119115307
0.000227146080598
0.000227173177564
0.000227200379192
0.000227227655163
0.000227254972762
0.000227282297885
0.000227309596095
0.000227336833714
0.000227363978885
0.000227391002582
0.000227417879528
0.000227444588983
0.000227471115378
0.000227497448768
0.000227523585097
0.000227549526254
0.000227575279920
0.000227600859227
0.000227626282220
0.000227651571157
0.000227676751658
0.000227701851754
0.000227726900839
0.000227751928590
0.000227776963864
0.000227802033637
0.000227827161990
0.000227852369196
0.000227877670933
0.000227903077641
0.000227928594045
0.000227954218872
0.000227979944752
0.000228005758312
0.000228031640473
0.000228057566916
0.000228083508727
0.000228109433184
0.000228135304671
0.000228161085685
0.000228186737913
0.000228212223338
0.000228237505347
0.000228262549805
0.000228287326062
0.000228311807858
0.000228335974110
0.000228359809533
0.000228383305106
0.000228406458324
0.000228429273268
0.000228451760457
0.000228473936489
0.000228495823488
