0.000256882577619
0.000256910088327
0.000256936894720
0.000256963006071
0.000256988430427
0.000257013174382
0.000257037242928
0.000257060639392
0.000257083365459
0.000257105421284
0.000257126805687
0.000257147516414
0.000257167550459
0.000257186904426
0.000257205574911
0.000257223558888
0.000257240854074
0.000257257459265
0.000257273374614
0.000257288601840
0.000257303144367
0.000257317007373
0.000257330197755
0.000257342724011
0.000257354596043
0.000257365824894
0.000257376422432
0.000257386400994
0.000257395773016
0.000257404550660
0.000257412745458
0.000257420368000
0.000257427427668
0.000257433932437
0.000257439888755
0.000257445301500
0.000257450174021
0.000257454508262
0.000257458304954
0.000257461563873
0.000257464284148
0.000257466464600
0.000257468104099
0.000257469201914
0.000257469758050
0.000257469773540
0.000257469250688
0.000257468193250
0.000257466606535
0.000257464497439
0.000257461874388
0.000257458747214
0.000257455126959
0.000257451025624
0.000257446455866
0.000257441430673
0.000257435963027
0.000257430065561
0.000257423750252
0.000257417028145
0.000257409909125
0.000257402401758
0.000257394513199
0.000257386249170
0.000257377614025
0.000257368610864
0.000257359241737
0.000257349507876
0.000257339409984
0.000257328948544
0.000257318124134
0.000257306937739
0.000257295391040
0.000257283486662
0.000257271228374
0.000257258621230
0.000257245671645
0.000257232387395
0.000257218777554
0.000257204852368
0.000257190623059
0.000257176101598
0.000257161300431
0.000257146232186
0.000257130909378
0.000257115344120
0.000257099547859
0.000257083531149
0.000257067303471
0.000257050873115
0.000257034247112
0.000257017431250
0.000257000430131
0.000256983247306
0.000256965885452
0.000256948346591
0.000256930632345
0.000256912744199
0.000256894683775
0.000256876453092
0.000256858054795
0.000256839492359
0.000256820770239
0.000256801893970
0.000256782870206
0.000256763706704
0.000256744412249
0.000256724996527
0.000256705469950
0.000256685843446
0.000256666128229
0.000256646335549
0.000256626476451
0.000256606561536
0.000256586600760
0.000256566603257
0.000256546577212
0.000256526529781
0.000256506467064
0.000256486394130
0.000256466315096
0.000256446233245
0.000256426151195
0.000256406071083
0.000256385994780
0.000256365924107
0.000256345861051
0.000256325807967
0.000256305767749
0.000256285743975
0.000256265741007
0.000256245764048
0.000256225819152
0.000256205913184
0.000256186053742
0.000256166249035
0.000256146507730
0.000256126838779
0.000256107251227
0.000256087754023
0.000256068355830
0.000256049064858
0.000256029888715
0.000256010834296
0.000255991907706
0.000255973114222
0.000255954458300
0.000255935943615
0.000255917573147
0.000255899349293
0.000255881274001
0.000255863348929
0.000255845575607
0.000255827955595
0.000255810490641
0.000255793182816
0.000255776034622
0.000255759049080
0.000255742229772
0.000255725580861
0.000255709107069
0.000255692813618
0.000255676706156
0.000255660790640
0.000255645073221
0.000255629560101
0.000255614257400
0.000255599171021
0.000255584306531
0.000255569669053
0.000255555263191
0.000255541092976
0.000255527161840
0.000255513472622
0.000255500027607
0.000255486828577
0.000255473876902
0.000255461173627
0.000255448719590
0.000255436515526
0.000255424562183
0.000255412860415
0.000255401411277
0.000255390216085
0.000255379276467
0.000255368594383
0.000255358172121
0.000255348012273
0.000255338117685
0.000255328491388
0.000255319136524
0.000255310056255
0.000255301253667
0.000255292731690
0.000255284493007
0.000255276539993
0.000255268874657
0.000255261498611
0.000255254413057
0.000255247618795
0.000255241116249
0.000255234905515
0.000255228986422
0.000255223358598
0.000255218021551
0.000255212974745
0.000255208217671
0.000255203749915
0.000255199571207
0.000255195681455
0.000255192080767
0.000255188769446
0.000255185747973
0.000255183016964
0.000255180577121
0.000255178429168
0.000255176573777
0.000255175011495
0.000255173742674
0.000255172767401
0.000255172085449
0.000255171696235
0.000255171598803
0.000255171791813
0.000255172273570
0.000255173042052
0.000255174094965
0.000255175429812
0.000255177043972
0.000255178934773
0.000255181099585
0.000255183535890
0.000255186241351
0.000255189213864
0.000255192451592
0.000255195952979
0.000255199716740
0.000255203741833
0.000255208027402
0.000255212572714
0.000255217377066
0.000255222439697
0.000255227759687
0.000255233335857
0.000255239166682
0.000255245250213
0.000255251584014
0.000255258165131
0.000255264990072
0.000255272054827
0.000255279354905
0.000255286885399
0.000255294641076
0.000255302616477
0.000255310806037
0.000255319204208
0.000255327805578
0.000255336604985
0.000255345597618
0.000255354779092
0.000255364145504
0.000255373693456
0.000255383420044
0.000255393322824
0.000255403399737
0.000255413649016
0.000255424069064
0.000255434658319
0.000255445415109
0.000255456337504
0.000255467423176
0.000255478669275
0.000255490072324
0.000255501628142
0.000255513331802
0.000255525177625
0.000255537159212
0.000255549269508
0.000255561500907
0.000255573845380
0.000255586294631
0.000255598840265
0.000255611473962
0.000255624187652
0.000255636973672
0.000255649824909
0.000255662734907
0.000255675697942
0.000255688709061
0.000255701764069
0.000255714859479
0.000255727992423
0.000255741160518
0.000255754361707
0.000255767594076
0.000255780855656
0.000255794144226
0.000255807457113
0.000255820791024
0.000255834141894
0.000255847504776
0.000255860873770
0.000255874242000
0.000255887601645
0.000255900944006
0.000255914259635
0.000255927538490
0.000255940770129
0.000255953943925
0.000255967049297
0.000255980075931
0.000255993014000
0.000256005854355
0.000256018588681
0.000256031209620
0.000256043710827
0.000256056086993
0.000256068333801
0.000256080447827
0.000256092426401
0.000256104267419
0.000256115969121
0.000256127529854
0.000256138947817
0.000256150220813
0.000256161346018
0.000256172319778
0.000256183137445
0.000256193793264
0.000256204280310
0.000256214590495
0.000256224714620
0.000256234642502
0.000256244363139
0.000256253864927
0.000256263135910
0.000256272164051
0.000256280937505
0.000256289444897
0.000256297675566
0.000256305619787
0.000256313268937
0.000256320615614
0.000256327653691
0.000256334378303
0.000256340785775
0.000256346873485
0.000256352639668
0.000256358083179
0.000256363203223
0.000256367999060
0.000256372469709
0.000256376613659
0.000256380428607
0.000256383911235
0.000256387057041
0.000256389860219
0.000256392313625
0.000256394408793
0.000256396136034
0.000256397484595
0.000256398442873
0.000256398998685
0.000256399139560
0.000256398853060
0.000256398127093
0.000256396950229
0.000256395311965
0.000256393202965
0.000256390615233
0.000256387542223
0.000256383978880
0.000256379921601
0.000256375368131
0.000256370317379
0.000256364769190
0.000256358724056
0.000256352182801
0.000256345146245
0.000256337614874
0.000256329588517
0.000256321066069
0.000256312045249
0.000256302522431
0.000256292492539
0.000256281949017
0.000256270883883
0.000256259287852
0.000256247150538
0.000256234460703
0.000256221206573
0.000256207376164
0.000256192957646
0.000256177939685
0.000256162311775
0.000256146064535
0.000256129189941
0.000256111681507
0.000256093534380
0.000256074745363
0.000256055312854
