0.002768927579330
0.002769858073895
0.002770753707373
0.002771570315557
0.002772266930015
0.002772807711070
0.002773163671642
0.002773314110684
0.002773247686995
0.002772963079593
0.002772469198809
0.002771784932158
0.002770938429877
0.002769965955966
0.002768910350586
0.002767819167946
0.002766742569419
0.002765731063850
0.002764833195305
0.002764093282364
0.002763549312294
0.002763231087988
0.002763158715638
0.002763341507081
0.002763777353155
0.002764452604073
0.002765342470480
0.002766411935651
0.002767617146070
0.002768907225594
0.002770226438445
0.002771516609394
0.002772719696429
0.002773780402649
0.002774648710525
0.002775282223209
0.002775648204353
0.002775725219633
0.002775504299407
0.002774989562102
0.002774198261058
0.002773160242791
0.002771916830809
0.002770519175064
0.002769026131794
0.002767501760581
0.002766012544160
0.002764624450701
0.002763399967441
0.002762395238109
0.002761657434241
0.002761222482363
0.002761113255271
0.002761338316824
0.002761891286559
0.002762750863932
0.002763881523224
0.002765234860423
0.002766751543907
0.002768363792876
0.002769998282509
0.002771579353836
0.002773032390415
0.002774287213777
0.002775281345932
0.002775962990208
0.002776293591297
0.002776249851469
0.002775825101640
0.002775029952762
0.002773892183542
0.002772455853630
0.002770779665709
0.002768934633861
0.002767001147639
0.002765065550105
0.002763216372195
0.002761540384134
0.002760118636206
0.002759022665426
0.002758311041148
0.002758026411402
0.002758193193146
0.002758816024197
0.002759879063541
0.002761346190989
0.002763162118501
0.002765254385355
0.002767536169522
0.002769909809913
0.002772270900176
0.002774512786136
0.002776531277083
0.002778229367090
0.002779521757133
0.002780338972454
0.002780630882429
0.002780369451759
0.002779550581432
0.002778194934486
0.002776347683651
0.002774077163859
0.002771472460384
0.002768640011013
0.002765699346086
0.002762778131387
0.002760006713918
0.002757512397726
0.002755413694944
0.002753814804914
0.002752800571168
0.002752432151930
0.002752743615055
0.002753739633705
0.002755394415794
0.002757651949988
0.002760427595798
0.002763610987301
0.002767070161694
0.002770656767756
0.002774212157850
0.002777574122645
0.002780583992467
0.002783093804827
0.002784973225588
0.002786115912309
0.002786445022922
0.002785917600708
0.002784527606905
0.002782307423683
0.002779327710912
0.002775695567761
0.002771551021965
0.002767061942784
0.002762417544978
0.002757820717608
0.002753479470009
0.002749597835221
0.002746366606036
0.002743954298779
0.002742498743562
0.002742099686446
0.002742812758531
0.002744645120406
0.002747553028754
0.002751441497620
0.002756166142282
0.002761537202286
0.002767325645447
0.002773271160411
0.002779091755696
0.002784494601908
0.002789187684773
0.002792891783128
0.002795352250895
0.002796350067526
0.002795711628847
0.002793316780338
0.002789104647211
0.002783076889111
0.002775298099633
0.002765893179227
0.002755041630696
0.002742968855063
0.002729934657157
0.002716219299875
0.002702107568207
0.002687871413816
0.002673751843187
0.002659940782720
0.002646563699015
0.002633663768909
0.002621188379858
0.002608978696084
0.002596762949904
0.002584154012394
0.002570651665692
0.002555649844571
0.002538448942371
0.002518273091416
0.002494292137228
0.002465647835716
0.002431483620331
0.002390977118651
0.002343374451925
0.002288025232659
0.002224417089931
0.002152208504009
0.002071258724167
0.001981653578297
0.001883726060188
0.001778070699264
0.001665550875349
0.001547298433740
0.001424705177950
0.001299406062524
0.001173254168533
0.001048287811608
0.000926690397699
0.000810743896289
0.000702777035694
0.000605109531894
0.000519993833475
0.000449555994105
0.000395737365058
0.000360238829945
0.000344469279593
0.000349499946638
0.000376026088037
0.000424337322609
0.000494297704594
0.000585336349567
0.000696449133555
0.000826211668924
0.000972803431159
0.001134042579544
0.001307430692320
0.001490206333689
0.001679406095787
0.001871931522584
0.002064620132450
0.002254318618360
0.002437956224197
0.002612616275373
0.002775603883126
0.002924507943431
0.003057255710651
0.003172158438061
0.003267946835785
0.003343795393466
0.003399334940861
0.003434653164381
0.003450283150436
0.003447180376295
0.003426688904965
0.003390497851834
0.003340589467790
0.003279180417641
0.003208658016734
0.003131513317265
0.003050273005081
0.002967432076187
0.002885389209835
0.002806386644248
0.002732456195806
0.002665372848762
0.002606617087561
0.002557346856363
0.002518379719877
0.002490185476525
0.002472889149681
0.002466283965861
0.002469853630312
0.002482802939792
0.002504095537778
0.002532497425817
0.002566624701698
0.002604993904353
0.002646073308754
0.002688333531800
0.002730295880440
0.002770576992732
0.002807928486111
0.002841270528482
0.002869718479219
0.002892602000485
0.002909476305309
0.002920125478509
0.002924558070552
0.002922995414136
0.002915853340479
0.002903718169983
0.002887318014060
0.002867490546930
0.002845148485050
0.002821244045863
0.002796733647022
0.002772544053527
0.002749541086623
0.002728501879028
0.002710091501772
0.002694844605020
0.002683152515809
0.002675256027212
0.002671243903628
0.002671056923208
0.002674497087862
0.002681241460293
0.002690859941540
0.002702836186145
0.002716590768401
0.002731505664426
0.002746949101514
0.002762299847851
0.002776970070386
0.002790425973304
0.002802205540243
0.002811932835180
0.002819328464342
0.002824215958603
0.002826523996546
0.002826284546611
0.002823627156722
0.002818769756172
0.002812006452674
0.002803692903512
0.002794229910743
0.002784045934523
0.002773579235015
0.002763260342272
0.002753495516200
0.002744651797446
0.002737044167902
0.002730925240234
0.002726477783744
0.002723810273654
0.002722955527418
0.002723872369728
0.002726450152202
0.002730515848478
0.002735843354479
0.002742164549905
0.002749181622976
0.002756580127568
0.002764042230788
0.002771259619500
0.002777945565325
0.002783845697300
0.002788747097263
0.002792485412040
0.002794949765119
0.002796085344996
0.002795893643857
0.002794430414766
0.002791801504548
0.002788156799537
0.002783682589530
0.002778592709221
0.002773118854319
0.002767500490515
0.002761974776995
0.002756766912725
0.002752081284264
0.002748093749963
0.002744945339358
0.002742737580822
0.002741529598113
0.002741337040416
0.002742132833941
0.002743849669297
0.002746384070564
0.002749601831832
0.002753344557265
0.002757437003115
0.002761694895846
0.002765932890202
0.002769972334776
0.002773648529825
0.002776817191744
0.002779359879168
0.002781188185205
0.002782246556585
0.002782513660965
0.002782002285826
0.002780757813586
0.002778855375355
0.002776395837807
0.002773500822043
0.002770306988260
0.002766959844536
0.002763607351108
0.002760393593119
0.002757452784916
0.002754903848559
0.002752845779024
0.002751353970472
0.002750477633391
0.002750238383576
0.002750630032886
0.002751619560596
0.002753149195230
0.002755139491825
0.002757493250585
0.002760100091194
0.002762841473908
0.002765595944692
0.002768244377437
0.002770674991730
0.002772787939223
0.002774499274619
0.002775744157463
0.002776479166911
0.002776683651789
0.002776360080771
0.002775533400604
0.002774249452085
0.002772572532310
0.002770582225939
0.002768369656513
0.002766033330170
0.002763674757693
