0.000256479398945
0.000256504250462
0.000256528403417
0.000256551870055
0.000256574661875
0.000256596789252
0.000256618261109
0.000256639084681
0.000256659265345
0.000256678806571
0.000256697709950
0.000256715975330
0.000256733601040
0.000256750584187
0.000256766921018
0.000256782607328
0.000256797638886
0.000256812011872
0.000256825723284
0.000256838771315
0.000256851155667
0.000256862877789
0.000256873941040
0.000256884350746
0.000256894114173
0.000256903240402
0.000256911740117
0.000256919625321
0.000256926908986
0.000256933604666
0.000256939726077
0.000256945286684
0.000256950299302
0.000256954775727
0.000256958726435
0.000256962160339
0.000256965084637
0.000256967504741
0.000256969424299
0.000256970845313
0.000256971768326
0.000256972192700
0.000256972116936
0.000256971539047
0.000256970456953
0.000256968868873
0.000256966773711
0.000256964171399
0.000256961063193
0.000256957451901
0.000256953342032
0.000256948739865
0.000256943653429
0.000256938092399
0.000256932067909
0.000256925592301
0.000256918678815
0.000256911341236
0.000256903593521
0.000256895449425
0.000256886922132
0.000256878023930
0.000256868765926
0.000256859157827
0.000256849207794
0.000256838922373
0.000256828306508
0.000256817363638
0.000256806095862
0.000256794504178
0.000256782588766
0.000256770349316
0.000256757785379
0.000256744896713
0.000256731683624
0.000256718147276
0.000256704289949
0.000256690115249
0.000256675628240
0.000256660835510
0.000256645745154
0.000256630366691
0.000256614710903
0.000256598789615
0.000256582615429
0.000256566201420
0.000256549560810
0.000256532706640
0.000256515651459
0.000256498407031
0.000256480984094
0.000256463392169
0.000256445639431
0.000256427732647
0.000256409677191
0.000256391477118
0.000256373135310
0.000256354653677
0.000256336033397
0.000256317275198
0.000256298379648
0.000256279347457
0.000256260179762
0.000256240878384
0.000256221446050
0.000256201886568
0.000256182204932
0.000256162407382
0.000256142501386
0.000256122495565
0.000256102399560
0.000256082223849
0.000256061979523
0.000256041678029
0.000256021330908
0.000256000949518
0.000255980544781
0.000255960126947
0.000255939705397
0.000255919288489
0.000255898883459
0.000255878496376
0.000255858132155
0.000255837794629
0.000255817486668
0.000255797210342
0.000255776967127
0.000255756758122
0.000255736584293
0.000255716446706
0.000255696346756
0.000255676286366
0.000255656268158
0.000255636295582
0.000255616372997
0.000255596505701
0.000255576699916
0.000255556962715
0.000255537301911
0.000255517725910
0.000255498243525
0.000255478863783
0.000255459595710
0.000255440448130
0.000255421429466
0.000255402547571
0.000255383809583
0.000255365221818
0.000255346789713
0.000255328517797
0.000255310409722
0.000255292468324
0.000255274695726
0.000255257093474
0.000255239662692
0.000255222404251
0.000255205318952
0.000255188407692
0.000255171671627
0.000255155112311
0.000255138731804
0.000255122532753
0.000255106518431
0.000255090692744
0.000255075060196
0.000255059625823
0.000255044395096
0.000255029373804
0.000255014567913
0.000254999983422
0.000254985626217
0.000254971501929
0.000254957615806
0.000254943972613
0.000254930576546
0.000254917431186
0.000254904539476
0.000254891903732
0.000254879525686
0.000254867406553
0.000254855547120
0.000254843947852
0.000254832609008
0.000254821530760
0.000254810713310
0.000254800156995
0.000254789862376
0.000254779830311
0.000254770061998
0.000254760559002
0.000254751323240
0.000254742356962
0.000254733662689
0.000254725243149
0.000254717101186
0.000254709239667
0.000254701661387
0.000254694368971
0.000254687364789
0.000254680650885
0.000254674228919
0.000254668100133
0.000254662265339
0.000254656724925
0.000254651478889
0.000254646526885
0.000254641868293
0.000254637502287
0.000254633427927
0.000254629644234
0.000254626150276
0.000254622945235
0.000254620028463
0.000254617399523
0.000254615058210
0.000254613004547
0.000254611238768
0.000254609761274
0.000254608572579
0.000254607673235
0.000254607063760
0.000254606744549
0.000254606715796
0.000254606977418
0.000254607528995
0.000254608369721
0.000254609498375
0.000254610913317
0.000254612612501
0.000254614593511
0.000254616853619
0.000254619389856
0.000254622199099
0.000254625278161
0.000254628623888
0.000254632233249
0.000254636103419
0.000254640231842
0.000254644616286
0.000254649254863
0.000254654146032
0.000254659288577
0.000254664681553
0.000254670324222
0.000254676215958
0.000254682356143
0.000254688744055
0.000254695378757
0.000254702258977
0.000254709383019
0.000254716748673
0.000254724353156
0.000254732193083
0.000254740264454
0.000254748562687
0.000254757082667
0.000254765818835
0.000254774765288
0.000254783915910
0.000254793264506
0.000254802804946
0.000254812531304
0.000254822437987
0.000254832519846
0.000254842772263
0.000254853191210
0.000254863773267
0.000254874515617
0.000254885415991
0.000254896472587
0.000254907683958
0.000254919048871
0.000254930566149
0.000254942234503
0.000254954052365
0.000254966017720
0.000254978127965
0.000254990379785
0.000255002769063
0.000255015290827
0.000255027939239
0.000255040707625
0.000255053588548
0.000255066573920
0.000255079655145
0.000255092823298
0.000255106069311
0.000255119384175
0.000255132759144
0.000255146185918
0.000255159656814
0.000255173164898
0.000255186704083
0.000255200269187
0.000255213855931
0.000255227460899
0.000255241081446
0.000255254715561
0.000255268361697
0.000255282018565
0.000255295684915
0.000255309359304
0.000255323039871
0.000255336724127
0.000255350408769
0.000255364089534
0.000255377761094
0.000255391417009
0.000255405049724
0.000255418650635
0.000255432210196
0.000255445718078
0.000255459163380
0.000255472534850
0.000255485821150
0.000255499011109
0.000255512093984
0.000255525059692
0.000255537899020
0.000255550603784
0.000255563166944
0.000255575582658
0.000255587846276
0.000255599954271
0.000255611904114
0.000255623694092
0.000255635323086
0.000255646790306
0.000255658095020
0.000255669236259
0.000255680212540
0.000255691021611
0.000255701660224
0.000255712123959
0.000255722407112
0.000255732502629
0.000255742402128
0.000255752095969
0.000255761573405
0.000255770822776
0.000255779831764
0.000255788587676
0.000255797077754
0.000255805289488
0.000255813210927
0.000255820830956
0.000255828139544
0.000255835127933
0.000255841788771
0.000255848116171
0.000255854105703
0.000255859754305
0.000255865060134
0.000255870022348
0.000255874640839
0.000255878915925
0.000255882848021
0.000255886437300
0.000255889683366
0.000255892584952
0.000255895139659
0.000255897343753
0.000255899192027
0.000255900677734
0.000255901792605
0.000255902526938
0.000255902869764
0.000255902809078
0.000255902332131
0.000255901425751
0.000255900076707
0.000255898272062
0.000255895999530
0.000255893247798
0.000255890006805
0.000255886267962
0.000255882024303
0.000255877270555
0.000255872003130
0.000255866220027
0.000255859920668
0.000255853105645
0.000255845776431
0.000255837935026
0.000255829583592
0.000255820724070
0.000255811357809
0.000255801485231
0.000255791105534
0.000255780216459
0.000255768814136
0.000255756893005
0.000255744445825
0.000255731463776
0.000255717936633
0.000255703853024
0.000255689200741
0.000255673967103
0.000255658139346
0.000255641705021
0.000255624652384
