0.000178186869097
0.000178164423932
0.000178141805646
0.000178119057116
0.000178096225391
0.000178073360432
0.000178050513742
0.000178027736914
0.000178005080158
0.000177982590826
0.000177960312014
0.000177938281281
0.000177916529552
0.000177895080243
0.000177873948668
0.000177853141738
0.000177832657986
0.000177812487911
0.000177792614616
0.000177773014716
0.000177753659468
0.000177734516049
0.000177715548938
0.000177696721308
0.000177677996386
0.000177659338701
0.000177640715183
0.000177622096068
0.000177603455595
0.000177584772476
0.000177566030163
0.000177547216909
0.000177528325665
0.000177509353839
0.000177490302952
0.000177471178217
0.000177451988083
0.000177432743744
0.000177413458657
0.000177394148041
0.000177374828402
0.000177355517045
0.000177336231595
0.000177316989520
0.000177297807653
0.000177278701719
0.000177259685893
0.000177240772383
0.000177221971078
0.000177203289272
0.000177184731501
0.000177166299498
0.000177147992289
0.000177129806440
0.000177111736445
0.000177093775245
0.000177075914843
0.000177058146997
0.000177040463931
0.000177022859021
0.000177005327412
0.000176987866522
0.000176970476384
0.000176953159809
0.000176935922358
0.000176918772111
0.000176901719262
0.000176884775554
0.000176867953609
0.000176851266185
0.000176834725417
0.000176818342096
0.000176802125020
0.000176786080472
0.000176770211833
0.000176754519361
0.000176739000129
0.000176723648118
0.000176708454447
0.000176693407708
0.000176678494382
0.000176663699311
0.000176649006181
0.000176634398011
0.000176619857621
0.000176605368072
0.000176590913077
0.000176576477382
0.000176562047123
0.000176547610180
0.000176533156507
0.000176518678472
0.000176504171179
0.000176489632782
0.000176475064754
0.000176460472120
0.000176445863593
0.000176431251622
0.000176416652295
0.000176402085111
0.000176387572577
0.000176373139656
0.000176358813058
0.000176344620404
0.000176330589305
0.000176316746380
0.000176303116279
0.000176289720762
0.000176276577876
0.000176263701283
0.000176251099781
0.000176238777033
0.000176226731516
0.000176214956700
0.000176203441423
0.000176192170441
0.000176181125117
0.000176170284198
0.000176159624635
0.000176149122405
0.000176138753292
0.000176128493594
0.000176118320741
0.000176108213808
0.000176098153915
0.000176088124542
0.000176078111744
0.000176068104313
0.000176058093872
0.000176048074947
0.000176038045008
0.000176028004482
0.000176017956752
0.000176007908117
0.000175997867709
0.000175987847349
0.000175977861330
0.000175967926108
0.000175958059904
0.000175948282215
0.000175938613234
0.000175929073218
0.000175919681814
0.000175910457389
0.000175901416397
0.000175892572817
0.000175883937710
0.000175875518918
0.000175867320920
0.000175859344862
0.000175851588755
0.000175844047821
0.000175836714967
0.000175829581341
0.000175822636935
0.000175815871189
0.000175809273554
0.000175802833975
0.000175796543268
0.000175790393381
0.000175784377514
0.000175778490127
0.000175772726847
0.000175767084282
0.000175761559804
0.000175756151307
0.000175750856985
0.000175745675147
0.000175740604096
0.000175735642079
0.000175730787299
0.000175726037992
0.000175721392545
0.000175716849637
0.000175712408374
0.000175708068398
0.000175703829956
0.000175699693912
0.000175695661685
0.000175691735147
0.000175687916463
0.000175684207906
0.000175680611672
0.000175677129710
0.000175673763604
0.000175670514514
0.000175667383191
0.000175664370080
0.000175661475488
0.000175658699812
0.000175656043809
0.000175653508857
0.000175651097210
0.000175648812177
0.000175646658231
0.000175644641009
0.000175642767201
0.000175641044326
0.000175639480403
0.000175638083554
0.000175636861551
0.000175635821351
0.000175634968665
0.000175634307587
0.000175633840311
0.000175633566982
0.000175633485659
0.000175633592429
0.000175633881624
0.000175634346154
0.000175634977902
0.000175635768159
0.000175636708055
0.000175637788966
0.000175639002846
0.000175640342481
0.000175641801647
0.000175643375166
0.000175645058876
0.000175646849533
0.000175648744659
0.000175650742371
0.000175652841219
0.000175655040047
0.000175657337911
0.000175659734045
0.000175662227888
0.000175664819171
0.000175667508025
0.000175670295119
0.000175673181783
0.000175676170103
0.000175679262960
0.000175682464010
0.000175685777584
0.000175689208526
0.000175692761966
0.000175696443054
0.000175700256684
0.000175704207231
0.000175708298328
0.000175712532717
0.000175716912189
0.000175721437618
0.000175726109100
0.000175730926181
0.000175735888151
0.000175740994378
0.000175746244656
0.000175751639509
0.000175757180440
0.000175762870081
0.000175768712223
0.000175774711721
0.000175780874266
0.000175787206048
0.000175793713318
0.000175800401906
0.000175807276699
0.000175814341160
0.000175821596892
0.000175829043306
0.000175836677401
0.000175844493693
0.000175852484273
0.000175860639009
0.000175868945858
0.000175877391274
0.000175885960678
0.000175894638952
0.000175903410939
0.000175912261903
0.000175921177947
0.000175930146366
0.000175939155928
0.000175948197103
0.000175957262225
0.000175966345627
0.000175975443741
0.000175984555196
0.000175993680910
0.000176002824182
0.000176011990789
0.000176021189063
0.000176030429942
0.000176039726965
0.000176049096197
0.000176058556042
0.000176068126948
0.000176077830978
0.000176087691244
0.000176097731230
0.000176107973999
0.000176118441346
0.000176129152913
0.000176140125332
0.000176151371438
0.000176162899596
0.000176174713208
0.000176186810403
0.000176199183954
0.000176211821434
0.000176224705576
0.000176237814857
0.000176251124238
0.000176264606039
0.000176278230893
0.000176291968729
0.000176305789742
0.000176319665294
0.000176333568731
0.000176347476071
0.000176361366565
0.000176375223116
0.000176389032574
0.000176402785902
0.000176416478245
0.000176430108913
0.000176443681284
0.000176457202662
0.000176470684071
0.000176484139998
0.000176497588093
0.000176511048790
0.000176524544875
0.000176538100959
0.000176551742881
0.000176565497027
0.000176579389580
0.000176593445717
0.000176607688783
0.000176622139484
0.000176636815122
0.000176651728933
0.000176666889564
0.000176682300716
0.000176697961003
0.000176713864022
0.000176729998654
0.000176746349575
0.000176762897958
0.000176779622322
0.000176796499488
0.000176813505579
0.000176830617010
0.000176847811414
0.000176865068453
0.000176882370475
0.000176899702994
0.000176917054971
0.000176934418902
0.000176951790730
0.000176969169600
0.000176986557490
0.000177003958754
0.000177021379626
0.000177038827696
0.000177056311416
0.000177073839632
0.000177091421182
0.000177109064538
0.000177126777518
0.000177144567042
0.000177162438929
0.000177180397738
0.000177198446616
0.000177216587185
0.000177234819445
0.000177253141704
0.000177271550563
0.000177290040950
0.000177308606232
0.000177327238418
0.000177345928464
0.000177364666679
0.000177383443231
0.000177402248736
0.000177421074902
0.000177439915194
0.000177458765478
0.000177477624595
0.000177496494822
0.000177515382172
0.000177534296500
0.000177553251394
0.000177572263832
0.000177591353620
0.000177610542626
0.000177629853844
0.000177649310348
0.000177668934171
0.000177688745197
0.000177708760103
0.000177728991428
0.000177749446810
0.000177770128425
0.000177791032666
0.000177812150058
0.000177833465414
0.000177854958210
0.000177876603163
