0.000236637751976
0.000236622926363
0.000236607791306
0.000236592309869
0.000236576447408
0.000236560172940
0.000236543460374
0.000236526289564
0.000236508647139
0.000236490527082
0.000236471931040
0.000236452868354
0.000236433355804
0.000236413417099
0.000236393082103
0.000236372385856
0.000236351367411
0.000236330068537
0.000236308532338
0.000236286801831
0.000236264918550
0.000236242921212
0.000236220844502
0.000236198718012
0.000236176565381
0.000236154403653
0.000236132242880
0.000236110085980
0.000236087928850
0.000236065760732
0.000236043564802
0.000236021318977
0.000235998996890
0.000235976569012
0.000235954003869
0.000235931269306
0.000235908333773
0.000235885167563
0.000235861743977
0.000235838040365
0.000235814039021
0.000235789727890
0.000235765101069
0.000235740159098
0.000235714909016
0.000235689364190
0.000235663543938
0.000235637472934
0.000235611180447
0.000235584699416
0.000235558065417
0.000235531315534
0.000235504487202
0.000235477617032
0.000235450739680
0.000235423886795
0.000235397086073
0.000235370360456
0.000235343727508
0.000235317198974
0.000235290780553
0.000235264471886
0.000235238266745
0.000235212153445
0.000235186115431
0.000235160132044
0.000235134179423
0.000235108231516
0.000235082261162
0.000235056241207
0.000235030145614
0.000235003950522
0.000234977635224
0.000234951183017
0.000234924581913
0.000234897825168
0.000234870911611
0.000234843845781
0.000234816637846
0.000234789303322
0.000234761862596
0.000234734340280
0.000234706764416
0.000234679165558
0.000234651575782
0.000234624027645
0.000234596553133
0.000234569182657
0.000234541944101
0.000234514861989
0.000234487956774
0.000234461244291
0.000234434735385
0.000234408435722
0.000234382345791
0.000234356461097
0.000234330772527
0.000234305266882
0.000234279927537
0.000234254735230
0.000234229668913
0.000234204706667
0.000234179826627
0.000234155007880
0.000234130231325
0.000234105480443
0.000234080741957
0.000234056006371
0.000234031268357
0.000234006526986
0.000233981785799
0.000233957052717
0.000233932339790
0.000233907662818
0.000233883040830
0.000233858495469
0.000233834050290
0.000233809730006
0.000233785559707
0.000233761564075
0.000233737766630
0.000233714189032
0.000233690850454
0.000233667767059
0.000233644951587
0.000233622413071
0.000233600156686
0.000233578183741
0.000233556491799
0.000233535074931
0.000233513924088
0.000233493027578
0.000233472371624
0.000233451940986
0.000233431719628
0.000233411691395
0.000233391840688
0.000233372153103
0.000233352616013
0.000233333219081
0.000233313954678
0.000233294818196
0.000233275808239
0.000233256926707
0.000233238178741
0.000233219572563
0.000233201119198
0.000233182832098
0.000233164726686
0.000233146819831
0.000233129129284
0.000233111673083
0.000233094468969
0.000233077533814
0.000233060883104
0.000233044530472
0.000233028487319
0.000233012762520
0.000232997362236
0.000232982289827
0.000232967545869
0.000232953128282
0.000232939032544
0.000232925251994
0.000232911778207
0.000232898601423
0.000232885711009
0.000232873095944
0.000232860745300
0.000232848648707
0.000232836796776
0.000232825181475
0.000232813796434
0.000232802637185
0.000232791701308
0.000232780988502
0.000232770500567
0.000232760241304
0.000232750216343
0.000232740432906
0.000232730899510
0.000232721625638
0.000232712621381
0.000232703897062
0.000232695462875
0.000232687328535
0.000232679502957
0.000232671993979
0.000232664808144
0.000232657950521
0.000232651424613
0.000232645232306
0.000232639373903
0.000232633848204
0.000232628652646
0.000232623783496
0.000232619236075
0.000232615005016
0.000232611084535
0.000232607468709
0.000232604151748
0.000232601128248
0.000232598393412
0.000232595943244
0.000232593774690
0.000232591885732
0.000232590275438
0.000232588943947
0.000232587892416
0.000232587122915
0.000232586638281
0.000232586441941
0.000232586537709
0.000232586929576
0.000232587621480
0.000232588617104
0.000232589919672
0.000232591531779
0.000232593455258
0.000232595691077
0.000232598239291
0.000232601099038
0.000232604268574
0.000232607745366
0.000232611526212
0.000232615607408
0.000232619984929
0.000232624654632
0.000232629612464
0.000232634854667
0.000232640377962
0.000232646179716
0.000232652258067
0.000232658612017
0.000232665241470
0.000232672147233
0.000232679330955
0.000232686795027
0.000232694542440
0.000232702576598
0.000232710901112
0.000232719519564
0.000232728435274
0.000232737651061
0.000232747169018
0.000232756990316
0.000232767115041
0.000232777542073
0.000232788269012
0.000232799292163
0.000232810606578
0.000232822206146
0.000232834083747
0.000232846231445
0.000232858640725
0.000232871302765
0.000232884208724
0.000232897350039
0.000232910718722
0.000232924307637
0.000232938110757
0.000232952123373
0.000232966342266
0.000232980765814
0.000232995394043
0.000233010228612
0.000233025272734
0.000233040531028
0.000233056009313
0.000233071714350
0.000233087653530
0.000233103834537
0.000233120264979
0.000233136952009
0.000233153901953
0.000233171119955
0.000233188609651
0.000233206372891
0.000233224409513
0.000233242717192
0.000233261291357
0.000233280125192
0.000233299209723
0.000233318533977
0.000233338085236
0.000233357849356
0.000233377811145
0.000233397954801
0.000233418264386
0.000233438724311
0.000233459319838
0.000233480037550
0.000233500865799
0.000233521795092
0.000233542818411
0.000233563931447
0.000233585132737
0.000233606423692
0.000233627808525
0.000233649294053
0.000233670889409
0.000233692605642
0.000233714455238
0.000233736451572
0.000233758608304
0.000233780938755
0.000233803455275
0.000233826168628
0.000233849087433
0.000233872217660
0.000233895562224
0.000233919120684
0.000233942889062
0.000233966859796
0.000233991021820
0.000234015360792
0.000234039859435
0.000234064498009
0.000234089254873
0.000234114107137
0.000234139031361
0.000234164004297
0.000234189003621
0.000234214008648
0.000234239000993
0.000234263965151
0.000234288888976
0.000234313764042
0.000234338585871
0.000234363354008
0.000234388071958
0.000234412746973
0.000234437389695
0.000234462013679
0.000234486634797
0.000234511270562
0.000234535939377
0.000234560659751
0.000234585449500
0.000234610324966
0.000234635300285
0.000234660386721
0.000234685592096
0.000234710920342
0.000234736371174
0.000234761939921
0.000234787617503
0.000234813390557
0.000234839241727
0.000234865150086
0.000234891091690
0.000234917040250
0.000234942967883
0.000234968845940
0.000234994645862
0.000235020340050
0.000235045902710
0.000235071310652
0.000235096544006
0.000235121586831
0.000235146427603
0.000235171059546
0.000235195480806
0.000235219694457
0.000235243708322
0.000235267534633
0.000235291189519
0.000235314692353
0.000235338064959
0.000235361330731
0.000235384513670
0.000235407637382
0.000235430724079
0.000235453793605
0.000235476862536
0.000235499943384
0.000235523043937
0.000235546166756
0.000235569308864
0.000235592461623
0.000235615610832
0.000235638737019
0.000235661815937
0.000235684819244
0.000235707715346
0.000235730470367
0.000235753049220
0.000235775416734
0.000235797538798
0.000235819383482
0.000235840922078
0.000235862130048
0.000235882987812
0.000235903481364
0.000235923602688
0.000235943349955
0.000235962727488
0.000235981745505
0.000236000419639
0.000236018770261
0.000236036821622
