0.000168628845864
0.000168622994100
0.000168617982341
0.000168613775542
0.000168610337335
0.000168607630892
0.000168605619440
0.000168604266439
0.000168603535428
0.000168603389579
0.000168603790995
0.000168604699833
0.000168606073296
0.000168607864614
0.000168610022073
0.000168612488203
0.000168615199198
0.000168618084658
0.000168621067712
0.000168624065546
0.000168626990375
0.000168629750812
0.000168632253619
0.000168634405747
0.000168636116572
0.000168637300229
0.000168637877907
0.000168637780001
0.000168636947998
0.000168635336007
0.000168632911867
0.000168629657771
0.000168625570395
0.000168620660532
0.000168614952272
0.000168608481765
0.000168601295641
0.000168593449171
0.000168585004251
0.000168576027305
0.000168566587191
0.000168556753215
0.000168546593320
0.000168536172541
0.000168525551779
0.000168514786955
0.000168503928573
0.000168493021702
0.000168482106383
0.000168471218408
0.000168460390431
0.000168449653316
0.000168439037645
0.000168428575245
0.000168418300650
0.000168408252344
0.000168398473715
0.000168389013608
0.000168379926417
0.000168371271693
0.000168363113258
0.000168355517852
0.000168348553381
0.000168342286845
0.000168336782047
0.000168332097197
0.000168328282526
0.000168325378032
0.000168323411448
0.000168322396541
0.000168322331799
0.000168323199588
0.000168324965786
0.000168327579951
0.000168330975978
0.000168335073272
0.000168339778362
0.000168344986917
0.000168350586095
0.000168356457120
0.000168362478003
0.000168368526296
0.000168374481753
0.000168380228808
0.000168385658754
0.000168390671551
0.000168395177192
0.000168399096592
0.000168402362002
0.000168404916964
0.000168406715869
0.000168407723180
0.000168407912438
0.000168407265138
0.000168405769588
0.000168403419857
0.000168400214897
0.000168396157905
0.000168391255970
0.000168385520036
0.000168378965160
0.000168371611059
0.000168363482881
0.000168354612151
0.000168345037819
0.000168334807329
0.000168323977623
0.000168312615999
0.000168300800752
0.000168288621502
0.000168276179169
0.000168263585518
0.000168250962245
0.000168238439589
0.000168226154451
0.000168214248073
0.000168202863297
0.000168192141502
0.000168182219322
0.000168173225238
0.000168165276217
0.000168158474511
0.000168152904766
0.000168148631569
0.000168145697553
0.000168144122118
0.000168143900854
0.000168145005653
0.000168147385514
0.000168150967988
0.000168155661183
0.000168161356233
0.000168167930123
0.000168175248753
0.000168183170105
0.000168191547420
0.000168200232265
0.000168209077393
0.000168217939330
0.000168226680623
0.000168235171696
0.000168243292294
0.000168250932510
0.000168257993394
0.000168264387180
0.000168270037172
0.000168274877355
0.000168278851797
0.000168281913941
0.000168284025866
0.000168285157610
0.000168285286640
0.000168284397534
0.000168282481922
0.000168279538704
0.000168275574552
0.000168270604651
0.000168264653613
0.000168257756498
0.000168249959829
0.000168241322496
0.000168231916448
0.000168221827072
0.000168211153172
0.000168200006497
0.000168188510774
0.000168176800240
0.000168165017697
0.000168153312121
0.000168141835898
0.000168130741771
0.000168120179582
0.000168110292923
0.000168101215809
0.000168093069474
0.000168085959411
0.000168079972760
0.000168075176143
0.000168071614029
0.000168069307704
0.000168068254895
0.000168068430070
0.000168069785420
0.000168072252486
0.000168075744368
0.000168080158432
0.000168085379407
0.000168091282714
0.000168097737922
0.000168104612142
0.000168111773261
0.000168119092855
0.000168126448709
0.000168133726854
0.000168140823084
0.000168147643947
0.000168154107228
0.000168160141969
0.000168165688099
0.000168170695757
0.000168175124385
0.000168178941707
0.000168182122659
0.000168184648364
0.000168186505225
0.000168187684182
0.000168188180190
0.000168187991935
0.000168187121809
0.000168185576139
0.000168183365645
0.000168180506097
0.000168177019114
0.000168172933038
0.000168168283801
0.000168163115703
0.000168157482000
0.000168151445222
0.000168145077141
0.000168138458317
0.000168131677198
0.000168124828758
0.000168118012688
0.000168111331191
0.000168104886477
0.000168098778035
0.000168093099829
0.000168087937534
0.000168083365953
0.000168079446732
0.000168076226489
0.000168073735439
0.000168071986583
0.000168070975488
0.000168070680673
0.000168071064574
0.000168072075047
0.000168073647345
0.000168075706495
0.000168078169955
0.000168080950489
0.000168083959104
0.000168087107972
0.000168090313202
0.000168093497362
0.000168096591652
0.000168099537635
0.000168102288470
0.000168104809585
0.000168107078789
0.000168109085815
0.000168110831352
0.000168112325621
0.000168113586604
0.000168114638021
0.000168115507200
0.000168116222965
0.000168116813656
0.000168117305411
0.000168117720784
0.000168118077765
0.000168118389246
0.000168118662920
0.000168118901594
0.000168119103870
0.000168119265112
0.000168119378624
0.000168119436945
0.000168119433164
0.000168119362175
0.000168119221783
0.000168119013592
0.000168118743626
0.000168118422629
0.000168118066029
0.000168117693545
0.000168117328462
0.000168116996581
0.000168116724901
0.000168116540100
0.000168116466876
0.000168116526259
0.000168116733991
0.000168117099076
0.000168117622604
0.000168118296953
0.000168119105425
0.000168120022391
0.000168121013947
0.000168122039086
0.000168123051332
0.000168124000774
0.000168124836385
0.000168125508521
0.000168125971456
0.000168126185829
0.000168126120867
0.000168125756270
0.000168125083663
0.000168124107552
0.000168122845717
0.000168121329053
0.000168119600844
0.000168117715518
0.000168115736924
0.000168113736210
0.000168111789393
0.000168109974704
0.000168108369833
0.000168107049166
0.000168106081143
0.000168105525845
0.000168105432903
0.000168105839833
0.000168106770863
0.000168108236308
0.000168110232519
0.000168112742393
0.000168115736421
0.000168119174201
0.000168123006323
0.000168127176530
0.000168131624002
0.000168136285666
0.000168141098377
0.000168146000881
0.000168150935453
0.000168155849155
0.000168160694665
0.000168165430683
0.000168170021929
0.000168174438782
0.000168178656613
0.000168182654919
0.000168186416308
0.000168189925462
0.000168193168126
0.000168196130238
0.000168198797240
0.000168201153638
0.000168203182864
0.000168204867438
0.000168206189473
0.000168207131492
0.000168207677538
0.000168207814533
0.000168207533816
0.000168206832784
0.000168205716535
0.000168204199406
0.000168202306300
0.000168200073681
0.000168197550163
0.000168194796577
0.000168191885503
0.000168188900206
0.000168185933004
0.000168183083111
0.000168180454031
0.000168178150596
0.000168176275792
0.000168174927509
0.000168174195344
0.000168174157621
0.000168174878736
0.000168176406958
0.000168178772748
0.000168181987682
0.000168186043996
0.000168190914770
0.000168196554723
0.000168202901595
0.000168209878043
0.000168217393975
0.000168225349237
0.000168233636548
0.000168242144555
0.000168250760918
0.000168259375284
0.000168267882044
0.000168276182776
0.000168284188273
0.000168291820101
0.000168299011633
0.000168305708560
0.000168311868889
0.000168317462473
0.000168322470162
0.000168326882656
0.000168330699180
0.000168333926096
0.000168336575561
0.000168338664340
0.000168340212848
0.000168341244477
0.000168341785253
0.000168341863806
0.000168341511630
0.000168340763600
0.000168339658654
0.000168338240583
