0.000173158106805
0.000173136656906
0.000173116761421
0.000173098654148
0.000173082542073
0.000173068601015
0.000173056971941
0.000173047758126
0.000173041023242
0.000173036790455
0.000173035042558
0.000173035723106
0.000173038738511
0.000173043960970
0.000173051232132
0.000173060367315
0.000173071160139
0.000173083387397
0.000173096814001
0.000173111197853
0.000173126294504
0.000173141861485
0.000173157662204
0.000173173469340
0.000173189067683
0.000173204256371
0.000173218850535
0.000173232682351
0.000173245601545
0.000173257475399
0.000173268188353
0.000173277641283
0.000173285750570
0.000173292447084
0.000173297675190
0.000173301391883
0.000173303566151
0.000173304178622
0.000173303221543
0.000173300699082
0.000173296627936
0.000173291038155
0.000173283974128
0.000173275495575
0.000173265678454
0.000173254615642
0.000173242417271
0.000173229210624
0.000173215139520
0.000173200363120
0.000173185054165
0.000173169396641
0.000173153582924
0.000173137810475
0.000173122278172
0.000173107182393
0.000173092712961
0.000173079049090
0.000173066355442
0.000173054778449
0.000173044443003
0.000173035449648
0.000173027872376
0.000173021757121
0.000173017121021
0.000173013952497
0.000173012212163
0.000173011834559
0.000173012730641
0.000173014790954
0.000173017889360
0.000173021887166
0.000173026637497
0.000173031989709
0.000173037793680
0.000173043903790
0.000173050182443
0.000173056503008
0.000173062752089
0.000173068831069
0.000173074656932
0.000173080162388
0.000173085295350
0.000173090017875
0.000173094304657
0.000173098141209
0.000173101521843
0.000173104447579
0.000173106924097
0.000173108959834
0.000173110564311
0.000173111746778
0.000173112515218
0.000173112875753
0.000173112832476
0.000173112387695
0.000173111542574
0.000173110298116
0.000173108656417
0.000173106622112
0.000173104203885
0.000173101415954
0.000173098279377
0.000173094823084
0.000173091084515
0.000173087109782
0.000173082953302
0.000173078676867
0.000173074348178
0.000173070038890
0.000173065822246
0.000173061770440
0.000173057951815
0.000173054428077
0.000173051251649
0.000173048463328
0.000173046090353
0.000173044145011
0.000173042623823
0.000173041507387
0.000173040760863
0.000173040335101
0.000173040168366
0.000173040188584
0.000173040316036
0.000173040466388
0.000173040553945
0.000173040495008
0.000173040211197
0.000173039632612
0.000173038700697
0.000173037370691
0.000173035613537
0.000173033417177
0.000173030787146
0.000173027746437
0.000173024334625
0.000173020606292
0.000173016628822
0.000173012479659
0.000173008243185
0.000173004007357
0.000172999860279
0.000172995886882
0.000172992165868
0.000172988767059
0.000172985749272
0.000172983158787
0.000172981028463
0.000172979377490
0.000172978211771
0.000172977524851
0.000172977299319
0.000172977508583
0.000172978118901
0.000172979091551
0.000172980385025
0.000172981957146
0.000172983766986
0.000172985776515
0.000172987951903
0.000172990264403
0.000172992690791
0.000172995213336
0.000172997819304
0.000173000500024
0.000173003249572
0.000173006063151
0.000173008935260
0.000173011857789
0.000173014818149
0.000173017797592
0.000173020769845
0.000173023700168
0.000173026544948
0.000173029251868
0.000173031760708
0.000173034004730
0.000173035912628
0.000173037410935
0.000173038426775
0.000173038890828
0.000173038740339
0.000173037922040
0.000173036394822
0.000173034132025
0.000173031123246
0.000173027375566
0.000173022914152
0.000173017782187
0.000173012040149
0.000173005764444
0.000172999045452
0.000172991985052
0.000172984693719
0.000172977287292
0.000172969883544
0.000172962598671
0.000172955543847
0.000172948821986
0.000172942524834
0.000172936730536
0.000172931501765
0.000172926884519
0.000172922907608
0.000172919582882
0.000172916906142
0.000172914858704
0.000172913409494
0.000172912517560
0.000172912134850
0.000172912209091
0.000172912686610
0.000172913514945
0.000172914645103
0.000172916033376
0.000172917642621
0.000172919442977
0.000172921412006
0.000172923534299
0.000172925800579
0.000172928206404
0.000172930750550
0.000172933433182
0.000172936253928
0.000172939209964
0.000172942294220
0.000172945493806
0.000172948788761
0.000172952151181
0.000172955544818
0.000172958925175
0.000172962240119
0.000172965431021
0.000172968434387
0.000172971183907
0.000172973612862
0.000172975656745
0.000172977255991
0.000172978358649
0.000172978922854
0.000172978918956
0.000172978331167
0.000172977158628
0.000172975415813
0.000172973132253
0.000172970351557
0.000172967129809
0.000172963533388
0.000172959636349
0.000172955517491
0.000172951257248
0.000172946934576
0.000172942623962
0.000172938392705
0.000172934298581
0.000172930387981
0.000172926694606
0.000172923238753
0.000172920027220
0.000172917053820
0.000172914300481
0.000172911738874
0.000172909332509
0.000172907039186
0.000172904813715
0.000172902610759
0.000172900387676
0.000172898107224
0.000172895739968
0.000172893266293
0.000172890677882
0.000172887978587
0.000172885184637
0.000172882324164
0.000172879436070
0.000172876568296
0.000172873775589
0.000172871116902
0.000172868652559
0.000172866441364
0.000172864537801
0.000172862989478
0.000172861834948
0.000172861102012
0.000172860806569
0.000172860952073
0.000172861529576
0.000172862518361
0.000172863887098
0.000172865595445
0.000172867596026
0.000172869836654
0.000172872262712
0.000172874819564
0.000172877454883
0.000172880120790
0.000172882775702
0.000172885385780
0.000172887925927
0.000172890380249
0.000172892741967
0.000172895012761
0.000172897201579
0.000172899322949
0.000172901394911
0.000172903436649
0.000172905465987
0.000172907496883
0.000172909537088
0.000172911586112
0.000172913633639
0.000172915658500
0.000172917628273
0.000172919499565
0.000172921218954
0.000172922724570
0.000172923948229
0.000172924818010
0.000172925261157
0.000172925207162
0.000172924590871
0.000172923355488
0.000172921455326
0.000172918858196
0.000172915547324
0.000172911522726
0.000172906801974
0.000172901420328
0.000172895430214
0.000172888900078
0.000172881912636
0.000172874562602
0.000172866953969
0.000172859196955
0.000172851404743
0.000172843690155
0.000172836162398
0.000172828924053
0.000172822068419
0.000172815677357
0.000172809819716
0.000172804550413
0.000172799910188
0.000172795926022
0.000172792612162
0.000172789971666
0.000172787998352
0.000172786678994
0.000172785995640
0.000172785927881
0.000172786454935
0.000172787557422
0.000172789218737
0.000172791425934
0.000172794170100
0.000172797446200
0.000172801252409
0.000172805588991
0.000172810456776
0.000172815855334
0.000172821780932
0.000172828224399
0.000172835168997
0.000172842588428
0.000172850445091
0.000172858688697
0.000172867255345
0.000172876067147
0.000172885032465
0.000172894046794
0.000172902994304
0.000172911750018
0.000172920182551
0.000172928157325
0.000172935540135
0.000172942200898
0.000172948017436
0.000172952879111
0.000172956690148
0.000172959372479
0.000172960868008
0.000172961140180
0.000172960174802
0.000172957980110
0.000172954586097
0.000172950043155
0.000172944420135
0.000172937801925
0.000172930286668
0.000172921982771
0.000172913005825
0.000172903475571
0.000172893513033
0.000172883237926
0.000172872766415
0.000172862209320
0.000172851670795
0.000172841247524
0.000172831028427
0.000172821094871
