0.000164625040964
0.000164610760047
0.000164596554019
0.000164582374935
0.000164568178371
0.000164553924007
0.000164539575963
0.000164525102869
0.000164510477704
0.000164495677434
0.000164480682502
0.000164465476248
0.000164450044321
0.000164434374148
0.000164418454548
0.000164402275521
0.000164385828255
0.000164369105368
0.000164352101382
0.000164334813381
0.000164317241824
0.000164299391438
0.000164281272108
0.000164262899692
0.000164244296673
0.000164225492583
0.000164206524137
0.000164187435039
0.000164168275448
0.000164149101113
0.000164129972201
0.000164110951880
0.000164092104724
0.000164073495007
0.000164055184995
0.000164037233293
0.000164019693346
0.000164002612139
0.000163986029152
0.000163969975596
0.000163954473933
0.000163939537669
0.000163925171396
0.000163911371030
0.000163898124205
0.000163885410769
0.000163873203330
0.000163861467812
0.000163850163995
0.000163839246020
0.000163828662864
0.000163818358799
0.000163808273867
0.000163798344404
0.000163788503661
0.000163778682556
0.000163768810598
0.000163758816998
0.000163748631974
0.000163738188242
0.000163727422646
0.000163716277895
0.000163704704310
0.000163692661528
0.000163680120053
0.000163667062574
0.000163653484966
0.000163639396903
0.000163624822022
0.000163609797626
0.000163594373899
0.000163578612669
0.000163562585764
0.000163546373021
0.000163530060050
0.000163513735837
0.000163497490304
0.000163481411925
0.000163465585490
0.000163450090111
0.000163434997518
0.000163420370694
0.000163406262871
0.000163392716873
0.000163379764788
0.000163367427926
0.000163355717018
0.000163344632582
0.000163334165430
0.000163324297236
0.000163315001149
0.000163306242407
0.000163297978964
0.000163290162111
0.000163282737118
0.000163275643933
0.000163268817949
0.000163262190893
0.000163255691846
0.000163249248426
0.000163242788132
0.000163236239830
0.000163229535370
0.000163222611261
0.000163215410370
0.000163207883543
0.000163199991089
0.000163191704034
0.000163183005075
0.000163173889167
0.000163164363697
0.000163154448225
0.000163144173789
0.000163133581795
0.000163122722553
0.000163111653511
0.000163100437296
0.000163089139643
0.000163077827313
0.000163066566115
0.000163055419094
0.000163044444978
0.000163033696933
0.000163023221638
0.000163013058719
0.000163003240488
0.000162993791987
0.000162984731252
0.000162976069763
0.000162967812992
0.000162959960998
0.000162952509006
0.000162945447921
0.000162938764758
0.000162932442968
0.000162926462667
0.000162920800788
0.000162915431207
0.000162910324856
0.000162905449902
0.000162900772014
0.000162896254763
0.000162891860180
0.000162887549475
0.000162883283907
0.000162879025785
0.000162874739543
0.000162870392846
0.000162865957647
0.000162861411139
0.000162856736521
0.000162851923543
0.000162846968756
0.000162841875476
0.000162836653423
0.000162831318081
0.000162825889794
0.000162820392668
0.000162814853342
0.000162809299707
0.000162803759664
0.000162798259979
0.000162792825330
0.000162787477570
0.000162782235267
0.000162777113516
0.000162772124017
0.000162767275393
0.000162762573689
0.000162758023003
0.000162753626161
0.000162749385383
0.000162745302861
0.000162741381192
0.000162737623634
0.000162734034161
0.000162730617302
0.000162727377808
0.000162724320158
0.000162721447977
0.000162718763413
0.000162716266542
0.000162713954875
0.000162711823007
0.000162709862460
0.000162708061749
0.000162706406669
0.000162704880800
0.000162703466196
0.000162702144197
0.000162700896330
0.000162699705201
0.000162698555338
0.000162697433898
0.000162696331203
0.000162695241059
0.000162694160836
0.000162693091319
0.000162692036343
0.000162691002251
0.000162689997237
0.000162689030621
0.000162688112132
0.000162687251259
0.000162686456730
0.000162685736147
0.000162685095818
0.000162684540785
0.000162684075035
0.000162683701861
0.000162683424326
0.000162683245783
0.000162683170365
0.000162683203412
0.000162683351744
0.000162683623768
0.000162684029369
0.000162684579576
0.000162685286025
0.000162686160243
0.000162687212798
0.000162688452389
0.000162689884944
0.000162691512792
0.000162693334003
0.000162695341940
0.000162697525076
0.000162699867113
0.000162702347396
0.000162704941618
0.000162707622768
0.000162710362275
0.000162713131271
0.000162715901897
0.000162718648565
0.000162721349111
0.000162723985752
0.000162726545816
0.000162729022194
0.000162731413507
0.000162733723999
0.000162735963177
0.000162738145244
0.000162740288386
0.000162742413963
0.000162744545683
0.000162746708808
0.000162748929441
0.000162751233937
0.000162753648447
0.000162756198603
0.000162758909324
0.000162761804713
0.000162764908006
0.000162768241516
0.000162771826542
0.000162775683177
0.000162779830004
0.000162784283649
0.000162789058199
0.000162794164491
0.000162799609330
0.000162805394660
0.000162811516781
0.000162817965654
0.000162824724388
0.000162831768958
0.000162839068220
0.000162846584243
0.000162854272998
0.000162862085375
0.000162869968514
0.000162877867384
0.000162885726556
0.000162893492068
0.000162901113301
0.000162908544755
0.000162915747654
0.000162922691280
0.000162929353988
0.000162935723847
0.000162941798901
0.000162947587050
0.000162953105569
0.000162958380330
0.000162963444784
0.000162968338766
0.000162973107204
0.000162977798819
0.000162982464845
0.000162987157863
0.000162991930744
0.000162996835746
0.000163001923752
0.000163007243631
0.000163012841701
0.000163018761261
0.000163025042132
0.000163031720207
0.000163038826940
0.000163046388796
0.000163054426629
0.000163062955021
0.000163071981601
0.000163081506396
0.000163091521255
0.000163102009420
0.000163112945299
0.000163124294491
0.000163136014114
0.000163148053458
0.000163160354975
0.000163172855587
0.000163185488282
0.000163198183930
0.000163210873248
0.000163223488834
0.000163235967149
0.000163248250388
0.000163260288113
0.000163272038599
0.000163283469821
0.000163294560046
0.000163305298028
0.000163315682802
0.000163325723125
0.000163335436618
0.000163344848672
0.000163353991202
0.000163362901331
0.000163371620088
0.000163380191171
0.000163388659858
0.000163397072077
0.000163405473670
0.000163413909837
0.000163422424753
0.000163431061303
0.000163439860915
0.000163448863412
0.000163458106866
0.000163467627377
0.000163477458778
0.000163487632223
0.000163498175677
0.000163509113315
0.000163520464865
0.000163532244944
0.000163544462437
0.000163557119975
0.000163570213577
0.000163583732486
0.000163597659250
0.000163611970053
0.000163626635304
0.000163641620458
0.000163656887036
0.000163672393778
0.000163688097878
0.000163703956211
0.000163719926493
0.000163735968294
0.000163752043856
0.000163768118666
0.000163784161768
0.000163800145812
0.000163816046866
0.000163831844021
0.000163847518865
0.000163863054878
0.000163878436830
0.000163893650266
0.000163908681123
0.000163923515550
0.000163938139960
0.000163952541327
0.000163966707719
0.000163980629042
0.000163994297931
0.000164007710748
0.000164020868579
0.000164033778181
0.000164046452771
0.000164058912620
0.000164071185364
0.000164083306022
0.000164095316683
0.000164107265882
0.000164119207681
0.000164131200508
0.000164143305805
0.000164155586563
0.000164168105806
0.000164180925111
0.000164194103208
0.000164207694726
0.000164221749111
0.000164236309744
0.000164251413247
0.000164267088976
0.000164283358659
