0.000519141057982
0.000518779467000
0.000518426045845
0.000518080767189
0.000517743610818
0.000517414563409
0.000517093618300
0.000516780775253
0.000516476040208
0.000516179425028
0.000515890947242
0.000515610629781
0.000515338500702
0.000515074592917
0.000514818943911
0.000514571595457
0.000514332593325
0.000514101986996
0.000513879829361
0.000513666176428
0.000513461087025
0.000513264622495
0.000513076846400
0.000512897824217
0.000512727623038
0.000512566311268
0.000512413958327
0.000512270634350
0.000512136409893
0.000512011355633
0.000511895542083
0.000511789039299
0.000511691916593
0.000511604242258
0.000511526083283
0.000511457505086
0.000511398571243
0.000511349343225
0.000511309880144
0.000511280238500
0.000511260471933
0.000511250630992
0.000511250762897
0.000511260911318
0.000511281116156
0.000511311413337
0.000511351834604
0.000511402407334
0.000511463154342
0.000511534093711
0.000511615238623
0.000511706597199
0.000511808172351
0.000511919961637
0.000512041957134
0.000512174145316
0.000512316506935
0.000512469016928
0.000512631644314
0.000512804352116
0.000512987097286
0.000513179830640
0.000513382496805
0.000513595034172
0.000513817374864
0.000514049444710
0.000514291163230
0.000514542443628
0.000514803192798
0.000515073311334
0.000515352693558
0.000515641227548
0.000515938795182
0.000516245272185
0.000516560528194
0.000516884426819
0.000517216825726
0.000517557576719
0.000517906525834
0.000518263513439
0.000518628374347
0.000519000937929
0.000519381028241
0.000519768464152
0.000520163059487
0.000520564623170
0.000520972959373
0.000521387867677
0.000521809143237
0.000522236576944
0.000522669955607
0.000523109062131
0.000523553675696
0.000524003571954
0.000524458523215
0.000524918298648
0.000525382664480
0.000525851384198
0.000526324218759
0.000526800926797
0.000527281264835
0.000527764987496
0.000528251847725
0.000528741596998
0.000529233985542
0.000529728762558
0.000530225676432
0.000530724474959
0.000531224905563
0.000531726715510
0.000532229652129
0.000532733463029
0.000533237896312
0.000533742700787
0.000534247626182
0.000534752423354
0.000535256844492
0.000535760643326
0.000536263575323
0.000536765397889
0.000537265870561
0.000537764755194
0.000538261816156
0.000538756820501
0.000539249538151
0.000539739742068
0.000540227208423
0.000540711716758
0.000541193050144
0.000541670995334
0.000542145342908
0.000542615887416
0.000543082427512
0.000543544766083
0.000544002710374
0.000544456072100
0.000544904667564
0.000545348317750
0.000545786848433
0.000546220090257
0.000546647878830
0.000547070054793
0.000547486463894
0.000547896957053
0.000548301390415
0.000548699625401
0.000549091528753
0.000549476972567
0.000549855834325
0.000550227996915
0.000550593348649
0.000550951783267
0.000551303199947
0.000551647503292
0.000551984603326
0.000552314415471
0.000552636860527
0.000552951864640
0.000553259359266
0.000553559281128
0.000553851572170
0.000554136179500
0.000554413055332
0.000554682156921
0.000554943446491
0.000555196891163
0.000555442462870
0.000555680138273
0.000555909898673
0.000556131729913
0.000556345622284
0.000556551570418
0.000556749573183
0.000556939633572
0.000557121758592
0.000557295959144
0.000557462249906
0.000557620649208
0.000557771178909
0.000557913864267
0.000558048733813
0.000558175819219
0.000558295155163
0.000558406779197
0.000558510731611
0.000558607055295
0.000558695795607
0.000558777000231
0.000558850719042
0.000558917003967
0.000558975908849
0.000559027489312
0.000559071802620
0.000559108907549
0.000559138864246
0.000559161734104
0.000559177579624
0.000559186464292
0.000559188452448
0.000559183609164
0.000559172000119
0.000559153691484
0.000559128749798
0.000559097241861
0.000559059234621
0.000559014795062
0.000558963990107
0.000558906886515
0.000558843550781
0.000558774049049
0.000558698447021
0.000558616809869
0.000558529202163
0.000558435687786
0.000558336329870
0.000558231190727
0.000558120331785
0.000558003813534
0.000557881695473
0.000557754036060
0.000557620892675
0.000557482321576
0.000557338377873
0.000557189115495
0.000557034587172
0.000556874844417
0.000556709937512
0.000556539915503
0.000556364826197
0.000556184716168
0.000555999630761
0.000555809614108
0.000555614709144
0.000555414957633
0.000555210400194
0.000555001076333
0.000554787024482
0.000554568282037
0.000554344885410
0.000554116870073
0.000553884270618
0.000553647120814
0.000553405453669
0.000553159301496
0.000552908695988
0.000552653668287
0.000552394249063
0.000552130468595
0.000551862356858
0.000551589943601
0.000551313258448
0.000551032330981
0.000550747190837
0.000550457867807
0.000550164391934
0.000549866793611
0.000549565103684
0.000549259353560
0.000548949575305
0.000548635801756
0.000548318066623
0.000547996404598
0.000547670851466
0.000547341444207
0.000547008221109
0.000546671221872
0.000546330487717
0.000545986061494
0.000545637987784
0.000545286313009
0.000544931085530
0.000544572355750
0.000544210176219
0.000543844601726
0.000543475689399
0.000543103498799
0.000542728092009
0.000542349533726
0.000541967891346
0.000541583235045
0.000541195637861
0.000540805175770
0.000540411927760
0.000540015975898
0.000539617405397
0.000539216304676
0.000538812765419
0.000538406882629
0.000537998754671
0.000537588483324
0.000537176173813
0.000536761934849
0.000536345878656
0.000535928120998
0.000535508781197
0.000535087982147
0.000534665850329
0.000534242515806
0.000533818112233
0.000533392776842
0.000532966650435
0.000532539877364
0.000532112605511
0.000531684986262
0.000531257174466
0.000530829328406
0.000530401609748
0.000529974183494
0.000529547217926
0.000529120884549
0.000528695358022
0.000528270816088
0.000527847439501
0.000527425411942
0.000527004919933
0.000526586152753
0.000526169302331
0.000525754563158
0.000525342132174
0.000524932208663
0.000524524994138
0.000524120692225
0.000523719508541
0.000523321650568
0.000522927327524
0.000522536750233
0.000522150130985
0.000521767683403
0.000521389622293
0.000521016163507
0.000520647523792
0.000520283920640
0.000519925572137
0.000519572696811
0.000519225513471
0.000518884241058
0.000518549098478
0.000518220304449
0.000517898077338
0.000517582635000
0.000517274194616
0.000516972972536
0.000516679184111
0.000516393043535
0.000516114763687
0.000515844555966
0.000515582630138
0.000515329194174
0.000515084454096
0.000514848613823
0.000514621875020
0.000514404436944
0.000514196496301
0.000513998247100
0.000513809880510
0.000513631584721
0.000513463544811
0.000513305942610
0.000513158956578
0.000513022761674
0.000512897529243
0.000512783426893
0.000512680618391
0.000512589263552
0.000512509518140
0.000512441533770
0.000512385457820
0.000512341433342
0.000512309598983
0.000512290088913
0.000512283032753
0.000512288555514
0.000512306777542
0.000512337814464
0.000512381777147
0.000512438771661
0.000512508899244
0.000512592256280
0.000512688934281
0.000512799019874
0.000512922594796
0.000513059735898
0.000513210515151
0.000513374999661
0.000513553251693
0.000513745328700
0.000513951283352
0.000514171163588
0.000514405012654
0.000514652869165
0.000514914767165
0.000515190736193
0.000515480801356
0.000515784983414
0.000516103298863
0.000516435760027
0.000516782375157
0.000517143148536
0.000517518080587
0.000517907167987
0.000518310403788
