0.000274498257166
0.000274537401447
0.000274575510566
0.000274612582074
0.000274648613590
0.000274683602845
0.000274717547732
0.000274750446360
0.000274782297117
0.000274813098719
0.000274842850263
0.000274871551259
0.000274899201656
0.000274925801850
0.000274951352680
0.000274975855400
0.000274999311651
0.000275021723408
0.000275043092929
0.000275063422699
0.000275082715370
0.000275100973708
0.000275118200554
0.000275134398785
0.000275149571300
0.000275163721015
0.000275176850871
0.000275188963866
0.000275200063085
0.000275210151753
0.000275219233283
0.000275227311334
0.000275234389859
0.000275240473152
0.000275245565885
0.000275249673131
0.000275252800371
0.000275254953494
0.000275256138770
0.000275256362823
0.000275255632584
0.000275253955242
0.000275251338185
0.000275247788949
0.000275243315166
0.000275237924516
0.000275231624698
0.000275224423406
0.000275216328327
0.000275207347141
0.000275197487548
0.000275186757297
0.000275175164231
0.000275162716329
0.000275149421759
0.000275135288925
0.000275120326511
0.000275104543510
0.000275087949251
0.000275070553407
0.000275052365991
0.000275033397340
0.000275013658084
0.000274993159105
0.000274971911494
0.000274949926494
0.000274927215454
0.000274903789776
0.000274879660874
0.000274854840142
0.000274829338929
0.000274803168535
0.000274776340211
0.000274748865175
0.000274720754642
0.000274692019856
0.000274662672134
0.000274632722907
0.000274602183765
0.000274571066491
0.000274539383098
0.000274507145842
0.000274474367240
0.000274441060061
0.000274407237314
0.000274372912221
0.000274338098187
0.000274302808749
0.000274267057540
0.000274230858234
0.000274194224509
0.000274157170000
0.000274119708277
0.000274081852815
0.000274043616990
0.000274005014076
0.000273966057259
0.000273926759660
0.000273887134358
0.000273847194432
0.000273806952993
0.000273766423223
0.000273725618403
0.000273684551945
0.000273643237410
0.000273601688513
0.000273559919125
0.000273517943259
0.000273475775052
0.000273433428733
0.000273390918586
0.000273348258915
0.000273305464003
0.000273262548069
0.000273219525242
0.000273176409526
0.000273133214787
0.000273089954735
0.000273046642933
0.000273003292796
0.000272959917612
0.000272916530566
0.000272873144764
0.000272829773265
0.000272786429108
0.000272743125342
0.000272699875045
0.000272656691338
0.000272613587398
0.000272570576451
0.000272527671768
0.000272484886645
0.000272442234380
0.000272399728246
0.000272357381459
0.000272315207147
0.000272273218318
0.000272231427832
0.000272189848381
0.000272148492472
0.000272107372417
0.000272066500333
0.000272025888147
0.000271985547607
0.000271945490301
0.000271905727675
0.000271866271056
0.000271827131676
0.000271788320687
0.000271749849180
0.000271711728197
0.000271673968734
0.000271636581743
0.000271599578124
0.000271562968710
0.000271526764255
0.000271490975410
0.000271455612700
0.000271420686503
0.000271386207026
0.000271352184289
0.000271318628104
0.000271285548071
0.000271252953563
0.000271220853736
0.000271189257521
0.000271158173643
0.000271127610624
0.000271097576804
0.000271068080347
0.000271039129263
0.000271010731416
0.000270982894534
0.000270955626215
0.000270928933934
0.000270902825033
0.000270877306726
0.000270852386083
0.000270828070022
0.000270804365293
0.000270781278471
0.000270758815935
0.000270736983861
0.000270715788209
0.000270695234717
0.000270675328893
0.000270656076019
0.000270637481144
0.000270619549096
0.000270602284480
0.000270585691689
0.000270569774912
0.000270554538136
0.000270539985156
0.000270526119581
0.000270512944830
0.000270500464142
0.000270488680568
0.000270477596969
0.000270467216016
0.000270457540179
0.000270448571725
0.000270440312710
0.000270432764979
0.000270425930155
0.000270419809644
0.000270414404630
0.000270409716077
0.000270405744733
0.000270402491132
0.000270399955599
0.000270398138252
0.000270397039009
0.000270396657587
0.000270396993507
0.000270398046093
0.000270399814468
0.000270402297553
0.000270405494063
0.000270409402498
0.000270414021142
0.000270419348055
0.000270425381068
0.000270432117781
0.000270439555561
0.000270447691545
0.000270456522643
0.000270466045542
0.000270476256716
0.000270487152436
0.000270498728777
0.000270510981634
0.000270523906725
0.000270537499607
0.000270551755673
0.000270566670162
0.000270582238157
0.000270598454580
0.000270615314185
0.000270632811553
0.000270650941076
0.000270669696947
0.000270689073148
0.000270709063440
0.000270729661350
0.000270750860170
0.000270772652953
0.000270795032516
0.000270817991444
0.000270841522106
0.000270865616666
0.000270890267104
0.000270915465230
0.000270941202712
0.000270967471084
0.000270994261774
0.000271021566110
0.000271049375328
0.000271077680580
0.000271106472929
0.000271135743340
0.000271165482672
0.000271195681656
0.000271226330882
0.000271257420776
0.000271288941580
0.000271320883338
0.000271353235881
0.000271385988818
0.000271419131535
0.000271452653201
0.000271486542776
0.000271520789031
0.000271555380571
0.000271590305857
0.000271625553242
0.000271661110992
0.000271696967319
0.000271733110401
0.000271769528405
0.000271806209493
0.000271843141829
0.000271880313580
0.000271917712896
0.000271955327902
0.000271993146670
0.000272031157195
0.000272069347366
0.000272107704942
0.000272146217527
0.000272184872552
0.000272223657263
0.000272262558717
0.000272301563791
0.000272340659192
0.000272379831480
0.000272419067098
0.000272458352404
0.000272497673712
0.000272537017325
0.000272576369570
0.000272615716833
0.000272655045579
0.000272694342370
0.000272733593868
0.000272772786835
0.000272811908121
0.000272850944636
0.000272889883331
0.000272928711157
0.000272967415038
0.000273005981832
0.000273044398303
0.000273082651095
0.000273120726721
0.000273158611551
0.000273196291822
0.000273233753648
0.000273270983050
0.000273307965987
0.000273344688396
0.000273381136236
0.000273417295532
0.000273453152420
0.000273488693181
0.000273523904270
0.000273558772339
0.000273593284245
0.000273627427043
0.000273661187978
0.000273694554454
0.000273727514009
0.000273760054269
0.000273792162912
0.000273823827626
0.000273855036073
0.000273885775858
0.000273916034507
0.000273945799461
0.000273975058075
0.000274003797636
0.000274032005385
0.000274059668559
0.000274086774430
0.000274113310357
0.000274139263838
0.000274164622552
0.000274189374408
0.000274213507579
0.000274237010520
0.000274259871988
0.000274282081034
0.000274303626988
0.000274324499440
0.000274344688194
0.000274364183233
0.000274382974666
0.000274401052689
0.000274418407533
0.000274435029435
0.000274450908609
0.000274466035233
0.000274480399444
0.000274493991357
0.000274506801090
0.000274518818797
0.000274530034718
0.000274540439233
0.000274550022913
0.000274558776574
0.000274566691327
0.000274573758613
0.000274579970233
0.000274585318364
0.000274589795555
0.000274593394714
0.000274596109084
0.000274597932199
0.000274598857842
0.000274598879994
0.000274597992778
0.000274596190413
0.000274593467173
0.000274589817355
0.000274585235258
0.000274579715179
0.000274573251426
0.000274565838336
0.000274557470320
0.000274548141900
0.000274537847773
0.000274526582862
0.000274514342373
0.000274501121846
0.000274486917201
0.000274471724763
0.000274455541284
0.000274438363943
0.000274420190332
0.000274401018433
0.000274380846572
