0.000162945616962
0.000162931317447
0.000162916456192
0.000162901155886
0.000162885545481
0.000162869756260
0.000162853917892
0.000162838154662
0.000162822582017
0.000162807303590
0.000162792408790
0.000162777971080
0.000162764046956
0.000162750675680
0.000162737879716
0.000162725665829
0.000162714026759
0.000162702943352
0.000162692387022
0.000162682322395
0.000162672709988
0.000162663508777
0.000162654678517
0.000162646181702
0.000162637985078
0.000162630060640
0.000162622386100
0.000162614944824
0.000162607725289
0.000162600720127
0.000162593924857
0.000162587336423
0.000162580951663
0.000162574765827
0.000162568771283
0.000162562956498
0.000162557305382
0.000162551797049
0.000162546406014
0.000162541102826
0.000162535855085
0.000162530628787
0.000162525389897
0.000162520106051
0.000162514748268
0.000162509292545
0.000162503721240
0.000162498024119
0.000162492198997
0.000162486251909
0.000162480196784
0.000162474054612
0.000162467852142
0.000162461620160
0.000162455391448
0.000162449198527
0.000162443071309
0.000162437034800
0.000162431107002
0.000162425297130
0.000162419604279
0.000162414016630
0.000162408511258
0.000162403054588
0.000162397603480
0.000162392106903
0.000162386508137
0.000162380747376
0.000162374764605
0.000162368502616
0.000162361909982
0.000162354943855
0.000162347572427
0.000162339776935
0.000162331553100
0.000162322911936
0.000162313879880
0.000162304498248
0.000162294822040
0.000162284918168
0.000162274863189
0.000162264740665
0.000162254638289
0.000162244644904
0.000162234847583
0.000162225328889
0.000162216164458
0.000162207420997
0.000162199154793
0.000162191410761
0.000162184222071
0.000162177610307
0.000162171586140
0.000162166150399
0.000162161295474
0.000162157006901
0.000162153265017
0.000162150046568
0.000162147326127
0.000162145077259
0.000162143273324
0.000162141887896
0.000162140894775
0.000162140267608
0.000162139979167
0.000162140000360
0.000162140299069
0.000162140838926
0.000162141578143
0.000162142468510
0.000162143454679
0.000162144473829
0.000162145455767
0.000162146323546
0.000162146994591
0.000162147382339
0.000162147398331
0.000162146954709
0.000162145966987
0.000162144356997
0.000162142055851
0.000162139006786
0.000162135167737
0.000162130513497
0.000162125037346
0.000162118752042
0.000162111690116
0.000162103903431
0.000162095462019
0.000162086452223
0.000162076974250
0.000162067139212
0.000162057065824
0.000162046876881
0.000162036695701
0.000162026642664
0.000162016832027
0.000162007369117
0.000161998348028
0.000161989849893
0.000161981941767
0.000161974676145
0.000161968091078
0.000161962210841
0.000161957047069
0.000161952600249
0.000161948861469
0.000161945814272
0.000161943436510
0.000161941702056
0.000161940582293
0.000161940047266
0.000161940066455
0.000161940609135
0.000161941644318
0.000161943140314
0.000161945063973
0.000161947379690
0.000161950048288
0.000161953025886
0.000161956262883
0.000161959703174
0.000161963283699
0.000161966934408
0.000161970578701
0.000161974134371
0.000161977515029
0.000161980631987
0.000161983396517
0.000161985722387
0.000161987528557
0.000161988741907
0.000161989299845
0.000161989152676
0.000161988265589
0.000161986620154
0.000161984215263
0.000161981067416
0.000161977210371
0.000161972694128
0.000161967583298
0.000161961954945
0.000161955895970
0.000161949500182
0.000161942865194
0.000161936089278
0.000161929268354
0.000161922493230
0.000161915847233
0.000161909404343
0.000161903227878
0.000161897369804
0.000161891870640
0.000161886759957
0.000161882057379
0.000161877774018
0.000161873914192
0.000161870477338
0.000161867459935
0.000161864857341
0.000161862665393
0.000161860881677
0.000161859506389
0.000161858542717
0.000161857996751
0.000161857876912
0.000161858192947
0.000161858954567
0.000161860169826
0.000161861843332
0.000161863974447
0.000161866555572
0.000161869570658
0.000161872994058
0.000161876789799
0.000161880911366
0.000161885302020
0.000161889895674
0.000161894618303
0.000161899389827
0.000161904126388
0.000161908742904
0.000161913155780
0.000161917285634
0.000161921059884
0.000161924415080
0.000161927298842
0.000161929671318
0.000161931506082
0.000161932790446
0.000161933525166
0.000161933723596
0.000161933410329
0.000161932619438
0.000161931392415
0.000161929775934
0.000161927819586
0.000161925573697
0.000161923087371
0.000161920406848
0.000161917574276
0.000161914626942
0.000161911597002
0.000161908511695
0.000161905394017
0.000161902263785
0.000161899139007
0.000161896037445
0.000161892978247
0.000161889983524
0.000161887079742
0.000161884298803
0.000161881678727
0.000161879263843
0.000161877104458
0.000161875255978
0.000161873777507
0.000161872729982
0.000161872173931
0.000161872166962
0.000161872761133
0.000161874000318
0.000161875917754
0.000161878533880
0.000161881854604
0.000161885870108
0.000161890554263
0.000161895864686
0.000161901743469
0.000161908118539
0.000161914905595
0.000161922010532
0.000161929332251
0.000161936765706
0.000161944205062
0.000161951546815
0.000161958692728
0.000161965552464
0.000161972045797
0.000161978104315
0.000161983672569
0.000161988708623
0.000161993184038
0.000161997083310
0.000162000402841
0.000162003149542
0.000162005339171
0.000162006994548
0.000162008143760
0.000162008818481
0.000162009052525
0.000162008880710
0.000162008338092
0.000162007459609
0.000162006280124
0.000162004834836
0.000162003160000
0.000162001293870
0.000161999277751
0.000161997157064
0.000161994982292
0.000161992809702
0.000161990701738
0.000161988727012
0.000161986959830
0.000161985479221
0.000161984367482
0.000161983708266
0.000161983584266
0.000161984074614
0.000161985252075
0.000161987180195
0.000161989910530
0.000161993480114
0.000161997909293
0.000162003200059
0.000162009335000
0.000162016276918
0.000162023969192
0.000162032336865
0.000162041288448
0.000162050718359
0.000162060509911
0.000162070538708
0.000162080676309
0.000162090794003
0.000162100766519
0.000162110475525
0.000162119812766
0.000162128682725
0.000162137004703
0.000162144714277
0.000162151764085
0.000162158123959
0.000162163780451
0.000162168735807
0.000162173006492
0.000162176621376
0.000162179619707
0.000162182048984
0.000162183962876
0.000162185419281
0.000162186478625
0.000162187202483
0.000162187652561
0.000162187890058
0.000162187975399
0.000162187968300
0.000162187928092
0.000162187914231
0.000162187986872
0.000162188207425
0.000162188638958
0.000162189346377
0.000162190396276
0.000162191856416
0.000162193794797
0.000162196278325
0.000162199371110
0.000162203132448
0.000162207614603
0.000162212860465
0.000162218901254
0.000162225754364
0.000162233421517
0.000162241887322
0.000162251118370
0.000162261062940
0.000162271651369
0.000162282797122
0.000162294398545
0.000162306341254
0.000162318501099
0.000162330747577
0.000162342947573
0.000162354969280
0.000162366686134
0.000162377980600
0.000162388747643
0.000162398897750
0.000162408359374
0.000162417080690
0.000162425030622
0.000162432199101
0.000162438596570
0.000162444252777
0.000162449214957
0.000162453545499
0.000162457319227
0.000162460620463
0.000162463539997
0.000162466172121
0.000162468611864
0.000162470952526
0.000162473283616
0.000162475689233
0.000162478246931
0.000162481027054
0.000162484092508
0.000162487498916
0.000162491295069
