0.001322906601570
0.001318493510373
0.001313684246516
0.001308488111719
0.001302915059791
0.001296975671069
0.001290681125601
0.001284043175151
0.001277074114105
0.001269786749338
0.001262194369136
0.001254310711237
0.001246149930085
0.001237726563367
0.001229055497934
0.001220151935167
0.001211031355899
0.001201709484962
0.001192202255452
0.001182525772807
0.001172696278766
0.001162730115321
0.001152643688723
0.001142453433655
0.001132175777630
0.001121827105722
0.001111423725698
0.001100981833638
0.001090517480121
0.001080046537058
0.001069584665246
0.001059147282714
0.001048749533934
0.001038406259976
0.001028131969650
0.001017940811719
0.001007846548235
0.000997862529055
0.000988001667586
0.000978276417819
0.000968698752692
0.000959280143822
0.000950031542651
0.000940963363039
0.000932085465335
0.000923407141954
0.000914937104476
0.000906683472306
0.000898653762882
0.000890854883469
0.000883293124527
0.000875974154663
0.000868903017173
0.000862084128148
0.000855521276160
0.000849217623500
0.000843175708943
0.000837397452046
0.000831884158924
0.000826636529493
0.000821654666146
0.000816938083818
0.000812485721417
0.000808295954552
0.000804366609547
0.000800694978663
0.000797277836490
0.000794111457459
0.000791191634401
0.000788513698118
0.000786072537882
0.000783862622809
0.000781878024051
0.000780112437721
0.000778559208499
0.000777211353842
0.000776061588726
0.000775102350859
0.000774325826277
0.000773723975267
0.000773288558527
0.000773011163509
0.000772883230855
0.000772896080861
0.000773040939905
0.000773308966743
0.000773691278638
0.000774178977213
0.000774763173995
0.000775435015561
0.000776185708222
0.000777006542203
0.000777888915220
0.000778824355431
0.000779804543682
0.000780821335002
0.000781866779283
0.000782933141117
0.000784012918717
0.000785098861901
0.000786183989077
0.000787261603206
0.000788325306704
0.000789369015250
0.000790386970461
0.000791373751438
0.000792324285123
0.000793233855481
0.000794098111477
0.000794913073832
0.000795675140567
0.000796381091313
0.000797028090399
0.000797613688715
0.000798135824350
0.000798592822038
0.000798983391386
0.000799306623946
0.000799561989109
0.000799749328870
0.000799868851486
0.000799921124042
0.000799907063975
0.000799827929577
0.000799685309522
0.000799481111456
0.000799217549685
0.000798897132014
0.000798522645785
0.000798097143154
0.000797623925661
0.000797106528154
0.000796548702107
0.000795954398397
0.000795327749595
0.000794673051828
0.000793994746263
0.000793297400295
0.000792585688463
0.000791864373197
0.000791138285415
0.000790412305062
0.000789691341632
0.000788980314748
0.000788284134843
0.000787607684015
0.000786955797108
0.000786333243077
0.000785744706690
0.000785194770627
0.000784687898030
0.000784228415541
0.000783820496904
0.000783468147149
0.000783175187432
0.000782945240551
0.000782781717197
0.000782687802971
0.000782666446200
0.000782720346598
0.000782851944794
0.000783063412753
0.000783356645134
0.000783733251578
0.000784194549978
0.000784741560728
0.000785375001964
0.000786095285830
0.000786902515742
0.000787796484693
0.000788776674569
0.000789842256493
0.000790992092191
0.000792224736360
0.000793538440049
0.000794931155016
0.000796400539066
0.000797943962334
0.000799558514501
0.000801241012919
0.000802988011612
0.000804795811122
0.000806660469177
0.000808577812140
0.000810543447199
0.000812552775270
0.000814601004559
0.000816683164748
0.000818794121759
0.000820928593054
0.000823081163408
0.000825246301126
0.000827418374644
0.000829591669457
0.000831760405338
0.000833918753774
0.000836060855586
0.000838180838669
0.000840272835797
0.000842331002441
0.000844349534549
0.000846322686230
0.000848244787293
0.000850110260577
0.000851913639042
0.000853649582541
0.000855312894250
0.000856898536690
0.000858401647295
0.000859817553489
0.000861141787215
0.000862370098883
0.000863498470688
0.000864523129269
0.000865440557654
0.000866247506478
0.000866941004423
0.000867518367860
0.000867977209660
0.000868315447151
0.000868531309195
0.000868623342373
0.000868590416244
0.000868431727681
0.000868146804267
0.000867735506728
0.000867198030417
0.000866534905837
0.000865746998193
0.000864835505993
0.000863801958687
0.000862648213366
0.000861376450518
0.000859989168862
0.000858489179279
0.000856879597855
0.000855163838048
0.000853345602029
0.000851428871193
0.000849417895887
0.000847317184388
0.000845131491152
0.000842865804377
0.000840525332920
0.000838115492600
0.000835641891937
0.000833110317361
0.000830526717938
0.000827897189667
0.000825227959381
0.000822525368308
0.000819795855345
0.000817045940082
0.000814282205640
0.000811511281367
0.000808739825439
0.000805974507433
0.000803221990902
0.000800488916025
0.000797781882365
0.000795107431799
0.000792472031660
0.000789882058156
0.000787343780086
0.000784863342941
0.000782446753395
0.000780099864260
0.000777828359942
0.000775637742426
0.000773533317858
0.000771520183733
0.000769603216745
0.000767787061334
0.000766076118946
0.000764474538061
0.000762986204993
0.000761614735504
0.000760363467254
0.000759235453094
0.000758233455242
0.000757359940336
0.000756617075394
0.000756006724677
0.000755530447477
0.000755189496820
0.000754984819095
0.000754917054605
0.000754986539037
0.000755193305841
0.000755537089515
0.000756017329777
0.000756633176612
0.000757383496177
0.000758266877544
0.000759281640256
0.000760425842667
0.000761697291055
0.000763093549453
0.000764611950187
0.000766249605073
0.000768003417247
0.000769870093578
0.000771846157632
0.000773927963148
0.000776111707965
0.000778393448381
0.000780769113874
0.000783234522149
0.000785785394463
0.000788417371175
0.000791126027467
0.000793906889202
0.000796755448836
0.000799667181375
0.000802637560283
0.000805662073321
0.000808736238245
0.000811855618329
0.000815015837644
0.000818212596056
0.000821441683895
0.000824698996236
0.000827980546753
0.000831282481095
0.000834601089753
0.000837932820346
0.000841274289324
0.000844622293014
0.000847973817985
0.000851326050708
0.000854676386453
0.000858022437413
0.000861362040014
0.000864693261393
0.000868014405010
0.000871324015386
0.000874620881936
0.000877904041885
0.000881172782265
0.000884426640962
0.000887665406823
0.000890889118815
0.000894098064228
0.000897292775931
0.000900474028685
0.000903642834512
0.000906800437148
0.000909948305571
0.000913088126642
0.000916221796863
0.000919351413283
0.000922479263571
0.000925607815290
0.000928739704395
0.000931877722995
0.000935024806408
0.000938184019553
0.000941358542713
0.000944551656716
0.000947766727573
0.000951007190629
0.000954276534262
0.000957578283186
0.000960915981418
0.000964293174942
0.000967713394141
0.000971180136045
0.000974696846454
0.000978266901984
0.000981893592104
0.000985580101221
0.000989329490858
0.000993144682004
0.000997028437671
0.001000983345739
0.001005011802123
0.001009115994343
0.001013297885531
0.001017559198946
0.001021901403040
0.001026325697141
0.001030832997792
0.001035423925794
0.001040098794023
0.001044857596038
0.001049699995549
0.001054625316768
0.001059632535696
0.001064720272383
0.001069886784185
0.001075129960059
0.001080447315932
0.001085835991150
0.001091292746054
0.001096813960687
0.001102395634660
0.001108033388185
0.001113722464286
0.001119457732204
0.001125233691988
0.001131044480286
