0.000252567113765
0.000252575180544
0.000252582631666
0.000252589487805
0.000252595770724
0.000252601502511
0.000252606704802
0.000252611398041
0.000252615600789
0.000252619329124
0.000252622596154
0.000252625411668
0.000252627781925
0.000252629709613
0.000252631193958
0.000252632230984
0.000252632813920
0.000252632933720
0.000252632579682
0.000252631740147
0.000252630403219
0.000252628557508
0.000252626192844
0.000252623300925
0.000252619875897
0.000252615914812
0.000252611417963
0.000252606389076
0.000252600835355
0.000252594767370
0.000252588198805
0.000252581146075
0.000252573627817
0.000252565664302
0.000252557276773
0.000252548486745
0.000252539315302
0.000252529782420
0.000252519906339
0.000252509703022
0.000252499185715
0.000252488364628
0.000252477246757
0.000252465835846
0.000252454132492
0.000252442134388
0.000252429836693
0.000252417232512
0.000252404313455
0.000252391070270
0.000252377493499
0.000252363574143
0.000252349304301
0.000252334677755
0.000252319690475
0.000252304341031
0.000252288630881
0.000252272564531
0.000252256149565
0.000252239396535
0.000252222318723
0.000252204931793
0.000252187253331
0.000252169302313
0.000252151098518
0.000252132661907
0.000252114012003
0.000252095167299
0.000252076144711
0.000252056959113
0.000252037622960
0.000252018146024
0.000251998535250
0.000251978794734
0.000251958925832
0.000251938927381
0.000251918796031
0.000251898526670
0.000251878112917
0.000251857547667
0.000251836823665
0.000251815934075
0.000251794873024
0.000251773636098
0.000251752220772
0.000251730626745
0.000251708856177
0.000251686913815
0.000251664807002
0.000251642545572
0.000251620141634
0.000251597609264
0.000251574964107
0.000251552222918
0.000251529403058
0.000251506521970
0.000251483596656
0.000251460643177
0.000251437676207
0.000251414708649
0.000251391751329
0.000251368812793
0.000251345899197
0.000251323014316
0.000251300159642
0.000251277334588
0.000251254536781
0.000251231762426
0.000251209006721
0.000251186264323
0.000251163529812
0.000251140798165
0.000251118065194
0.000251095327945
0.000251072585030
0.000251049836885
0.000251027085947
0.000251004336727
0.000250981595798
0.000250958871688
0.000250936174686
0.000250913516571
0.000250890910281
0.000250868369533
0.000250845908413
0.000250823540960
0.000250801280749
0.000250779140510
0.000250757131785
0.000250735264639
0.000250713547452
0.000250691986770
0.000250670587255
0.000250649351712
0.000250628281188
0.000250607375163
0.000250586631784
0.000250566048172
0.000250545620751
0.000250525345607
0.000250505218852
0.000250485236976
0.000250465397172
0.000250445697623
0.000250426137733
0.000250406718300
0.000250387441617
0.000250368311503
0.000250349333264
0.000250330513580
0.000250311860341
0.000250293382416
0.000250275089395
0.000250256991293
0.000250239098241
0.000250221420183
0.000250203966579
0.000250186746138
0.000250169766592
0.000250153034517
0.000250136555204
0.000250120332599
0.000250104369294
0.000250088666584
0.000250073224580
0.000250058042362
0.000250043118187
0.000250028449710
0.000250014034236
0.000249999868976
0.000249985951288
0.000249972278914
0.000249958850180
0.000249945664164
0.000249932720818
0.000249920021045
0.000249907566724
0.000249895360690
0.000249883406656
0.000249871709105
0.000249860273142
0.000249849104314
0.000249838208418
0.000249827591300
0.000249817258653
0.000249807215827
0.000249797467664
0.000249788018356
0.000249778871338
0.000249770029220
0.000249761493763
0.000249753265884
0.000249745345716
0.000249737732688
0.000249730425641
0.000249723422970
0.000249716722770
0.000249710322998
0.000249704221630
0.000249698416804
0.000249692906954
0.000249687690911
0.000249682767981
0.000249678137986
0.000249673801282
0.000249669758729
0.000249666011644
0.000249662561715
0.000249659410905
0.000249656561326
0.000249654015119
0.000249651774318
0.000249649840730
0.000249648215827
0.000249646900648
0.000249645895735
0.000249645201089
0.000249644816160
0.000249644739868
0.000249644970643
0.000249645506502
0.000249646345142
0.000249647484047
0.000249648920612
0.000249650652258
0.000249652676553
0.000249654991316
0.000249657594707
0.000249660485289
0.000249663662067
0.000249667124498
0.000249670872468
0.000249674906237
0.000249679226366
0.000249683833609
0.000249688728791
0.000249693912679
0.000249699385843
0.000249705148519
0.000249711200487
0.000249717540964
0.000249724168521
0.000249731081028
0.000249738275639
0.000249745748802
0.000249753496311
0.000249761513393
0.000249769794822
0.000249778335058
0.000249787128412
0.000249796169213
0.000249805451982
0.000249814971603
0.000249824723474
0.000249834703633
0.000249844908862
0.000249855336743
0.000249865985681
0.000249876854881
0.000249887944277
0.000249899254429
0.000249910786369
0.000249922541429
0.000249934521036
0.000249946726496
0.000249959158776
0.000249971818289
0.000249984704699
0.000249997816750
0.000250011152139
0.000250024707427
0.000250038477998
0.000250052458078
0.000250066640801
0.000250081018333
0.000250095582034
0.000250110322673
0.000250125230664
0.000250140296330
0.000250155510171
0.000250170863138
0.000250186346877
0.000250201953957
0.000250217678053
0.000250233514082
0.000250249458280
0.000250265508220
0.000250281662766
0.000250297921963
0.000250314286866
0.000250330759324
0.000250347341709
0.000250364036621
0.000250380846572
0.000250397773661
0.000250414819266
0.000250431983753
0.000250449266228
0.000250466664337
0.000250484174129
0.000250501789984
0.000250519504617
0.000250537309158
0.000250555193296
0.000250573145502
0.000250591153305
0.000250609203609
0.000250627283055
0.000250645378394
0.000250663476858
0.000250681566526
0.000250699636646
0.000250717677912
0.000250735682687
0.000250753645137
0.000250771561305
0.000250789429081
0.000250807248099
0.000250825019549
0.000250842745909
0.000250860430623
0.000250878077720
0.000250895691403
0.000250913275624
0.000250930833657
0.000250948367700
0.000250965878519
0.000250983365138
0.000251000824620
0.000251018251918
0.000251035639825
0.000251052979016
0.000251070258187
0.000251087464283
0.000251104582810
0.000251121598209
0.000251138494290
0.000251155254692
0.000251171863364
0.000251188305029
0.000251204565630
0.000251220632716
0.000251236495769
0.000251252146444
0.000251267578717
0.000251282788934
0.000251297775746
0.000251312539950
0.000251327084225
0.000251341412789
0.000251355530975
0.000251369444754
0.000251383160231
0.000251396683117
0.000251410018225
0.000251423168986
0.000251436137037
0.000251448921869
0.000251461520574
0.000251473927696
0.000251486135193
0.000251498132509
0.000251509906767
0.000251521443062
0.000251532724848
0.000251543734403
0.000251554453356
0.000251564863239
0.000251574946063
0.000251584684863
0.000251594064220
0.000251603070708
0.000251611693265
0.000251619923456
0.000251627755630
0.000251635186952
0.000251642217307
0.000251648849091
0.000251655086883
0.000251660937022
0.000251666407099
0.000251671505394
0.000251676240274
0.000251680619589
0.000251684650081
0.000251688336843
0.000251691682844
0.000251694688548
0.000251697351640
0.000251699666877
0.000251701626066
0.000251703218173
0.000251704429562
0.000251705244349
0.000251705644863
0.000251705612185
0.000251705126753
0.000251704168997
0.000251702719978
0.000251700762013
0.000251698279244
