0.002130844389989
0.002136964685768
0.002142810899818
0.002148278810626
0.002153269637463
0.002157691800468
0.002161462574232
0.002164509605520
0.002166772267786
0.002168202827726
0.002168767402062
0.002168446686150
0.002167236439725
0.002165147719111
0.002162206849443
0.002158455134828
0.002153948308815
0.002148755731985
0.002142959347866
0.002136652412563
0.002129938017514
0.002122927428485
0.002115738267248
0.002108492565318
0.002101314721598
0.002094329397688
0.002087659386032
0.002081423486856
0.002075734430069
0.002070696877891
0.002066405542949
0.002062943454984
0.002060380407129
0.002058771609983
0.002058156578492
0.002058558272963
0.002059982511475
0.002062417666529
0.002065834654160
0.002070187218850
0.002075412512681
0.002081431962166
0.002088152411322
0.002095467524778
0.002103259430191
0.002111400574992
0.002119755768661
0.002128184378287
0.002136542642310
0.002144686064926
0.002152471851972
0.002159761347926
0.002166422433244
0.002172331841483
0.002177377356531
0.002181459851853
0.002184495135883
0.002186415570481
0.002187171432852
0.002186731995167
0.002185086300609
0.002182243619292
0.002178233572651
0.002173105920241
0.002166930008401
0.002159793885793
0.002151803096397
0.002143079165949
0.002133757803054
0.002123986841124
0.002113923951836
0.002103734164915
0.002093587232614
0.002083654880225
0.002074107986326
0.002065113738073
0.002056832807826
0.002049416597529
0.002043004596760
0.002037721898977
0.002033676918512
0.002030959348048
0.002029638392899
0.002029761314378
0.002031352309886
0.002034411752282
0.002038915805540
0.002044816427865
0.002052041767328
0.002060496948841
0.002070065245031
0.002080609617293
0.002091974607266
0.002103988553130
0.002116466099630
0.002129210965717
0.002142018929139
0.002154680983421
0.002166986619381
0.002178727180802
0.002189699242112
0.002199707954931
0.002208570310213
0.002216118263399
0.002222201671488
0.002226690993292
0.002229479707234
0.002230486404894
0.002229656523071
0.002226963682265
0.002222410605213
0.002216029595258
0.002207882560898
0.002198060579665
0.002186683001453
0.002173896098490
0.002159871276124
0.002144802865460
0.002128905525461
0.002112411288379
0.002095566288117
0.002078627216388
0.002061857556087
0.002045523645205
0.002029890627698
0.002015218350037
0.002001757263585
0.001989744393479
0.001979399434361
0.001970921031997
0.001964483307725
0.001960232679627
0.001958285030507
0.001958723268175
0.001961595318219
0.001966912583566
0.001974648898633
0.001984739999004
0.001997083520283
0.002011539532323
0.002027931607373
0.002046048413059
0.002065645813592
0.002086449455207
0.002108157804867
0.002130445604595
0.002152967697756
0.002175363178067
0.002197259807347
0.002218278643926
0.002238038820433
0.002256162407276
0.002272279296670
0.002286032041505
0.002297080583719
0.002305106808142
0.002309818859953
0.002310955166996
0.002308288112063
0.002301627304939
0.002290822409365
0.002275765486060
0.002256392819489
0.002232686203013
0.002204673664390
0.002172429621134
0.002136074462926
0.002095773565969
0.002051735751798
0.002004211210444
0.001953488915011
0.001899893561393
0.001843782073107
0.001785539716865
0.001725575879481
0.001664319561008
0.001602214642471
0.001539714989276
0.001477279453163
0.001415366836575
0.001354430883361
0.001294915358980
0.001237249281699
0.001181842363851
0.001129080718968
0.001079322886621
0.001032896222203
0.000990093693633
0.000951171121245
0.000916344890945
0.000885790164211
0.000859639601768
0.000837982610863
0.000820865119120
0.000808289871044
0.000800217236482
0.000796566513819
0.000797217704475
0.000802013729450
0.000810763053345
0.000823242676456
0.000839201451393
0.000858363677068
0.000880432920084
0.000905096011360
0.000932027164445
0.000960892161265
0.000991352551117
0.001023069809466
0.001055709404624
0.001088944722442
0.001122460801984
0.001155957838393
0.001189154413063
0.001221790415476
0.001253629625757
0.001284461931977
0.001314105161464
0.001342406510755
0.001369243564310
0.001394524897570
0.001418190265372
0.001440210382003
0.001460586304265
0.001479348433711
0.001496555158728
0.001512291161226
0.001526665416403
0.001539808917282
0.001551872158463
0.001563022415763
0.001573440860140
0.001583319545462
0.001592858310326
0.001602261634280
0.001611735488368
0.001621484219085
0.001631707503467
0.001642597411284
0.001654335608147
0.001667090730825
0.001681015963263
0.001696246838715
0.001712899290110
0.001731067967343
0.001750824836594
0.001772218073173
0.001795271255721
0.001819982866011
0.001846326095007
0.001874248952422
0.001903674673730
0.001934502415439
0.001966608226551
0.001999846281465
0.002034050357097
0.002069035534904
0.002104600106544
0.002140527660364
0.002176589324532
0.002212546141660
0.002248151548987
0.002283153937728
0.002317299264988
0.002350333691709
0.002382006220382
0.002412071306774
0.002440291420655
0.002466439531395
0.002490301495389
0.002511678323515
0.002530388308158
0.002546268990875
0.002559178953313
0.002568999415704
0.002575635628994
0.002579018048477
0.002579103278670
0.002575874781044
0.002569343338178
0.002559547269806
0.002546552398232
0.002530451762496
0.002511365082675
0.002489437977625
0.002464840941405
0.002437768085562
0.002408435656304
0.002377080337471
0.002343957351990
0.002309338376283
0.002273509283769
0.002236767735213
0.002199420635241
0.002161781475725
0.002124167588116
0.002086897327950
0.002050287215839
0.002014649060133
0.001980287087160
0.001947495105481
0.001916553730898
0.001887727699082
0.001861263292498
0.001837385907966
0.001816297790493
0.001798175958138
0.001783170341450
0.001771402159554
0.001762962553224
0.001757911493251
0.001756276980144
0.001758054548661
0.001763207087899
0.001771664984697
0.001783326594917
0.001798059043844
0.001815699353479
0.001836055890928
0.001858910128488
0.001884018702389
0.001911115753565
0.001939915530304
0.001970115229216
0.002001398047747
0.002033436418455
0.002065895392513
0.002098436137473
0.002130719512242
0.002162409680532
0.002193177722745
0.002222705205502
0.002250687667607
0.002276837981483
0.002300889549735
0.002322599297720
0.002341750424710
0.002358154878453
0.002371655520670
0.002382127954193
0.002389481986094
0.002393662705191
0.002394651156700
0.002392464601506
0.002387156352503
0.002378815185574
0.002367564328074
0.002353560033016
0.002336989752478
0.002318069928986
0.002297043428706
0.002274176645138
0.002249756306534
0.002224086024461
0.002197482624654
0.002170272304589
0.002142786664868
0.002115358663685
0.002088318545072
0.002061989792494
0.002036685159485
0.002012702828470
0.001990322747688
0.001969803194183
0.001951377608225
0.001935251741297
0.001921601155907
0.001910569111084
0.001902264862506
0.001896762400835
0.001894099646138
0.001894278110203
0.001897263032392
0.001902983988243
0.001911335963707
0.001922180881511
0.001935349559960
0.001950644078529
0.001967840518946
0.001986692045205
0.002006932281214
0.002028278940538
0.002050437659135
0.002073105979019
0.002095977428610
0.002118745644067
0.002141108475210
0.002162772019793
0.002183454530773
0.002202890142944
0.002220832367777
0.002237057308499
0.002251366551355
0.002263589693535
0.002273586473346
0.002281248473824
0.002286500377046
0.002289300752722
0.002289642371317
0.002287552038681
0.002283089956013
