0.000162621467179
0.000162600612444
0.000162579896878
0.000162559401608
0.000162539200369
0.000162519358046
0.000162499929663
0.000162480959789
0.000162462482360
0.000162444520858
0.000162427088784
0.000162410190347
0.000162393821298
0.000162377969817
0.000162362617406
0.000162347739713
0.000162333307260
0.000162319286075
0.000162305638196
0.000162292322111
0.000162279293143
0.000162266503823
0.000162253904333
0.000162241443013
0.000162229067025
0.000162216723148
0.000162204358742
0.000162191922860
0.000162179367466
0.000162166648723
0.000162153728271
0.000162140574442
0.000162127163308
0.000162113479515
0.000162099516815
0.000162085278257
0.000162070775998
0.000162056030745
0.000162041070809
0.000162025930856
0.000162010650388
0.000161995272043
0.000161979839824
0.000161964397337
0.000161948986160
0.000161933644411
0.000161918405618
0.000161903297920
0.000161888343655
0.000161873559309
0.000161858955839
0.000161844539281
0.000161830311616
0.000161816271779
0.000161802416740
0.000161788742563
0.000161775245349
0.000161761922012
0.000161748770814
0.000161735791649
0.000161722986051
0.000161710356954
0.000161697908238
0.000161685644119
0.000161673568440
0.000161661683955
0.000161649991656
0.000161638490235
0.000161627175712
0.000161616041276
0.000161605077363
0.000161594271947
0.000161583611030
0.000161573079294
0.000161562660828
0.000161552339898
0.000161542101655
0.000161531932748
0.000161521821753
0.000161511759409
0.000161501738616
0.000161491754214
0.000161481802550
0.000161471880891
0.000161461986731
0.000161452117069
0.000161442267726
0.000161432432788
0.000161422604224
0.000161412771741
0.000161402922918
0.000161393043604
0.000161383118597
0.000161373132549
0.000161363071045
0.000161352921785
0.000161342675777
0.000161332328458
0.000161321880651
0.000161311339265
0.000161300717705
0.000161290035913
0.000161279320043
0.000161268601779
0.000161257917309
0.000161247306040
0.000161236809107
0.000161226467782
0.000161216321869
0.000161206408190
0.000161196759239
0.000161187402084
0.000161178357576
0.000161169639877
0.000161161256334
0.000161153207663
0.000161145488421
0.000161138087692
0.000161130989925
0.000161124175852
0.000161117623407
0.000161111308574
0.000161105206125
0.000161099290187
0.000161093534635
0.000161087913310
0.000161082400083
0.000161076968799
0.000161071593164
0.000161066246621
0.000161060902294
0.000161055533036
0.000161050111643
0.000161044611254
0.000161039005949
0.000161033271531
0.000161027386462
0.000161021332896
0.000161015097735
0.000161008673645
0.000161002059933
0.000160995263211
0.000160988297781
0.000160981185689
0.000160973956409
0.000160966646152
0.000160959296831
0.000160951954699
0.000160944668752
0.000160937488965
0.000160930464462
0.000160923641717
0.000160917062896
0.000160910764416
0.000160904775811
0.000160899118948
0.000160893807631
0.000160888847599
0.000160884236883
0.000160879966493
0.000160876021359
0.000160872381452
0.000160869022989
0.000160865919646
0.000160863043696
0.000160860366990
0.000160857861759
0.000160855501181
0.000160853259724
0.000160851113279
0.000160849039116
0.000160847015717
0.000160845022541
0.000160843039793
0.000160841048257
0.000160839029243
0.000160836964678
0.000160834837382
0.000160832631510
0.000160830333147
0.000160827931018
0.000160825417252
0.000160822788139
0.000160820044807
0.000160817193736
0.000160814247068
0.000160811222636
0.000160808143701
0.000160805038370
0.000160801938723
0.000160798879680
0.000160795897658
0.000160793029116
0.000160790309056
0.000160787769582
0.000160785438609
0.000160783338800
0.000160781486798
0.000160779892802
0.000160778560500
0.000160777487360
0.000160776665248
0.000160776081315
0.000160775719088
0.000160775559676
0.000160775583006
0.000160775768993
0.000160776098570
0.000160776554513
0.000160777121998
0.000160777788891
0.000160778545743
0.000160779385531
0.000160780303183
0.000160781294947
0.000160782357679
0.000160783488124
0.000160784682276
0.000160785934877
0.000160787239104
0.000160788586496
0.000160789967117
0.000160791369952
0.000160792783504
0.000160794196538
0.000160795598908
0.000160796982390
0.000160798341458
0.000160799673903
0.000160800981275
0.000160802269064
0.000160803546631
0.000160804826863
0.000160806125588
0.000160807460791
0.000160808851677
0.000160810317672
0.000160811877429
0.000160813547915
0.000160815343652
0.000160817276178
0.000160819353758
0.000160821581360
0.000160823960916
0.000160826491805
0.000160829171544
0.000160831996598
0.000160834963243
0.000160838068400
0.000160841310354
0.000160844689298
0.000160848207629
0.000160851869983
0.000160855682980
0.000160859654693
0.000160863793889
0.000160868109090
0.000160872607528
0.000160877294087
0.000160882170311
0.000160887233570
0.000160892476454
0.000160897886455
0.000160903445973
0.000160909132665
0.000160914920107
0.000160920778758
0.000160926677150
0.000160932583230
0.000160938465776
0.000160944295793
0.000160950047793
0.000160955700891
0.000160961239648
0.000160966654613
0.000160971942550
0.000160977106349
0.000160982154647
0.000160987101209
0.000160991964125
0.000160996764904
0.000161001527535
0.000161006277587
0.000161011041412
0.000161015845504
0.000161020716030
0.000161025678555
0.000161030757937
0.000161035978365
0.000161041363490
0.000161046936600
0.000161052720754
0.000161058738840
0.000161065013489
0.000161071566801
0.000161078419880
0.000161085592155
0.000161093100526
0.000161100958366
0.000161109174450
0.000161117751876
0.000161126687077
0.000161135968999
0.000161145578528
0.000161155488248
0.000161165662565
0.000161176058238
0.000161186625316
0.000161197308448
0.000161208048533
0.000161218784611
0.000161229455924
0.000161240004029
0.000161250374854
0.000161260520600
0.000161270401380
0.000161279986529
0.000161289255522
0.000161298198466
0.000161306816168
0.000161315119801
0.000161323130204
0.000161330876887
0.000161338396818
0.000161345733068
0.000161352933412
0.000161360048944
0.000161367132786
0.000161374238939
0.000161381421296
0.000161388732827
0.000161396224939
0.000161403946961
0.000161411945731
0.000161420265224
0.000161428946174
0.000161438025654
0.000161447536564
0.000161457507012
0.000161467959602
0.000161478910619
0.000161490369179
0.000161502336381
0.000161514804532
0.000161527756525
0.000161541165442
0.000161554994447
0.000161569197038
0.000161583717676
0.000161598492831
0.000161613452404
0.000161628521523
0.000161643622615
0.000161658677701
0.000161673610795
0.000161688350298
0.000161702831278
0.000161716997524
0.000161730803269
0.000161744214507
0.000161757209847
0.000161769780872
0.000161781932001
0.000161793679889
0.000161805052409
0.000161816087296
0.000161826830548
0.000161837334669
0.000161847656870
0.000161857857309
0.000161867997449
0.000161878138605
0.000161888340715
0.000161898661344
0.000161909154932
0.000161919872248
0.000161930860020
0.000161942160682
0.000161953812189
0.000161965847845
0.000161978296109
0.000161991180327
0.000162004518396
0.000162018322352
0.000162032597901
0.000162047343934
0.000162062552084
0.000162078206370
0.000162094283000
0.000162110750402
0.000162127569509
0.000162144694355
0.000162162072993
0.000162179648715
0.000162197361558
0.000162215150030
0.000162232952991
0.000162250711582
0.000162268371124
0.000162285882868
0.000162303205503
