0.000744560468198
0.000740723353638
0.000736986284830
0.000733349893832
0.000729814670532
0.000726380964597
0.000723048987599
0.000719818815334
0.000716690390303
0.000713663524370
0.000710737901585
0.000707913081156
0.000705188500575
0.000702563478891
0.000700037220107
0.000697608816718
0.000695277253363
0.000693041410593
0.000690900068744
0.000688851911912
0.000686895532014
0.000685029432939
0.000683252034763
0.000681561678048
0.000679956628185
0.000678435079796
0.000676995161182
0.000675634938801
0.000674352421781
0.000673145566445
0.000672012280859
0.000670950429375
0.000669957837176
0.000669032294814
0.000668171562724
0.000667373375717
0.000666635447441
0.000665955474801
0.000665331142333
0.000664760126530
0.000664240100102
0.000663768736174
0.000663343712412
0.000662962715070
0.000662623442953
0.000662323611293
0.000662060955526
0.000661833234974
0.000661638236417
0.000661473777558
0.000661337710373
0.000661227924343
0.000661142349564
0.000661078959727
0.000661035774976
0.000661010864621
0.000661002349728
0.000661008405563
0.000661027263892
0.000661057215147
0.000661096610439
0.000661143863425
0.000661197452032
0.000661255920022
0.000661317878420
0.000661382006775
0.000661447054286
0.000661511840765
0.000661575257456
0.000661636267697
0.000661693907441
0.000661747285619
0.000661795584363
0.000661838059075
0.000661874038363
0.000661902923820
0.000661924189677
0.000661937382306
0.000661942119596
0.000661938090192
0.000661925052606
0.000661902834201
0.000661871330054
0.000661830501694
0.000661780375730
0.000661721042367
0.000661652653809
0.000661575422563
0.000661489619640
0.000661395572668
0.000661293663903
0.000661184328168
0.000661068050699
0.000660945364925
0.000660816850166
0.000660683129279
0.000660544866229
0.000660402763612
0.000660257560128
0.000660110028006
0.000659960970389
0.000659811218682
0.000659661629881
0.000659513083862
0.000659366480664
0.000659222737754
0.000659082787280
0.000658947573329
0.000658818049177
0.000658695174555
0.000658579912923
0.000658473228763
0.000658376084890
0.000658289439795
0.000658214245016
0.000658151442551
0.000658101962302
0.000658066719575
0.000658046612623
0.000658042520243
0.000658055299434
0.000658085783118
0.000658134777918
0.000658203062015
0.000658291383074
0.000658400456241
0.000658530962232
0.000658683545487
0.000658858812425
0.000659057329776
0.000659279623008
0.000659526174845
0.000659797423882
0.000660093763291
0.000660415539630
0.000660763051751
0.000661136549812
0.000661536234381
0.000661962255658
0.000662414712792
0.000662893653301
0.000663399072609
0.000663930913677
0.000664489066744
0.000665073369173
0.000665683605408
0.000666319507025
0.000666980752896
0.000667666969456
0.000668377731065
0.000669112560481
0.000669870929429
0.000670652259261
0.000671455921729
0.000672281239838
0.000673127488798
0.000673993897067
0.000674879647486
0.000675783878489
0.000676705685411
0.000677644121866
0.000678598201209
0.000679566898070
0.000680549149966
0.000681543858972
0.000682549893470
0.000683566089951
0.000684591254881
0.000685624166622
0.000686663577405
0.000687708215350
0.000688756786533
0.000689807977093
0.000690860455377
0.000691912874117
0.000692963872637
0.000694012079087
0.000695056112695
0.000696094586042
0.000697126107344
0.000698149282753
0.000699162718649
0.000700165023952
0.000701154812417
0.000702130704928
0.000703091331786
0.000704035334974
0.000704961370412
0.000705868110188
0.000706754244763
0.000707618485143
0.000708459565031
0.000709276242924
0.000710067304190
0.000710831563085
0.000711567864736
0.000712275087065
0.000712952142668
0.000713597980635
0.000714211588308
0.000714791992980
0.000715338263535
0.000715849512013
0.000716324895105
0.000716763615590
0.000717164923677
0.000717528118291
0.000717852548267
0.000718137613472
0.000718382765841
0.000718587510334
0.000718751405802
0.000718874065776
0.000718955159165
0.000718994410858
0.000718991602255
0.000718946571692
0.000718859214784
0.000718729484676
0.000718557392207
0.000718343005972
0.000718086452311
0.000717787915191
0.000717447636005
0.000717065913285
0.000716643102321
0.000716179614688
0.000715675917699
0.000715132533756
0.000714550039628
0.000713929065640
0.000713270294779
0.000712574461722
0.000711842351786
0.000711074799797
0.000710272688887
0.000709436949216
0.000708568556628
0.000707668531230
0.000706737935914
0.000705777874811
0.000704789491683
0.000703773968260
0.000702732522522
0.000701666406923
0.000700576906572
0.000699465337366
0.000698333044078
0.000697181398404
0.000696011796978
0.000694825659351
0.000693624425934
0.000692409555928
0.000691182525214
0.000689944824239
0.000688697955873
0.000687443433261
0.000686182777663
0.000684917516290
0.000683649180132
0.000682379301798
0.000681109413353
0.000679841044162
0.000678575718756
0.000677314954702
0.000676060260501
0.000674813133505
0.000673575057856
0.000672347502465
0.000671131919012
0.000669929739990
0.000668742376781
0.000667571217784
0.000666417626581
0.000665282940151
0.000664168467139
0.000663075486178
0.000662005244267
0.000660958955210
0.000659937798113
0.000658942915950
0.000657975414198
0.000657036359529
0.000656126778590
0.000655247656842
0.000654399937483
0.000653584520442
0.000652802261456
0.000652053971223
0.000651340414639
0.000650662310119
0.000650020328994
0.000649415095002
0.000648847183861
0.000648317122924
0.000647825390923
0.000647372417806
0.000646958584651
0.000646584223676
0.000646249618327
0.000645955003464
0.000645700565623
0.000645486443373
0.000645312727752
0.000645179462790
0.000645086646115
0.000645034229644
0.000645022120353
0.000645050181123
0.000645118231675
0.000645226049574
0.000645373371302
0.000645559893423
0.000645785273795
0.000646049132873
0.000646351055061
0.000646690590137
0.000647067254737
0.000647480533899
0.000647929882661
0.000648414727710
0.000648934469087
0.000649488481932
0.000650076118277
0.000650696708881
0.000651349565091
0.000652033980752
0.000652749234136
0.000653494589900
0.000654269301066
0.000655072611026
0.000655903755550
0.000656761964818
0.000657646465452
0.000658556482552
0.000659491241736
0.000660449971171
0.000661431903596
0.000662436278338
0.000663462343304
0.000664509356963
0.000665576590290
0.000666663328699
0.000667768873926
0.000668892545894
0.000670033684523
0.000671191651509
0.000672365832047
0.000673555636508
0.000674760502059
0.000675979894231
0.000677213308417
0.000678460271310
0.000679720342275
0.000680993114647
0.000682278216955
0.000683575314069
0.000684884108270
0.000686204340230
0.000687535789917
0.000688878277403
0.000690231663590
0.000691595850833
0.000692970783481
0.000694356448316
0.000695752874888
0.000697160135768
0.000698578346677
0.000700007666534
0.000701448297390
0.000702900484256
0.000704364514835
0.000705840719143
0.000707329469025
0.000708831177567
0.000710346298400
0.000711875324901
0.000713418789289
0.000714977261613
0.000716551348644
0.000718141692653
0.000719748970098
0.000721373890210
0.000723017193472
0.000724679650010
0.000726362057887
0.000728065241305
0.000729790048710
0.000731537350824
0.000733308038575
0.000735103020958
0.000736923222808
0.000738769582507
0.000740643049605
0.000742544582387
0.000744475145362
0.000746435706701
0.000748427235609
0.000750450699651
0.000752507062025
0.000754597278795
