0.000259855791669
0.000259890861211
0.000259925148387
0.000259958653536
0.000259991376492
0.000260023316666
0.000260054473166
0.000260084844937
0.000260114430924
0.000260143230236
0.000260171242315
0.000260198467084
0.000260224905081
0.000260250557556
0.000260275426540
0.000260299514865
0.000260322826154
0.000260345364763
0.000260367135688
0.000260388144445
0.000260408396921
0.000260427899217
0.000260446657479
0.000260464677741
0.000260481965777
0.000260498526982
0.000260514366274
0.000260529488045
0.000260543896140
0.000260557593879
0.000260570584121
0.000260582869354
0.000260594451823
0.000260605333669
0.000260615517086
0.000260625004478
0.000260633798610
0.000260641902740
0.000260649320730
0.000260656057121
0.000260662117181
0.000260667506903
0.000260672232979
0.000260676302726
0.000260679723986
0.000260682505004
0.000260684654276
0.000260686180407
0.000260687091949
0.000260687397263
0.000260687104393
0.000260686220963
0.000260684754113
0.000260682710457
0.000260680096090
0.000260676916622
0.000260673177254
0.000260668882872
0.000260664038171
0.000260658647793
0.000260652716469
0.000260646249158
0.000260639251177
0.000260631728316
0.000260623686914
0.000260615133923
0.000260606076924
0.000260596524115
0.000260586484263
0.000260575966629
0.000260564980864
0.000260553536885
0.000260541644744
0.000260529314488
0.000260516556027
0.000260503379012
0.000260489792735
0.000260475806055
0.000260461427345
0.000260446664485
0.000260431524876
0.000260416015485
0.000260400142930
0.000260383913568
0.000260367333614
0.000260350409267
0.000260333146828
0.000260315552820
0.000260297634097
0.000260279397920
0.000260260852027
0.000260242004655
0.000260222864548
0.000260203440929
0.000260183743440
0.000260163782070
0.000260143567049
0.000260123108743
0.000260102417532
0.000260081503696
0.000260060377308
0.000260039048136
0.000260017525571
0.000259995818575
0.000259973935659
0.000259951884883
0.000259929673887
0.000259907309945
0.000259884800040
0.000259862150952
0.000259839369360
0.000259816461944
0.000259793435486
0.000259770296959
0.000259747053608
0.000259723713003
0.000259700283076
0.000259676772131
0.000259653188832
0.000259629542165
0.000259605841378
0.000259582095911
0.000259558315305
0.000259534509110
0.000259510686791
0.000259486857638
0.000259463030685
0.000259439214645
0.000259415417865
0.000259391648298
0.000259367913499
0.000259344220639
0.000259320576546
0.000259296987755
0.000259273460576
0.000259250001171
0.000259226615630
0.000259203310053
0.000259180090621
0.000259156963655
0.000259133935668
0.000259111013393
0.000259088203794
0.000259065514062
0.000259042951591
0.000259020523935
0.000258998238755
0.000258976103756
0.000258954126620
0.000258932314933
0.000258910676119
0.000258889217382
0.000258867945655
0.000258846867567
0.000258825989420
0.000258805317186
0.000258784856519
0.000258764612777
0.000258744591064
0.000258724796274
0.000258705233146
0.000258685906317
0.000258666820379
0.000258647979928
0.000258629389603
0.000258611054119
0.000258592978287
0.000258575167016
0.000258557625311
0.000258540358250
0.000258523370956
0.000258506668560
0.000258490256157
0.000258474138757
0.000258458321245
0.000258442808337
0.000258427604544
0.000258412714144
0.000258398141169
0.000258383889392
0.000258369962335
0.000258356363283
0.000258343095302
0.000258330161271
0.000258317563916
0.000258305305839
0.000258293389558
0.000258281817536
0.000258270592203
0.000258259715977
0.000258249191275
0.000258239020509
0.000258229206083
0.000258219750377
0.000258210655724
0.000258201924383
0.000258193558514
0.000258185560146
0.000258177931149
0.000258170673214
0.000258163787835
0.000258157276296
0.000258151139673
0.000258145378836
0.000258139994466
0.000258134987067
0.000258130356998
0.000258126104495
0.000258122229701
0.000258118732689
0.000258115613487
0.000258112872094
0.000258110508489
0.000258108522636
0.000258106914474
0.000258105683905
0.000258104830773
0.000258104354835
0.000258104255734
0.000258104532965
0.000258105185842
0.000258106213474
0.000258107614744
0.000258109388287
0.000258111532495
0.000258114045510
0.000258116925248
0.000258120169414
0.000258123775538
0.000258127741007
0.000258132063112
0.000258136739082
0.000258141766126
0.000258147141472
0.000258152862385
0.000258158926193
0.000258165330289
0.000258172072126
0.000258179149201
0.000258186559025
0.000258194299086
0.000258202366802
0.000258210759474
0.000258219474230
0.000258228507981
0.000258237857376
0.000258247518765
0.000258257488179
0.000258267761321
0.000258278333567
0.000258289199988
0.000258300355385
0.000258311794331
0.000258323511232
0.000258335500383
0.000258347756039
0.000258360272474
0.000258373044042
0.000258386065224
0.000258399330666
0.000258412835198
0.000258426573839
0.000258440541782
0.000258454734365
0.000258469147022
0.000258483775227
0.000258498614419
0.000258513659932
0.000258528906920
0.000258544350283
0.000258559984608
0.000258575804117
0.000258591802641
0.000258607973597
0.000258624310005
0.000258640804508
0.000258657449426
0.000258674236815
0.000258691158547
0.000258708206396
0.000258725372128
0.000258742647593
0.000258760024800
0.000258777495992
0.000258795053696
0.000258812690756
0.000258830400342
0.000258848175933
0.000258866011285
0.000258883900370
0.000258901837297
0.000258919816226
0.000258937831271
0.000258955876394
0.000258973945318
0.000258992031434
0.000259010127739
0.000259028226781
0.000259046320636
0.000259064400914
0.000259082458778
0.000259100485005
0.000259118470058
0.000259136404178
0.000259154277497
0.000259172080147
0.000259189802375
0.000259207434652
0.000259224967763
0.000259242392884
0.000259259701630
0.000259276886080
0.000259293938767
0.000259310852646
0.000259327621031
0.000259344237505
0.000259360695819
0.000259376989775
0.000259393113100
0.000259409059331
0.000259424821700
0.000259440393043
0.000259455765728
0.000259470931614
0.000259485882034
0.000259500607819
0.000259515099344
0.000259529346612
0.000259543339351
0.000259557067141
0.000259570519544
0.000259583686239
0.000259596557160
0.000259609122606
0.000259621373348
0.000259633300697
0.000259644896547
0.000259656153386
0.000259667064268
0.000259677622755
0.000259687822829
0.000259697658782
0.000259707125080
0.000259716216226
0.000259724926618
0.000259733250412
0.000259741181408
0.000259748712945
0.000259755837846
0.000259762548373
0.000259768836237
0.000259774692637
0.000259780108330
0.000259785073738
0.000259789579074
0.000259793614489
0.000259797170224
0.000259800236766
0.000259802804986
0.000259804866268
0.000259806412603
0.000259807436662
0.000259807931817
0.000259807892139
0.000259807312350
0.000259806187740
0.000259804514056
0.000259802287364
0.000259799503899
0.000259796159904
0.000259792251478
0.000259787774425
0.000259782724144
0.000259777095523
0.000259770882892
0.000259764079996
0.000259756680020
0.000259748675646
0.000259740059151
0.000259730822532
0.000259720957656
0.000259710456421
0.000259699310931
0.000259687513650
0.000259675057556
0.000259661936262
0.000259648144110
0.000259633676223
0.000259618528520
0.000259602697690
0.000259586181123
0.000259568976805
0.000259551083189
0.000259532499033
0.000259513223236
0.000259493254667
0.000259472591998
0.000259451233564
0.000259429177239
0.000259406420354
0.000259382959653
