0.000419799775440
0.000419891733641
0.000419991473821
0.000420098950947
0.000420214116420
0.000420336918085
0.000420467300234
0.000420605203620
0.000420750565474
0.000420903319518
0.000421063395989
0.000421230721661
0.000421405219877
0.000421586810569
0.000421775410302
0.000421970932303
0.000422173286498
0.000422382379562
0.000422598114953
0.000422820392967
0.000423049110783
0.000423284162518
0.000423525439280
0.000423772829227
0.000424026217629
0.000424285486925
0.000424550516793
0.000424821184216
0.000425097363551
0.000425378926601
0.000425665742689
0.000425957678736
0.000426254599334
0.000426556366832
0.000426862841416
0.000427173881189
0.000427489342264
0.000427809078843
0.000428132943312
0.000428460786328
0.000428792456912
0.000429127802540
0.000429466669243
0.000429808901694
0.000430154343313
0.000430502836357
0.000430854222026
0.000431208340557
0.000431565031327
0.000431924132954
0.000432285483394
0.000432648920052
0.000433014279875
0.000433381399462
0.000433750115162
0.000434120263181
0.000434491679684
0.000434864200897
0.000435237663214
0.000435611903295
0.000435986758173
0.000436362065356
0.000436737662926
0.000437113389645
0.000437489085053
0.000437864589570
0.000438239744594
0.000438614392600
0.000438988377241
0.000439361543440
0.000439733737488
0.000440104807141
0.000440474601707
0.000440842972146
0.000441209771156
0.000441574853260
0.000441938074901
0.000442299294522
0.000442658372650
0.000443015171986
0.000443369557476
0.000443721396399
0.000444070558438
0.000444416915759
0.000444760343080
0.000445100717748
0.000445437919801
0.000445771832042
0.000446102340097
0.000446429332480
0.000446752700654
0.000447072339085
0.000447388145301
0.000447700019941
0.000448007866806
0.000448311592909
0.000448611108514
0.000448906327185
0.000449197165820
0.000449483544691
0.000449765387478
0.000450042621298
0.000450315176735
0.000450582987870
0.000450845992294
0.000451104131141
0.000451357349095
0.000451605594409
0.000451848818919
0.000452086978048
0.000452320030817
0.000452547939844
0.000452770671350
0.000452988195149
0.000453200484652
0.000453407516850
0.000453609272312
0.000453805735163
0.000453996893076
0.000454182737246
0.000454363262372
0.000454538466633
0.000454708351659
0.000454872922500
0.000455032187599
0.000455186158751
0.000455334851071
0.000455478282947
0.000455616476006
0.000455749455061
0.000455877248071
0.000455999886085
0.000456117403194
0.000456229836475
0.000456337225936
0.000456439614456
0.000456537047724
0.000456629574179
0.000456717244942
0.000456800113752
0.000456878236894
0.000456951673134
0.000457020483641
0.000457084731919
0.000457144483726
0.000457199807002
0.000457250771786
0.000457297450141
0.000457339916069
0.000457378245430
0.000457412515860
0.000457442806682
0.000457469198824
0.000457491774731
0.000457510618278
0.000457525814678
0.000457537450399
0.000457545613068
0.000457550391383
0.000457551875021
0.000457550154551
0.000457545321334
0.000457537467437
0.000457526685539
0.000457513068838
0.000457496710959
0.000457477705859
0.000457456147741
0.000457432130953
0.000457405749904
0.000457377098968
0.000457346272392
0.000457313364210
0.000457278468147
0.000457241677535
0.000457203085221
0.000457162783479
0.000457120863925
0.000457077417428
0.000457032534029
0.000456986302852
0.000456938812025
0.000456890148598
0.000456840398461
0.000456789646266
0.000456737975350
0.000456685467657
0.000456632203667
0.000456578262321
0.000456523720949
0.000456468655202
0.000456413138987
0.000456357244395
0.000456301041643
0.000456244599008
0.000456187982773
0.000456131257160
0.000456074484285
0.000456017724097
0.000455961034329
0.000455904470448
0.000455848085613
0.000455791930623
0.000455736053881
0.000455680501353
0.000455625316527
0.000455570540385
0.000455516211364
0.000455462365331
0.000455409035554
0.000455356252674
0.000455304044692
0.000455252436938
0.000455201452063
0.000455151110020
0.000455101428055
0.000455052420695
0.000455004099745
0.000454956474281
0.000454909550651
0.000454863332477
0.000454817820658
0.000454773013375
0.000454728906104
0.000454685491628
0.000454642760049
0.000454600698805
0.000454559292695
0.000454518523895
0.000454478371988
0.000454438813988
0.000454399824374
0.000454361375116
0.000454323435717
0.000454285973247
0.000454248952383
0.000454212335449
0.000454176082465
0.000454140151190
0.000454104497172
0.000454069073799
0.000454033832351
0.000453998722058
0.000453963690155
0.000453928681941
0.000453893640844
0.000453858508479
0.000453823224714
0.000453787727743
0.000453751954144
0.000453715838959
0.000453679315759
0.000453642316720
0.000453604772699
0.000453566613307
0.000453527766990
0.000453488161102
0.000453447721995
0.000453406375089
0.000453364044963
0.000453320655431
0.000453276129633
0.000453230390116
0.000453183358920
0.000453134957665
0.000453085107639
0.000453033729886
0.000452980745291
0.000452926074672
0.000452869638870
0.000452811358832
0.000452751155708
0.000452688950936
0.000452624666332
0.000452558224181
0.000452489547326
0.000452418559254
0.000452345184192
0.000452269347186
0.000452190974199
0.000452109992191
0.000452026329209
0.000451939914476
0.000451850678469
0.000451758553015
0.000451663471362
0.000451565368274
0.000451464180106
0.000451359844885
0.000451252302392
0.000451141494241
0.000451027363955
0.000450909857039
0.000450788921060
0.000450664505715
0.000450536562907
0.000450405046807
0.000450269913933
0.000450131123206
0.000449988636019
0.000449842416302
0.000449692430576
0.000449538648018
0.000449381040516
0.000449219582720
0.000449054252099
0.000448885028991
0.000448711896646
0.000448534841279
0.000448353852108
0.000448168921398
0.000447980044499
0.000447787219883
0.000447590449177
0.000447389737194
0.000447185091964
0.000446976524760
0.000446764050119
0.000446547685868
0.000446327453139
0.000446103376385
0.000445875483399
0.000445643805316
0.000445408376627
0.000445169235185
0.000444926422204
0.000444679982261
0.000444429963294
0.000444176416596
0.000443919396807
0.000443658961903
0.000443395173182
0.000443128095252
0.000442857796004
0.000442584346601
0.000442307821445
0.000442028298156
0.000441745857541
0.000441460583559
0.000441172563293
0.000440881886909
0.000440588647614
0.000440292941622
0.000439994868101
0.000439694529133
0.000439392029659
0.000439087477432
0.000438780982963
0.000438472659460
0.000438162622777
0.000437850991347
0.000437537886124
0.000437223430515
0.000436907750318
0.000436590973647
0.000436273230867
0.000435954654518
0.000435635379243
0.000435315541711
0.000434995280540
0.000434674736217
0.000434354051019
0.000434033368927
0.000433712835547
0.000433392598020
0.000433072804940
0.000432753606266
0.000432435153228
0.000432117598245
0.000431801094827
0.000431485797491
0.000431171861659
0.000430859443573
0.000430548700196
0.000430239789120
0.000429932868469
0.000429628096805
0.000429325633029
0.000429025636287
0.000428728265874
0.000428433681134
0.000428142041367
0.000427853505728
0.000427568233135
0.000427286382166
0.000427008110971
0.000426733577166
0.000426462937746
0.000426196348985
0.000425933966342
0.000425675944370
0.000425422436617
0.000425173595539
0.000424929572405
0.000424690517207
0.000424456578572
0.000424227903670
0.000424004638132
0.000423786925956
0.000423574909430
0.000423368729044
