0.000335318797725
0.000335521954015
0.000335724802545
0.000335927287516
0.000336129353529
0.000336330945602
0.000336532009193
0.000336732490211
0.000336932335041
0.000337131490557
0.000337329904140
0.000337527523699
0.000337724297684
0.000337920175104
0.000338115105542
0.000338309039175
0.000338501926785
0.000338693719780
0.000338884370203
0.000339073830754
0.000339262054797
0.000339448996384
0.000339634610260
0.000339818851884
0.000340001677441
0.000340183043853
0.000340362908796
0.000340541230711
0.000340717968817
0.000340893083123
0.000341066534439
0.000341238284392
0.000341408295429
0.000341576530837
0.000341742954746
0.000341907532142
0.000342070228878
0.000342231011681
0.000342389848163
0.000342546706826
0.000342701557078
0.000342854369232
0.000343005114522
0.000343153765102
0.000343300294063
0.000343444675430
0.000343586884175
0.000343726896218
0.000343864688437
0.000344000238670
0.000344133525717
0.000344264529352
0.000344393230317
0.000344519610333
0.000344643652098
0.000344765339294
0.000344884656584
0.000345001589618
0.000345116125032
0.000345228250452
0.000345337954492
0.000345445226755
0.000345550057834
0.000345652439311
0.000345752363756
0.000345849824726
0.000345944816763
0.000346037335391
0.000346127377116
0.000346214939420
0.000346300020758
0.000346382620556
0.000346462739208
0.000346540378065
0.000346615539438
0.000346688226590
0.000346758443726
0.000346826195996
0.000346891489482
0.000346954331193
0.000347014729060
0.000347072691927
0.000347128229544
0.000347181352558
0.000347232072505
0.000347280401802
0.000347326353737
0.000347369942460
0.000347411182972
0.000347450091114
0.000347486683560
0.000347520977804
0.000347552992148
0.000347582745691
0.000347610258321
0.000347635550697
0.000347658644243
0.000347679561132
0.000347698324273
0.000347714957299
0.000347729484556
0.000347741931083
0.000347752322605
0.000347760685515
0.000347767046860
0.000347771434326
0.000347773876223
0.000347774401473
0.000347773039588
0.000347769820660
0.000347764775345
0.000347757934844
0.000347749330888
0.000347738995724
0.000347726962097
0.000347713263230
0.000347697932816
0.000347681004992
0.000347662514325
0.000347642495798
0.000347620984787
0.000347598017048
0.000347573628693
0.000347547856182
0.000347520736294
0.000347492306118
0.000347462603026
0.000347431664665
0.000347399528930
0.000347366233951
0.000347331818070
0.000347296319828
0.000347259777943
0.000347222231293
0.000347183718897
0.000347144279894
0.000347103953531
0.000347062779136
0.000347020796106
0.000346978043884
0.000346934561943
0.000346890389765
0.000346845566824
0.000346800132569
0.000346754126401
0.000346707587659
0.000346660555598
0.000346613069373
0.000346565168023
0.000346516890448
0.000346468275393
0.000346419361434
0.000346370186952
0.000346320790124
0.000346271208900
0.000346221480987
0.000346171643833
0.000346121734606
0.000346071790182
0.000346021847123
0.000345971941663
0.000345922109694
0.000345872386743
0.000345822807961
0.000345773408107
0.000345724221529
0.000345675282151
0.000345626623458
0.000345578278479
0.000345530279774
0.000345482659418
0.000345435448988
0.000345388679546
0.000345342381628
0.000345296585230
0.000345251319792
0.000345206614186
0.000345162496707
0.000345118995052
0.000345076136317
0.000345033946976
0.000344992452877
0.000344951679226
0.000344911650578
0.000344872390823
0.000344833923180
0.000344796270183
0.000344759453675
0.000344723494792
0.000344688413962
0.000344654230889
0.000344620964548
0.000344588633176
0.000344557254263
0.000344526844546
0.000344497420001
0.000344468995835
0.000344441586483
0.000344415205597
0.000344389866044
0.000344365579898
0.000344342358436
0.000344320212135
0.000344299150665
0.000344279182886
0.000344260316843
0.000344242559766
0.000344225918065
0.000344210397326
0.000344196002311
0.000344182736958
0.000344170604373
0.000344159606836
0.000344149745799
0.000344141021880
0.000344133434872
0.000344126983736
0.000344121666607
0.000344117480792
0.000344114422772
0.000344112488207
0.000344111671934
0.000344111967973
0.000344113369529
0.000344115868993
0.000344119457953
0.000344124127188
0.000344129866683
0.000344136665625
0.000344144512414
0.000344153394669
0.000344163299228
0.000344174212162
0.000344186118776
0.000344199003621
0.000344212850497
0.000344227642462
0.000344243361842
0.000344259990238
0.000344277508533
0.000344295896907
0.000344315134837
0.000344335201116
0.000344356073858
0.000344377730508
0.000344400147856
0.000344423302047
0.000344447168588
0.000344471722368
0.000344496937661
0.000344522788145
0.000344549246912
0.000344576286479
0.000344603878802
0.000344631995294
0.000344660606829
0.000344689683765
0.000344719195951
0.000344749112746
0.000344779403031
0.000344810035225
0.000344840977297
0.000344872196786
0.000344903660812
0.000344935336094
0.000344967188967
0.000344999185394
0.000345031290986
0.000345063471016
0.000345095690437
0.000345127913899
0.000345160105762
0.000345192230120
0.000345224250811
0.000345256131436
0.000345287835381
0.000345319325827
0.000345350565774
0.000345381518054
0.000345412145352
0.000345442410223
0.000345472275108
0.000345501702356
0.000345530654241
0.000345559092976
0.000345586980738
0.000345614279682
0.000345640951962
0.000345666959745
0.000345692265235
0.000345716830686
0.000345740618426
0.000345763590870
0.000345785710541
0.000345806940088
0.000345827242303
0.000345846580142
0.000345864916742
0.000345882215438
0.000345898439782
0.000345913553565
0.000345927520828
0.000345940305887
0.000345951873346
0.000345962188118
0.000345971215441
0.000345978920896
0.000345985270426
0.000345990230350
0.000345993767384
0.000345995848654
0.000345996441716
0.000345995514570
0.000345993035682
0.000345988973993
0.000345983298941
0.000345975980475
0.000345966989071
0.000345956295750
0.000345943872091
0.000345929690248
0.000345913722964
0.000345895943589
0.000345876326089
0.000345854845067
0.000345831475772
0.000345806194118
0.000345778976691
0.000345749800767
0.000345718644326
0.000345685486061
0.000345650305393
0.000345613082484
0.000345573798248
0.000345532434363
0.000345488973285
0.000345443398254
0.000345395693311
0.000345345843306
0.000345293833909
0.000345239651619
0.000345183283775
0.000345124718565
0.000345063945033
0.000345000953090
0.000344935733524
0.000344868278001
0.000344798579081
0.000344726630218
0.000344652425772
0.000344575961014
0.000344497232132
0.000344416236237
0.000344332971369
0.000344247436503
0.000344159631554
0.000344069557379
0.000343977215784
0.000343882609526
0.000343785742319
0.000343686618832
0.000343585244695
0.000343481626503
0.000343375771810
0.000343267689139
0.000343157387978
0.000343044878781
0.000342930172970
0.000342813282933
0.000342694222026
0.000342573004570
0.000342449645850
0.000342324162115
0.000342196570574
0.000342066889396
0.000341935137706
0.000341801335581
0.000341665504047
0.000341527665075
0.000341387841578
0.000341246057402
0.000341102337325
0.000340956707049
0.000340809193195
0.000340659823297
0.000340508625794
0.000340355630024
0.000340200866217
0.000340044365487
0.000339886159826
0.000339726282090
0.000339564765999
0.000339401646119
0.000339236957860
0.000339070737461
0.000338903021981
0.000338733849291
0.000338563258060
0.000338391287745
0.000338217978579
0.000338043371558
