0.000390973229449
0.000391158736221
0.000391349678637
0.000391545966142
0.000391747506112
0.000391954203904
0.000392165962898
0.000392382684554
0.000392604268451
0.000392830612349
0.000393061612233
0.000393297162370
0.000393537155363
0.000393781482206
0.000394030032343
0.000394282693722
0.000394539352855
0.000394799894881
0.000395064203618
0.000395332161634
0.000395603650304
0.000395878549870
0.000396156739510
0.000396438097400
0.000396722500778
0.000397009826010
0.000397299948654
0.000397592743530
0.000397888084785
0.000398185845957
0.000398485900049
0.000398788119591
0.000399092376709
0.000399398543198
0.000399706490584
0.000400016090197
0.000400327213238
0.000400639730846
0.000400953514170
0.000401268434436
0.000401584363014
0.000401901171490
0.000402218731729
0.000402536915948
0.000402855596779
0.000403174647340
0.000403493941300
0.000403813352943
0.000404132757240
0.000404452029910
0.000404771047483
0.000405089687372
0.000405407827926
0.000405725348504
0.000406042129527
0.000406358052548
0.000406673000306
0.000406986856791
0.000407299507299
0.000407610838491
0.000407920738454
0.000408229096750
0.000408535804476
0.000408840754318
0.000409143840600
0.000409444959340
0.000409744008299
0.000410040887028
0.000410335496921
0.000410627741257
0.000410917525249
0.000411204756088
0.000411489342982
0.000411771197203
0.000412050232123
0.000412326363257
0.000412599508294
0.000412869587140
0.000413136521947
0.000413400237148
0.000413660659488
0.000413917718055
0.000414171344306
0.000414421472094
0.000414668037696
0.000414910979831
0.000415150239686
0.000415385760938
0.000415617489766
0.000415845374872
0.000416069367496
0.000416289421432
0.000416505493032
0.000416717541226
0.000416925527523
0.000417129416021
0.000417329173412
0.000417524768985
0.000417716174630
0.000417903364832
0.000418086316676
0.000418265009841
0.000418439426595
0.000418609551787
0.000418775372841
0.000418936879747
0.000419094065044
0.000419246923813
0.000419395453660
0.000419539654696
0.000419679529525
0.000419815083220
0.000419946323303
0.000420073259723
0.000420195904832
0.000420314273357
0.000420428382375
0.000420538251283
0.000420643901768
0.000420745357778
0.000420842645484
0.000420935793249
0.000421024831594
0.000421109793156
0.000421190712653
0.000421267626845
0.000421340574491
0.000421409596309
0.000421474734931
0.000421536034860
0.000421593542424
0.000421647305729
0.000421697374613
0.000421743800597
0.000421786636834
0.000421825938059
0.000421861760539
0.000421894162021
0.000421923201676
0.000421948940048
0.000421971438999
0.000421990761650
0.000422006972333
0.000422020136526
0.000422030320801
0.000422037592762
0.000422042020993
0.000422043674994
0.000422042625121
0.000422038942532
0.000422032699123
0.000422023967467
0.000422012820758
0.000421999332744
0.000421983577674
0.000421965630228
0.000421945565463
0.000421923458750
0.000421899385709
0.000421873422154
0.000421845644029
0.000421816127344
0.000421784948121
0.000421752182327
0.000421717905817
0.000421682194275
0.000421645123149
0.000421606767600
0.000421567202435
0.000421526502052
0.000421484740384
0.000421441990837
0.000421398326237
0.000421353818773
0.000421308539939
0.000421262560480
0.000421215950343
0.000421168778613
0.000421121113472
0.000421073022137
0.000421024570817
0.000420975824657
0.000420926847694
0.000420877702805
0.000420828451661
0.000420779154682
0.000420729870990
0.000420680658366
0.000420631573210
0.000420582670493
0.000420534003724
0.000420485624903
0.000420437584489
0.000420389931363
0.000420342712788
0.000420295974379
0.000420249760068
0.000420204112074
0.000420159070872
0.000420114675165
0.000420070961857
0.000420027966024
0.000419985720894
0.000419944257824
0.000419903606273
0.000419863793789
0.000419824845986
0.000419786786531
0.000419749637122
0.000419713417484
0.000419678145346
0.000419643836440
0.000419610504485
0.000419578161183
0.000419546816212
0.000419516477222
0.000419487149830
0.000419458837623
0.000419431542156
0.000419405262951
0.000419379997509
0.000419355741304
0.000419332487800
0.000419310228451
0.000419288952718
0.000419268648075
0.000419249300025
0.000419230892112
0.000419213405939
0.000419196821187
0.000419181115629
0.000419166265156
0.000419152243796
0.000419139023737
0.000419126575355
0.000419114867236
0.000419103866209
0.000419093537369
0.000419083844115
0.000419074748174
0.000419066209639
0.000419058187003
0.000419050637195
0.000419043515613
0.000419036776168
0.000419030371322
0.000419024252124
0.000419018368257
0.000419012668080
0.000419007098671
0.000419001605870
0.000418996134329
0.000418990627557
0.000418985027968
0.000418979276930
0.000418973314814
0.000418967081048
0.000418960514164
0.000418953551853
0.000418946131016
0.000418938187821
0.000418929657755
0.000418920475678
0.000418910575881
0.000418899892142
0.000418888357781
0.000418875905718
0.000418862468532
0.000418847978516
0.000418832367739
0.000418815568102
0.000418797511397
0.000418778129369
0.000418757353772
0.000418735116432
0.000418711349302
0.000418685984526
0.000418658954499
0.000418630191921
0.000418599629866
0.000418567201831
0.000418532841806
0.000418496484324
0.000418458064528
0.000418417518223
0.000418374781940
0.000418329792991
0.000418282489528
0.000418232810598
0.000418180696205
0.000418126087363
0.000418068926149
0.000418009155766
0.000417946720590
0.000417881566227
0.000417813639570
0.000417742888843
0.000417669263662
0.000417592715079
0.000417513195635
0.000417430659412
0.000417345062075
0.000417256360925
0.000417164514941
0.000417069484829
0.000416971233065
0.000416869723937
0.000416764923590
0.000416656800062
0.000416545323331
0.000416430465346
0.000416312200070
0.000416190503513
0.000416065353769
0.000415936731046
0.000415804617703
0.000415668998277
0.000415529859515
0.000415387190399
0.000415240982175
0.000415091228380
0.000414937924861
0.000414781069798
0.000414620663731
0.000414456709570
0.000414289212620
0.000414118180593
0.000413943623625
0.000413765554288
0.000413583987599
0.000413398941036
0.000413210434540
0.000413018490526
0.000412823133885
0.000412624391989
0.000412422294693
0.000412216874335
0.000412008165734
0.000411796206187
0.000411581035465
0.000411362695806
0.000411141231908
0.000410916690918
0.000410689122423
0.000410458578433
0.000410225113372
0.000409988784060
0.000409749649692
0.000409507771825
0.000409263214351
0.000409016043480
0.000408766327714
0.000408514137819
0.000408259546803
0.000408002629886
0.000407743464467
0.000407482130098
0.000407218708446
0.000406953283263
0.000406685940348
0.000406416767512
0.000406145854536
0.000405873293137
0.000405599176921
0.000405323601345
0.000405046663674
0.000404768462931
0.000404489099857
0.000404208676861
0.000403927297972
0.000403645068790
0.000403362096436
0.000403078489499
0.000402794357985
0.000402509813265
0.000402224968016
0.000401939936171
0.000401654832857
0.000401369774344
0.000401084877985
0.000400800262154
0.000400516046191
0.000400232350342
0.000399949295694
0.000399667004120
0.000399385598211
0.000399105201218
0.000398825936988
0.000398547929899
0.000398271304799
0.000397996186940
0.000397722701915
0.000397450975592
0.000397181134051
0.000396913303516
0.000396647610294
0.000396384180704
0.000396123141019
0.000395864617392
0.000395608735799
0.000395355621967
