0.000227497871129
0.000227477051881
0.000227455758703
0.000227433991591
0.000227411759721
0.000227389081134
0.000227365982155
0.000227342496536
0.000227318664394
0.000227294530951
0.000227270145137
0.000227245558091
0.000227220821618
0.000227195986639
0.000227171101698
0.000227146211551
0.000227121355895
0.000227096568269
0.000227071875155
0.000227047295309
0.000227022839340
0.000226998509543
0.000226974299995
0.000226950196902
0.000226926179190
0.000226902219324
0.000226878284313
0.000226854336888
0.000226830336805
0.000226806242235
0.000226782011202
0.000226757603016
0.000226732979668
0.000226708107133
0.000226682956551
0.000226657505238
0.000226631737504
0.000226605645246
0.000226579228300
0.000226552494535
0.000226525459689
0.000226498146949
0.000226470586288
0.000226442813577
0.000226414869508
0.000226386798350
0.000226358646590
0.000226330461504
0.000226302289695
0.000226274175661
0.000226246160433
0.000226218280334
0.000226190565895
0.000226163040976
0.000226135722110
0.000226108618097
0.000226081729870
0.000226055050614
0.000226028566163
0.000226002255633
0.000225976092282
0.000225950044569
0.000225924077365
0.000225898153273
0.000225872234024
0.000225846281880
0.000225820261012
0.000225794138799
0.000225767886993
0.000225741482737
0.000225714909371
0.000225688157020
0.000225661222947
0.000225634111647
0.000225606834703
0.000225579410395
0.000225551863087
0.000225524222428
0.000225496522376
0.000225468800101
0.000225441094796
0.000225413446448
0.000225385894600
0.000225358477153
0.000225331229245
0.000225304182249
0.000225277362903
0.000225250792619
0.000225224486979
0.000225198455425
0.000225172701160
0.000225147221256
0.000225122006951
0.000225097044135
0.000225072313993
0.000225047793796
0.000225023457787
0.000224999278161
0.000224975226081
0.000224951272708
0.000224927390215
0.000224903552743
0.000224879737280
0.000224855924429
0.000224832099054
0.000224808250775
0.000224784374301
0.000224760469610
0.000224736541946
0.000224712601657
0.000224688663879
0.000224664748064
0.000224640877385
0.000224617078029
0.000224593378399
0.000224569808264
0.000224546397858
0.000224523176992
0.000224500174175
0.000224477415788
0.000224454925338
0.000224432722810
0.000224410824135
0.000224389240803
0.000224367979620
0.000224347042616
0.000224326427121
0.000224306125984
0.000224286127945
0.000224266418129
0.000224246978666
0.000224227789390
0.000224208828616
0.000224190073949
0.000224171503116
0.000224153094773
0.000224134829279
0.000224116689394
0.000224098660888
0.000224080733044
0.000224062899022
0.000224045156096
0.000224027505733
0.000224009953533
0.000223992509023
0.000223975185321
0.000223957998673
0.000223940967894
0.000223924113730
0.000223907458164
0.000223891023693
0.000223874832601
0.000223858906258
0.000223843264468
0.000223827924885
0.000223812902516
0.000223798209337
0.000223783854013
0.000223769841747
0.000223756174249
0.000223742849831
0.000223729863609
0.000223717207813
0.000223704872189
0.000223692844469
0.000223681110898
0.000223669656798
0.000223658467143
0.000223647527124
0.000223636822692
0.000223626341056
0.000223616071112
0.000223606003807
0.000223596132412
0.000223586452705
0.000223576963060
0.000223567664440
0.000223558560297
0.000223549656397
0.000223540960561
0.000223532482348
0.000223524232690
0.000223516223486
0.000223508467188
0.000223500976371
0.000223493763319
0.000223486839635
0.000223480215888
0.000223473901302
0.000223467903510
0.000223462228369
0.000223456879839
0.000223451859939
0.000223447168770
0.000223442804608
0.000223438764058
0.000223435042267
0.000223431633176
0.000223428529818
0.000223425724629
0.000223423209778
0.000223420977486
0.000223419020342
0.000223417331577
0.000223415905315
0.000223414736771
0.000223413822397
0.000223413159972
0.000223412748634
0.000223412588848
0.000223412682328
0.000223413031896
0.000223413641302
0.000223414515008
0.000223415657941
0.000223417075237
0.000223418771974
0.000223420752920
0.000223423022290
0.000223425583542
0.000223428439208
0.000223431590771
0.000223435038600
0.000223438781926
0.000223442818894
0.000223447146653
0.000223451761499
0.000223456659062
0.000223461834528
0.000223467282873
0.000223472999114
0.000223478978560
0.000223485217040
0.000223491711114
0.000223498458240
0.000223505456905
0.000223512706698
0.000223520208336
0.000223527963623
0.000223535975371
0.000223544247250
0.000223552783608
0.000223561589246
0.000223570669160
0.000223580028278
0.000223589671175
0.000223599601807
0.000223609823251
0.000223620337487
0.000223631145206
0.000223642245677
0.000223653636664
0.000223665314404
0.000223677273646
0.000223689507753
0.000223702008862
0.000223714768092
0.000223727775808
0.000223741021906
0.000223754496137
0.000223768188430
0.000223782089227
0.000223796189798
0.000223810482539
0.000223824961233
0.000223839621262
0.000223854459780
0.000223869475812
0.000223884670303
0.000223900046090
0.000223915607817
0.000223931361776
0.000223947315693
0.000223963478449
0.000223979859760
0.000223996469813
0.000224013318869
0.000224030416858
0.000224047772959
0.000224065395199
0.000224083290070
0.000224101462188
0.000224119913995
0.000224138645532
0.000224157654280
0.000224176935078
0.000224196480130
0.000224216279104
0.000224236319311
0.000224256585979
0.000224277062605
0.000224297731376
0.000224318573654
0.000224339570508
0.000224360703277
0.000224381954143
0.000224403306698
0.000224424746487
0.000224446261497
0.000224467842585
0.000224489483816
0.000224511182698
0.000224532940303
0.000224554761269
0.000224576653663
0.000224598628722
0.000224620700470
0.000224642885212
0.000224665200944
0.000224687666668
0.000224710301655
0.000224733124682
0.000224756153256
0.000224779402868
0.000224802886297
0.000224826612999
0.000224850588594
0.000224874814484
0.000224899287610
0.000224924000371
0.000224948940696
0.000224974092286
0.000224999435004
0.000225024945420
0.000225050597475
0.000225076363255
0.000225102213844
0.000225128120219
0.000225154054167
0.000225179989184
0.000225205901318
0.000225231769932
0.000225257578361
0.000225283314426
0.000225308970800
0.000225334545204
0.000225360040423
0.000225385464159
0.000225410828696
0.000225436150423
0.000225461449202
0.000225486747623
0.000225512070163
0.000225537442280
0.000225562889468
0.000225588436312
0.000225614105573
0.000225639917323
0.000225665888171
0.000225692030602
0.000225718352440
0.000225744856465
0.000225771540193
0.000225798395819
0.000225825410327
0.000225852565779
0.000225879839740
0.000225907205867
0.000225934634606
0.000225962094006
0.000225989550605
0.000226016970371
0.000226044319663
0.000226071566197
0.000226098679971
0.000226125634133
0.000226152405758
0.000226178976522
0.000226205333233
0.000226231468220
0.000226257379554
0.000226283071094
0.000226308552355
0.000226333838197
0.000226358948340
0.000226383906710
0.000226408740648
0.000226433479984
0.000226458156017
0.000226482800415
0.000226507444096
0.000226532116088
0.000226556842439
0.000226581645198
0.000226606541500
0.000226631542798
0.000226656654266
0.000226681874402
0.000226707194841
0.000226732600395
0.000226758069333
0.000226783573879
0.000226809080933
0.000226834552981
0.000226859949186
0.000226885226605
0.000226910341503
0.000226935250728
0.000226959913077
0.000226984290630
0.000227008349986
