0.000451982738677
0.000451870044982
0.000451766567147
0.000451672348004
0.000451587426862
0.000451511839403
0.000451445617588
0.000451388789557
0.000451341379541
0.000451303407778
0.000451274890429
0.000451255839502
0.000451246262782
0.000451246163762
0.000451255541579
0.000451274390959
0.000451302702163
0.000451340460937
0.000451387648473
0.000451444241368
0.000451510211588
0.000451585526448
0.000451670148580
0.000451764035921
0.000451867141695
0.000451979414411
0.000452100797853
0.000452231231086
0.000452370648465
0.000452518979639
0.000452676149577
0.000452842078584
0.000453016682330
0.000453199871879
0.000453391553727
0.000453591629846
0.000453799997723
0.000454016550415
0.000454241176604
0.000454473760651
0.000454714182669
0.000454962318582
0.000455218040202
0.000455481215304
0.000455751707710
0.000456029377368
0.000456314080443
0.000456605669411
0.000456903993153
0.000457208897054
0.000457520223108
0.000457837810022
0.000458161493326
0.000458491105489
0.000458826476031
0.000459167431639
0.000459513796297
0.000459865391400
0.000460222035888
0.000460583546370
0.000460949737255
0.000461320420890
0.000461695407686
0.000462074506263
0.000462457523585
0.000462844265097
0.000463234534870
0.000463628135743
0.000464024869463
0.000464424536833
0.000464826937854
0.000465231871874
0.000465639137730
0.000466048533897
0.000466459858635
0.000466872910132
0.000467287486656
0.000467703386696
0.000468120409109
0.000468538353268
0.000468957019203
0.000469376207746
0.000469795720673
0.000470215360847
0.000470634932356
0.000471054240653
0.000471473092693
0.000471891297069
0.000472308664144
0.000472725006184
0.000473140137490
0.000473553874520
0.000473966036018
0.000474376443138
0.000474784919560
0.000475191291611
0.000475595388378
0.000475997041820
0.000476396086880
0.000476792361584
0.000477185707153
0.000477575968092
0.000477962992294
0.000478346631132
0.000478726739542
0.000479103176114
0.000479475803174
0.000479844486858
0.000480209097189
0.000480569508146
0.000480925597734
0.000481277248041
0.000481624345300
0.000481966779942
0.000482304446646
0.000482637244386
0.000482965076473
0.000483287850589
0.000483605478826
0.000483917877711
0.000484224968231
0.000484526675856
0.000484822930552
0.000485113666795
0.000485398823578
0.000485678344415
0.000485952177338
0.000486220274892
0.000486482594130
0.000486739096591
0.000486989748291
0.000487234519693
0.000487473385688
0.000487706325558
0.000487933322946
0.000488154365817
0.000488369446415
0.000488578561215
0.000488781710878
0.000488978900193
0.000489170138021
0.000489355437233
0.000489534814649
0.000489708290964
0.000489875890683
0.000490037642041
0.000490193576929
0.000490343730811
0.000490488142640
0.000490626854772
0.000490759912875
0.000490887365838
0.000491009265676
0.000491125667429
0.000491236629067
0.000491342211384
0.000491442477897
0.000491537494735
0.000491627330534
0.000491712056328
0.000491791745431
0.000491866473330
0.000491936317569
0.000492001357628
0.000492061674811
0.000492117352126
0.000492168474164
0.000492215126979
0.000492257397972
0.000492295375761
0.000492329150066
0.000492358811584
0.000492384451869
0.000492406163206
0.000492424038492
0.000492438171112
0.000492448654820
0.000492455583616
0.000492459051623
0.000492459152975
0.000492455981689
0.000492449631554
0.000492440196012
0.000492427768040
0.000492412440041
0.000492394303727
0.000492373450011
0.000492349968896
0.000492323949369
0.000492295479293
0.000492264645307
0.000492231532721
0.000492196225423
0.000492158805774
0.000492119354521
0.000492077950702
0.000492034671559
0.000491989592450
0.000491942786766
0.000491894325852
0.000491844278929
0.000491792713017
0.000491739692870
0.000491685280902
0.000491629537126
0.000491572519091
0.000491514281824
0.000491454877777
0.000491394356778
0.000491332765977
0.000491270149810
0.000491206549955
0.000491142005297
0.000491076551894
0.000491010222952
0.000490943048795
0.000490875056848
0.000490806271618
0.000490736714682
0.000490666404675
0.000490595357286
0.000490523585258
0.000490451098386
0.000490377903527
0.000490304004607
0.000490229402635
0.000490154095724
0.000490078079106
0.000490001345164
0.000489923883456
0.000489845680747
0.000489766721050
0.000489686985663
0.000489606453209
0.000489525099691
0.000489442898534
0.000489359820644
0.000489275834464
0.000489190906035
0.000489104999057
0.000489018074959
0.000488930092969
0.000488841010184
0.000488750781649
0.000488659360434
0.000488566697718
0.000488472742868
0.000488377443533
0.000488280745725
0.000488182593920
0.000488082931142
0.000487981699069
0.000487878838122
0.000487774287571
0.000487667985637
0.000487559869592
0.000487449875869
0.000487337940163
0.000487223997546
0.000487107982574
0.000486989829394
0.000486869471863
0.000486746843654
0.000486621878375
0.000486494509680
0.000486364671384
0.000486232297580
0.000486097322753
0.000485959681898
0.000485819310631
0.000485676145311
0.000485530123151
0.000485381182336
0.000485229262134
0.000485074303015
0.000484916246762
0.000484755036585
0.000484590617228
0.000484422935088
0.000484251938317
0.000484077576934
0.000483899802932
0.000483718570381
0.000483533835533
0.000483345556924
0.000483153695474
0.000482958214583
0.000482759080229
0.000482556261061
0.000482349728489
0.000482139456777
0.000481925423123
0.000481707607748
0.000481485993974
0.000481260568305
0.000481031320498
0.000480798243640
0.000480561334214
0.000480320592169
0.000480076020977
0.000479827627697
0.000479575423032
0.000479319421378
0.000479059640876
0.000478796103458
0.000478528834887
0.000478257864798
0.000477983226732
0.000477704958165
0.000477423100539
0.000477137699283
0.000476848803833
0.000476556467646
0.000476260748218
0.000475961707082
0.000475659409820
0.000475353926060
0.000475045329470
0.000474733697755
0.000474419112638
0.000474101659849
0.000473781429105
0.000473458514082
0.000473133012390
0.000472805025542
0.000472474658914
0.000472142021711
0.000471807226918
0.000471470391255
0.000471131635127
0.000470791082566
0.000470448861177
0.000470105102069
0.000469759939798
0.000469413512287
0.000469065960764
0.000468717429678
0.000468368066623
0.000468018022254
0.000467667450202
0.000467316506985
0.000466965351914
0.000466614146999
0.000466263056854
0.000465912248591
0.000465561891722
0.000465212158049
0.000464863221559
0.000464515258312
0.000464168446327
0.000463822965470
0.000463478997336
0.000463136725126
0.000462796333533
0.000462458008616
0.000462121937676
0.000461788309131
0.000461457312390
0.000461129137726
0.000460803976144
0.000460482019253
0.000460163459138
0.000459848488223
0.000459537299145
0.000459230084617
0.000458927037298
0.000458628349661
0.000458334213858
0.000458044821587
0.000457760363963
0.000457481031384
0.000457207013399
0.000456938498576
0.000456675674377
0.000456418727021
0.000456167841365
0.000455923200769
0.000455684986973
0.000455453379976
0.000455228557908
0.000455010696912
0.000454799971026
0.000454596552060
0.000454400609487
0.000454212310326
0.000454031819033
0.000453859297390
0.000453694904403
0.000453538796192
0.000453391125899
0.000453252043582
0.000453121696123
0.000453000227137
0.000452887776882
0.000452784482173
0.000452690476299
0.000452605888946
0.000452530846117
0.000452465470067
0.000452409879225
0.000452364188137
