0.000241973911093
0.000241963890961
0.000241953492467
0.000241942686128
0.000241931444472
0.000241919743214
0.000241907562295
0.000241894886769
0.000241881707475
0.000241868021494
0.000241853832367
0.000241839150066
0.000241823990725
0.000241808376144
0.000241792333084
0.000241775892384
0.000241759087936
0.000241741955549
0.000241724531765
0.000241706852644
0.000241688952594
0.000241670863261
0.000241652612539
0.000241634223727
0.000241615714866
0.000241597098274
0.000241578380298
0.000241559561293
0.000241540635819
0.000241521593054
0.000241502417401
0.000241483089271
0.000241463585999
0.000241443882882
0.000241423954269
0.000241403774689
0.000241383319960
0.000241362568248
0.000241341501027
0.000241320103908
0.000241298367323
0.000241276287005
0.000241253864288
0.000241231106185
0.000241208025256
0.000241184639273
0.000241160970689
0.000241137045934
0.000241112894573
0.000241088548342
0.000241064040114
0.000241039402829
0.000241014668426
0.000240989866818
0.000240965024956
0.000240940166007
0.000240915308680
0.000240890466730
0.000240865648649
0.000240840857564
0.000240816091335
0.000240791342854
0.000240766600528
0.000240741848937
0.000240717069616
0.000240692241961
0.000240667344198
0.000240642354390
0.000240617251438
0.000240592016039
0.000240566631570
0.000240541084850
0.000240515366771
0.000240489472760
0.000240463403066
0.000240437162858
0.000240410762134
0.000240384215450
0.000240357541476
0.000240330762407
0.000240303903239
0.000240276990960
0.000240250053670
0.000240223119671
0.000240196216565
0.000240169370388
0.000240142604820
0.000240115940487
0.000240089394395
0.000240062979500
0.000240036704443
0.000240010573446
0.000239984586372
0.000239958738949
0.000239933023147
0.000239907427683
0.000239881938644
0.000239856540197
0.000239831215358
0.000239805946793
0.000239780717621
0.000239755512185
0.000239730316769
0.000239705120230
0.000239679914520
0.000239654695096
0.000239629461177
0.000239604215871
0.000239578966143
0.000239553722647
0.000239528499409
0.000239503313403
0.000239478184008
0.000239453132384
0.000239428180795
0.000239403351889
0.000239378667980
0.000239354150346
0.000239329818581
0.000239305690010
0.000239281779211
0.000239258097632
0.000239234653346
0.000239211450924
0.000239188491456
0.000239165772693
0.000239143289316
0.000239121033323
0.000239098994503
0.000239077160992
0.000239055519876
0.000239034057832
0.000239012761757
0.000238991619395
0.000238970619899
0.000238949754342
0.000238929016135
0.000238908401345
0.000238887908904
0.000238867540703
0.000238847301565
0.000238827199105
0.000238807243485
0.000238787447072
0.000238767824018
0.000238748389781
0.000238729160600
0.000238710152960
0.000238691383049
0.000238672866248
0.000238654616655
0.000238636646677
0.000238618966690
0.000238601584792
0.000238584506639
0.000238567735393
0.000238551271751
0.000238535114079
0.000238519258623
0.000238503699804
0.000238488430562
0.000238473442758
0.000238458727598
0.000238444276071
0.000238430079381
0.000238416129355
0.000238402418820
0.000238388941917
0.000238375694362
0.000238362673630
0.000238349879070
0.000238337311932
0.000238324975323
0.000238312874088
0.000238301014620
0.000238289404624
0.000238278052818
0.000238266968617
0.000238256161785
0.000238245642093
0.000238235418977
0.000238225501225
0.000238215896696
0.000238206612087
0.000238197652751
0.000238189022580
0.000238180723945
0.000238172757703
0.000238165123270
0.000238157818737
0.000238150841052
0.000238144186235
0.000238137849617
0.000238131826109
0.000238126110466
0.000238120697557
0.000238115582606
0.000238110761409
0.000238106230520
0.000238101987388
0.000238098030444
0.000238094359142
0.000238090973945
0.000238087876266
0.000238085068365
0.000238082553199
0.000238080334256
0.000238078415360
0.000238076800466
0.000238075493456
0.000238074497946
0.000238073817108
0.000238073453522
0.000238073409059
0.000238073684807
0.000238074281033
0.000238075197190
0.000238076431960
0.000238077983346
0.000238079848783
0.000238082025281
0.000238084509587
0.000238087298358
0.000238090388328
0.000238093776477
0.000238097460175
0.000238101437305
0.000238105706361
0.000238110266503
0.000238115117579
0.000238120260106
0.000238125695210
0.000238131424534
0.000238137450107
0.000238143774193
0.000238150399116
0.000238157327078
0.000238164559967
0.000238172099182
0.000238179945467
0.000238188098768
0.000238196558132
0.000238205321631
0.000238214386336
0.000238223748341
0.000238233402819
0.000238243344139
0.000238253566015
0.000238264061692
0.000238274824164
0.000238285846411
0.000238297121644
0.000238308643549
0.000238320406522
0.000238332405878
0.000238344638023
0.000238357100593
0.000238369792525
0.000238382714092
0.000238395866857
0.000238409253585
0.000238422878078
0.000238436744973
0.000238450859479
0.000238465227087
0.000238479853245
0.000238494743031
0.000238509900819
0.000238525329964
0.000238541032522
0.000238557009005
0.000238573258204
0.000238589777062
0.000238606560636
0.000238623602124
0.000238640892976
0.000238658423077
0.000238676181005
0.000238694154340
0.000238712330034
0.000238730694809
0.000238749235574
0.000238767939846
0.000238786796155
0.000238805794418
0.000238824926259
0.000238844185272
0.000238863567206
0.000238883070066
0.000238902694121
0.000238922441829
0.000238942317663
0.000238962327852
0.000238982480053
0.000239002782951
0.000239023245811
0.000239043878001
0.000239064688494
0.000239085685380
0.000239106875399
0.000239128263513
0.000239149852549
0.000239171642900
0.000239193632330
0.000239215815863
0.000239238185780
0.000239260731722
0.000239283440891
0.000239306298350
0.000239329287409
0.000239352390086
0.000239375587625
0.000239398861051
0.000239422191749
0.000239445562033
0.000239468955699
0.000239492358524
0.000239515758703
0.000239539147202
0.000239562518009
0.000239585868279
0.000239609198353
0.000239632511657
0.000239655814484
0.000239679115652
0.000239702426063
0.000239725758170
0.000239749125367
0.000239772541339
0.000239796019377
0.000239819571698
0.000239843208796
0.000239866938837
0.000239890767141
0.000239914695760
0.000239938723175
0.000239962844129
0.000239987049598
0.000240011326911
0.000240035660017
0.000240060029878
0.000240084415000
0.000240108792053
0.000240133136587
0.000240157423785
0.000240181629261
0.000240205729833
0.000240229704274
0.000240253533989
0.000240277203595
0.000240300701392
0.000240324019684
0.000240347154957
0.000240370107891
0.000240392883210
0.000240415489372
0.000240437938115
0.000240460243869
0.000240482423055
0.000240504493310
0.000240526472651
0.000240548378621
0.000240570227442
0.000240592033219
0.000240613807209
0.000240635557204
0.000240657287030
0.000240678996200
0.000240700679724
0.000240722328091
0.000240743927416
0.000240765459759
0.000240786903596
0.000240808234426
0.000240829425498
0.000240850448626
0.000240871275066
0.000240891876417
0.000240912225523
0.000240932297330
0.000240952069681
0.000240971523998
0.000240990645851
0.000241009425371
0.000241027857497
0.000241045942046
0.000241063683611
0.000241081091266
0.000241098178113
0.000241114960666
0.000241131458103
0.000241147691410
0.000241163682446
0.000241179452966
0.000241195023637
0.000241210413079
0.000241225636977
0.000241240707294
0.000241255631607
0.000241270412619
0.000241285047828
