0.000216379651096
0.000216356162690
0.000216332866510
0.000216309734372
0.000216286730698
0.000216263813611
0.000216240936203
0.000216218047927
0.000216195096083
0.000216172027355
0.000216148789368
0.000216125332215
0.000216101609919
0.000216077581792
0.000216053213656
0.000216028478888
0.000216003359264
0.000215977845573
0.000215951937991
0.000215925646176
0.000215898989110
0.000215871994657
0.000215844698865
0.000215817145019
0.000215789382467
0.000215761465256
0.000215733450614
0.000215705397320
0.000215677364015
0.000215649407505
0.000215621581106
0.000215593933089
0.000215566505275
0.000215539331818
0.000215512438224
0.000215485840642
0.000215459545433
0.000215433549058
0.000215407838264
0.000215382390584
0.000215357175123
0.000215332153608
0.000215307281680
0.000215282510371
0.000215257787727
0.000215233060531
0.000215208276057
0.000215183383808
0.000215158337177
0.000215133094976
0.000215107622784
0.000215081894065
0.000215055891027
0.000215029605187
0.000215003037629
0.000214976198948
0.000214949108889
0.000214921795683
0.000214894295132
0.000214866649449
0.000214838905918
0.000214811115410
0.000214783330808
0.000214755605407
0.000214727991318
0.000214700537949
0.000214673290599
0.000214646289212
0.000214619567315
0.000214593151191
0.000214567059281
0.000214541301843
0.000214515880878
0.000214490790297
0.000214466016341
0.000214441538222
0.000214417328964
0.000214393356414
0.000214369584380
0.000214345973870
0.000214322484387
0.000214299075227
0.000214275706756
0.000214252341626
0.000214228945880
0.000214205489938
0.000214181949419
0.000214158305796
0.000214134546862
0.000214110667004
0.000214086667282
0.000214062555319
0.000214038345012
0.000214014056076
0.000213989713442
0.000213965346519
0.000213940988355
0.000213916674713
0.000213892443087
0.000213868331689
0.000213844378427
0.000213820619909
0.000213797090488
0.000213773821377
0.000213750839872
0.000213728168672
0.000213705825346
0.000213683821943
0.000213662164759
0.000213640854274
0.000213619885243
0.000213599246965
0.000213578923690
0.000213558895172
0.000213539137354
0.000213519623141
0.000213500323274
0.000213481207240
0.000213462244233
0.000213443404100
0.000213424658278
0.000213405980677
0.000213387348478
0.000213368742853
0.000213350149541
0.000213331559306
0.000213312968231
0.000213294377855
0.000213275795133
0.000213257232242
0.000213238706208
0.000213220238394
0.000213201853844
0.000213183580513
0.000213165448413
0.000213147488695
0.000213129732701
0.000213112211026
0.000213094952606
0.000213077983876
0.000213061328024
0.000213045004356
0.000213029027799
0.000213013408552
0.000212998151895
0.000212983258164
0.000212968722873
0.000212954537004
0.000212940687415
0.000212927157391
0.000212913927284
0.000212900975240
0.000212888277974
0.000212875811589
0.000212863552377
0.000212851477610
0.000212839566279
0.000212827799749
0.000212816162336
0.000212804641752
0.000212793229443
0.000212781920785
0.000212770715141
0.000212759615789
0.000212748629723
0.000212737767332
0.000212727041984
0.000212716469526
0.000212706067722
0.000212695855650
0.000212685853083
0.000212676079871
0.000212666555344
0.000212657297759
0.000212648323802
0.000212639648149
0.000212631283120
0.000212623238404
0.000212615520885
0.000212608134549
0.000212601080490
0.000212594357002
0.000212587959748
0.000212581882014
0.000212576115019
0.000212570648285
0.000212565470045
0.000212560567681
0.000212555928170
0.000212551538530
0.000212547386246
0.000212543459667
0.000212539748355
0.000212536243386
0.000212532937582
0.000212529825684
0.000212526904444
0.000212524172660
0.000212521631132
0.000212519282562
0.000212517131388
0.000212515183571
0.000212513446342
0.000212511927911
0.000212510637150
0.000212509583266
0.000212508775472
0.000212508222656
0.000212507933076
0.000212507914078
0.000212508171856
0.000212508711255
0.000212509535626
0.000212510646746
0.000212512044800
0.000212513728426
0.000212515694823
0.000212517939919
0.000212520458584
0.000212523244896
0.000212526292422
0.000212529594523
0.000212533144660
0.000212536936691
0.000212540965136
0.000212545225412
0.000212549714020
0.000212554428682
0.000212559368409
0.000212564533522
0.000212569925599
0.000212575547374
0.000212581402575
0.000212587495717
0.000212593831854
0.000212600416310
0.000212607254379
0.000212614351033
0.000212621710624
0.000212629336619
0.000212637231356
0.000212645395850
0.000212653829648
0.000212662530757
0.000212671495624
0.000212680719203
0.000212690195081
0.000212699915673
0.000212709872480
0.000212720056392
0.000212730458022
0.000212741068072
0.000212751877694
0.000212762878841
0.000212774064596
0.000212785429453
0.000212796969551
0.000212808682839
0.000212820569178
0.000212832630365
0.000212844870083
0.000212857293785
0.000212869908503
0.000212882722604
0.000212895745485
0.000212908987240
0.000212922458281
0.000212936168952
0.000212950129135
0.000212964347862
0.000212978832949
0.000212993590660
0.000213008625425
0.000213023939601
0.000213039533305
0.000213055404314
0.000213071548043
0.000213087957593
0.000213104623880
0.000213121535825
0.000213138680623
0.000213156044050
0.000213173610828
0.000213191365018
0.000213209290432
0.000213227371067
0.000213245591517
0.000213263937392
0.000213282395700
0.000213300955202
0.000213319606725
0.000213338343427
0.000213357161006
0.000213376057845
0.000213395035099
0.000213414096698
0.000213433249288
0.000213452502086
0.000213471866664
0.000213491356650
0.000213510987366
0.000213530775391
0.000213550738074
0.000213570892998
0.000213591257412
0.000213611847650
0.000213632678547
0.000213653762878
0.000213675110834
0.000213696729555
0.000213718622732
0.000213740790307
0.000213763228265
0.000213785928547
0.000213808879081
0.000213832063936
0.000213855463610
0.000213879055436
0.000213902814108
0.000213926712316
0.000213950721465
0.000213974812477
0.000213998956636
0.000214023126460
0.000214047296568
0.000214071444511
0.000214095551544
0.000214119603289
0.000214143590287
0.000214167508397
0.000214191359018
0.000214215149139
0.000214238891188
0.000214262602692
0.000214286305751
0.000214310026340
0.000214333793459
0.000214357638162
0.000214381592494
0.000214405688370
0.000214429956439
0.000214454424976
0.000214479118822
0.000214504058439
0.000214529259086
0.000214554730160
0.000214580474730
0.000214606489269
0.000214632763607
0.000214659281105
0.000214686019048
0.000214712949242
0.000214740038801
0.000214767251101
0.000214794546861
0.000214821885321
0.000214849225479
0.000214876527333
0.000214903753095
0.000214930868342
0.000214957843039
0.000214984652427
0.000215011277731
0.000215037706675
0.000215063933774
0.000215089960422
0.000215115794749
0.000215141451273
0.000215166950358
0.000215192317496
0.000215217582444
0.000215242778236
0.000215267940116
0.000215293104410
0.000215318307386
0.000215343584114
0.000215368967391
0.000215394486717
0.000215420167396
0.000215446029745
0.000215472088454
0.000215498352115
0.000215524822909
0.000215551496483
0.000215578361998
0.000215605402367
0.000215632594645
0.000215659910589
0.000215687317350
0.000215714778294
0.000215742253914
0.000215769702826
0.000215797082806
0.000215824351863
0.000215851469306
0.000215878396785
0.000215905099282
0.000215931546036
0.000215957711361
0.000215983575354
0.000216009124464
