0.000192446669106
0.000192421861297
0.000192396757728
0.000192371394561
0.000192345815985
0.000192320073019
0.000192294222091
0.000192268323423
0.000192242439295
0.000192216632248
0.000192190963280
0.000192165490107
0.000192140265527
0.000192115335957
0.000192090740159
0.000192066508208
0.000192042660704
0.000192019208262
0.000191996151279
0.000191973479979
0.000191951174737
0.000191929206673
0.000191907538500
0.000191886125605
0.000191864917349
0.000191843858535
0.000191822891035
0.000191801955501
0.000191780993134
0.000191759947446
0.000191738765962
0.000191717401792
0.000191695815038
0.000191673973966
0.000191651855903
0.000191629447836
0.000191606746679
0.000191583759212
0.000191560501695
0.000191536999184
0.000191513284576
0.000191489397442
0.000191465382685
0.000191441289092
0.000191417167825
0.000191393070925
0.000191369049856
0.000191345154147
0.000191321430164
0.000191297920026
0.000191274660707
0.000191251683300
0.000191229012485
0.000191206666162
0.000191184655280
0.000191162983830
0.000191141649005
0.000191120641525
0.000191099946100
0.000191079542036
0.000191059403959
0.000191039502646
0.000191019805931
0.000191000279682
0.000190980888790
0.000190961598167
0.000190942373702
0.000190923183151
0.000190903996931
0.000190884788782
0.000190865536296
0.000190846221294
0.000190826830032
0.000190807353280
0.000190787786244
0.000190768128388
0.000190748383154
0.000190728557629
0.000190708662162
0.000190688709976
0.000190668716783
0.000190648700411
0.000190628680461
0.000190608677985
0.000190588715181
0.000190568815095
0.000190549001328
0.000190529297724
0.000190509728036
0.000190490315568
0.000190471082792
0.000190452050937
0.000190433239580
0.000190414666226
0.000190396345922
0.000190378290904
0.000190360510299
0.000190343009903
0.000190325792039
0.000190308855494
0.000190292195559
0.000190275804139
0.000190259669945
0.000190243778754
0.000190228113721
0.000190212655740
0.000190197383833
0.000190182275579
0.000190167307559
0.000190152455830
0.000190137696416
0.000190123005829
0.000190108361598
0.000190093742828
0.000190079130754
0.000190064509300
0.000190049865605
0.000190035190510
0.000190020478977
0.000190005730412
0.000189990948866
0.000189976143100
0.000189961326495
0.000189946516794
0.000189931735689
0.000189917008252
0.000189902362230
0.000189887827244
0.000189873433906
0.000189859212904
0.000189845194096
0.000189831405635
0.000189817873170
0.000189804619154
0.000189791662261
0.000189779016948
0.000189766693149
0.000189754696117
0.000189743026387
0.000189731679879
0.000189720648100
0.000189709918453
0.000189699474641
0.000189689297141
0.000189679363752
0.000189669650203
0.000189660130818
0.000189650779212
0.000189641569024
0.000189632474659
0.000189623472029
0.000189614539254
0.000189605657325
0.000189596810674
0.000189587987651
0.000189579180865
0.000189570387380
0.000189561608761
0.000189552850947
0.000189544123973
0.000189535441548
0.000189526820510
0.000189518280182
0.000189509841673
0.000189501527146
0.000189493359093
0.000189485359651
0.000189477549976
0.000189469949706
0.000189462576513
0.000189455445761
0.000189448570260
0.000189441960107
0.000189435622619
0.000189429562320
0.000189423780999
0.000189418277802
0.000189413049372
0.000189408090014
0.000189403391899
0.000189398945296
0.000189394738843
0.000189390759848
0.000189386994632
0.000189383428898
0.000189380048129
0.000189376838002
0.000189373784799
0.000189370875802
0.000189368099658
0.000189365446685
0.000189362909112
0.000189360481242
0.000189358159526
0.000189355942551
0.000189353830947
0.000189351827223
0.000189349935552
0.000189348161519
0.000189346511845
0.000189344994126
0.000189343616572
0.000189342387789
0.000189341316573
0.000189340411759
0.000189339682076
0.000189339136033
0.000189338781814
0.000189338627163
0.000189338679266
0.000189338944615
0.000189339428854
0.000189340136614
0.000189341071342
0.000189342235140
0.000189343628629
0.000189345250853
0.000189347099235
0.000189349169604
0.000189351456296
0.000189353952328
0.000189356649640
0.000189359539402
0.000189362612357
0.000189365859192
0.000189369270903
0.000189372839148
0.000189376556554
0.000189380416972
0.000189384415664
0.000189388549431
0.000189392816657
0.000189397217303
0.000189401752843
0.000189406426149
0.000189411241360
0.000189416203710
0.000189421319355
0.000189426595177
0.000189432038592
0.000189437657335
0.000189443459239
0.000189449451995
0.000189455642896
0.000189462038567
0.000189468644682
0.000189475465677
0.000189482504479
0.000189489762265
0.000189497238258
0.000189504929606
0.000189512831331
0.000189520936384
0.000189529235802
0.000189537718978
0.000189546374025
0.000189555188228
0.000189564148563
0.000189573242251
0.000189582457316
0.000189591783126
0.000189601210870
0.000189610733959
0.000189620348326
0.000189630052608
0.000189639848211
0.000189649739257
0.000189659732416
0.000189669836646
0.000189680062858
0.000189690423516
0.000189700932200
0.000189711603143
0.000189722450771
0.000189733489230
0.000189744731945
0.000189756191185
0.000189767877663
0.000189779800164
0.000189791965212
0.000189804376782
0.000189817036070
0.000189829941325
0.000189843087768
0.000189856467599
0.000189870070103
0.000189883881875
0.000189897887152
0.000189912068251
0.000189926406108
0.000189940880897
0.000189955472696
0.000189970162182
0.000189984931317
0.000189999763984
0.000190014646552
0.000190029568335
0.000190044521917
0.000190059503349
0.000190074512189
0.000190089551404
0.000190104627147
0.000190119748419
0.000190134926646
0.000190150175200
0.000190165508886
0.000190180943420
0.000190196494926
0.000190212179459
0.000190228012572
0.000190244008930
0.000190260181975
0.000190276543642
0.000190293104113
0.000190309871630
0.000190326852332
0.000190344050144
0.000190361466708
0.000190379101358
0.000190396951145
0.000190415010922
0.000190433273480
0.000190451729749
0.000190470369051
0.000190489179403
0.000190508147850
0.000190527260825
0.000190546504505
0.000190565865156
0.000190585329435
0.000190604884646
0.000190624518928
0.000190644221379
0.000190663982111
0.000190683792243
0.000190703643853
0.000190723529900
0.000190743444138
0.000190763381045
0.000190783335789
0.000190803304237
0.000190823283022
0.000190843269673
0.000190863262789
0.000190883262257
0.000190903269491
0.000190923287664
0.000190943321916
0.000190963379507
0.000190983469895
0.000191003604729
0.000191023797740
0.000191044064518
0.000191064422208
0.000191084889094
0.000191105484124
0.000191126226368
0.000191147134441
0.000191168225914
0.000191189516722
0.000191211020596
0.000191232748535
0.000191254708317
0.000191276904081
0.000191299335966
0.000191321999847
0.000191344887138
0.000191367984713
0.000191391274928
0.000191414735773
0.000191438341152
0.000191462061313
0.000191485863422
0.000191509712291
0.000191533571243
0.000191557403103
0.000191581171290
0.000191604840976
0.000191628380263
0.000191651761344
0.000191674961584
0.000191697964477
0.000191720760429
0.000191743347319
0.000191765730817
0.000191787924426
0.000191809949240
0.000191831833434
0.000191853611482
0.000191875323154
0.000191897012313
0.000191918725567
0.000191940510818
0.000191962415769
0.000191984486431
0.000192006765671
0.000192029291866
0.000192052097678
0.000192075208995
0.000192098644062
0.000192122412821
