0.000242284657967
0.000242274331951
0.000242263795486
0.000242253036708
0.000242242038527
0.000242230779450
0.000242219234548
0.000242207376566
0.000242195177096
0.000242182607802
0.000242169641632
0.000242156253972
0.000242142423716
0.000242128134196
0.000242113373937
0.000242098137225
0.000242082424457
0.000242066242250
0.000242049603333
0.000242032526196
0.000242015034533
0.000241997156489
0.000241978923743
0.000241960370457
0.000241941532148
0.000241922444501
0.000241903142191
0.000241883657741
0.000241864020483
0.000241844255626
0.000241824383503
0.000241804419000
0.000241784371200
0.000241764243249
0.000241744032447
0.000241723730569
0.000241703324387
0.000241682796383
0.000241662125620
0.000241641288735
0.000241620261021
0.000241599017542
0.000241577534260
0.000241555789105
0.000241533762967
0.000241511440564
0.000241488811153
0.000241465869071
0.000241442614061
0.000241419051406
0.000241395191841
0.000241371051263
0.000241346650249
0.000241322013405
0.000241297168563
0.000241272145878
0.000241246976836
0.000241221693231
0.000241196326143
0.000241170904947
0.000241145456408
0.000241120003879
0.000241094566634
0.000241069159368
0.000241043791865
0.000241018468862
0.000240993190096
0.000240967950540
0.000240942740809
0.000240917547734
0.000240892355056
0.000240867144241
0.000240841895357
0.000240816588004
0.000240791202248
0.000240765719523
0.000240740123477
0.000240714400726
0.000240688541487
0.000240662540070
0.000240636395213
0.000240610110248
0.000240583693088
0.000240557156050
0.000240530515507
0.000240503791391
0.000240477006572
0.000240450186124
0.000240423356522
0.000240396544785
0.000240369777616
0.000240343080553
0.000240316477180
0.000240289988415
0.000240263631906
0.000240237421564
0.000240211367232
0.000240185474523
0.000240159744817
0.000240134175413
0.000240108759843
0.000240083488323
0.000240058348321
0.000240033325226
0.000240008403085
0.000239983565380
0.000239958795817
0.000239934079093
0.000239909401609
0.000239884752114
0.000239860122241
0.000239835506922
0.000239810904677
0.000239786317747
0.000239761752094
0.000239737217246
0.000239712726014
0.000239688294086
0.000239663939512
0.000239639682113
0.000239615542833
0.000239591543051
0.000239567703901
0.000239544045601
0.000239520586835
0.000239497344208
0.000239474331785
0.000239451560734
0.000239429039088
0.000239406771632
0.000239384759910
0.000239363002354
0.000239341494535
0.000239320229503
0.000239299198229
0.000239278390104
0.000239257793491
0.000239237396305
0.000239217186591
0.000239197153093
0.000239177285766
0.000239157576253
0.000239138018264
0.000239118607881
0.000239099343760
0.000239080227227
0.000239061262274
0.000239042455448
0.000239023815642
0.000239005353803
0.000238987082561
0.000238969015809
0.000238951168229
0.000238933554810
0.000238916190352
0.000238899088996
0.000238882263785
0.000238865726274
0.000238849486212
0.000238833551297
0.000238817927014
0.000238802616566
0.000238787620894
0.000238772938785
0.000238758567055
0.000238744500813
0.000238730733778
0.000238717258639
0.000238704067451
0.000238691152039
0.000238678504398
0.000238666117073
0.000238653983507
0.000238642098333
0.000238630457616
0.000238619059019
0.000238607901905
0.000238596987359
0.000238586318138
0.000238575898553
0.000238565734293
0.000238555832189
0.000238546199946
0.000238536845839
0.000238527778403
0.000238519006113
0.000238510537084
0.000238502378795
0.000238494537845
0.000238487019757
0.000238479828833
0.000238472968065
0.000238466439104
0.000238460242284
0.000238454376705
0.000238448840356
0.000238443630287
0.000238438742811
0.000238434173724
0.000238429918543
0.000238425972739
0.000238422331967
0.000238418992265
0.000238415950240
0.000238413203202
0.000238410749270
0.000238408587427
0.000238406717531
0.000238405140282
0.000238403857143
0.000238402870233
0.000238402182178
0.000238401795946
0.000238401714670
0.000238401941453
0.000238402479196
0.000238403330422
0.000238404497131
0.000238405980680
0.000238407781700
0.000238409900048
0.000238412334802
0.000238415084294
0.000238418146188
0.000238421517583
0.000238425195155
0.000238429175316
0.000238433454391
0.000238438028791
0.000238442895194
0.000238448050704
0.000238453492988
0.000238459220387
0.000238465231983
0.000238471527636
0.000238478107963
0.000238484974287
0.000238492128537
0.000238499573106
0.000238507310688
0.000238515344078
0.000238523675967
0.000238532308727
0.000238541244201
0.000238550483508
0.000238560026879
0.000238569873524
0.000238580021539
0.000238590467869
0.000238601208311
0.000238612237583
0.000238623549436
0.000238635136813
0.000238646992058
0.000238659107146
0.000238671473950
0.000238684084511
0.000238696931312
0.000238710007539
0.000238723307320
0.000238736825931
0.000238750559950
0.000238764507365
0.000238778667623
0.000238793041610
0.000238807631580
0.000238822441005
0.000238837474386
0.000238852736997
0.000238868234601
0.000238883973125
0.000238899958319
0.000238916195418
0.000238932688800
0.000238949441675
0.000238966455812
0.000238983731309
0.000239001266425
0.000239019057480
0.000239037098826
0.000239055382899
0.000239073900343
0.000239092640211
0.000239111590235
0.000239130737152
0.000239150067079
0.000239169565927
0.000239189219829
0.000239209015572
0.000239228941016
0.000239248985479
0.000239269140080
0.000239289398009
0.000239309754732
0.000239330208104
0.000239350758388
0.000239371408181
0.000239392162242
0.000239413027226
0.000239434011338
0.000239455123910
0.000239476374922
0.000239497774485
0.000239519332303
0.000239541057136
0.000239562956286
0.000239585035133
0.000239607296726
0.000239629741468
0.000239652366888
0.000239675167528
0.000239698134947
0.000239721257840
0.000239744522270
0.000239767912017
0.000239791409017
0.000239814993885
0.000239838646497
0.000239862346615
0.000239886074520
0.000239909811642
0.000239933541146
0.000239957248466
0.000239980921749
0.000240004552203
0.000240028134328
0.000240051666018
0.000240075148534
0.000240098586346
0.000240121986838
0.000240145359906
0.000240168717448
0.000240192072771
0.000240215439934
0.000240238833057
0.000240262265613
0.000240285749747
0.000240309295624
0.000240332910858
0.000240356600018
0.000240380364255
0.000240404201051
0.000240428104096
0.000240452063322
0.000240476065066
0.000240500092374
0.000240524125439
0.000240548142140
0.000240572118688
0.000240596030329
0.000240619852102
0.000240643559614
0.000240667129792
0.000240690541613
0.000240713776752
0.000240736820144
0.000240759660429
0.000240782290264
0.000240804706488
0.000240826910127
0.000240848906247
0.000240870703646
0.000240892314404
0.000240913753293
0.000240935037090
0.000240956183783
0.000240977211738
0.000240998138829
0.000241018981572
0.000241039754305
0.000241060468432
0.000241081131781
0.000241101748075
0.000241122316564
0.000241142831825
0.000241163283737
0.000241183657635
0.000241203934650
0.000241224092210
0.000241244104692
0.000241263944202
0.000241283581454
0.000241302986707
0.000241322130740
0.000241340985804
0.000241359526540
0.000241377730805
0.000241395580383
0.000241413061548
0.000241430165464
0.000241446888392
0.000241463231704
0.000241479201701
0.000241494809237
0.000241510069168
0.000241524999640
0.000241539621251
0.000241553956111
0.000241568026845
0.000241581855560
0.000241595462846
