0.000271695987612
0.000271732362339
0.000271767753089
0.000271802158700
0.000271835578438
0.000271868011959
0.000271899459246
0.000271929920545
0.000271959396298
0.000271987887078
0.000272015393526
0.000272041916306
0.000272067456068
0.000272092013432
0.000272115588984
0.000272138183299
0.000272159796969
0.000272180430655
0.000272200085141
0.000272218761400
0.000272236460659
0.000272253184461
0.000272268934718
0.000272283713753
0.000272297524330
0.000272310369664
0.000272322253413
0.000272333179656
0.000272343152853
0.000272352177795
0.000272360259541
0.000272367403354
0.000272373614637
0.000272378898869
0.000272383261554
0.000272386708183
0.000272389244206
0.000272390875025
0.000272391606001
0.000272391442479
0.000272390389828
0.000272388453488
0.000272385639030
0.000272381952214
0.000272377399048
0.000272371985844
0.000272365719261
0.000272358606332
0.000272350654489
0.000272341871552
0.000272332265724
0.000272321845551
0.000272310619881
0.000272298597810
0.000272285788623
0.000272272201728
0.000272257846601
0.000272242732730
0.000272226869573
0.000272210266525
0.000272192932908
0.000272174877965
0.000272156110879
0.000272136640801
0.000272116476892
0.000272095628367
0.000272074104556
0.000272051914950
0.000272029069259
0.000272005577449
0.000271981449778
0.000271956696817
0.000271931329450
0.000271905358872
0.000271878796560
0.000271851654240
0.000271823943840
0.000271795677435
0.000271766867196
0.000271737525329
0.000271707664027
0.000271677295425
0.000271646431568
0.000271615084390
0.000271583265709
0.000271550987232
0.000271518260575
0.000271485097296
0.000271451508933
0.000271417507051
0.000271383103285
0.000271348309390
0.000271313137277
0.000271277599048
0.000271241707018
0.000271205473719
0.000271168911904
0.000271132034526
0.000271094854713
0.000271057385729
0.000271019640932
0.000270981633725
0.000270943377504
0.000270904885617
0.000270866171320
0.000270827247746
0.000270788127879
0.000270748824547
0.000270709350423
0.000270669718033
0.000270629939782
0.000270590027982
0.000270549994887
0.000270509852736
0.000270469613786
0.000270429290348
0.000270388894819
0.000270348439700
0.000270307937609
0.000270267401279
0.000270226843553
0.000270186277361
0.000270145715693
0.000270105171564
0.000270064657977
0.000270024187880
0.000269983774131
0.000269943429458
0.000269903166434
0.000269862997451
0.000269822934713
0.000269782990229
0.000269743175818
0.000269703503126
0.000269663983648
0.000269624628751
0.000269585449705
0.000269546457714
0.000269507663941
0.000269469079535
0.000269430715647
0.000269392583441
0.000269354694098
0.000269317058809
0.000269279688766
0.000269242595139
0.000269205789051
0.000269169281553
0.000269133083590
0.000269097205972
0.000269061659351
0.000269026454193
0.000268991600760
0.000268957109104
0.000268922989058
0.000268889250240
0.000268855902061
0.000268822953740
0.000268790414321
0.000268758292691
0.000268726597606
0.000268695337703
0.000268664521524
0.000268634157524
0.000268604254082
0.000268574819502
0.000268545862010
0.000268517389750
0.000268489410766
0.000268461932988
0.000268434964215
0.000268408512096
0.000268382584106
0.000268357187536
0.000268332329472
0.000268308016788
0.000268284256136
0.000268261053948
0.000268238416431
0.000268216349580
0.000268194859180
0.000268173950820
0.000268153629901
0.000268133901653
0.000268114771140
0.000268096243271
0.000268078322807
0.000268061014361
0.000268044322400
0.000268028251243
0.000268012805054
0.000267997987834
0.000267983803414
0.000267970255444
0.000267957347383
0.000267945082496
0.000267933463841
0.000267922494268
0.000267912176418
0.000267902512720
0.000267893505395
0.000267885156459
0.000267877467730
0.000267870440830
0.000267864077191
0.000267858378062
0.000267853344509
0.000267848977417
0.000267845277491
0.000267842245251
0.000267839881032
0.000267838184976
0.000267837157025
0.000267836796921
0.000267837104194
0.000267838078164
0.000267839717933
0.000267842022390
0.000267844990212
0.000267848619867
0.000267852909623
0.000267857857554
0.000267863461548
0.000267869719324
0.000267876628429
0.000267884186254
0.000267892390036
0.000267901236862
0.000267910723662
0.000267920847215
0.000267931604133
0.000267942990858
0.000267955003647
0.000267967638559
0.000267980891448
0.000267994757947
0.000268009233461
0.000268024313164
0.000268039991991
0.000268056264649
0.000268073125616
0.000268090569159
0.000268108589343
0.000268127180054
0.000268146335015
0.000268166047804
0.000268186311878
0.000268207120582
0.000268228467166
0.000268250344790
0.000268272746528
0.000268295665363
0.000268319094178
0.000268343025743
0.000268367452697
0.000268392367527
0.000268417762548
0.000268443629882
0.000268469961438
0.000268496748903
0.000268523983726
0.000268551657122
0.000268579760074
0.000268608283343
0.000268637217489
0.000268666552892
0.000268696279781
0.000268726388262
0.000268756868351
0.000268787710000
0.000268818903123
0.000268850437616
0.000268882303365
0.000268914490258
0.000268946988174
0.000268979786977
0.000269012876495
0.000269046246492
0.000269079886646
0.000269113786514
0.000269147935504
0.000269182322849
0.000269216937582
0.000269251768525
0.000269286804282
0.000269322033243
0.000269357443595
0.000269393023344
0.000269428760347
0.000269464642346
0.000269500657005
0.000269536791956
0.000269573034831
0.000269609373303
0.000269645795109
0.000269682288073
0.000269718840113
0.000269755439241
0.000269792073550
0.000269828731196
0.000269865400363
0.000269902069232
0.000269938725942
0.000269975358549
0.000270011954990
0.000270048503056
0.000270084990365
0.000270121404353
0.000270157732272
0.000270193961202
0.000270230078071
0.000270266069690
0.000270301922795
0.000270337624090
0.000270373160300
0.000270408518217
0.000270443684745
0.000270478646938
0.000270513392030
0.000270547907445
0.000270582180806
0.000270616199926
0.000270649952782
0.000270683427486
0.000270716612246
0.000270749495317
0.000270782064957
0.000270814309378
0.000270846216709
0.000270877774966
0.000270908972026
0.000270939795624
0.000270970233357
0.000271000272705
0.000271029901065
0.000271059105791
0.000271087874247
0.000271116193866
0.000271144052200
0.000271171436980
0.000271198336159
0.000271224737950
0.000271250630852
0.000271276003657
0.000271300845447
0.000271325145577
0.000271348893637
0.000271372079418
0.000271394692853
0.000271416723969
0.000271438162830
0.000271458999489
0.000271479223947
0.000271498826120
0.000271517795828
0.000271536122789
0.000271553796636
0.000271570806945
0.000271587143280
0.000271602795244
0.000271617752539
0.000271632005028
0.000271645542797
0.000271658356211
0.000271670435957
0.000271681773081
0.000271692359002
0.000271702185518
0.000271711244789
0.000271719529306
0.000271727031853
0.000271733745451
0.000271739663300
0.000271744778720
0.000271749085089
0.000271752575798
0.000271755244205
0.000271757083616
0.000271758087268
0.000271758248337
0.000271757559966
0.000271756015297
0.000271753607528
0.000271750329970
0.000271746176113
0.000271741139693
0.000271735214755
0.000271728395703
0.000271720677347
0.000271712054926
0.000271702524117
0.000271692081032
0.000271680722187
0.000271668444467
0.000271655245072
0.000271641121455
0.000271626071258
0.000271610092250
0.000271593182264
0.000271575339151
0.000271556560739
