0.000168647531007
0.000168623363609
0.000168599263479
0.000168575334962
0.000168551681782
0.000168528404813
0.000168505599885
0.000168483355678
0.000168461751750
0.000168440856754
0.000168420726871
0.000168401404499
0.000168382917229
0.000168365277121
0.000168348480299
0.000168332506876
0.000168317321213
0.000168302872499
0.000168289095668
0.000168275912612
0.000168263233695
0.000168250959528
0.000168238982990
0.000168227191437
0.000168215469087
0.000168203699503
0.000168191768137
0.000168179564880
0.000168166986545
0.000168153939230
0.000168140340493
0.000168126121284
0.000168111227577
0.000168095621649
0.000168079282979
0.000168062208720
0.000168044413753
0.000168025930289
0.000168006807064
0.000167987108120
0.000167966911225
0.000167946305976
0.000167925391636
0.000167904274764
0.000167883066722
0.000167861881094
0.000167840831123
0.000167820027195
0.000167799574452
0.000167779570580
0.000167760103812
0.000167741251197
0.000167723077148
0.000167705632308
0.000167688952727
0.000167673059384
0.000167657958019
0.000167643639303
0.000167630079315
0.000167617240317
0.000167605071802
0.000167593511801
0.000167582488411
0.000167571921513
0.000167561724656
0.000167551807044
0.000167542075604
0.000167532437077
0.000167522800090
0.000167513077148
0.000167503186517
0.000167493053934
0.000167482614105
0.000167471811960
0.000167460603632
0.000167448957131
0.000167436852711
0.000167424282915
0.000167411252320
0.000167397776987
0.000167383883646
0.000167369608659
0.000167354996785
0.000167340099809
0.000167324975073
0.000167309683955
0.000167294290347
0.000167278859175
0.000167263454983
0.000167248140629
0.000167232976110
0.000167218017524
0.000167203316190
0.000167188917928
0.000167174862493
0.000167161183166
0.000167147906487
0.000167135052130
0.000167122632898
0.000167110654848
0.000167099117511
0.000167088014220
0.000167077332523
0.000167067054684
0.000167057158247
0.000167047616671
0.000167038400012
0.000167029475642
0.000167020808997
0.000167012364326
0.000167004105436
0.000166995996406
0.000166988002254
0.000166980089544
0.000166972226913
0.000166964385508
0.000166956539329
0.000166948665463
0.000166940744228
0.000166932759220
0.000166924697276
0.000166916548367
0.000166908305452
0.000166899964278
0.000166891523183
0.000166882982890
0.000166874346318
0.000166865618421
0.000166856806055
0.000166847917879
0.000166838964286
0.000166829957359
0.000166820910837
0.000166811840075
0.000166802762005
0.000166793695047
0.000166784658996
0.000166775674856
0.000166766764607
0.000166757950931
0.000166749256874
0.000166740705465
0.000166732319299
0.000166724120100
0.000166716128287
0.000166708362541
0.000166700839414
0.000166693572980
0.000166686574537
0.000166679852391
0.000166673411696
0.000166667254383
0.000166661379150
0.000166655781529
0.000166650454010
0.000166645386226
0.000166640565170
0.000166635975465
0.000166631599653
0.000166627418515
0.000166623411404
0.000166619556599
0.000166615831677
0.000166612213895
0.000166608680586
0.000166605209569
0.000166601779568
0.000166598370633
0.000166594964560
0.000166591545298
0.000166588099326
0.000166584615995
0.000166581087814
0.000166577510659
0.000166573883910
0.000166570210481
0.000166566496748
0.000166562752370
0.000166558990007
0.000166555224926
0.000166551474532
0.000166547757819
0.000166544094772
0.000166540505747
0.000166537010844
0.000166533629309
0.000166530378987
0.000166527275840
0.000166524333561
0.000166521563286
0.000166518973415
0.000166516569545
0.000166514354508
0.000166512328509
0.000166510489346
0.000166508832702
0.000166507352483
0.000166506041194
0.000166504890329
0.000166503890759
0.000166503033106
0.000166502308100
0.000166501706892
0.000166501221342
0.000166500844263
0.000166500569619
0.000166500392692
0.000166500310202
0.000166500320390
0.000166500423054
0.000166500619552
0.000166500912750
0.000166501306935
0.000166501807666
0.000166502421585
0.000166503156167
0.000166504019432
0.000166505019601
0.000166506164721
0.000166507462259
0.000166508918689
0.000166510539077
0.000166512326695
0.000166514282673
0.000166516405722
0.000166518691932
0.000166521134672
0.000166523724599
0.000166526449781
0.000166529295943
0.000166532246817
0.000166535284598
0.000166538390486
0.000166541545283
0.000166544730036
0.000166547926688
0.000166551118712
0.000166554291709
0.000166557433933
0.000166560536738
0.000166563594923
0.000166566606959
0.000166569575114
0.000166572505451
0.000166575407718
0.000166578295146
0.000166581184140
0.000166584093912
0.000166587046045
0.000166590064005
0.000166593172633
0.000166596397609
0.000166599764907
0.000166603300248
0.000166607028570
0.000166610973497
0.000166615156835
0.000166619598099
0.000166624314064
0.000166629318359
0.000166634621116
0.000166640228669
0.000166646143333
0.000166652363255
0.000166658882360
0.000166665690393
0.000166672773062
0.000166680112296
0.000166687686593
0.000166695471480
0.000166703440051
0.000166711563584
0.000166719812204
0.000166728155584
0.000166736563654
0.000166745007285
0.000166753458937
0.000166761893246
0.000166770287527
0.000166778622173
0.000166786880963
0.000166795051250
0.000166803124049
0.000166811094022
0.000166818959377
0.000166826721697
0.000166834385709
0.000166841959020
0.000166849451829
0.000166856876632
0.000166864247943
0.000166871582015
0.000166878896603
0.000166886210726
0.000166893544476
0.000166900918821
0.000166908355432
0.000166915876509
0.000166923504603
0.000166931262423
0.000166939172633
0.000166947257622
0.000166955539258
0.000166964038624
0.000166972775737
0.000166981769262
0.000166991036221
0.000167000591712
0.000167010448643
0.000167020617476
0.000167031106015
0.000167041919200
0.000167053058948
0.000167064524015
0.000167076309889
0.000167088408706
0.000167100809199
0.000167113496665
0.000167126452961
0.000167139656532
0.000167153082473
0.000167166702632
0.000167180485771
0.000167194397785
0.000167208402004
0.000167222459571
0.000167236529921
0.000167250571362
0.000167264541743
0.000167278399238
0.000167292103199
0.000167305615094
0.000167318899487
0.000167331925040
0.000167344665514
0.000167357100717
0.000167369217379
0.000167381009906
0.000167392480995
0.000167403642055
0.000167414513441
0.000167425124450
0.000167435513102
0.000167445725670
0.000167455815986
0.000167465844534
0.000167475877332
0.000167485984656
0.000167496239602
0.000167506716553
0.000167517489560
0.000167528630695
0.000167540208389
0.000167552285825
0.000167564919383
0.000167578157205
0.000167592037886
0.000167606589339
0.000167621827853
0.000167637757360
0.000167654368955
0.000167671640670
0.000167689537518
0.000167708011827
0.000167727003872
0.000167746442789
0.000167766247785
0.000167786329614
0.000167806592315
0.000167826935165
0.000167847254821
0.000167867447597
0.000167887411832
0.000167907050286
0.000167926272493
0.000167944997026
0.000167963153588
0.000167980684885
0.000167997548215
0.000168013716718
0.000168029180269
0.000168043945953
0.000168058038132
0.000168071498081
0.000168084383208
0.000168096765876
0.000168108731857
0.000168120378460
0.000168131812380
0.000168143147325
0.000168154501480
0.000168165994872
0.000168177746695
0.000168189872659
0.000168202482428
0.000168215677190
0.000168229547420
0.000168244170885
0.000168259610920
0.000168275915020
0.000168293113777
