0.000169502761211
0.000169499650361
0.000169496014661
0.000169491829661
0.000169487075878
0.000169481738815
0.000169475808973
0.000169469281862
0.000169462158030
0.000169454443098
0.000169446147817
0.000169437288162
0.000169427885453
0.000169417966520
0.000169407563901
0.000169396716083
0.000169385467742
0.000169373869983
0.000169361980527
0.000169349863809
0.000169337590942
0.000169325239494
0.000169312893050
0.000169300640516
0.000169288575164
0.000169276793406
0.000169265393330
0.000169254473028
0.000169244128772
0.000169234453098
0.000169225532865
0.000169217447369
0.000169210266558
0.000169204049422
0.000169198842593
0.000169194679195
0.000169191577973
0.000169189542701
0.000169188561896
0.000169188608816
0.000169189641763
0.000169191604661
0.000169194427917
0.000169198029531
0.000169202316451
0.000169207186132
0.000169212528263
0.000169218226624
0.000169224161011
0.000169230209178
0.000169236248737
0.000169242158955
0.000169247822405
0.000169253126436
0.000169257964428
0.000169262236840
0.000169265852048
0.000169268727000
0.000169270787724
0.000169271969722
0.000169272218297
0.000169271488838
0.000169269747096
0.000169266969473
0.000169263143311
0.000169258267184
0.000169252351180
0.000169245417125
0.000169237498747
0.000169228641737
0.000169218903676
0.000169208353820
0.000169197072721
0.000169185151668
0.000169172691949
0.000169159803931
0.000169146605953
0.000169133223032
0.000169119785391
0.000169106426805
0.000169093282781
0.000169080488583
0.000169068177128
0.000169056476795
0.000169045509181
0.000169035386881
0.000169026211341
0.000169018070873
0.000169011038892
0.000169005172456
0.000169000511157
0.000168997076417
0.000168994871202
0.000168993880169
0.000168994070227
0.000168995391476
0.000168997778478
0.000169001151804
0.000169005419790
0.000169010480437
0.000169016223402
0.000169022532018
0.000169029285297
0.000169036359890
0.000169043631948
0.000169050978883
0.000169058280995
0.000169065422939
0.000169072295032
0.000169078794376
0.000169084825786
0.000169090302525
0.000169095146848
0.000169099290360
0.000169102674228
0.000169105249241
0.000169106975800
0.000169107823831
0.000169107772692
0.000169106811084
0.000169104937005
0.000169102157739
0.000169098489902
0.000169093959491
0.000169088601942
0.000169082462124
0.000169075594253
0.000169068061651
0.000169059936344
0.000169051298440
0.000169042235295
0.000169032840452
0.000169023212375
0.000169013453005
0.000169003666165
0.000168993955879
0.000168984424630
0.000168975171622
0.000168966291076
0.000168957870617
0.000168949989775
0.000168942718643
0.000168936116722
0.000168930231978
0.000168925100143
0.000168920744283
0.000168917174657
0.000168914388871
0.000168912372353
0.000168911099129
0.000168910532884
0.000168910628281
0.000168911332476
0.000168912586793
0.000168914328452
0.000168916492314
0.000168919012534
0.000168921824074
0.000168924864018
0.000168928072632
0.000168931394166
0.000168934777386
0.000168938175836
0.000168941547887
0.000168944856578
0.000168948069323
0.000168951157499
0.000168954095994
0.000168956862715
0.000168959438120
0.000168961804772
0.000168963946959
0.000168965850363
0.000168967501821
0.000168968889162
0.000168970001129
0.000168970827407
0.000168971358733
0.000168971587109
0.000168971506084
0.000168971111111
0.000168970399929
0.000168969372965
0.000168968033682
0.000168966388872
0.000168964448812
0.000168962227295
0.000168959741464
0.000168957011488
0.000168954060049
0.000168950911684
0.000168947592016
0.000168944126919
0.000168940541676
0.000168936860199
0.000168933104343
0.000168929293386
0.000168925443685
0.000168921568548
0.000168917678310
0.000168913780613
0.000168909880861
0.000168905982823
0.000168902089355
0.000168898203187
0.000168894327753
0.000168890468025
0.000168886631299
0.000168882827935
0.000168879071982
0.000168875381681
0.000168871779813
0.000168868293850
0.000168864955896
0.000168861802392
0.000168858873567
0.000168856212644
0.000168853864796
0.000168851875903
0.000168850291125
0.000168849153373
0.000168848501735
0.000168848369927
0.000168848784858
0.000168849765374
0.000168851321235
0.000168853452384
0.000168856148526
0.000168859389033
0.000168863143155
0.000168867370527
0.000168872021919
0.000168877040197
0.000168882361435
0.000168887916142
0.000168893630546
0.000168899427910
0.000168905229837
0.000168910957538
0.000168916533044
0.000168921880339
0.000168926926388
0.000168931602067
0.000168935842946
0.000168939589952
0.000168942789877
0.000168945395748
0.000168947367067
0.000168948669931
0.000168949277076
0.000168949167860
0.000168948328246
0.000168946750795
0.000168944434732
0.000168941386090
0.000168937617944
0.000168933150746
0.000168928012717
0.000168922240280
0.000168915878477
0.000168908981314
0.000168901611980
0.000168893842873
0.000168885755405
0.000168877439536
0.000168868993021
0.000168860520372
0.000168852131539
0.000168843940345
0.000168836062707
0.000168828614683
0.000168821710403
0.000168815459931
0.000168809967105
0.000168805327410
0.000168801625940
0.000168798935486
0.000168797314814
0.000168796807175
0.000168797439098
0.000168799219519
0.000168802139269
0.000168806170977
0.000168811269381
0.000168817372070
0.000168824400628
0.000168832262152
0.000168840851088
0.000168850051324
0.000168859738455
0.000168869782136
0.000168880048450
0.000168890402204
0.000168900709092
0.000168910837683
0.000168920661189
0.000168930059009
0.000168938918047
0.000168947133810
0.000168954611320
0.000168961265852
0.000168967023526
0.000168971821790
0.000168975609786
0.000168978348640
0.000168980011674
0.000168980584534
0.000168980065270
0.000168978464343
0.000168975804569
0.000168972121022
0.000168967460871
0.000168961883170
0.000168955458580
0.000168948269025
0.000168940407251
0.000168931976263
0.000168923088617
0.000168913865518
0.000168904435704
0.000168894934091
0.000168885500146
0.000168876276020
0.000168867404423
0.000168859026309
0.000168851278408
0.000168844290682
0.000168838183786
0.000168833066620
0.000168829034058
0.000168826164935
0.000168824520358
0.000168824142396
0.000168825053184
0.000168827254471
0.000168830727597
0.000168835433905
0.000168841315564
0.000168848296768
0.000168856285283
0.000168865174294
0.000168874844509
0.000168885166477
0.000168896003056
0.000168907211975
0.000168918648436
0.000168930167679
0.000168941627441
0.000168952890261
0.000168963825552
0.000168974311398
0.000168984236048
0.000168993499077
0.000169002012218
0.000169009699891
0.000169016499446
0.000169022361185
0.000169027248207
0.000169031136137
0.000169034012787
0.000169035877805
0.000169036742320
0.000169036628628
0.000169035569902
0.000169033609910
0.000169030802739
0.000169027212473
0.000169022912813
0.000169017986586
0.000169012525144
0.000169006627606
0.000169000399960
0.000168993953984
0.000168987406029
0.000168980875635
0.000168974484006
0.000168968352360
0.000168962600165
0.000168957343275
0.000168952692013
0.000168948749209
0.000168945608252
0.000168943351201
0.000168942047013
0.000168941749944
0.000168942498214
0.000168944312968
0.000168947197627
0.000168951137648
0.000168956100738
0.000168962037523
0.000168968882674
0.000168976556430
0.000168984966486
0.000168994010165
0.000169003576784
0.000169013550143
0.000169023811038
0.000169034239720
0.000169044718231
0.000169055132561
