0.000169935501097
0.000169910809830
0.000169885920853
0.000169860960223
0.000169836054820
0.000169811329493
0.000169786904298
0.000169762891898
0.000169739395187
0.000169716505181
0.000169694299233
0.000169672839606
0.000169652172417
0.000169632327001
0.000169613315657
0.000169595133820
0.000169577760602
0.000169561159709
0.000169545280687
0.000169530060457
0.000169515425099
0.000169501291826
0.000169487571104
0.000169474168843
0.000169460988630
0.000169447933914
0.000169434910130
0.000169421826676
0.000169408598734
0.000169395148873
0.000169381408424
0.000169367318594
0.000169352831310
0.000169337909790
0.000169322528827
0.000169306674819
0.000169290345532
0.000169273549632
0.000169256306007
0.000169238642901
0.000169220596893
0.000169202211761
0.000169183537246
0.000169164627774
0.000169145541142
0.000169126337225
0.000169107076713
0.000169087819916
0.000169068625651
0.000169049550243
0.000169030646638
0.000169011963658
0.000168993545386
0.000168975430698
0.000168957652934
0.000168940239700
0.000168923212799
0.000168906588273
0.000168890376546
0.000168874582651
0.000168859206520
0.000168844243331
0.000168829683884
0.000168815514998
0.000168801719914
0.000168788278697
0.000168775168624
0.000168762364549
0.000168749839258
0.000168737563797
0.000168725507780
0.000168713639691
0.000168701927170
0.000168690337296
0.000168678836878
0.000168667392753
0.000168655972098
0.000168644542761
0.000168633073614
0.000168621534921
0.000168609898735
0.000168598139293
0.000168586233437
0.000168574161017
0.000168561905297
0.000168549453331
0.000168536796311
0.000168523929869
0.000168510854325
0.000168497574863
0.000168484101636
0.000168470449783
0.000168456639354
0.000168442695134
0.000168428646377
0.000168414526423
0.000168400372233
0.000168386223811
0.000168372123557
0.000168358115525
0.000168344244627
0.000168330555776
0.000168317093005
0.000168303898560
0.000168291012004
0.000168278469343
0.000168266302207
0.000168254537087
0.000168243194682
0.000168232289340
0.000168221828639
0.000168211813109
0.000168202236113
0.000168193083890
0.000168184335766
0.000168175964541
0.000168167937025
0.000168160214732
0.000168152754714
0.000168145510496
0.000168138433121
0.000168131472246
0.000168124577290
0.000168117698578
0.000168110788474
0.000168103802458
0.000168096700131
0.000168089446110
0.000168082010806
0.000168074371056
0.000168066510594
0.000168058420358
0.000168050098623
0.000168041550959
0.000168032790012
0.000168023835133
0.000168014711846
0.000168005451177
0.000167996088872
0.000167986664507
0.000167977220530
0.000167967801240
0.000167958451749
0.000167949216932
0.000167940140411
0.000167931263573
0.000167922624672
0.000167914258015
0.000167906193265
0.000167898454868
0.000167891061622
0.000167884026400
0.000167877356022
0.000167871051284
0.000167865107141
0.000167859513032
0.000167854253331
0.000167849307925
0.000167844652876
0.000167840261168
0.000167836103498
0.000167832149098
0.000167828366565
0.000167824724656
0.000167821193060
0.000167817743084
0.000167814348283
0.000167810984975
0.000167807632663
0.000167804274347
0.000167800896722
0.000167797490260
0.000167794049193
0.000167790571393
0.000167787058165
0.000167783513960
0.000167779946029
0.000167776364024
0.000167772779563
0.000167769205778
0.000167765656856
0.000167762147581
0.000167758692900
0.000167755307520
0.000167752005533
0.000167748800104
0.000167745703196
0.000167742725360
0.000167739875587
0.000167737161218
0.000167734587910
0.000167732159671
0.000167729878942
0.000167727746727
0.000167725762771
0.000167723925767
0.000167722233588
0.000167720683536
0.000167719272592
0.000167717997660
0.000167716855795
0.000167715844402
0.000167714961405
0.000167714205373
0.000167713575598
0.000167713072136
0.000167712695789
0.000167712448053
0.000167712331019
0.000167712347246
0.000167712499602
0.000167712791095
0.000167713224689
0.000167713803123
0.000167714528746
0.000167715403354
0.000167716428072
0.000167717603243
0.000167718928369
0.000167720402071
0.000167722022086
0.000167723785303
0.000167725687811
0.000167727724984
0.000167729891581
0.000167732181848
0.000167734589648
0.000167737108573
0.000167739732067
0.000167742453543
0.000167745266490
0.000167748164567
0.000167751141697
0.000167754192141
0.000167757310564
0.000167760492091
0.000167763732353
0.000167767027522
0.000167770374345
0.000167773770159
0.000167777212914
0.000167780701179
0.000167784234153
0.000167787811669
0.000167791434199
0.000167795102855
0.000167798819400
0.000167802586247
0.000167806406478
0.000167810283853
0.000167814222834
0.000167818228610
0.000167822307125
0.000167826465108
0.000167830710102
0.000167835050493
0.000167839495517
0.000167844055266
0.000167848740656
0.000167853563384
0.000167858535831
0.000167863670942
0.000167868982052
0.000167874482672
0.000167880186221
0.000167886105725
0.000167892253469
0.000167898640618
0.000167905276820
0.000167912169799
0.000167919324946
0.000167926744938
0.000167934429386
0.000167942374539
0.000167950573046
0.000167959013811
0.000167967681931
0.000167976558737
0.000167985621946
0.000167994845919
0.000168004202034
0.000168013659162
0.000168023184241
0.000168032742938
0.000168042300387
0.000168051821978
0.000168061274196
0.000168070625468
0.000168079847017
0.000168088913689
0.000168097804734
0.000168106504522
0.000168115003174
0.000168123297074
0.000168131389270
0.000168139289722
0.000168147015398
0.000168154590203
0.000168162044742
0.000168169415896
0.000168176746235
0.000168184083257
0.000168191478476
0.000168198986359
0.000168206663154
0.000168214565612
0.000168222749653
0.000168231268986
0.000168240173741
0.000168249509132
0.000168259314199
0.000168269620662
0.000168280451919
0.000168291822235
0.000168303736117
0.000168316187944
0.000168329161818
0.000168342631688
0.000168356561722
0.000168370906937
0.000168385614063
0.000168400622634
0.000168415866275
0.000168431274155
0.000168446772568
0.000168462286609
0.000168477741901
0.000168493066330
0.000168508191743
0.000168523055576
0.000168537602355
0.000168551785058
0.000168565566277
0.000168578919171
0.000168591828179
0.000168604289475
0.000168616311145
0.000168627913100
0.000168639126700
0.000168649994111
0.000168660567405
0.000168670907421
0.000168681082408
0.000168691166497
0.000168701238013
0.000168711377687
0.000168721666810
0.000168732185362
0.000168743010171
0.000168754213156
0.000168765859680
0.000168778007068
0.000168790703329
0.000168803986098
0.000168817881848
0.000168832405366
0.000168847559515
0.000168863335294
0.000168879712165
0.000168896658664
0.000168914133246
0.000168932085366
0.000168950456736
0.000168969182743
0.000168988193975
0.000169007417822
0.000169026780106
0.000169046206702
0.000169065625106
0.000169084965927
0.000169104164258
0.000169123160904
0.000169141903445
0.000169160347117
0.000169178455496
0.000169196200977
0.000169213565054
0.000169230538390
0.000169247120697
0.000169263320430
0.000169279154312
0.000169294646706
0.000169309828865
0.000169324738066
0.000169339416665
0.000169353911100
0.000169368270858
0.000169382547441
0.000169396793347
0.000169411061100
0.000169425402337
0.000169439866978
0.000169454502495
0.000169469353273
0.000169484460091
0.000169499859715
0.000169515584587
0.000169531662629
0.000169548117131
0.000169564966718
0.000169582225383
