0.001322992727828
0.001336109302161
0.001348974434842
0.001361555268384
0.001373819636845
0.001385736155636
0.001397274308896
0.001408404534136
0.001419098303921
0.001429328204319
0.001439068009890
0.001448292754984
0.001456978801129
0.001465103900315
0.001472647253979
0.001479589567517
0.001485913100168
0.001491601710124
0.001496640894737
0.001501017825706
0.001504721379166
0.001507742160572
0.001510072524348
0.001511706588233
0.001512640242303
0.001512871152669
0.001512398759846
0.001511224271819
0.001509350651866
0.001506782601167
0.001503526536300
0.001499590561709
0.001494984437244
0.001489719540913
0.001483808826964
0.001477266779481
0.001470109361627
0.001462353960745
0.001454019329496
0.001445125523250
0.001435693833932
0.001425746720578
0.001415307736815
0.001404401455530
0.001393053390969
0.001381289918552
0.001369138192641
0.001356626062573
0.001343781987208
0.001330634948288
0.001317214362896
0.001303549995292
0.001289671868422
0.001275610175385
0.001261395191140
0.001247057184744
0.001232626332392
0.001218132631548
0.001203605816423
0.001189075275073
0.001174569968374
0.001160118351128
0.001145748295526
0.001131487017221
0.001117361004215
0.001103395948782
0.001089616682614
0.001076047115401
0.001062710176981
0.001049627763261
0.001036820686030
0.001024308626804
0.001012110094820
0.001000242389292
0.000988721566002
0.000977562408299
0.000966778402586
0.000956381718301
0.000946383192442
0.000936792318643
0.000927617240780
0.000918864751102
0.000910540292838
0.000902647967232
0.000895190544942
0.000888169481705
0.000881584938192
0.000875435803931
0.000869719725170
0.000864433136549
0.000859571296441
0.000855128325777
0.000851097250203
0.000847470045387
0.000844237685264
0.000841390193043
0.000838916694753
0.000836805475105
0.000835044035470
0.000833619153718
0.000832516945701
0.000831722928141
0.000831222082670
0.000830998920801
0.000831037549559
0.000831321737557
0.000831834981244
0.000832560571105
0.000833481657560
0.000834581316329
0.000835842613030
0.000837248666779
0.000838782712574
0.000840428162235
0.000842168663708
0.000843988158516
0.000845870937172
0.000847801692364
0.000849765569746
0.000851748216165
0.000853735825175
0.000855715179688
0.000857673691649
0.000859599438598
0.000861481197035
0.000863308472475
0.000865071526134
0.000866761398166
0.000868369927411
0.000869889767606
0.000871314400048
0.000872638142680
0.000873856155623
0.000874964443160
0.000875959852200
0.000876840067281
0.000877603602144
0.000878249787974
0.000878778758367
0.000879191431137
0.000879489487046
0.000879675345597
0.000879752137994
0.000879723677427
0.000879594426811
0.000879369464143
0.000879054445642
0.000878655566830
0.000878179521755
0.000877633460509
0.000877024945255
0.000876361904952
0.000875652588958
0.000874905519731
0.000874129444829
0.000873333288394
0.000872526102348
0.000871717017492
0.000870915194714
0.000870129776506
0.000869369838994
0.000868644344676
0.000867962096047
0.000867331690323
0.000866761475416
0.000866259507367
0.000865833509369
0.000865490832580
0.000865238418849
0.000865082765510
0.000865029892389
0.000865085311130
0.000865253996975
0.000865540363089
0.000865948237535
0.000866480842974
0.000867140779168
0.000867930008342
0.000868849843458
0.000869900939433
0.000871083287325
0.000872396211509
0.000873838369825
0.000875407756705
0.000877101709243
0.000878916916181
0.000880849429748
0.000882894680317
0.000885047493789
0.000887302111633
0.000889652213492
0.000892090942249
0.000894610931442
0.000897204334919
0.000899862858584
0.000902577794121
0.000905340054533
0.000908140211355
0.000910968533378
0.000913815026731
0.000916669476137
0.000919521487186
0.000922360529441
0.000925175980199
0.000927957168730
0.000930693420807
0.000933374103347
0.000935988668977
0.000938526700348
0.000940977954009
0.000943332403672
0.000945580282681
0.000947712125523
0.000949718808204
0.000951591587339
0.000953322137787
0.000954902588681
0.000956325557724
0.000957584183589
0.000958672156318
0.000959583745578
0.000960313826680
0.000960857904250
0.000961212133452
0.000961373338696
0.000961339029743
0.000961107415152
0.000960677413021
0.000960048658969
0.000959221511342
0.000958197053617
0.000956977094006
0.000955564162246
0.000953961503616
0.000952173070184
0.000950203509334
0.000948058149622
0.000945742984010
0.000943264650563
0.000940630410667
0.000937848124882
0.000934926226510
0.000931873692986
0.000928700015224
0.000925415165024
0.000922029560677
0.000918554030910
0.000914999777320
0.000911378335424
0.000907701534518
0.000903981456466
0.000900230393619
0.000896460805999
0.000892685277948
0.000888916474388
0.000885167096881
0.000881449839663
0.000877777345810
0.000874162163729
0.000870616704126
0.000867153197638
0.000863783653278
0.000860519817861
0.000857373136578
0.000854354714853
0.000851475281647
0.000848745154339
0.000846174205323
0.000843771830453
0.000841546919443
0.000839507828350
0.000837662354224
0.000836017712040
0.000834580513976
0.000833356751130
0.000832351777723
0.000831570297861
0.000831016354879
0.000830693323327
0.000830603903588
0.000830750119173
0.000831133316666
0.000831754168327
0.000832612677321
0.000833708185553
0.000835039384053
0.000836604325866
0.000838400441384
0.000840424556047
0.000842672910324
0.000845141181894
0.000847824509914
0.000850717521267
0.000853814358686
0.000857108710605
0.000860593842626
0.000864262630451
0.000868107594142
0.000872120933549
0.000876294564763
0.000880620157424
0.000885089172730
0.000889692901977
0.000894422505462
0.000899269051584
0.000904223555970
0.000909277020454
0.000914420471749
0.000919644999634
0.000924941794496
0.000930302184059
0.000935717669150
0.000941179958335
0.000946681001282
0.000952213020700
0.000957768542720
0.000963340425583
0.000968921886499
0.000974506526585
0.000980088353734
0.000985661803349
0.000991221756831
0.000996763557732
0.001002283025523
0.001007776466891
0.001013240684518
0.001018672983313
0.001024071174044
0.001029433574369
0.001034759007246
0.001040046796728
0.001045296761155
0.001050509203768
0.001055684900784
0.001060825086971
0.001065931438788
0.001071006055158
0.001076051435947
0.001081070458246
0.001086066350546
0.001091042664925
0.001096003247351
0.001100952206244
0.001105893879417
0.001110832799538
0.001115773658278
0.001120721269278
0.001125680530119
0.001130656383437
0.001135653777379
0.001140677625560
0.001145732766699
0.001150823924127
0.001155955665333
0.001161132361750
0.001166358148951
0.001171636887444
0.001176972124249
0.001182367055440
0.001187824489825
0.001193346813940
0.001198935958536
0.001204593366706
0.001210319963838
0.001216116129523
0.001221981671583
0.001227915802352
0.001233917117338
0.001239983576399
0.001246112487539
0.001252300493427
0.001258543560743
0.001264836972423
0.001271175322878
0.001277552516256
0.001283961767784
0.001290395608238
0.001296845891551
0.001303303805595
0.001309759886110
0.001316204033787
0.001322625534473
0.001329013082454
0.001335354806776
0.001341638300531
0.001347850653044
0.001353978484850
0.001360007985400
0.001365924953336
0.001371714839260
0.001377362790827
0.001382853700036
0.001388172252564
0.001393302978972
0.001398230307622
0.001402938619107
0.001407412302028
0.001411635809901
0.001415593719008
0.001419270786976
0.001422652011872
