0.000204774504774
0.000204748449524
0.000204722684580
0.000204697238675
0.000204672131025
0.000204647370751
0.000204622956566
0.000204598876750
0.000204575109414
0.000204551623050
0.000204528377354
0.000204505324317
0.000204482409536
0.000204459573734
0.000204436754442
0.000204413887793
0.000204390910396
0.000204367761216
0.000204344383422
0.000204320726130
0.000204296746002
0.000204272408628
0.000204247689662
0.000204222575651
0.000204197064541
0.000204171165824
0.000204144900332
0.000204118299669
0.000204091405302
0.000204064267347
0.000204036943082
0.000204009495241
0.000203981990152
0.000203954495777
0.000203927079711
0.000203899807232
0.000203872739424
0.000203845931471
0.000203819431135
0.000203793277497
0.000203767499958
0.000203742117557
0.000203717138596
0.000203692560597
0.000203668370573
0.000203644545606
0.000203621053715
0.000203597854973
0.000203574902855
0.000203552145751
0.000203529528614
0.000203506994688
0.000203484487250
0.000203461951327
0.000203439335318
0.000203416592482
0.000203393682247
0.000203370571296
0.000203347234397
0.000203323654980
0.000203299825420
0.000203275747059
0.000203251429956
0.000203226892394
0.000203202160172
0.000203177265713
0.000203152247025
0.000203127146548
0.000203102009932
0.000203076884785
0.000203051819409
0.000203026861576
0.000203002057362
0.000202977450057
0.000202953079188
0.000202928979659
0.000202905181032
0.000202881706949
0.000202858574725
0.000202835795092
0.000202813372121
0.000202791303298
0.000202769579771
0.000202748186742
0.000202727103999
0.000202706306571
0.000202685765481
0.000202665448585
0.000202645321462
0.000202625348337
0.000202605493013
0.000202585719788
0.000202565994337
0.000202546284545
0.000202526561267
0.000202506799014
0.000202486976548
0.000202467077377
0.000202447090148
0.000202427008924
0.000202406833353
0.000202386568705
0.000202366225793
0.000202345820758
0.000202325374732
0.000202304913366
0.000202284466241
0.000202264066166
0.000202243748372
0.000202223549631
0.000202203507313
0.000202183658414
0.000202164038579
0.000202144681154
0.000202125616296
0.000202106870166
0.000202088464242
0.000202070414759
0.000202052732304
0.000202035421576
0.000202018481308
0.000202001904366
0.000201985678010
0.000201969784308
0.000201954200699
0.000201938900677
0.000201923854586
0.000201909030498
0.000201894395158
0.000201879914963
0.000201865556956
0.000201851289799
0.000201837084707
0.000201822916310
0.000201808763410
0.000201794609621
0.000201780443857
0.000201766260659
0.000201752060339
0.000201737848944
0.000201723638035
0.000201709444288
0.000201695288936
0.000201681197070
0.000201667196824
0.000201653318480
0.000201639593531
0.000201626053715
0.000201612730083
0.000201599652110
0.000201586846886
0.000201574338406
0.000201562146983
0.000201550288785
0.000201538775517
0.000201527614238
0.000201516807321
0.000201506352548
0.000201496243329
0.000201486469036
0.000201477015450
0.000201467865286
0.000201458998801
0.000201450394452
0.000201442029595
0.000201433881198
0.000201425926545
0.000201418143920
0.000201410513233
0.000201403016587
0.000201395638748
0.000201388367519
0.000201381194008
0.000201374112772
0.000201367121847
0.000201360222667
0.000201353419886
0.000201346721098
0.000201340136495
0.000201333678464
0.000201327361144
0.000201321199962
0.000201315211164
0.000201309411352
0.000201303817038
0.000201298444225
0.000201293308019
0.000201288422288
0.000201283799348
0.000201279449707
0.000201275381852
0.000201271602089
0.000201268114443
0.000201264920610
0.000201262019976
0.000201259409700
0.000201257084857
0.000201255038645
0.000201253262644
0.000201251747129
0.000201250481411
0.000201249454207
0.000201248654027
0.000201248069543
0.000201247689948
0.000201247505288
0.000201247506739
0.000201247686849
0.000201248039711
0.000201248561084
0.000201249248458
0.000201250101056
0.000201251119786
0.000201252307147
0.000201253667088
0.000201255204829
0.000201256926646
0.000201258839636
0.000201260951443
0.000201263269980
0.000201265803133
0.000201268558460
0.000201271542898
0.000201274762488
0.000201278222120
0.000201281925327
0.000201285874125
0.000201290068912
0.000201294508445
0.000201299189880
0.000201304108898
0.000201309259891
0.000201314636224
0.000201320230542
0.000201326035111
0.000201332042188
0.000201338244383
0.000201344635010
0.000201351208403
0.000201357960178
0.000201364887441
0.000201371988920
0.000201379265037
0.000201386717888
0.000201394351168
0.000201402170019
0.000201410180828
0.000201418390961
0.000201426808471
0.000201435441764
0.000201444299244
0.000201453388956
0.000201462718221
0.000201472293289
0.000201482119016
0.000201492198580
0.000201502533245
0.000201513122192
0.000201523962415
0.000201535048710
0.000201546373742
0.000201557928203
0.000201569701066
0.000201581679903
0.000201593851289
0.000201606201245
0.000201618715723
0.000201631381103
0.000201644184674
0.000201657115094
0.000201670162794
0.000201683320310
0.000201696582540
0.000201709946913
0.000201723413459
0.000201736984791
0.000201750666000
0.000201764464464
0.000201778389600
0.000201792452540
0.000201806665780
0.000201821042782
0.000201835597558
0.000201850344243
0.000201865296669
0.000201880467945
0.000201895870058
0.000201911513502
0.000201927406943
0.000201943556934
0.000201959967680
0.000201976640873
0.000201993575586
0.000202010768251
0.000202028212707
0.000202045900319
0.000202063820172
0.000202081959323
0.000202100303110
0.000202118835496
0.000202137539450
0.000202156397334
0.000202175391301
0.000202194503680
0.000202213717351
0.000202233016092
0.000202252384905
0.000202271810313
0.000202291280629
0.000202310786195
0.000202330319599
0.000202349875857
0.000202369452568
0.000202389050033
0.000202408671333
0.000202428322354
0.000202448011763
0.000202467750911
0.000202487553665
0.000202507436169
0.000202527416515
0.000202547514344
0.000202567750369
0.000202588145835
0.000202608721931
0.000202629499167
0.000202650496726
0.000202671731834
0.000202693219143
0.000202714970159
0.000202736992739
0.000202759290660
0.000202781863289
0.000202804705362
0.000202827806876
0.000202851153122
0.000202874724840
0.000202898498521
0.000202922446843
0.000202946539243
0.000202970742617
0.000202995022135
0.000203019342154
0.000203043667207
0.000203067963043
0.000203092197682
0.000203116342447
0.000203140372952
0.000203164269977
0.000203188020224
0.000203211616894
0.000203235060078
0.000203258356917
0.000203281521530
0.000203304574711
0.000203327543377
0.000203350459809
0.000203373360686
0.000203396285960
0.000203419277598
0.000203442378236
0.000203465629800
0.000203489072119
0.000203512741600
0.000203536669985
0.000203560883250
0.000203585400666
0.000203610234062
0.000203635387316
0.000203660856077
0.000203686627753
0.000203712681751
0.000203738989964
0.000203765517514
0.000203792223706
0.000203819063183
0.000203845987237
0.000203872945238
0.000203899886143
0.000203926760014
0.000203953519512
0.000203980121306
0.000204006527354
0.000204032705996
0.000204058632851
0.000204084291454
0.000204109673647
0.000204134779690
0.000204159618117
0.000204184205325
0.000204208564941
0.000204232726981
0.000204256726834
0.000204280604122
0.000204304401461
0.000204328163172
0.000204351933980
0.000204375757730
0.000204399676167
0.000204423727799
0.000204447946874
