0.002107166339935
0.002105976705673
0.002103909147326
0.002100987127376
0.002097247990774
0.002092742520508
0.002087534275755
0.002081698720883
0.002075322156929
0.002068500470368
0.002061337717063
0.002053944561987
0.002046436597819
0.002038932567614
0.002031552518524
0.002024415914890
0.002017639739917
0.002011336615661
0.002005612971036
0.002000567287097
0.001996288447961
0.001992854224347
0.001990329914925
0.001988767168463
0.001988203007151
0.001988659068599
0.001990141080710
0.001992638580227
0.001996124881991
0.002000557302184
0.002005877634875
0.002012012877251
0.002018876195013
0.002026368115589
0.002034377933142
0.002042785305917
0.002051462023262
0.002060273916791
0.002069082887672
0.002077749019877
0.002086132747643
0.002094097044135
0.002101509597685
0.002108244941752
0.002114186505115
0.002119228549671
0.002123277964575
0.002126255887313
0.002128099124649
0.002128761349156
0.002128214050186
0.002126447221715
0.002123469773271
0.002119309654291
0.002114013686484
0.002107647103204
0.002100292799301
0.002092050299339
0.002083034456503
0.002073373898728
0.002063209242612
0.002052691099471
0.002041977901311
0.002031233577544
0.002020625115905
0.002010320043168
0.002000483862876
0.001991277488402
0.001982854710157
0.001975359735718
0.001968924840999
0.001963668169361
0.001959691713778
0.001957079514842
0.001955896104525
0.001956185222315
0.001957968826562
0.001961246419746
0.001965994701895
0.001972167561689
0.001979696409848
0.001988490854368
0.001998439712111
0.002009412346167
0.002021260313487
0.002033819302487
0.002046911335809
0.002060347209216
0.002073929133774
0.002087453545075
0.002100714040401
0.002113504402341
0.002125621665657
0.002136869182998
0.002147059644597
0.002156018007165
0.002163584288045
0.002169616182053
0.002173991460560
0.002176610114991
0.002177396210195
0.002176299416884
0.002173296196621
0.002168390617493
0.002161614783656
0.002153028867266
0.002142720736842
0.002130805181795
0.002117422738600
0.002102738129790
0.002086938332567
0.002070230299233
0.002052838356825
0.002035001318108
0.002016969340534
0.001999000573649
0.001981357638854
0.001964303988212
0.001948100191158
0.001933000199481
0.001919247641760
0.001907072198528
0.001896686108836
0.001888280857588
0.001882024090973
0.001878056804668
0.001876490846163
0.001877406768627
0.001880852069320
0.001886839840578
0.001895347856081
0.001906318109403
0.001919656815884
0.001935234882718
0.001952888845904
0.001972422266455
0.001993607572046
0.002016188324288
0.002039881885974
0.002064382457226
0.002089364444348
0.002114486120633
0.002139393534246
0.002163724614872
0.002187113427932
0.002209194523026
0.002229607321777
0.002248000489549
0.002264036235488
0.002277394486105
0.002287776879089
0.002294910526232
0.002298551497210
0.002298487979492
0.002294543073733
0.002286577188673
0.002274490004666
0.002258221980500
0.002237755384012
0.002213114833112
0.002184367340101
0.002151621858516
0.002115028338096
0.002074776299712
0.002031092948204
0.001984240846898
0.001934515183074
0.001882240658771
0.001827768045928
0.001771470448965
0.001713739321425
0.001654980286188
0.001595608810970
0.001536045792406
0.001476713102792
0.001418029153720
0.001360404530243
0.001304237747918
0.001249911183120
0.001197787224434
0.001148204689720
0.001101475549706
0.001057881994684
0.001017673876248
0.000981066550897
0.000948239147003
0.000919333271053
0.000894452163353
0.000873660307565
0.000856983492685
0.000844409320363
0.000835888144927
0.000831334428183
0.000830628486058
0.000833618599543
0.000840123458174
0.000849934900574
0.000862820913382
0.000878528847223
0.000896788806335
0.000917317166979
0.000939820178939
0.000963997604160
0.000989546346950
0.001016164031165
0.001043552481287
0.001071421066446
0.001099489868951
0.001127492641981
0.001155179524521
0.001182319485402
0.001208702472433
0.001234141246913
0.001258472888307
0.001281559958486
0.001303291319523
0.001323582603691
0.001342376338795
0.001359641736332
0.001375374154155
0.001389594249191
0.001402346839352
0.001413699497035
0.001423740899413
0.001432578963201
0.001440338793525
0.001447160478065
0.001453196758726
0.001458610613649
0.001463572782531
0.001468259267887
0.001472848844118
0.001477520605105
0.001482451579455
0.001487814440665
0.001493775337233
0.001500491865267
0.001508111203474
0.001516768427485
0.001526585017528
0.001537667570346
0.001550106723164
0.001563976294423
0.001579332642974
0.001596214244513
0.001614641481278
0.001634616638441
0.001656124098258
0.001679130720964
0.001703586399481
0.001729424773522
0.001756564087344
0.001784908174474
0.001814347552091
0.001844760607344
0.001876014857886
0.001907968269088
0.001940470610891
0.001973364837971
0.002006488477837
0.002039675012598
0.002072755241401
0.002105558611964
0.002137914511072
0.002169653505503
0.002200608526337
0.002230615991219
0.002259516860587
0.002287157625355
0.002313391224819
0.002338077894788
0.002361085946986
0.002382292481648
0.002401584035970
0.002418857171588
0.002434019004599
0.002446987681816
0.002457692806887
0.002466075819715
0.002472090332263
0.002475702423277
0.002476890893856
0.002475647485030
0.002471977057679
0.002465897734256
0.002457441000885
0.002446651767456
0.002433588382551
0.002418322599145
0.002400939486382
0.002381537282069
0.002360227180109
0.002337133046766
0.002312391059538
0.002286149262479
0.002258567032083
0.002229814448299
0.002200071565965
0.002169527582809
0.002138379901273
0.002106833082702
0.002075097693866
0.002043389047429
0.002011925839656
0.001980928690540
0.001950618593373
0.001921215282763
0.001892935532018
0.001865991392714
0.001840588391102
0.001816923697721
0.001795184288152
0.001775545114227
0.001758167306191
0.001743196427226
0.001730760802383
0.001720969944327
0.001713913098324
0.001709657928571
0.001708249367333
0.001709708647349
0.001714032536588
0.001721192792779
0.001731135853077
0.001743782771932
0.001759029417561
0.001776746934582
0.001796782477254
0.001818960214463
0.001843082604199
0.001868931931716
0.001896272102014
0.001924850673706
0.001954401117854
0.001984645281910
0.002015296035732
0.002046060073573
0.002076640843219
0.002106741571004
0.002136068349348
0.002164333251771
0.002191257439077
0.002216574219603
0.002240032026094
0.002261397271953
0.002280457050273
0.002297021640268
0.002310926787377
0.002322035725516
0.002330240912573
0.002335465453340
0.002337664187563
0.002336824424630
0.002332966310615
0.002326142817818
0.002316439351603
0.002303972974122
0.002288891249408
0.002271370719224
0.002251615023904
0.002229852687147
0.002206334588328
0.002181331150127
0.002155129273336
0.002128029054293
0.002100340323595
0.002072379047491
0.002044463635522
0.002016911199665
0.001990033811292
0.001964134802709
0.001939505159895
0.001916420052301
0.001895135544125
0.001875885529535
0.001858878931687
0.001844297202268
0.001832292154623
0.001822984159419
0.001816460727248
0.001812775497651
0.001811947648901
0.001813961737395
0.001818767969989
0.001826282906924
0.001836390587345
0.001848944063862
0.001863767327140
0.001880657596352
0.001899387946405
0.001919710238362
0.001941358315352
0.001964051422713
0.001987497808020
0.002011398454204
0.002035450897143
0.002059353077885
0.002082807179166
0.002105523396057
0.002127223591387
0.002147644788126
