0.000345223384351
0.000345437771714
0.000345652279806
0.000345866842186
0.000346081392689
0.000346295865446
0.000346510194911
0.000346724315884
0.000346938163536
0.000347151673434
0.000347364781559
0.000347577424339
0.000347789538663
0.000348001061911
0.000348211931974
0.000348422087276
0.000348631466799
0.000348840010101
0.000349047657345
0.000349254349312
0.000349460027428
0.000349664633784
0.000349868111157
0.000350070403026
0.000350271453600
0.000350471207830
0.000350669611434
0.000350866610914
0.000351062153572
0.000351256187534
0.000351448661764
0.000351639526082
0.000351828731185
0.000352016228657
0.000352201970993
0.000352385911609
0.000352568004861
0.000352748206060
0.000352926471484
0.000353102758396
0.000353277025056
0.000353449230734
0.000353619335724
0.000353787301355
0.000353953090006
0.000354116665113
0.000354277991188
0.000354437033819
0.000354593759690
0.000354748136586
0.000354900133401
0.000355049720153
0.000355196867983
0.000355341549172
0.000355483737143
0.000355623406466
0.000355760532870
0.000355895093246
0.000356027065648
0.000356156429306
0.000356283164623
0.000356407253183
0.000356528677750
0.000356647422275
0.000356763471898
0.000356876812945
0.000356987432934
0.000357095320575
0.000357200465766
0.000357302859598
0.000357402494350
0.000357499363491
0.000357593461674
0.000357684784735
0.000357773329692
0.000357859094740
0.000357942079244
0.000358022283741
0.000358099709928
0.000358174360660
0.000358246239945
0.000358315352936
0.000358381705922
0.000358445306324
0.000358506162687
0.000358564284668
0.000358619683030
0.000358672369633
0.000358722357420
0.000358769660412
0.000358814293695
0.000358856273406
0.000358895616724
0.000358932341861
0.000358966468041
0.000358998015494
0.000359027005442
0.000359053460081
0.000359077402571
0.000359098857021
0.000359117848469
0.000359134402875
0.000359148547097
0.000359160308882
0.000359169716844
0.000359176800449
0.000359181589998
0.000359184116609
0.000359184412200
0.000359182509470
0.000359178441878
0.000359172243630
0.000359163949653
0.000359153595582
0.000359141217735
0.000359126853096
0.000359110539293
0.000359092314580
0.000359072217815
0.000359050288438
0.000359026566449
0.000359001092391
0.000358973907325
0.000358945052806
0.000358914570868
0.000358882503992
0.000358848895094
0.000358813787495
0.000358777224900
0.000358739251378
0.000358699911337
0.000358659249499
0.000358617310882
0.000358574140771
0.000358529784701
0.000358484288427
0.000358437697907
0.000358390059272
0.000358341418810
0.000358291822935
0.000358241318168
0.000358189951112
0.000358137768431
0.000358084816820
0.000358031142989
0.000357976793636
0.000357921815420
0.000357866254946
0.000357810158735
0.000357753573203
0.000357696544637
0.000357639119176
0.000357581342781
0.000357523261219
0.000357464920037
0.000357406364538
0.000357347639764
0.000357288790468
0.000357229861094
0.000357170895758
0.000357111938222
0.000357053031874
0.000356994219709
0.000356935544304
0.000356877047801
0.000356818771883
0.000356760757757
0.000356703046132
0.000356645677200
0.000356588690615
0.000356532125477
0.000356476020311
0.000356420413045
0.000356365341000
0.000356310840863
0.000356256948677
0.000356203699817
0.000356151128978
0.000356099270156
0.000356048156631
0.000355997820955
0.000355948294931
0.000355899609601
0.000355851795231
0.000355804881298
0.000355758896472
0.000355713868606
0.000355669824721
0.000355626790994
0.000355584792746
0.000355543854429
0.000355503999616
0.000355465250987
0.000355427630323
0.000355391158490
0.000355355855436
0.000355321740176
0.000355288830786
0.000355257144393
0.000355226697172
0.000355197504330
0.000355169580107
0.000355142937767
0.000355117589588
0.000355093546865
0.000355070819896
0.000355049417984
0.000355029349430
0.000355010621529
0.000354993240570
0.000354977211830
0.000354962539573
0.000354949227051
0.000354937276500
0.000354926689138
0.000354917465171
0.000354909603786
0.000354903103159
0.000354897960451
0.000354894171813
0.000354891732385
0.000354890636305
0.000354890876706
0.000354892445724
0.000354895334499
0.000354899533185
0.000354905030948
0.000354911815981
0.000354919875501
0.000354929195763
0.000354939762063
0.000354951558746
0.000354964569219
0.000354978775954
0.000354994160497
0.000355010703482
0.000355028384640
0.000355047182806
0.000355067075931
0.000355088041098
0.000355110054526
0.000355133091590
0.000355157126828
0.000355182133955
0.000355208085881
0.000355234954718
0.000355262711799
0.000355291327691
0.000355320772210
0.000355351014436
0.000355382022731
0.000355413764752
0.000355446207469
0.000355479317182
0.000355513059538
0.000355547399548
0.000355582301604
0.000355617729499
0.000355653646446
0.000355690015093
0.000355726797545
0.000355763955383
0.000355801449684
0.000355839241037
0.000355877289571
0.000355915554966
0.000355953996480
0.000355992572969
0.000356031242904
0.000356069964398
0.000356108695222
0.000356147392830
0.000356186014379
0.000356224516755
0.000356262856586
0.000356300990275
0.000356338874016
0.000356376463817
0.000356413715525
0.000356450584847
0.000356487027373
0.000356522998600
0.000356558453953
0.000356593348813
0.000356627638532
0.000356661278463
0.000356694223982
0.000356726430507
0.000356757853528
0.000356788448624
0.000356818171489
0.000356846977957
0.000356874824022
0.000356901665862
0.000356927459864
0.000356952162644
0.000356975731074
0.000356998122301
0.000357019293772
0.000357039203257
0.000357057808870
0.000357075069094
0.000357090942799
0.000357105389269
0.000357118368222
0.000357129839831
0.000357139764747
0.000357148104118
0.000357154819616
0.000357159873452
0.000357163228400
0.000357164847818
0.000357164695666
0.000357162736530
0.000357158935639
0.000357153258886
0.000357145672848
0.000357136144803
0.000357124642752
0.000357111135436
0.000357095592351
0.000357077983774
0.000357058280773
0.000357036455227
0.000357012479845
0.000356986328178
0.000356957974641
0.000356927394524
0.000356894564012
0.000356859460195
0.000356822061088
0.000356782345643
0.000356740293764
0.000356695886318
0.000356649105153
0.000356599933106
0.000356548354020
0.000356494352751
0.000356437915183
0.000356379028238
0.000356317679887
0.000356253859160
0.000356187556156
0.000356118762050
0.000356047469107
0.000355973670685
0.000355897361247
0.000355818536364
0.000355737192729
0.000355653328156
0.000355566941591
0.000355478033115
0.000355386603951
0.000355292656466
0.000355196194178
0.000355097221757
0.000354995745028
0.000354891770976
0.000354785307747
0.000354676364647
0.000354564952145
0.000354451081876
0.000354334766638
0.000354216020389
0.000354094858254
0.000353971296515
0.000353845352616
0.000353717045155
0.000353586393885
0.000353453419708
0.000353318144671
0.000353180591965
0.000353040785915
0.000352898751976
0.000352754516730
0.000352608107876
0.000352459554222
0.000352308885683
0.000352156133268
0.000352001329073
0.000351844506273
0.000351685699111
0.000351524942891
0.000351362273965
0.000351197729723
0.000351031348582
0.000350863169973
0.000350693234331
0.000350521583083
0.000350348258630
0.000350173304339
0.000349996764526
0.000349818684441
0.000349639110257
0.000349458089052
0.000349275668792
0.000349091898321
0.000348906827336
0.000348720506380
0.000348532986815
0.000348344320815
