0.000365587930758
0.000365878941544
0.000366171445738
0.000366465351244
0.000366760565687
0.000367056996450
0.000367354550718
0.000367653135513
0.000367952657736
0.000368253024206
0.000368554141701
0.000368855916995
0.000369158256901
0.000369461068308
0.000369764258224
0.000370067733813
0.000370371402434
0.000370675171684
0.000370978949436
0.000371282643876
0.000371586163546
0.000371889417379
0.000372192314740
0.000372494765467
0.000372796679904
0.000373097968943
0.000373398544060
0.000373698317354
0.000373997201583
0.000374295110200
0.000374591957392
0.000374887658115
0.000375182128129
0.000375475284033
0.000375767043301
0.000376057324318
0.000376346046410
0.000376633129880
0.000376918496040
0.000377202067246
0.000377483766925
0.000377763519612
0.000378041250977
0.000378316887855
0.000378590358278
0.000378861591504
0.000379130518042
0.000379397069683
0.000379661179526
0.000379922782004
0.000380181812910
0.000380438209423
0.000380691910129
0.000380942855049
0.000381190985659
0.000381436244912
0.000381678577261
0.000381917928677
0.000382154246672
0.000382387480315
0.000382617580252
0.000382844498722
0.000383068189574
0.000383288608285
0.000383505711970
0.000383719459400
0.000383929811015
0.000384136728933
0.000384340176965
0.000384540120625
0.000384736527137
0.000384929365448
0.000385118606232
0.000385304221901
0.000385486186607
0.000385664476250
0.000385839068483
0.000386009942712
0.000386177080105
0.000386340463585
0.000386500077838
0.000386655909311
0.000386807946209
0.000386956178497
0.000387100597891
0.000387241197863
0.000387377973629
0.000387510922147
0.000387640042111
0.000387765333942
0.000387886799782
0.000388004443484
0.000388118270602
0.000388228288382
0.000388334505749
0.000388436933294
0.000388535583264
0.000388630469545
0.000388721607649
0.000388809014697
0.000388892709404
0.000388972712063
0.000389049044522
0.000389121730172
0.000389190793923
0.000389256262183
0.000389318162843
0.000389376525249
0.000389431380183
0.000389482759838
0.000389530697795
0.000389575229001
0.000389616389739
0.000389654217607
0.000389688751487
0.000389720031523
0.000389748099089
0.000389772996764
0.000389794768300
0.000389813458596
0.000389829113667
0.000389841780611
0.000389851507583
0.000389858343760
0.000389862339308
0.000389863545355
0.000389862013952
0.000389857798044
0.000389850951437
0.000389841528758
0.000389829585429
0.000389815177625
0.000389798362243
0.000389779196866
0.000389757739727
0.000389734049674
0.000389708186132
0.000389680209068
0.000389650178953
0.000389618156728
0.000389584203765
0.000389548381830
0.000389510753045
0.000389471379853
0.000389430324978
0.000389387651390
0.000389343422266
0.000389297700949
0.000389250550919
0.000389202035746
0.000389152219059
0.000389101164506
0.000389048935714
0.000388995596258
0.000388941209616
0.000388885839140
0.000388829548010
0.000388772399207
0.000388714455468
0.000388655779253
0.000388596432710
0.000388536477636
0.000388475975445
0.000388414987130
0.000388353573227
0.000388291793783
0.000388229708319
0.000388167375800
0.000388104854596
0.000388042202450
0.000387979476450
0.000387916732989
0.000387854027738
0.000387791415615
0.000387728950750
0.000387666686456
0.000387604675201
0.000387542968576
0.000387481617266
0.000387420671025
0.000387360178643
0.000387300187922
0.000387240745650
0.000387181897571
0.000387123688364
0.000387066161615
0.000387009359797
0.000386953324241
0.000386898095117
0.000386843711411
0.000386790210903
0.000386737630149
0.000386686004458
0.000386635367872
0.000386585753152
0.000386537191758
0.000386489713831
0.000386443348177
0.000386398122254
0.000386354062157
0.000386311192600
0.000386269536909
0.000386229117007
0.000386189953402
0.000386152065179
0.000386115469987
0.000386080184034
0.000386046222076
0.000386013597412
0.000385982321875
0.000385952405831
0.000385923858170
0.000385896686306
0.000385870896170
0.000385846492212
0.000385823477399
0.000385801853212
0.000385781619651
0.000385762775233
0.000385745316995
0.000385729240499
0.000385714539834
0.000385701207622
0.000385689235024
0.000385678611745
0.000385669326043
0.000385661364738
0.000385654713218
0.000385649355452
0.000385645274000
0.000385642450025
0.000385640863302
0.000385640492236
0.000385641313875
0.000385643303922
0.000385646436754
0.000385650685434
0.000385656021733
0.000385662416147
0.000385669837912
0.000385678255027
0.000385687634273
0.000385697941233
0.000385709140316
0.000385721194775
0.000385734066733
0.000385747717208
0.000385762106134
0.000385777192384
0.000385792933803
0.000385809287227
0.000385826208513
0.000385843652564
0.000385861573361
0.000385879923986
0.000385898656656
0.000385917722748
0.000385937072832
0.000385956656702
0.000385976423404
0.000385996321268
0.000386016297943
0.000386036300426
0.000386056275096
0.000386076167745
0.000386095923616
0.000386115487432
0.000386134803434
0.000386153815411
0.000386172466740
0.000386190700417
0.000386208459093
0.000386225685112
0.000386242320544
0.000386258307222
0.000386273586777
0.000386288100677
0.000386301790262
0.000386314596778
0.000386326461419
0.000386337325359
0.000386347129791
0.000386355815965
0.000386363325222
0.000386369599031
0.000386374579032
0.000386378207064
0.000386380425207
0.000386381175819
0.000386380401571
0.000386378045483
0.000386374050964
0.000386368361841
0.000386360922406
0.000386351677440
0.000386340572258
0.000386327552740
0.000386312565366
0.000386295557253
0.000386276476189
0.000386255270667
0.000386231889918
0.000386206283947
0.000386178403565
0.000386148200421
0.000386115627037
0.000386080636838
0.000386043184185
0.000386003224406
0.000385960713826
0.000385915609798
0.000385867870733
0.000385817456130
0.000385764326601
0.000385708443905
0.000385649770971
0.000385588271929
0.000385523912131
0.000385456658183
0.000385386477966
0.000385313340664
0.000385237216784
0.000385158078183
0.000385075898089
0.000384990651122
0.000384902313317
0.000384810862146
0.000384716276533
0.000384618536878
0.000384517625072
0.000384413524517
0.000384306220141
0.000384195698416
0.000384081947372
0.000383964956610
0.000383844717320
0.000383721222291
0.000383594465923
0.000383464444239
0.000383331154896
0.000383194597192
0.000383054772079
0.000382911682167
0.000382765331736
0.000382615726735
0.000382462874794
0.000382306785226
0.000382147469029
0.000381984938894
0.000381819209200
0.000381650296020
0.000381478217121
0.000381302991960
0.000381124641688
0.000380943189141
0.000380758658843
0.000380571076997
0.000380380471482
0.000380186871849
0.000379990309312
0.000379790816739
0.000379588428649
0.000379383181197
0.000379175112166
0.000378964260959
0.000378750668581
0.000378534377633
0.000378315432295
0.000378093878311
0.000377869762977
0.000377643135122
0.000377414045095
0.000377182544744
0.000376948687399
0.000376712527856
0.000376474122351
0.000376233528546
0.000375990805504
0.000375746013669
0.000375499214843
0.000375250472159
0.000374999850066
0.000374747414292
0.000374493231832
0.000374237370909
0.000373979900960
0.000373720892596
0.000373460417587
0.000373198548821
0.000372935360286
0.000372670927033
0.000372405325149
0.000372138631725
0.000371870924828
0.000371602283463
0.000371332787548
0.000371062517876
0.000370791556084
0.000370519984621
0.000370247886710
0.000369975346319
