0.000219852878166
0.000219828354853
0.000219803435281
0.000219778158559
0.000219752570550
0.000219726722602
0.000219700670124
0.000219674471022
0.000219648184057
0.000219621867163
0.000219595575782
0.000219569361264
0.000219543269374
0.000219517338970
0.000219491600877
0.000219466077009
0.000219440779755
0.000219415711661
0.000219390865418
0.000219366224152
0.000219341762026
0.000219317445111
0.000219293232533
0.000219269077828
0.000219244930493
0.000219220737663
0.000219196445871
0.000219172002831
0.000219147359192
0.000219122470191
0.000219097297168
0.000219071808876
0.000219045982555
0.000219019804720
0.000218993271647
0.000218966389534
0.000218939174340
0.000218911651296
0.000218883854115
0.000218855823930
0.000218827607995
0.000218799258195
0.000218770829418
0.000218742377848
0.000218713959233
0.000218685627193
0.000218657431612
0.000218629417181
0.000218601622126
0.000218574077165
0.000218546804723
0.000218519818427
0.000218493122888
0.000218466713782
0.000218440578207
0.000218414695317
0.000218389037186
0.000218363569893
0.000218338254769
0.000218313049774
0.000218287910950
0.000218262793907
0.000218237655292
0.000218212454189
0.000218187153416
0.000218161720676
0.000218136129527
0.000218110360154
0.000218084399914
0.000218058243655
0.000218031893798
0.000218005360194
0.000217978659756
0.000217951815901
0.000217924857807
0.000217897819517
0.000217870738929
0.000217843656687
0.000217816615021
0.000217789656561
0.000217762823160
0.000217736154758
0.000217709688325
0.000217683456893
0.000217657488725
0.000217631806627
0.000217606427420
0.000217581361600
0.000217556613175
0.000217532179693
0.000217508052458
0.000217484216919
0.000217460653226
0.000217437336937
0.000217414239848
0.000217391330922
0.000217368577300
0.000217345945352
0.000217323401743
0.000217300914488
0.000217278453958
0.000217255993817
0.000217233511851
0.000217210990680
0.000217188418321
0.000217165788584
0.000217143101299
0.000217120362357
0.000217097583560
0.000217074782293
0.000217051981025
0.000217029206639
0.000217006489642
0.000216983863241
0.000216961362354
0.000216939022554
0.000216916879009
0.000216894965435
0.000216873313100
0.000216851949919
0.000216830899666
0.000216810181320
0.000216789808581
0.000216769789556
0.000216750126636
0.000216730816550
0.000216711850614
0.000216693215141
0.000216674892012
0.000216656859388
0.000216639092522
0.000216621564662
0.000216604248003
0.000216587114657
0.000216570137611
0.000216553291641
0.000216536554148
0.000216519905891
0.000216503331598
0.000216486820426
0.000216470366270
0.000216453967902
0.000216437628941
0.000216421357674
0.000216405166710
0.000216389072510
0.000216373094802
0.000216357255900
0.000216341579961
0.000216326092204
0.000216310818122
0.000216295782701
0.000216281009691
0.000216266520931
0.000216252335760
0.000216238470525
0.000216224938198
0.000216211748113
0.000216198905821
0.000216186413073
0.000216174267917
0.000216162464910
0.000216150995433
0.000216139848094
0.000216129009206
0.000216118463323
0.000216108193809
0.000216098183436
0.000216088414968
0.000216078871734
0.000216069538159
0.000216060400247
0.000216051445987
0.000216042665689
0.000216034052237
0.000216025601240
0.000216017311107
0.000216009183023
0.000216001220836
0.000215993430877
0.000215985821697
0.000215978403746
0.000215971189004
0.000215964190576
0.000215957422252
0.000215950898072
0.000215944631877
0.000215938636889
0.000215932925311
0.000215927507979
0.000215922394058
0.000215917590805
0.000215913103402
0.000215908934869
0.000215905086042
0.000215901555643
0.000215898340413
0.000215895435316
0.000215892833795
0.000215890528088
0.000215888509558
0.000215886769060
0.000215885297301
0.000215884085202
0.000215883124225
0.000215882406683
0.000215881925987
0.000215881676856
0.000215881655459
0.000215881859499
0.000215882288230
0.000215882942409
0.000215883824194
0.000215884936981
0.000215886285190
0.000215887874027
0.000215889709197
0.000215891796622
0.000215894142140
0.000215896751228
0.000215899628732
0.000215902778648
0.000215906203936
0.000215909906394
0.000215913886586
0.000215918143830
0.000215922676252
0.000215927480894
0.000215932553869
0.000215937890561
0.000215943485861
0.000215949334416
0.000215955430888
0.000215961770210
0.000215968347827
0.000215975159905
0.000215982203513
0.000215989476754
0.000215996978857
0.000216004710206
0.000216012672333
0.000216020867845
0.000216029300309
0.000216037974092
0.000216046894163
0.000216056065864
0.000216065494653
0.000216075185847
0.000216085144348
0.000216095374389
0.000216105879294
0.000216116661265
0.000216127721210
0.000216139058616
0.000216150671469
0.000216162556234
0.000216174707885
0.000216187119994
0.000216199784867
0.000216212693735
0.000216225836977
0.000216239204379
0.000216252785423
0.000216266569582
0.000216280546631
0.000216294706949
0.000216309041817
0.000216323543686
0.000216338206430
0.000216353025554
0.000216367998367
0.000216383124098
0.000216398403969
0.000216413841197
0.000216429440943
0.000216445210192
0.000216461157565
0.000216477293081
0.000216493627845
0.000216510173698
0.000216526942815
0.000216543947279
0.000216561198630
0.000216578707411
0.000216596482729
0.000216614531834
0.000216632859745
0.000216651468930
0.000216670359053
0.000216689526803
0.000216708965812
0.000216728666673
0.000216748617050
0.000216768801903
0.000216789203804
0.000216809803350
0.000216830579662
0.000216851510958
0.000216872575179
0.000216893750661
0.000216915016813
0.000216936354793
0.000216957748157
0.000216979183436
0.000217000650648
0.000217022143693
0.000217043660631
0.000217065203817
0.000217086779893
0.000217108399618
0.000217130077553
0.000217151831593
0.000217173682375
0.000217195652564
0.000217217766054
0.000217240047106
0.000217262519449
0.000217285205383
0.000217308124911
0.000217331294935
0.000217354728541
0.000217378434405
0.000217402416343
0.000217426673009
0.000217451197786
0.000217475978834
0.000217500999335
0.000217526237903
0.000217551669162
0.000217577264459
0.000217602992709
0.000217628821316
0.000217654717169
0.000217680647651
0.000217706581639
0.000217732490463
0.000217758348778
0.000217784135329
0.000217809833583
0.000217835432197
0.000217860925322
0.000217886312720
0.000217911599706
0.000217936796909
0.000217961919863
0.000217986988448
0.000218012026200
0.000218037059513
0.000218062116747
0.000218087227294
0.000218112420608
0.000218137725240
0.000218163167904
0.000218188772594
0.000218214559791
0.000218240545767
0.000218266742014
0.000218293154812
0.000218319784949
0.000218346627591
0.000218373672322
0.000218400903332
0.000218428299771
0.000218455836229
0.000218483483362
0.000218511208617
0.000218538977062
0.000218566752278
0.000218594497304
0.000218622175605
0.000218649752044
0.000218677193820
0.000218704471365
0.000218731559163
0.000218758436476
0.000218785087947
0.000218811504074
0.000218837681525
0.000218863623287
0.000218889338635
0.000218914842923
0.000218940157185
0.000218965307560
0.000218990324538
0.000219015242069
0.000219040096516
0.000219064925528
0.000219089766816
0.000219114656907
0.000219139629897
0.000219164716236
0.000219189941606
0.000219215325917
0.000219240882457
0.000219266617234
0.000219292528538
0.000219318606742
0.000219344834347
0.000219371186297
0.000219397630535
0.000219424128814
