0.000415244249219
0.000415344352665
0.000415451878702
0.000415566773365
0.000415688979310
0.000415818435830
0.000415955078871
0.000416098841055
0.000416249651708
0.000416407436883
0.000416572119393
0.000416743618845
0.000416921851672
0.000417106731175
0.000417298167561
0.000417496067990
0.000417700336615
0.000417910874638
0.000418127580354
0.000418350349209
0.000418579073851
0.000418813644193
0.000419053947469
0.000419299868298
0.000419551288749
0.000419808088406
0.000420070144434
0.000420337331657
0.000420609522623
0.000420886587680
0.000421168395054
0.000421454810925
0.000421745699505
0.000422040923122
0.000422340342299
0.000422643815840
0.000422951200914
0.000423262353141
0.000423577126680
0.000423895374320
0.000424216947566
0.000424541696732
0.000424869471032
0.000425200118673
0.000425533486949
0.000425869422335
0.000426207770578
0.000426548376798
0.000426891085580
0.000427235741072
0.000427582187079
0.000427930267162
0.000428279824732
0.000428630703151
0.000428982745826
0.000429335796305
0.000429689698376
0.000430044296161
0.000430399434213
0.000430754957615
0.000431110712068
0.000431466543991
0.000431822300616
0.000432177830076
0.000432532981502
0.000432887605114
0.000433241552309
0.000433594675757
0.000433946829481
0.000434297868954
0.000434647651177
0.000434996034773
0.000435342880061
0.000435688049148
0.000436031406003
0.000436372816541
0.000436712148699
0.000437049272511
0.000437384060188
0.000437716386184
0.000438046127272
0.000438373162611
0.000438697373815
0.000439018645016
0.000439336862930
0.000439651916917
0.000439963699039
0.000440272104121
0.000440577029801
0.000440878376586
0.000441176047902
0.000441469950140
0.000441759992705
0.000442046088057
0.000442328151752
0.000442606102483
0.000442879862112
0.000443149355710
0.000443414511580
0.000443675261292
0.000443931539707
0.000444183285001
0.000444430438685
0.000444672945623
0.000444910754051
0.000445143815586
0.000445372085239
0.000445595521423
0.000445814085959
0.000446027744076
0.000446236464414
0.000446440219020
0.000446638983344
0.000446832736231
0.000447021459911
0.000447205139986
0.000447383765415
0.000447557328496
0.000447725824844
0.000447889253373
0.000448047616267
0.000448200918951
0.000448349170065
0.000448492381428
0.000448630568007
0.000448763747875
0.000448891942174
0.000449015175076
0.000449133473734
0.000449246868239
0.000449355391571
0.000449459079550
0.000449557970780
0.000449652106601
0.000449741531026
0.000449826290687
0.000449906434773
0.000449982014969
0.000450053085394
0.000450119702532
0.000450181925168
0.000450239814321
0.000450293433168
0.000450342846979
0.000450388123041
0.000450429330586
0.000450466540711
0.000450499826306
0.000450529261977
0.000450554923961
0.000450576890052
0.000450595239520
0.000450610053023
0.000450621412535
0.000450629401251
0.000450634103515
0.000450635604724
0.000450633991253
0.000450629350363
0.000450621770119
0.000450611339299
0.000450598147316
0.000450582284121
0.000450563840126
0.000450542906110
0.000450519573137
0.000450493932467
0.000450466075470
0.000450436093543
0.000450404078018
0.000450370120084
0.000450334310696
0.000450296740493
0.000450257499716
0.000450216678121
0.000450174364902
0.000450130648604
0.000450085617045
0.000450039357238
0.000449991955308
0.000449943496418
0.000449894064692
0.000449843743137
0.000449792613574
0.000449740756560
0.000449688251318
0.000449635175672
0.000449581605971
0.000449527617026
0.000449473282047
0.000449418672575
0.000449363858422
0.000449308907610
0.000449253886316
0.000449198858809
0.000449143887404
0.000449089032400
0.000449034352036
0.000448979902439
0.000448925737580
0.000448871909228
0.000448818466904
0.000448765457848
0.000448712926975
0.000448660916842
0.000448609467614
0.000448558617031
0.000448508400381
0.000448458850473
0.000448409997612
0.000448361869576
0.000448314491599
0.000448267886352
0.000448222073929
0.000448177071833
0.000448132894969
0.000448089555633
0.000448047063510
0.000448005425669
0.000447964646564
0.000447924728035
0.000447885669317
0.000447847467040
0.000447810115244
0.000447773605389
0.000447737926371
0.000447703064535
0.000447669003699
0.000447635725170
0.000447603207774
0.000447571427878
0.000447540359418
0.000447509973932
0.000447480240595
0.000447451126247
0.000447422595438
0.000447394610462
0.000447367131404
0.000447340116178
0.000447313520578
0.000447287298321
0.000447261401103
0.000447235778643
0.000447210378744
0.000447185147343
0.000447160028573
0.000447134964817
0.000447109896774
0.000447084763516
0.000447059502557
0.000447034049916
0.000447008340183
0.000446982306590
0.000446955881080
0.000446928994377
0.000446901576061
0.000446873554637
0.000446844857616
0.000446815411585
0.000446785142289
0.000446753974704
0.000446721833121
0.000446688641220
0.000446654322153
0.000446618798627
0.000446581992982
0.000446543827275
0.000446504223363
0.000446463102985
0.000446420387845
0.000446375999700
0.000446329860435
0.000446281892158
0.000446232017276
0.000446180158582
0.000446126239340
0.000446070183366
0.000446011915116
0.000445951359766
0.000445888443295
0.000445823092571
0.000445755235429
0.000445684800755
0.000445611718569
0.000445535920100
0.000445457337871
0.000445375905773
0.000445291559148
0.000445204234860
0.000445113871378
0.000445020408842
0.000444923789146
0.000444823956004
0.000444720855023
0.000444614433773
0.000444504641857
0.000444391430976
0.000444274754993
0.000444154570003
0.000444030834389
0.000443903508886
0.000443772556638
0.000443637943258
0.000443499636883
0.000443357608223
0.000443211830619
0.000443062280088
0.000442908935375
0.000442751777994
0.000442590792275
0.000442425965403
0.000442257287461
0.000442084751462
0.000441908353389
0.000441728092224
0.000441543969981
0.000441355991732
0.000441164165634
0.000440968502953
0.000440769018083
0.000440565728567
0.000440358655110
0.000440147821598
0.000439933255103
0.000439714985897
0.000439493047456
0.000439267476466
0.000439038312820
0.000438805599622
0.000438569383181
0.000438329713006
0.000438086641796
0.000437840225430
0.000437590522955
0.000437337596566
0.000437081511593
0.000436822336476
0.000436560142743
0.000436295004985
0.000436027000826
0.000435756210897
0.000435482718796
0.000435206611060
0.000434927977124
0.000434646909279
0.000434363502636
0.000434077855075
0.000433790067206
0.000433500242311
0.000433208486304
0.000432914907667
0.000432619617406
0.000432322728987
0.000432024358276
0.000431724623487
0.000431423645109
0.000431121545849
0.000430818450561
0.000430514486183
0.000430209781662
0.000429904467885
0.000429598677609
0.000429292545381
0.000428986207469
0.000428679801778
0.000428373467777
0.000428067346416
0.000427761580046
0.000427456312339
0.000427151688199
0.000426847853686
0.000426544955924
0.000426243143018
0.000425942563967
0.000425643368576
0.000425345707368
0.000425049731494
0.000424755592647
0.000424463442966
0.000424173434953
0.000423885721376
0.000423600455184
0.000423317789410
0.000423037877083
0.000422760871139
0.000422486924325
0.000422216189112
0.000421948817600
0.000421684961432
0.000421424771700
0.000421168398859
0.000420915992633
0.000420667701927
0.000420423674743
0.000420184058088
0.000419948997887
0.000419718638901
0.000419493124636
0.000419272597264
0.000419057197538
0.000418847064707
