0.000185426665046
0.000185403405981
0.000185379950591
0.000185356324688
0.000185332560503
0.000185308695607
0.000185284771642
0.000185260832936
0.000185236925062
0.000185213093386
0.000185189381671
0.000185165830788
0.000185142477554
0.000185119353739
0.000185096485253
0.000185073891535
0.000185051585122
0.000185029571428
0.000185007848698
0.000184986408154
0.000184965234310
0.000184944305460
0.000184923594319
0.000184903068830
0.000184882693091
0.000184862428424
0.000184842234538
0.000184822070766
0.000184801897347
0.000184781676700
0.000184761374662
0.000184740961613
0.000184720413473
0.000184699712492
0.000184678847820
0.000184657815815
0.000184636620070
0.000184615271163
0.000184593786150
0.000184572187801
0.000184550503658
0.000184528764927
0.000184507005290
0.000184485259678
0.000184463563072
0.000184441949380
0.000184420450436
0.000184399095150
0.000184377908837
0.000184356912722
0.000184336123630
0.000184315553841
0.000184295211096
0.000184275098724
0.000184255215879
0.000184235557853
0.000184216116449
0.000184196880404
0.000184177835846
0.000184158966779
0.000184140255595
0.000184121683609
0.000184103231603
0.000184084880398
0.000184066611406
0.000184048407184
0.000184030251944
0.000184012132015
0.000183994036225
0.000183975956178
0.000183957886420
0.000183939824470
0.000183921770711
0.000183903728151
0.000183885702071
0.000183867699569
0.000183849729045
0.000183831799655
0.000183813920781
0.000183796101542
0.000183778350396
0.000183760674838
0.000183743081235
0.000183725574780
0.000183708159572
0.000183690838807
0.000183673615038
0.000183656490497
0.000183639467422
0.000183622548363
0.000183605736446
0.000183589035553
0.000183572450417
0.000183555986626
0.000183539650524
0.000183523449045
0.000183507389474
0.000183491479183
0.000183475725337
0.000183460134619
0.000183444712977
0.000183429465412
0.000183414395806
0.000183399506809
0.000183384799756
0.000183370274630
0.000183355930036
0.000183341763203
0.000183327769983
0.000183313944855
0.000183300280939
0.000183286770022
0.000183273402599
0.000183260167963
0.000183247054342
0.000183234049107
0.000183221139053
0.000183208310761
0.000183195551036
0.000183182847409
0.000183170188678
0.000183157565463
0.000183144970733
0.000183132400284
0.000183119853119
0.000183107331697
0.000183094842039
0.000183082393671
0.000183069999390
0.000183057674878
0.000183045438176
0.000183033309045
0.000183021308254
0.000183009456832
0.000182997775332
0.000182986283137
0.000182974997844
0.000182963934748
0.000182953106447
0.000182942522569
0.000182932189614
0.000182922110910
0.000182912286662
0.000182902714078
0.000182893387547
0.000182884298868
0.000182875437506
0.000182866790870
0.000182858344619
0.000182850082983
0.000182841989127
0.000182834045531
0.000182826234422
0.000182818538234
0.000182810940105
0.000182803424389
0.000182795977175
0.000182788586778
0.000182781244195
0.000182773943467
0.000182766681953
0.000182759460468
0.000182752283282
0.000182745157971
0.000182738095116
0.000182731107870
0.000182724211423
0.000182717422374
0.000182710758072
0.000182704235952
0.000182697872900
0.000182691684701
0.000182685685567
0.000182679887792
0.000182674301523
0.000182668934649
0.000182663792803
0.000182658879449
0.000182654196032
0.000182649742169
0.000182645515862
0.000182641513696
0.000182637731020
0.000182634162111
0.000182630800297
0.000182627638068
0.000182624667178
0.000182621878745
0.000182619263376
0.000182616811318
0.000182614512651
0.000182612357516
0.000182610336383
0.000182608440337
0.000182606661374
0.000182604992682
0.000182603428879
0.000182601966206
0.000182600602635
0.000182599337895
0.000182598173410
0.000182597112156
0.000182596158440
0.000182595317634
0.000182594595873
0.000182593999755
0.000182593536065
0.000182593211537
0.000182593032678
0.000182593005658
0.000182593136270
0.000182593429940
0.000182593891789
0.000182594526705
0.000182595339427
0.000182596334588
0.000182597516732
0.000182598890262
0.000182600459330
0.000182602227666
0.000182604198363
0.000182606373628
0.000182608754531
0.000182611340773
0.000182614130512
0.000182617120248
0.000182620304810
0.000182623677438
0.000182627229968
0.000182630953109
0.000182634836795
0.000182638870587
0.000182643044106
0.000182647347454
0.000182651771601
0.000182656308722
0.000182660952454
0.000182665698073
0.000182670542582
0.000182675484721
0.000182680524913
0.000182685665155
0.000182690908876
0.000182696260779
0.000182701726683
0.000182707313371
0.000182713028440
0.000182718880175
0.000182724877408
0.000182731029373
0.000182737345538
0.000182743835400
0.000182750508239
0.000182757372823
0.000182764437083
0.000182771707741
0.000182779189948
0.000182786886924
0.000182794799648
0.000182802926615
0.000182811263701
0.000182819804146
0.000182828538673
0.000182837455750
0.000182846541986
0.000182855782645
0.000182865162245
0.000182874665222
0.000182884276600
0.000182893982648
0.000182903771460
0.000182913633451
0.000182923561722
0.000182933552292
0.000182943604185
0.000182953719375
0.000182963902609
0.000182974161126
0.000182984504296
0.000182994943202
0.000183005490206
0.000183016158495
0.000183026961652
0.000183037913241
0.000183049026429
0.000183060313626
0.000183071786161
0.000183083453974
0.000183095325328
0.000183107406539
0.000183119701729
0.000183132212603
0.000183144938267
0.000183157875115
0.000183171016775
0.000183184354164
0.000183197875642
0.000183211567293
0.000183225413320
0.000183239396561
0.000183253499094
0.000183267702929
0.000183281990717
0.000183296346480
0.000183310756279
0.000183325208806
0.000183339695855
0.000183354212638
0.000183368757930
0.000183383334042
0.000183397946615
0.000183412604261
0.000183427318070
0.000183442101031
0.000183456967385
0.000183471931970
0.000183487009585
0.000183502214405
0.000183517559478
0.000183533056311
0.000183548714563
0.000183564541838
0.000183580543565
0.000183596722966
0.000183613081081
0.000183629616847
0.000183646327218
0.000183663207304
0.000183680250543
0.000183697448890
0.000183714793033
0.000183732272645
0.000183749876660
0.000183767593599
0.000183785411923
0.000183803320421
0.000183821308612
0.000183839367144
0.000183857488174
0.000183875665687
0.000183893895742
0.000183912176620
0.000183930508843
0.000183948895063
0.000183967339820
0.000183985849172
0.000184004430222
0.000184023090568
0.000184041837720
0.000184060678510
0.000184079618558
0.000184098661816
0.000184117810237
0.000184137063579
0.000184156419375
0.000184175873056
0.000184195418218
0.000184215047022
0.000184234750682
0.000184254520012
0.000184274346000
0.000184294220350
0.000184314135991
0.000184334087489
0.000184354071373
0.000184374086346
0.000184394133389
0.000184414215757
0.000184434338879
0.000184454510178
0.000184474738823
0.000184495035431
0.000184515411726
0.000184535880161
0.000184556453523
0.000184577144502
0.000184597965247
0.000184618926889
0.000184640039059
0.000184661309389
0.000184682743020
0.000184704342137
0.000184726105546
0.000184748028338
0.000184770101654
0.000184792312591
0.000184814644271
0.000184837076102
0.000184859584227
0.000184882142168
0.000184904721651
0.000184927293578
0.000184949829117
0.000184972300842
0.000184994683886
0.000185016957034
0.000185039103704
0.000185061112758
0.000185082979106
0.000185104704061
0.000185126295438
