0.000181528515766
0.000181506938951
0.000181485251277
0.000181463445540
0.000181441520399
0.000181419480583
0.000181397336843
0.000181375105617
0.000181352808451
0.000181330471167
0.000181308122844
0.000181285794647
0.000181263518570
0.000181241326163
0.000181219247302
0.000181197309057
0.000181175534732
0.000181153943082
0.000181132547775
0.000181111357066
0.000181090373725
0.000181069595160
0.000181049013748
0.000181028617312
0.000181008389725
0.000180988311604
0.000180968361044
0.000180948514390
0.000180928747004
0.000180909034013
0.000180889351035
0.000180869674872
0.000180849984165
0.000180830260000
0.000180810486473
0.000180790651194
0.000180770745709
0.000180750765850
0.000180730711958
0.000180710588986
0.000180690406446
0.000180670178193
0.000180649922037
0.000180629659177
0.000180609413477
0.000180589210606
0.000180569077068
0.000180549039182
0.000180529122042
0.000180509348535
0.000180489738445
0.000180470307718
0.000180451067909
0.000180432025853
0.000180413183560
0.000180394538357
0.000180376083234
0.000180357807388
0.000180339696911
0.000180321735583
0.000180303905714
0.000180286188990
0.000180268567271
0.000180251023311
0.000180233541366
0.000180216107678
0.000180198710823
0.000180181341936
0.000180163994820
0.000180146665950
0.000180129354413
0.000180112061770
0.000180094791894
0.000180077550769
0.000180060346258
0.000180043187865
0.000180026086455
0.000180009053955
0.000179992103008
0.000179975246595
0.000179958497614
0.000179941868423
0.000179925370364
0.000179909013294
0.000179892805131
0.000179876751462
0.000179860855238
0.000179845116581
0.000179829532735
0.000179814098168
0.000179798804836
0.000179783642606
0.000179768599806
0.000179753663889
0.000179738822158
0.000179724062511
0.000179709374163
0.000179694748289
0.000179680178547
0.000179665661455
0.000179651196595
0.000179636786632
0.000179622437159
0.000179608156385
0.000179593954687
0.000179579844071
0.000179565837577
0.000179551948670
0.000179538190649
0.000179524576121
0.000179511116547
0.000179497821879
0.000179484700296
0.000179471758032
0.000179458999289
0.000179446426203
0.000179434038877
0.000179421835432
0.000179409812089
0.000179397963260
0.000179386281660
0.000179374758427
0.000179363383279
0.000179352144709
0.000179341030226
0.000179330026668
0.000179319120574
0.000179308298624
0.000179297548134
0.000179286857589
0.000179276217182
0.000179265619335
0.000179255059161
0.000179244534835
0.000179234047836
0.000179223603043
0.000179213208664
0.000179202875988
0.000179192618985
0.000179182453755
0.000179172397867
0.000179162469633
0.000179152687346
0.000179143068548
0.000179133629351
0.000179124383867
0.000179115343759
0.000179106517944
0.000179097912443
0.000179089530377
0.000179081372086
0.000179073435353
0.000179065715701
0.000179058206730
0.000179050900465
0.000179043787697
0.000179036858286
0.000179030101437
0.000179023505924
0.000179017060291
0.000179010753026
0.000179004572725
0.000178998508272
0.000178992549030
0.000178986685064
0.000178980907391
0.000178975208256
0.000178969581403
0.000178964022354
0.000178958528636
0.000178953099958
0.000178947738302
0.000178942447917
0.000178937235200
0.000178932108464
0.000178927077605
0.000178922153677
0.000178917348417
0.000178912673734
0.000178908141207
0.000178903761636
0.000178899544657
0.000178895498464
0.000178891629645
0.000178887943138
0.000178884442300
0.000178881129076
0.000178878004236
0.000178875067655
0.000178872318598
0.000178869755985
0.000178867378596
0.000178865185214
0.000178863174671
0.000178861345825
0.000178859697451
0.000178858228085
0.000178856935830
0.000178855818170
0.000178854871799
0.000178854092512
0.000178853475159
0.000178853013696
0.000178852701301
0.000178852530591
0.000178852493879
0.000178852583487
0.000178852792063
0.000178853112884
0.000178853540118
0.000178854069030
0.000178854696109
0.000178855419114
0.000178856237054
0.000178857150094
0.000178858159428
0.000178859267119
0.000178860475947
0.000178861789274
0.000178863210950
0.000178864745265
0.000178866396949
0.000178868171211
0.000178870073807
0.000178872111112
0.000178874290172
0.000178876618712
0.000178879105083
0.000178881758124
0.000178884586942
0.000178887600602
0.000178890807754
0.000178894216198
0.000178897832445
0.000178901661280
0.000178905705387
0.000178909965054
0.000178914437999
0.000178919119326
0.000178924001633
0.000178929075258
0.000178934328657
0.000178939748890
0.000178945322173
0.000178951034471
0.000178956872082
0.000178962822183
0.000178968873298
0.000178975015672
0.000178981241523
0.000178987545194
0.000178993923174
0.000179000374041
0.000179006898316
0.000179013498276
0.000179020177732
0.000179026941804
0.000179033796712
0.000179040749578
0.000179047808262
0.000179054981212
0.000179062277325
0.000179069705802
0.000179077275990
0.000179084997186
0.000179092878408
0.000179100928122
0.000179109153929
0.000179117562240
0.000179126157938
0.000179134944071
0.000179143921600
0.000179153089220
0.000179162443301
0.000179171977941
0.000179181685163
0.000179191555241
0.000179201577144
0.000179211739082
0.000179222029101
0.000179232435714
0.000179242948501
0.000179253558646
0.000179264259372
0.000179275046245
0.000179285917324
0.000179296873153
0.000179307916594
0.000179319052529
0.000179330287450
0.000179341628971
0.000179353085304
0.000179364664743
0.000179376375172
0.000179388223651
0.000179400216077
0.000179412356953
0.000179424649244
0.000179437094329
0.000179449692031
0.000179462440704
0.000179475337353
0.000179488377781
0.000179501556739
0.000179514868074
0.000179528304866
0.000179541859572
0.000179555524164
0.000179569290291
0.000179583149472
0.000179597093325
0.000179611113843
0.000179625203715
0.000179639356688
0.000179653567942
0.000179667834467
0.000179682155409
0.000179696532346
0.000179710969472
0.000179725473649
0.000179740054318
0.000179754723247
0.000179769494118
0.000179784381973
0.000179799402532
0.000179814571431
0.000179829903418
0.000179845411555
0.000179861106485
0.000179876995801
0.000179893083565
0.000179909370002
0.000179925851389
0.000179942520143
0.000179959365091
0.000179976371915
0.000179993523728
0.000180010801743
0.000180028186003
0.000180045656123
0.000180063192012
0.000180080774545
0.000180098386155
0.000180116011348
0.000180133637110
0.000180151253235
0.000180168852561
0.000180186431126
0.000180203988262
0.000180221526616
0.000180239052120
0.000180256573895
0.000180274104085
0.000180291657618
0.000180309251877
0.000180326906274
0.000180344641727
0.000180362480026
0.000180380443115
0.000180398552293
0.000180416827369
0.000180435285806
0.000180453941899
0.000180472806029
0.000180491884044
0.000180511176815
0.000180530679993
0.000180550384005
0.000180570274288
0.000180590331773
0.000180610533579
0.000180630853908
0.000180651265074
0.000180671738626
0.000180692246495
0.000180712762113
0.000180733261438
0.000180753723850
0.000180774132869
0.000180794476667
0.000180814748379
0.000180834946191
0.000180855073245
0.000180875137352
0.000180895150564
0.000180915128632
0.000180935090367
0.000180955056955
0.000180975051221
0.000180995096898
0.000181015217873
0.000181035437460
0.000181055777681
0.000181076258566
0.000181096897498
0.000181117708590
0.000181138702123
0.000181159884071
0.000181181255717
0.000181202813410
0.000181224548469
