0.000178420583588
0.000178398844165
0.000178377292754
0.000178355926078
0.000178334736123
0.000178313710801
0.000178292834779
0.000178272090448
0.000178251458963
0.000178230921302
0.000178210459284
0.000178190056483
0.000178169698986
0.000178149375966
0.000178129080027
0.000178108807327
0.000178088557471
0.000178068333202
0.000178048139924
0.000178027985089
0.000178007877513
0.000177987826651
0.000177967841903
0.000177947931963
0.000177928104269
0.000177908364570
0.000177888716604
0.000177869161918
0.000177849699794
0.000177830327286
0.000177811039340
0.000177791828981
0.000177772687543
0.000177753604947
0.000177734569989
0.000177715570658
0.000177696594477
0.000177677628863
0.000177658661523
0.000177639680883
0.000177620676546
0.000177601639791
0.000177582564075
0.000177563445541
0.000177544283499
0.000177525080837
0.000177505844349
0.000177486584923
0.000177467317576
0.000177448061297
0.000177428838693
0.000177409675435
0.000177390599509
0.000177371640304
0.000177352827577
0.000177334190335
0.000177315755701
0.000177297547820
0.000177279586863
0.000177261888180
0.000177244461663
0.000177227311325
0.000177210435135
0.000177193825102
0.000177177467592
0.000177161343867
0.000177145430785
0.000177129701649
0.000177114127127
0.000177098676225
0.000177083317244
0.000177068018714
0.000177052750251
0.000177037483338
0.000177022192009
0.000177006853437
0.000176991448435
0.000176975961864
0.000176960382960
0.000176944705591
0.000176928928430
0.000176913055049
0.000176897093929
0.000176881058367
0.000176864966260
0.000176848839777
0.000176832704875
0.000176816590688
0.000176800528766
0.000176784552193
0.000176768694609
0.000176752989152
0.000176737467391
0.000176722158275
0.000176707087159
0.000176692274959
0.000176677737477
0.000176663484942
0.000176649521771
0.000176635846594
0.000176622452502
0.000176609327529
0.000176596455320
0.000176583815940
0.000176571386793
0.000176559143569
0.000176547061191
0.000176535114708
0.000176523280084
0.000176511534876
0.000176499858762
0.000176488233936
0.000176476645356
0.000176465080879
0.000176453531296
0.000176441990283
0.000176430454310
0.000176418922514
0.000176407396553
0.000176395880461
0.000176384380485
0.000176372904921
0.000176361463922
0.000176350069278
0.000176338734149
0.000176327472745
0.000176316299954
0.000176305230906
0.000176294280512
0.000176283462960
0.000176272791233
0.000176262276643
0.000176251928445
0.000176241753529
0.000176231756250
0.000176221938382
0.000176212299226
0.000176202835861
0.000176193543515
0.000176184416050
0.000176175446504
0.000176166627662
0.000176157952615
0.000176149415253
0.000176141010669
0.000176132735436
0.000176124587747
0.000176116567407
0.000176108675692
0.000176100915083
0.000176093288922
0.000176085801005
0.000176078455160
0.000176071254860
0.000176064202871
0.000176057301003
0.000176050549939
0.000176043949181
0.000176037497088
0.000176031191001
0.000176025027425
0.000176019002254
0.000176013111004
0.000176007349025
0.000176001711681
0.000175996194485
0.000175990793170
0.000175985503716
0.000175980322337
0.000175975245442
0.000175970269595
0.000175965391495
0.000175960607997
0.000175955916171
0.000175951313437
0.000175946797734
0.000175942367751
0.000175938023169
0.000175933764908
0.000175929595346
0.000175925518476
0.000175921539983
0.000175917667215
0.000175913909040
0.000175910275586
0.000175906777878
0.000175903427389
0.000175900235534
0.000175897213146
0.000175894369974
0.000175891714231
0.000175889252239
0.000175886988189
0.000175884924038
0.000175883059535
0.000175881392387
0.000175879918531
0.000175878632498
0.000175877527815
0.000175876597431
0.000175875834121
0.000175875230823
0.000175874780914
0.000175874478379
0.000175874317885
0.000175874294767
0.000175874404933
0.000175874644716
0.000175875010704
0.000175875499571
0.000175876107934
0.000175876832264
0.000175877668865
0.000175878613918
0.000175879663591
0.000175880814208
0.000175882062446
0.000175883405544
0.000175884841494
0.000175886369195
0.000175887988548
0.000175889700476
0.000175891506873
0.000175893410480
0.000175895414705
0.000175897523411
0.000175899740690
0.000175902070652
0.000175904517262
0.000175907084232
0.000175909774996
0.000175912592760
0.000175915540628
0.000175918621787
0.000175921839727
0.000175925198466
0.000175928702752
0.000175932358198
0.000175936171341
0.000175940149585
0.000175944301037
0.000175948634216
0.000175953157670
0.000175957879507
0.000175962806878
0.000175967945462
0.000175973298968
0.000175978868729
0.000175984653386
0.000175990648721
0.000175996847631
0.000176003240263
0.000176009814291
0.000176016555324
0.000176023447414
0.000176030473623
0.000176037616627
0.000176044859300
0.000176052185267
0.000176059579386
0.000176067028140
0.000176074519942
0.000176082045353
0.000176089597206
0.000176097170674
0.000176104763280
0.000176112374885
0.000176120007651
0.000176127666008
0.000176135356608
0.000176143088293
0.000176150872029
0.000176158720826
0.000176166649602
0.000176174674984
0.000176182815019
0.000176191088803
0.000176199515993
0.000176208116247
0.000176216908576
0.000176225910652
0.000176235138104
0.000176244603845
0.000176254317458
0.000176264284714
0.000176274507224
0.000176284982281
0.000176295702893
0.000176306658017
0.000176317832986
0.000176329210101
0.000176340769350
0.000176352489227
0.000176364347575
0.000176376322438
0.000176388392838
0.000176400539470
0.000176412745262
0.000176424995795
0.000176437279561
0.000176449588087
0.000176461915909
0.000176474260451
0.000176486621805
0.000176499002470
0.000176511407046
0.000176523841937
0.000176536315054
0.000176548835532
0.000176561413478
0.000176574059724
0.000176586785581
0.000176599602601
0.000176612522302
0.000176625555886
0.000176638713920
0.000176652005998
0.000176665440395
0.000176679023729
0.000176692760660
0.000176706653646
0.000176720702794
0.000176734905822
0.000176749258149
0.000176763753133
0.000176778382436
0.000176793136525
0.000176808005258
0.000176822978547
0.000176838047027
0.000176853202702
0.000176868439518
0.000176883753810
0.000176899144600
0.000176914613705
0.000176930165665
0.000176945807469
0.000176961548117
0.000176977398035
0.000176993368388
0.000177009470333
0.000177025714274
0.000177042109148
0.000177058661797
0.000177075376469
0.000177092254449
0.000177109293854
0.000177126489584
0.000177143833420
0.000177161314254
0.000177178918423
0.000177196630123
0.000177214431879
0.000177232305043
0.000177250230305
0.000177268188202
0.000177286159620
0.000177304126288
0.000177322071260
0.000177339979396
0.000177357837840
0.000177375636495
0.000177393368485
0.000177411030598
0.000177428623681
0.000177446152973
0.000177463628331
0.000177481064332
0.000177498480209
0.000177515899605
0.000177533350119
0.000177550862642
0.000177568470495
0.000177586208383
0.000177604111204
0.000177622212763
0.000177640544450
0.000177659133940
0.000177678003989
0.000177697171388
0.000177716646129
0.000177736430825
0.000177756520425
0.000177776902224
0.000177797556177
0.000177818455493
0.000177839567473
0.000177860854555
0.000177882275509
0.000177903786725
0.000177925343545
0.000177946901590
0.000177968418021
0.000177989852724
0.000178011169369
0.000178032336341
0.000178053327521
0.000178074122926
0.000178094709192
0.000178115079912
0.000178135235824
