0.000479310480428
0.000479046632853
0.000478791192114
0.000478544247578
0.000478305887602
0.000478076199331
0.000477855268497
0.000477643179224
0.000477440013833
0.000477245852652
0.000477060773827
0.000476884853137
0.000476718163820
0.000476560776388
0.000476412758463
0.000476274174603
0.000476145086145
0.000476025551039
0.000475915623704
0.000475815354870
0.000475724791443
0.000475643976360
0.000475572948464
0.000475511742369
0.000475460388346
0.000475418912205
0.000475387335186
0.000475365673855
0.000475353940008
0.000475352140583
0.000475360277571
0.000475378347939
0.000475406343564
0.000475444251160
0.000475492052226
0.000475549722992
0.000475617234372
0.000475694551931
0.000475781635847
0.000475878440892
0.000475984916408
0.000476101006299
0.000476226649027
0.000476361777610
0.000476506319633
0.000476660197262
0.000476823327266
0.000476995621045
0.000477176984663
0.000477367318889
0.000477566519246
0.000477774476062
0.000477991074528
0.000478216194768
0.000478449711905
0.000478691496139
0.000478941412834
0.000479199322599
0.000479465081386
0.000479738540590
0.000480019547147
0.000480307943651
0.000480603568461
0.000480906255823
0.000481215835993
0.000481532135363
0.000481854976593
0.000482184178749
0.000482519557441
0.000482860924963
0.000483208090448
0.000483560860011
0.000483919036902
0.000484282421670
0.000484650812312
0.000485024004444
0.000485401791457
0.000485783964687
0.000486170313584
0.000486560625880
0.000486954687758
0.000487352284032
0.000487753198312
0.000488157213186
0.000488564110390
0.000488973670990
0.000489385675551
0.000489799904321
0.000490216137401
0.000490634154927
0.000491053737239
0.000491474665062
0.000491896719677
0.000492319683095
0.000492743338226
0.000493167469054
0.000493591860801
0.000494016300095
0.000494440575138
0.000494864475862
0.000495287794094
0.000495710323714
0.000496131860804
0.000496552203806
0.000496971153667
0.000497388513987
0.000497804091160
0.000498217694512
0.000498629136435
0.000499038232523
0.000499444801694
0.000499848666315
0.000500249652323
0.000500647589335
0.000501042310763
0.000501433653918
0.000501821460109
0.000502205574742
0.000502585847413
0.000502962131989
0.000503334286695
0.000503702174188
0.000504065661630
0.000504424620754
0.000504778927924
0.000505128464192
0.000505473115348
0.000505812771967
0.000506147329446
0.000506476688040
0.000506800752893
0.000507119434059
0.000507432646520
0.000507740310202
0.000508042349979
0.000508338695679
0.000508629282078
0.000508914048891
0.000509192940762
0.000509465907240
0.000509732902760
0.000509993886610
0.000510248822897
0.000510497680510
0.000510740433074
0.000510977058902
0.000511207540938
0.000511431866704
0.000511650028232
0.000511862021998
0.000512067848851
0.000512267513935
0.000512461026612
0.000512648400371
0.000512829652749
0.000513004805231
0.000513173883156
0.000513336915622
0.000513493935377
0.000513644978719
0.000513790085381
0.000513929298427
0.000514062664128
0.000514190231852
0.000514312053942
0.000514428185591
0.000514538684722
0.000514643611859
0.000514743030001
0.000514837004490
0.000514925602881
0.000515008894809
0.000515086951855
0.000515159847413
0.000515227656553
0.000515290455884
0.000515348323421
0.000515401338444
0.000515449581364
0.000515493133584
0.000515532077364
0.000515566495684
0.000515596472109
0.000515622090654
0.000515643435649
0.000515660591606
0.000515673643090
0.000515682674586
0.000515687770372
0.000515689014390
0.000515686490124
0.000515680280476
0.000515670467642
0.000515657132999
0.000515640356985
0.000515620218987
0.000515596797232
0.000515570168675
0.000515540408899
0.000515507592012
0.000515471790546
0.000515433075367
0.000515391515580
0.000515347178443
0.000515300129281
0.000515250431408
0.000515198146050
0.000515143332273
0.000515086046913
0.000515026344514
0.000514964277266
0.000514899894953
0.000514833244896
0.000514764371913
0.000514693318270
0.000514620123649
0.000514544825110
0.000514467457065
0.000514388051254
0.000514306636723
0.000514223239811
0.000514137884142
0.000514050590612
0.000513961377399
0.000513870259957
0.000513777251029
0.000513682360661
0.000513585596218
0.000513486962403
0.000513386461293
0.000513284092359
0.000513179852510
0.000513073736130
0.000512965735123
0.000512855838960
0.000512744034736
0.000512630307223
0.000512514638932
0.000512397010182
0.000512277399163
0.000512155782014
0.000512032132895
0.000511906424073
0.000511778626000
0.000511648707402
0.000511516635370
0.000511382375453
0.000511245891755
0.000511107147033
0.000510966102801
0.000510822719431
0.000510676956265
0.000510528771724
0.000510378123414
0.000510224968249
0.000510069262558
0.000509910962208
0.000509750022724
0.000509586399404
0.000509420047446
0.000509250922070
0.000509078978640
0.000508904172792
0.000508726460558
0.000508545798491
0.000508362143793
0.000508175454440
0.000507985689313
0.000507792808317
0.000507596772513
0.000507397544241
0.000507195087246
0.000506989366801
0.000506780349833
0.000506568005039
0.000506352303012
0.000506133216360
0.000505910719820
0.000505684790376
0.000505455407374
0.000505222552631
0.000504986210547
0.000504746368211
0.000504503015505
0.000504256145206
0.000504005753088
0.000503751838013
0.000503494402030
0.000503233450460
0.000502968991985
0.000502701038731
0.000502429606347
0.000502154714082
0.000501876384855
0.000501594645325
0.000501309525956
0.000501021061075
0.000500729288930
0.000500434251739
0.000500135995741
0.000499834571236
0.000499530032628
0.000499222438451
0.000498911851408
0.000498598338389
0.000498281970492
0.000497962823043
0.000497640975599
0.000497316511962
0.000496989520174
0.000496660092513
0.000496328325490
0.000495994319828
0.000495658180450
0.000495320016451
0.000494979941071
0.000494638071664
0.000494294529656
0.000493949440507
0.000493602933661
0.000493255142491
0.000492906204251
0.000492556260003
0.000492205454560
0.000491853936412
0.000491501857651
0.000491149373891
0.000490796644186
0.000490443830942
0.000490091099825
0.000489738619662
0.000489386562346
0.000489035102730
0.000488684418518
0.000488334690158
0.000487986100724
0.000487638835798
0.000487293083353
0.000486949033623
0.000486606878982
0.000486266813810
0.000485929034360
0.000485593738626
0.000485261126204
0.000484931398150
0.000484604756843
0.000484281405835
0.000483961549712
0.000483645393940
0.000483333144724
0.000483025008851
0.000482721193544
0.000482421906308
0.000482127354778
0.000481837746563
0.000481553289099
0.000481274189488
0.000481000654349
0.000480732889661
0.000480471100611
0.000480215491442
0.000479966265299
0.000479723624078
0.000479487768276
0.000479258896839
0.000479037207020
0.000478822894227
0.000478616151878
0.000478417171264
0.000478226141403
0.000478043248901
0.000477868677819
0.000477702609539
0.000477545222630
0.000477396692722
0.000477257192381
0.000477126890985
0.000477005954608
0.000476894545902
0.000476792823989
0.000476700944348
0.000476619058713
0.000476547314975
0.000476485857082
0.000476434824952
0.000476394354378
0.000476364576952
0.000476345619983
0.000476337606423
0.000476340654799
0.000476354879145
0.000476380388947
0.000476417289086
0.000476465679788
0.000476525656580
0.000476597310249
0.000476680726812
0.000476775987481
0.000476883168645
0.000477002341846
0.000477133573773
