0.000474054308728
0.000473808121317
0.000473570542128
0.000473341657874
0.000473121553519
0.000472910312098
0.000472708014535
0.000472514739469
0.000472330563075
0.000472155558902
0.000471989797699
0.000471833347259
0.000471686272259
0.000471548634108
0.000471420490795
0.000471301896749
0.000471192902697
0.000471093555532
0.000471003898180
0.000470923969483
0.000470853804071
0.000470793432259
0.000470742879931
0.000470702168443
0.000470671314529
0.000470650330202
0.000470639222680
0.000470637994303
0.000470646642459
0.000470665159523
0.000470693532793
0.000470731744440
0.000470779771457
0.000470837585621
0.000470905153457
0.000470982436212
0.000471069389827
0.000471165964930
0.000471272106820
0.000471387755466
0.000471512845510
0.000471647306280
0.000471791061800
0.000471944030816
0.000472106126822
0.000472277258097
0.000472457327741
0.000472646233725
0.000472843868941
0.000473050121259
0.000473264873593
0.000473488003968
0.000473719385594
0.000473958886949
0.000474206371860
0.000474461699597
0.000474724724965
0.000474995298409
0.000475273266113
0.000475558470114
0.000475850748416
0.000476149935105
0.000476455860476
0.000476768351157
0.000477087230240
0.000477412317417
0.000477743429115
0.000478080378640
0.000478422976319
0.000478771029649
0.000479124343449
0.000479482720007
0.000479845959243
0.000480213858861
0.000480586214513
0.000480962819957
0.000481343467223
0.000481727946779
0.000482116047694
0.000482507557808
0.000482902263902
0.000483299951863
0.000483700406860
0.000484103413507
0.000484508756040
0.000484916218484
0.000485325584826
0.000485736639181
0.000486149165965
0.000486562950064
0.000486977776997
0.000487393433089
0.000487809705631
0.000488226383049
0.000488643255059
0.000489060112835
0.000489476749164
0.000489892958599
0.000490308537620
0.000490723284778
0.000491137000850
0.000491549488979
0.000491960554822
0.000492370006687
0.000492777655668
0.000493183315783
0.000493586804099
0.000493987940862
0.000494386549613
0.000494782457314
0.000495175494456
0.000495565495171
0.000495952297340
0.000496335742692
0.000496715676902
0.000497091949681
0.000497464414870
0.000497832930517
0.000498197358958
0.000498557566893
0.000498913425450
0.000499264810252
0.000499611601476
0.000499953683904
0.000500290946976
0.000500623284831
0.000500950596344
0.000501272785163
0.000501589759735
0.000501901433329
0.000502207724056
0.000502508554877
0.000502803853617
0.000503093552961
0.000503377590456
0.000503655908501
0.000503928454333
0.000504195180014
0.000504456042400
0.000504711003122
0.000504960028547
0.000505203089743
0.000505440162437
0.000505671226967
0.000505896268230
0.000506115275629
0.000506328243009
0.000506535168595
0.000506736054920
0.000506930908754
0.000507119741028
0.000507302566750
0.000507479404921
0.000507650278446
0.000507815214044
0.000507974242151
0.000508127396818
0.000508274715616
0.000508416239522
0.000508552012820
0.000508682082982
0.000508806500560
0.000508925319067
0.000509038594861
0.000509146387023
0.000509248757234
0.000509345769653
0.000509437490789
0.000509523989373
0.000509605336232
0.000509681604155
0.000509752867764
0.000509819203381
0.000509880688897
0.000509937403636
0.000509989428220
0.000510036844440
0.000510079735118
0.000510118183972
0.000510152275486
0.000510182094773
0.000510207727443
0.000510229259472
0.000510246777070
0.000510260366551
0.000510270114202
0.000510276106161
0.000510278428283
0.000510277166021
0.000510272404302
0.000510264227408
0.000510252718852
0.000510237961269
0.000510220036295
0.000510199024461
0.000510175005082
0.000510148056150
0.000510118254233
0.000510085674372
0.000510050389986
0.000510012472781
0.000509971992652
0.000509929017603
0.000509883613661
0.000509835844796
0.000509785772843
0.000509733457437
0.000509678955934
0.000509622323357
0.000509563612328
0.000509502873016
0.000509440153084
0.000509375497642
0.000509308949200
0.000509240547635
0.000509170330149
0.000509098331246
0.000509024582700
0.000508949113537
0.000508871950018
0.000508793115623
0.000508712631048
0.000508630514199
0.000508546780191
0.000508461441360
0.000508374507264
0.000508285984706
0.000508195877747
0.000508104187732
0.000508010913319
0.000507916050509
0.000507819592679
0.000507721530633
0.000507621852634
0.000507520544463
0.000507417589467
0.000507312968618
0.000507206660571
0.000507098641732
0.000506988886327
0.000506877366470
0.000506764052243
0.000506648911773
0.000506531911314
0.000506413015337
0.000506292186613
0.000506169386311
0.000506044574088
0.000505917708190
0.000505788745553
0.000505657641903
0.000505524351865
0.000505388829067
0.000505251026255
0.000505110895401
0.000504968387817
0.000504823454275
0.000504676045119
0.000504526110387
0.000504373599928
0.000504218463530
0.000504060651032
0.000503900112455
0.000503736798125
0.000503570658792
0.000503401645762
0.000503229711014
0.000503054807332
0.000502876888427
0.000502695909060
0.000502511825170
0.000502324593994
0.000502134174192
0.000501940525968
0.000501743611194
0.000501543393525
0.000501339838522
0.000501132913767
0.000500922588977
0.000500708836124
0.000500491629537
0.000500270946021
0.000500046764960
0.000499819068420
0.000499587841257
0.000499353071215
0.000499114749020
0.000498872868481
0.000498627426575
0.000498378423540
0.000498125862956
0.000497869751831
0.000497610100677
0.000497346923585
0.000497080238297
0.000496810066271
0.000496536432747
0.000496259366807
0.000495978901427
0.000495695073532
0.000495407924040
0.000495117497910
0.000494823844174
0.000494527015977
0.000494227070605
0.000493924069507
0.000493618078321
0.000493309166888
0.000492997409264
0.000492682883725
0.000492365672772
0.000492045863129
0.000491723545732
0.000491398815722
0.000491071772427
0.000490742519338
0.000490411164089
0.000490077818420
0.000489742598147
0.000489405623119
0.000489067017178
0.000488726908102
0.000488385427560
0.000488042711051
0.000487698897837
0.000487354130886
0.000487008556791
0.000486662325702
0.000486315591241
0.000485968510423
0.000485621243566
0.000485273954199
0.000484926808970
0.000484579977541
0.000484233632493
0.000483887949213
0.000483543105788
0.000483199282890
0.000482856663663
0.000482515433600
0.000482175780423
0.000481837893958
0.000481501966006
0.000481168190216
0.000480836761947
0.000480507878139
0.000480181737173
0.000479858538730
0.000479538483657
0.000479221773815
0.000478908611944
0.000478599201512
0.000478293746573
0.000477992451613
0.000477695521408
0.000477403160872
0.000477115574908
0.000476832968256
0.000476555545346
0.000476283510145
0.000476017066008
0.000475756415529
0.000475501760388
0.000475253301208
0.000475011237400
0.000474775767023
0.000474547086632
0.000474325391137
0.000474110873658
0.000473903725385
0.000473704135437
0.000473512290725
0.000473328375813
0.000473152572791
0.000472985061136
0.000472826017590
0.000472675616030
0.000472534027348
0.000472401419326
0.000472277956526
0.000472163800171
0.000472059108036
0.000471964034341
0.000471878729651
0.000471803340770
0.000471738010654
0.000471682878313
0.000471638078724
0.000471603742752
0.000471579997068
0.000471566964075
0.000471564761837
0.000471573504016
0.000471593299811
0.000471624253898
0.000471666466383
0.000471720032755
0.000471785043843
0.000471861585779
0.000471949739968
0.000472049583064
