0.000195059117883
0.000195035129883
0.000195010757884
0.000194986020322
0.000194960945097
0.000194935568492
0.000194909933894
0.000194884090362
0.000194858091112
0.000194831991951
0.000194805849738
0.000194779720893
0.000194753660002
0.000194727718546
0.000194701943778
0.000194676377761
0.000194651056576
0.000194626009709
0.000194601259619
0.000194576821487
0.000194552703138
0.000194528905133
0.000194505421037
0.000194482237833
0.000194459336480
0.000194436692600
0.000194414277274
0.000194392057914
0.000194369999196
0.000194348064021
0.000194326214469
0.000194304412725
0.000194282621949
0.000194260807063
0.000194238935449
0.000194216977531
0.000194194907260
0.000194172702484
0.000194150345221
0.000194127821847
0.000194105123210
0.000194082244678
0.000194059186147
0.000194035952006
0.000194012551057
0.000193988996414
0.000193965305345
0.000193941499069
0.000193917602492
0.000193893643869
0.000193869654382
0.000193845667629
0.000193821719030
0.000193797845141
0.000193774082900
0.000193750468818
0.000193727038135
0.000193703823974
0.000193680856516
0.000193658162222
0.000193635763144
0.000193613676329
0.000193591913345
0.000193570479948
0.000193549375889
0.000193528594868
0.000193508124639
0.000193487947258
0.000193468039467
0.000193448373211
0.000193428916275
0.000193409633029
0.000193390485279
0.000193371433198
0.000193352436335
0.000193333454669
0.000193314449702
0.000193295385551
0.000193276230012
0.000193256955568
0.000193237540300
0.000193217968655
0.000193198232063
0.000193178329338
0.000193158266865
0.000193138058545
0.000193117725491
0.000193097295489
0.000193076802228
0.000193056284333
0.000193035784237
0.000193015346931
0.000192995018640
0.000192974845473
0.000192954872102
0.000192935140506
0.000192915688819
0.000192896550325
0.000192877752615
0.000192859316927
0.000192841257683
0.000192823582221
0.000192806290731
0.000192789376372
0.000192772825590
0.000192756618591
0.000192740729987
0.000192725129580
0.000192709783271
0.000192694654079
0.000192679703225
0.000192664891286
0.000192650179351
0.000192635530172
0.000192620909255
0.000192606285869
0.000192591633921
0.000192576932684
0.000192562167332
0.000192547329278
0.000192532416297
0.000192517432433
0.000192502387706
0.000192487297630
0.000192472182571
0.000192457066980
0.000192441978539
0.000192426947247
0.000192412004499
0.000192397182176
0.000192382511793
0.000192368023702
0.000192353746391
0.000192339705879
0.000192325925206
0.000192312424025
0.000192299218300
0.000192286320089
0.000192273737423
0.000192261474276
0.000192249530612
0.000192237902521
0.000192226582437
0.000192215559432
0.000192204819589
0.000192194346448
0.000192184121506
0.000192174124771
0.000192164335349
0.000192154732037
0.000192145293917
0.000192136000915
0.000192126834311
0.000192117777185
0.000192108814779
0.000192099934773
0.000192091127467
0.000192082385877
0.000192073705748
0.000192065085500
0.000192056526117
0.000192048030993
0.000192039605760
0.000192031258084
0.000192022997467
0.000192014835033
0.000192006783311
0.000191998856014
0.000191991067792
0.000191983433974
0.000191975970284
0.000191968692523
0.000191961616231
0.000191954756326
0.000191948126735
0.000191941740021
0.000191935607042
0.000191929736635
0.000191924135365
0.000191918807338
0.000191913754104
0.000191908974642
0.000191904465440
0.000191900220661
0.000191896232379
0.000191892490891
0.000191888985059
0.000191885702693
0.000191882630936
0.000191879756651
0.000191877066785
0.000191874548711
0.000191872190538
0.000191869981382
0.000191867911606
0.000191865973031
0.000191864159107
0.000191862465056
0.000191860887979
0.000191859426932
0.000191858082954
0.000191856859043
0.000191855760087
0.000191854792722
0.000191853965131
0.000191853286777
0.000191852768077
0.000191852420025
0.000191852253778
0.000191852280230
0.000191852509590
0.000191852950985
0.000191853612120
0.000191854499008
0.000191855615778
0.000191856964591
0.000191858545644
0.000191860357276
0.000191862396150
0.000191864657510
0.000191867135486
0.000191869823420
0.000191872714212
0.000191875800639
0.000191879075660
0.000191882532669
0.000191886165715
0.000191889969661
0.000191893940310
0.000191898074474
0.000191902370016
0.000191906825860
0.000191911441972
0.000191916219320
0.000191921159807
0.000191926266193
0.000191931541983
0.000191936991287
0.000191942618663
0.000191948428922
0.000191954426911
0.000191960617281
0.000191967004241
0.000191973591322
0.000191980381158
0.000191987375293
0.000191994574056
0.000192001976474
0.000192009580272
0.000192017381939
0.000192025376860
0.000192033559517
0.000192041923736
0.000192050462962
0.000192059170550
0.000192068040048
0.000192077065448
0.000192086241400
0.000192095563376
0.000192105027765
0.000192114631924
0.000192124374168
0.000192134253718
0.000192144270624
0.000192154425669
0.000192164720266
0.000192175156371
0.000192185736400
0.000192196463174
0.000192207339878
0.000192218370031
0.000192229557466
0.000192240906308
0.000192252420937
0.000192264105940
0.000192275966038
0.000192288005983
0.000192300230445
0.000192312643871
0.000192325250340
0.000192338053416
0.000192351056016
0.000192364260284
0.000192377667499
0.000192391278004
0.000192405091163
0.000192419105345
0.000192433317919
0.000192447725270
0.000192462322809
0.000192477104995
0.000192492065345
0.000192507196444
0.000192522489959
0.000192537936659
0.000192553526459
0.000192569248495
0.000192585091242
0.000192601042692
0.000192617090592
0.000192633222742
0.000192649427363
0.000192665693501
0.000192682011479
0.000192698373345
0.000192714773319
0.000192731208186
0.000192747677627
0.000192764184457
0.000192780734750
0.000192797337833
0.000192814006153
0.000192830755015
0.000192847602191
0.000192864567422
0.000192881671833
0.000192898937277
0.000192916385638
0.000192934038114
0.000192951914503
0.000192970032513
0.000192988407116
0.000193007049965
0.000193025968880
0.000193045167431
0.000193064644613
0.000193084394645
0.000193104406880
0.000193124665867
0.000193145151546
0.000193165839597
0.000193186701945
0.000193207707417
0.000193228822538
0.000193250012453
0.000193271241951
0.000193292476556
0.000193313683654
0.000193334833598
0.000193355900758
0.000193376864470
0.000193397709826
0.000193418428287
0.000193439018070
0.000193459484307
0.000193479838948
0.000193500100431
0.000193520293114
0.000193540446510
0.000193560594336
0.000193580773437
0.000193601022607
0.000193621381364
0.000193641888709
0.000193662581916
0.000193683495385
0.000193704659591
0.000193726100158
0.000193747837070
0.000193769884052
0.000193792248127
0.000193814929356
0.000193837920781
0.000193861208561
0.000193884772313
0.000193908585645
0.000193932616873
0.000193956829908
0.000193981185282
0.000194005641294
0.000194030155231
0.000194054684626
0.000194079188501
0.000194103628570
0.000194127970326
0.000194152183993
0.000194176245307
0.000194200136087
0.000194223844584
0.000194247365615
0.000194270700468
0.000194293856601
0.000194316847170
0.000194339690396
0.000194362408825
0.000194385028503
0.000194407578115
0.000194430088107
0.000194452589834
0.000194475114737
0.000194497693592
0.000194520355815
0.000194543128851
0.000194566037639
0.000194589104153
0.000194612347028
0.000194635781262
0.000194659417990
0.000194683264348
0.000194707323402
0.000194731594165
