0.000454683108033
0.000454550154622
0.000454426390857
0.000454311866702
0.000454206628727
0.000454110719997
0.000454024179956
0.000453947044332
0.000453879345031
0.000453821110044
0.000453772363355
0.000453733124856
0.000453703410263
0.000453683231039
0.000453672594327
0.000453671502876
0.000453679954980
0.000453697944424
0.000453725460428
0.000453762487602
0.000453809005901
0.000453864990591
0.000453930412215
0.000454005236564
0.000454089424662
0.000454182932740
0.000454285712235
0.000454397709776
0.000454518867184
0.000454649121480
0.000454788404891
0.000454936644867
0.000455093764096
0.000455259680533
0.000455434307428
0.000455617553357
0.000455809322270
0.000456009513524
0.000456218021942
0.000456434737860
0.000456659547188
0.000456892331473
0.000457132967966
0.000457381329693
0.000457637285534
0.000457900700300
0.000458171434819
0.000458449346025
0.000458734287051
0.000459026107322
0.000459324652660
0.000459629765384
0.000459941284420
0.000460259045407
0.000460582880817
0.000460912620067
0.000461248089640
0.000461589113209
0.000461935511764
0.000462287103733
0.000462643705123
0.000463005129642
0.000463371188842
0.000463741692253
0.000464116447521
0.000464495260551
0.000464877935647
0.000465264275656
0.000465654082112
0.000466047155387
0.000466443294830
0.000466842298922
0.000467243965419
0.000467648091505
0.000468054473939
0.000468462909204
0.000468873193661
0.000469285123690
0.000469698495849
0.000470113107016
0.000470528754540
0.000470945236386
0.000471362351287
0.000471779898884
0.000472197679872
0.000472615496147
0.000473033150943
0.000473450448973
0.000473867196572
0.000474283201827
0.000474698274719
0.000475112227247
0.000475524873567
0.000475936030115
0.000476345515734
0.000476753151796
0.000477158762324
0.000477562174108
0.000477963216819
0.000478361723123
0.000478757528785
0.000479150472780
0.000479540397388
0.000479927148296
0.000480310574695
0.000480690529363
0.000481066868762
0.000481439453116
0.000481808146490
0.000482172816870
0.000482533336232
0.000482889580610
0.000483241430161
0.000483588769223
0.000483931486373
0.000484269474473
0.000484602630725
0.000484930856704
0.000485254058406
0.000485572146273
0.000485885035231
0.000486192644707
0.000486494898655
0.000486791725573
0.000487083058510
0.000487368835079
0.000487648997456
0.000487923492381
0.000488192271152
0.000488455289615
0.000488712508149
0.000488963891649
0.000489209409502
0.000489449035561
0.000489682748111
0.000489910529838
0.000490132367786
0.000490348253316
0.000490558182057
0.000490762153856
0.000490960172720
0.000491152246764
0.000491338388139
0.000491518612974
0.000491692941302
0.000491861396988
0.000492024007654
0.000492180804596
0.000492331822705
0.000492477100378
0.000492616679431
0.000492750605008
0.000492878925483
0.000493001692366
0.000493118960204
0.000493230786476
0.000493337231493
0.000493438358285
0.000493534232499
0.000493624922286
0.000493710498187
0.000493791033022
0.000493866601774
0.000493937281470
0.000494003151063
0.000494064291317
0.000494120784679
0.000494172715167
0.000494220168239
0.000494263230677
0.000494301990458
0.000494336536636
0.000494366959215
0.000494393349027
0.000494415797604
0.000494434397061
0.000494449239967
0.000494460419224
0.000494468027946
0.000494472159335
0.000494472906562
0.000494470362648
0.000494464620340
0.000494455772002
0.000494443909492
0.000494429124049
0.000494411506181
0.000494391145554
0.000494368130881
0.000494342549814
0.000494314488840
0.000494284033177
0.000494251266674
0.000494216271710
0.000494179129098
0.000494139917994
0.000494098715803
0.000494055598095
0.000494010638512
0.000493963908694
0.000493915478195
0.000493865414409
0.000493813782493
0.000493760645305
0.000493706063327
0.000493650094613
0.000493592794722
0.000493534216664
0.000493474410850
0.000493413425040
0.000493351304299
0.000493288090958
0.000493223824574
0.000493158541895
0.000493092276836
0.000493025060445
0.000492956920889
0.000492887883429
0.000492817970411
0.000492747201253
0.000492675592437
0.000492603157513
0.000492529907094
0.000492455848863
0.000492380987586
0.000492305325122
0.000492228860441
0.000492151589645
0.000492073505993
0.000491994599933
0.000491914859127
0.000491834268498
0.000491752810260
0.000491670463967
0.000491587206561
0.000491503012420
0.000491417853414
0.000491331698962
0.000491244516095
0.000491156269518
0.000491066921680
0.000490976432843
0.000490884761157
0.000490791862737
0.000490697691742
0.000490602200458
0.000490505339385
0.000490407057321
0.000490307301456
0.000490206017463
0.000490103149597
0.000489998640785
0.000489892432734
0.000489784466026
0.000489674680224
0.000489563013980
0.000489449405136
0.000489333790837
0.000489216107639
0.000489096291619
0.000488974278492
0.000488850003717
0.000488723402618
0.000488594410496
0.000488462962744
0.000488328994965
0.000488192443086
0.000488053243481
0.000487911333080
0.000487766649492
0.000487619131120
0.000487468717277
0.000487315348305
0.000487158965688
0.000486999512169
0.000486836931864
0.000486671170378
0.000486502174912
0.000486329894380
0.000486154279518
0.000485975282991
0.000485792859504
0.000485606965902
0.000485417561282
0.000485224607088
0.000485028067214
0.000484827908105
0.000484624098846
0.000484416611265
0.000484205420015
0.000483990502668
0.000483771839801
0.000483549415079
0.000483323215332
0.000483093230639
0.000482859454397
0.000482621883397
0.000482380517888
0.000482135361648
0.000481886422038
0.000481633710070
0.000481377240452
0.000481117031648
0.000480853105921
0.000480585489379
0.000480314212013
0.000480039307738
0.000479760814423
0.000479478773919
0.000479193232087
0.000478904238818
0.000478611848050
0.000478316117781
0.000478017110077
0.000477714891082
0.000477409531013
0.000477101104160
0.000476789688880
0.000476475367584
0.000476158226722
0.000475838356764
0.000475515852177
0.000475190811397
0.000474863336798
0.000474533534657
0.000474201515113
0.000473867392124
0.000473531283423
0.000473193310461
0.000472853598358
0.000472512275839
0.000472169475176
0.000471825332117
0.000471479985822
0.000471133578783
0.000470786256754
0.000470438168665
0.000470089466541
0.000469740305417
0.000469390843241
0.000469041240791
0.000468691661571
0.000468342271712
0.000467993239876
0.000467644737146
0.000467296936920
0.000466950014802
0.000466604148490
0.000466259517659
0.000465916303848
0.000465574690339
0.000465234862035
0.000464897005340
0.000464561308033
0.000464227959142
0.000463897148819
0.000463569068207
0.000463243909313
0.000462921864878
0.000462603128239
0.000462287893204
0.000461976353913
0.000461668704704
0.000461365139982
0.000461065854080
0.000460771041127
0.000460480894911
0.000460195608745
0.000459915375330
0.000459640386626
0.000459370833711
0.000459106906655
0.000458848794380
0.000458596684537
0.000458350763368
0.000458111215582
0.000457878224224
0.000457651970550
0.000457432633902
0.000457220391586
0.000457015418747
0.000456817888255
0.000456627970582
0.000456445833693
0.000456271642929
0.000456105560896
0.000455947747364
0.000455798359152
0.000455657550037
0.000455525470643
0.000455402268356
0.000455288087221
0.000455183067857
0.000455087347373
0.000455001059276
0.000454924333399
0.000454857295823
0.000454800068798
0.000454752770685
0.000454715515879
0.000454688414758
