0.001861987479946
0.001866350594459
0.001870326727109
0.001873862608645
0.001876909027468
0.001879421457633
0.001881360644665
0.001882693141979
0.001883391791156
0.001883436139822
0.001882812791491
0.001881515682393
0.001879546281050
0.001876913707137
0.001873634767022
0.001869733904252
0.001865243064147
0.001860201472629
0.001854655330325
0.001848657423956
0.001842266657947
0.001835547510113
0.001828569416179
0.001821406088736
0.001814134777023
0.001806835474704
0.001799590083452
0.001792481540769
0.001785592920994
0.001779006518875
0.001772802925405
0.001767060105876
0.001761852490221
0.001757250085734
0.001753317622185
0.001750113739135
0.001747690224968
0.001746091316734
0.001745353069393
0.001745502802428
0.001746558631097
0.001748529088783
0.001751412846050
0.001755198531032
0.001759864654812
0.001765379644337
0.001771701984345
0.001778780468633
0.001786554559823
0.001794954855641
0.001803903658543
0.001813315644397
0.001823098624798
0.001833154396543
0.001843379670755
0.001853667073203
0.001863906206470
0.001873984763871
0.001883789684256
0.001893208336314
0.001902129720462
0.001910445676055
0.001918052081411
0.001924850034035
0.001930746998435
0.001935657909058
0.001939506216184
0.001942224862990
0.001943757182545
0.001944057704157
0.001943092859260
0.001940841577927
0.001937295768072
0.001932460670500
0.001926355084125
0.001919011456918
0.001910475839465
0.001900807699332
0.001890079595868
0.001878376716441
0.001865796276547
0.001852446787629
0.001838447197821
0.001823925912213
0.001809019700485
0.001793872501055
0.001778634131979
0.001763458919971
0.001748504259835
0.001733929117493
0.001719892490477
0.001706551840421
0.001694061512494
0.001682571157065
0.001672224169061
0.001663156160488
0.001655493481457
0.001649351804769
0.001644834788661
0.001642032831745
0.001641021933422
0.001641862672168
0.001644599313125
0.001649259055253
0.001655851427088
0.001664367838818
0.001674781296928
0.001687046286195
0.001701098822234
0.001716856676191
0.001734219771536
0.001753070751264
0.001773275712158
0.001794685101139
0.001817134767131
0.001840447160320
0.001864432669219
0.001888891084549
0.001913613177645
0.001938382379899
0.001962976548707
0.001987169804425
0.002010734422065
0.002033442760806
0.002055069213934
0.002075392161499
0.002094195907809
0.002111272585950
0.002126424011664
0.002139463469325
0.002150217413255
0.002158527068334
0.002164249914710
0.002167261042416
0.002167454362841
0.002164743665275
0.002159063508157
0.002150369936116
0.002138641015521
0.002123877182886
0.002106101402207
0.002085359129085
0.002061718081264
0.002035267817003
0.002006119124517
0.001974403227454
0.001940270813120
0.001903890891793
0.001865449497081
0.001825148238734
0.001783202720726
0.001739840838668
0.001695300971758
0.001649830085432
0.001603681761737
0.001557114175094
0.001510388031631
0.001463764490584
0.001417503086423
0.001371859670309
0.001327084389321
0.001283419721463
0.001241098583940
0.001200342531468
0.001161360060481
0.001124345034102
0.001089475241554
0.001056911104388
0.001026794540509
0.000999247995446
0.000974373648743
0.000952252801623
0.000932945450424
0.000916490048477
0.000902903457361
0.000892181086670
0.000884297219659
0.000879205520410
0.000876839716464
0.000877114449276
0.000879926283267
0.000885154862867
0.000892664205573
0.000902304117863
0.000913911719732
0.000927313062712
0.000942324825429
0.000958756070197
0.000976410043643
0.000995086004149
0.001014581058738
0.001034691992128
0.001055217070924
0.001075957806294
0.001096720659063
0.001117318671873
0.001137573013921
0.001157314424788
0.001176384545012
0.001194637122280
0.001211939083469
0.001228171464204
0.001243230189065
0.001257026697165
0.001269488409391
0.001280559035214
0.001290198718603
0.001298384024185
0.001305107766343
0.001310378685544
0.001314220977584
0.001316673682910
0.001317789944457
0.001317636143656
0.001316290925371
0.001313844123518
0.001310395599928
0.001306054009759
0.001300935507297
0.001295162406394
0.001288861810066
0.001282164223839
0.001275202167406
0.001268108798931
0.001261016565974
0.001254055896522
0.001247353942960
0.001241033391046
0.001235211345066
0.001229998299341
0.001225497205170
0.001221802641098
0.001219000093151
0.001217165350367
0.001216364019610
0.001216651162248
0.001218071053915
0.001220657067161
0.001224431675455
0.001229406575640
0.001235582924670
0.001242951685233
0.001251494073723
0.001261182102924
0.001271979210874
0.001283840966453
0.001296715841546
0.001310546039015
0.001325268365220
0.001340815135483
0.001357115100710
0.001374094383283
0.001391677410422
0.001409787833438
0.001428349421614
0.001447286919955
0.001466526860618
0.001485998318573
0.001505633602828
0.001525368875517
0.001545144692095
0.001564906457009
0.001584604790319
0.001604195801938
0.001623641271365
0.001642908732046
0.001661971460701
0.001680808373211
0.001699403829851
0.001717747353834
0.001735833268209
0.001753660257263
0.001771230859472
0.001788550900005
0.001805628871499
0.001822475272541
0.001839101913823
0.001855521202396
0.001871745414709
0.001887785969359
0.001903652710439
0.001919353212346
0.001934892116635
0.001950270511159
0.001965485361250
0.001980529002076
0.001995388700591
0.002010046294650
0.002024477915941
0.002038653802358
0.002052538204349
0.002066089388610
0.002079259741295
0.002091995971658
0.002104239415781
0.002115926438775
0.002126988932560
0.002137354905098
0.002146949155738
0.002155694030188
0.002163510247508
0.002170317790555
0.002176036850322
0.002180588813849
0.002183897284638
0.002185889123922
0.002186495500675
0.002185652937926
0.002183304342742
0.002179400007210
0.002173898567824
0.002166767910958
0.002157986012465
0.002147541699969
0.002135435327103
0.002121679349695
0.002106298794864
0.002089331614971
0.002070828919519
0.002050855079323
0.002029487698534
0.002006817451511
0.001982947782903
0.001957994470780
0.001932085054124
0.001905358127434
0.001877962506701
0.001850056272427
0.001821805696746
0.001793384063065
0.001764970387884
0.001736748055640
0.001708903378498
0.001681624093964
0.001655097814045
0.001629510440383
0.001605044560343
0.001581877839472
0.001560181425975
0.001540118382969
0.001521842164222
0.001505495148833
0.001491207249949
0.001479094612052
0.001469258410666
0.001461783767466
0.001456738792812
0.001454173766588
0.001454120466995
0.001456591655605
0.001461580725531
0.001469061518051
0.001478988311413
0.001491295983934
0.001505900351803
0.001522698680312
0.001541570365553
0.001562377781912
0.001584967289091
0.001609170390744
0.001634805035325
0.001661677048279
0.001689581683379
0.001718305279751
0.001747627010049
0.001777320704250
0.001807156732720
0.001836903931530
0.001866331552495
0.001895211220074
0.001923318877111
0.001950436701384
0.001976354975155
0.002000873890248
0.002023805271722
0.002044974203922
0.002064220543536
0.002081400305313
0.002096386907255
0.002109072263380
0.002119367713563
0.002127204781494
0.002132535753374
0.002135334071668
0.002135594539976
0.002133333336856
0.002128587838241
0.002121416249921
0.002111897053340
0.002100128269736
0.002086226549401
0.002070326094460
0.002052577425181
0.002033146001301
0.002012210711219
0.001989962243186
0.001966601353695
0.001942337049273
0.001917384698683
0.001891964093163
0.001866297472835
