0.000255811084771
0.000255832055674
0.000255852378407
0.000255872064708
0.000255891124547
0.000255909565847
0.000255927394306
0.000255944613328
0.000255961224073
0.000255977225610
0.000255992615177
0.000256007388529
0.000256021540360
0.000256035064771
0.000256047955775
0.000256060207802
0.000256071816181
0.000256082777586
0.000256093090413
0.000256102755078
0.000256111774215
0.000256120152770
0.000256127897995
0.000256135019318
0.000256141528125
0.000256147437445
0.000256152761564
0.000256157515579
0.000256161714925
0.000256165374880
0.000256168510093
0.000256171134145
0.000256173259158
0.000256174895493
0.000256176051522
0.000256176733506
0.000256176945580
0.000256176689835
0.000256175966503
0.000256174774233
0.000256173110440
0.000256170971714
0.000256168354267
0.000256165254398
0.000256161668950
0.000256157595738
0.000256153033934
0.000256147984379
0.000256142449819
0.000256136435043
0.000256129946931
0.000256122994396
0.000256115588233
0.000256107740878
0.000256099466095
0.000256090778599
0.000256081693640
0.000256072226565
0.000256062392377
0.000256052205326
0.000256041678524
0.000256030823636
0.000256019650632
0.000256008167629
0.000255996380822
0.000255984294514
0.000255971911227
0.000255959231910
0.000255946256212
0.000255932982820
0.000255919409841
0.000255905535205
0.000255891357074
0.000255876874239
0.000255862086480
0.000255846994876
0.000255831602046
0.000255815912322
0.000255799931827
0.000255783668474
0.000255767131875
0.000255750333170
0.000255733284786
0.000255716000133
0.000255698493256
0.000255680778466
0.000255662869957
0.000255644781431
0.000255626525757
0.000255608114671
0.000255589558529
0.000255570866140
0.000255552044665
0.000255533099602
0.000255514034847
0.000255494852836
0.000255475554750
0.000255456140779
0.000255436610432
0.000255416962871
0.000255397197257
0.000255377313094
0.000255357310546
0.000255337190722
0.000255316955902
0.000255296609711
0.000255276157217
0.000255255604964
0.000255234960924
0.000255214234382
0.000255193435763
0.000255172576396
0.000255151668244
0.000255130723602
0.000255109754782
0.000255088773806
0.000255067792106
0.000255046820268
0.000255025867813
0.000255004943029
0.000254984052871
0.000254963202923
0.000254942397422
0.000254921639354
0.000254900930594
0.000254880272111
0.000254859664201
0.000254839106748
0.000254818599503
0.000254798142359
0.000254777735612
0.000254757380192
0.000254737077865
0.000254716831379
0.000254696644563
0.000254676522362
0.000254656470824
0.000254636497020
0.000254616608921
0.000254596815230
0.000254577125171
0.000254557548268
0.000254538094096
0.000254518772049
0.000254499591104
0.000254480559617
0.000254461685154
0.000254442974349
0.000254424432825
0.000254406065155
0.000254387874873
0.000254369864538
0.000254352035838
0.000254334389732
0.000254316926626
0.000254299646568
0.000254282549445
0.000254265635191
0.000254248903979
0.000254232356394
0.000254215993574
0.000254199817321
0.000254183830171
0.000254168035418
0.000254152437103
0.000254137039956
0.000254121849301
0.000254106870937
0.000254092110986
0.000254077575733
0.000254063271454
0.000254049204250
0.000254035379887
0.000254021803660
0.000254008480280
0.000253995413788
0.000253982607508
0.000253970064034
0.000253957785250
0.000253945772384
0.000253934026094
0.000253922546574
0.000253911333675
0.000253900387045
0.000253889706263
0.000253879290971
0.000253869140997
0.000253859256452
0.000253849637814
0.000253840285975
0.000253831202270
0.000253822388464
0.000253813846723
0.000253805579553
0.000253797589716
0.000253789880138
0.000253782453796
0.000253775313611
0.000253768462341
0.000253761902476
0.000253755636157
0.000253749665111
0.000253743990602
0.000253738613419
0.000253733533874
0.000253728751838
0.000253724266787
0.000253720077879
0.000253716184029
0.000253712584007
0.000253709276529
0.000253706260353
0.000253703534356
0.000253701097608
0.000253698949420
0.000253697089376
0.000253695517339
0.000253694233438
0.000253693238029
0.000253692531637
0.000253692114884
0.000253691988402
0.000253692152744
0.000253692608288
0.000253693355153
0.000253694393121
0.000253695721573
0.000253697339451
0.000253699245237
0.000253701436952
0.000253703912195
0.000253706668185
0.000253709701836
0.000253713009849
0.000253716588804
0.000253720435276
0.000253724545929
0.000253728917626
0.000253733547505
0.000253738433057
0.000253743572163
0.000253748963121
0.000253754604633
0.000253760495772
0.000253766635919
0.000253773024675
0.000253779661758
0.000253786546876
0.000253793679605
0.000253801059256
0.000253808684752
0.000253816554520
0.000253824666398
0.000253833017575
0.000253841604555
0.000253850423157
0.000253859468545
0.000253868735295
0.000253878217494
0.000253887908856
0.000253897802874
0.000253907892967
0.000253918172648
0.000253928635678
0.000253939276219
0.000253950088953
0.000253961069188
0.000253972212924
0.000253983516879
0.000253994978482
0.000254006595821
0.000254018367550
0.000254030292769
0.000254042370863
0.000254054601332
0.000254066983593
0.000254079516792
0.000254092199614
0.000254105030109
0.000254118005546
0.000254131122304
0.000254144375791
0.000254157760425
0.000254171269646
0.000254184895990
0.000254198631196
0.000254212466361
0.000254226392128
0.000254240398897
0.000254254477053
0.000254268617191
0.000254282810347
0.000254297048193
0.000254311323215
0.000254325628845
0.000254339959546
0.000254354310850
0.000254368679338
0.000254383062559
0.000254397458909
0.000254411867456
0.000254426287723
0.000254440719449
0.000254455162333
0.000254469615763
0.000254484078567
0.000254498548777
0.000254513023431
0.000254527498414
0.000254541968361
0.000254556426608
0.000254570865214
0.000254585275039
0.000254599645890
0.000254613966708
0.000254628225810
0.000254642411162
0.000254656510670
0.000254670512480
0.000254684405270
0.000254698178517
0.000254711822731
0.000254725329637
0.000254738692301
0.000254751905192
0.000254764964172
0.000254777866420
0.000254790610283
0.000254803195078
0.000254815620827
0.000254827887969
0.000254839997038
0.000254851948329
0.000254863741580
0.000254875375670
0.000254886848352
0.000254898156050
0.000254909293700
0.000254920254678
0.000254931030796
0.000254941612372
0.000254951988380
0.000254962146662
0.000254972074204
0.000254981757449
0.000254991182651
0.000255000336230
0.000255009205137
0.000255017777183
0.000255026041344
0.000255033988001
0.000255041609122
0.000255048898365
0.000255055851104
0.000255062464366
0.000255068736692
0.000255074667923
0.000255080258918
0.000255085511221
0.000255090426697
0.000255095007139
0.000255099253887
0.000255103167458
0.000255106747215
0.000255109991094
0.000255112895394
0.000255115454648
0.000255117661580
0.000255119507149
0.000255120980682
0.000255122070089
0.000255122762148
0.000255123042853
0.000255122897798
0.000255122312589
0.000255121273262
0.000255119766682
0.000255117780906
0.000255115305493
0.000255112331750
0.000255108852889
0.000255104864096
0.000255100362516
0.000255095347129
0.000255089818548
0.000255083778738
0.000255077230665
0.000255070177898
0.000255062624182
0.000255054572995
0.000255046027129
0.000255036988292
0.000255027456764
0.000255017431132
0.000255006908089
0.000254995882345
0.000254984346625
0.000254972291762
0.000254959706898
0.000254946579758
0.000254932897002
