0.000167464888215
0.000167450203633
0.000167435295672
0.000167420119281
0.000167404636374
0.000167388815869
0.000167372633558
0.000167356071864
0.000167339119506
0.000167321771119
0.000167304026860
0.000167285892049
0.000167267376848
0.000167248496010
0.000167229268694
0.000167209718352
0.000167189872657
0.000167169763466
0.000167149426781
0.000167128902672
0.000167108235146
0.000167087471913
0.000167066664039
0.000167045865470
0.000167025132414
0.000167004522582
0.000166984094322
0.000166963905633
0.000166944013124
0.000166924470933
0.000166905329643
0.000166886635246
0.000166868428179
0.000166850742461
0.000166833604972
0.000166817034867
0.000166801043157
0.000166785632439
0.000166770796788
0.000166756521788
0.000166742784701
0.000166729554752
0.000166716793528
0.000166704455467
0.000166692488454
0.000166680834492
0.000166669430481
0.000166658209077
0.000166647099663
0.000166636029419
0.000166624924496
0.000166613711292
0.000166602317821
0.000166590675152
0.000166578718895
0.000166566390700
0.000166553639723
0.000166540424016
0.000166526711778
0.000166512482432
0.000166497727461
0.000166482450964
0.000166466669899
0.000166450413986
0.000166433725258
0.000166416657263
0.000166399273941
0.000166381648199
0.000166363860237
0.000166345995680
0.000166328143567
0.000166310394273
0.000166292837433
0.000166275559913
0.000166258643901
0.000166242165158
0.000166226191472
0.000166210781334
0.000166195982869
0.000166181833015
0.000166168356952
0.000166155567794
0.000166143466497
0.000166132042009
0.000166121271614
0.000166111121484
0.000166101547407
0.000166092495684
0.000166083904200
0.000166075703643
0.000166067818863
0.000166060170369
0.000166052675941
0.000166045252329
0.000166037817021
0.000166030290040
0.000166022595728
0.000166014664470
0.000166006434304
0.000165997852383
0.000165988876205
0.000165979474601
0.000165969628415
0.000165959330865
0.000165948587558
0.000165937416158
0.000165925845723
0.000165913915730
0.000165901674828
0.000165889179374
0.000165876491792
0.000165863678840
0.000165850809829
0.000165837954866
0.000165825183173
0.000165812561534
0.000165800152904
0.000165788015214
0.000165776200382
0.000165764753541
0.000165753712473
0.000165743107246
0.000165732960023
0.000165723285040
0.000165714088710
0.000165705369860
0.000165697120055
0.000165689324019
0.000165681960132
0.000165675001001
0.000165668414110
0.000165662162533
0.000165656205723
0.000165650500373
0.000165645001332
0.000165639662582
0.000165634438239
0.000165629283575
0.000165624156026
0.000165619016149
0.000165613828501
0.000165608562409
0.000165603192591
0.000165597699605
0.000165592070109
0.000165586296919
0.000165580378861
0.000165574320429
0.000165568131276
0.000165561825551
0.000165555421138
0.000165548938821
0.000165542401432
0.000165535833015
0.000165529258054
0.000165522700783
0.000165516184618
0.000165509731714
0.000165503362651
0.000165497096256
0.000165490949523
0.000165484937634
0.000165479074038
0.000165473370573
0.000165467837591
0.000165462484073
0.000165457317715
0.000165452344961
0.000165447570999
0.000165442999708
0.000165438633568
0.000165434473559
0.000165430519058
0.000165426767762
0.000165423215647
0.000165419856997
0.000165416684494
0.000165413689391
0.000165410861751
0.000165408190758
0.000165405665066
0.000165403273182
0.000165401003846
0.000165398846391
0.000165396791049
0.000165394829202
0.000165392953544
0.000165391158152
0.000165389438477
0.000165387791248
0.000165386214312
0.000165384706429
0.000165383267038
0.000165381896032
0.000165380593556
0.000165379359842
0.000165378195120
0.000165377099582
0.000165376073424
0.000165375116945
0.000165374230700
0.000165373415666
0.000165372673428
0.000165372006332
0.000165371417590
0.000165370911323
0.000165370492518
0.000165370166892
0.000165369940672
0.000165369820286
0.000165369812003
0.000165369921521
0.000165370153562
0.000165370511479
0.000165370996924
0.000165371609601
0.000165372347129
0.000165373205020
0.000165374176806
0.000165375254280
0.000165376427864
0.000165377687073
0.000165379021051
0.000165380419147
0.000165381871491
0.000165383369547
0.000165384906598
0.000165386478151
0.000165388082230
0.000165389719551
0.000165391393578
0.000165393110464
0.000165394878885
0.000165396709793
0.000165398616099
0.000165400612318
0.000165402714191
0.000165404938308
0.000165407301730
0.000165409821646
0.000165412515041
0.000165415398380
0.000165418487317
0.000165421796391
0.000165425338728
0.000165429125717
0.000165433166670
0.000165437468455
0.000165442035119
0.000165446867496
0.000165451962831
0.000165457314446
0.000165462911458
0.000165468738598
0.000165474776149
0.000165481000030
0.000165487382052
0.000165493890348
0.000165500489992
0.000165507143782
0.000165513813187
0.000165520459415
0.000165527044564
0.000165533532811
0.000165539891600
0.000165546092757
0.000165552113505
0.000165557937313
0.000165563554570
0.000165568963028
0.000165574168028
0.000165579182475
0.000165584026599
0.000165588727494
0.000165593318476
0.000165597838285
0.000165602330160
0.000165606840833
0.000165611419474
0.000165616116603
0.000165620983021
0.000165626068751
0.000165631422037
0.000165637088375
0.000165643109619
0.000165649523134
0.000165656361024
0.000165663649417
0.000165671407839
0.000165679648656
0.000165688376626
0.000165697588560
0.000165707273113
0.000165717410738
0.000165727973812
0.000165738926949
0.000165750227529
0.000165761826433
0.000165773668985
0.000165785696095
0.000165797845569
0.000165810053560
0.000165822256117
0.000165834390774
0.000165846398137
0.000165858223404
0.000165869817759
0.000165881139605
0.000165892155571
0.000165902841279
0.000165913181832
0.000165923172030
0.000165932816303
0.000165942128385
0.000165951130746
0.000165959853834
0.000165968335147
0.000165976618189
0.000165984751350
0.000165992786754
0.000166000779104
0.000166008784559
0.000166016859656
0.000166025060306
0.000166033440856
0.000166042053231
0.000166050946145
0.000166060164387
0.000166069748173
0.000166079732556
0.000166090146911
0.000166101014482
0.000166112352009
0.000166124169439
0.000166136469749
0.000166149248873
0.000166162495772
0.000166176192639
0.000166190315253
0.000166204833490
0.000166219711969
0.000166234910833
0.000166250386634
0.000166266093299
0.000166281983131
0.000166298007830
0.000166314119470
0.000166330271412
0.000166346419112
0.000166362520810
0.000166378538067
0.000166394436155
0.000166410184305
0.000166425755812
0.000166441128032
0.000166456282289
0.000166471203734
0.000166485881170
0.000166500306900
0.000166514476595
0.000166528389232
0.000166542047090
0.000166555455819
0.000166568624574
0.000166581566194
0.000166594297412
0.000166606839054
0.000166619216211
0.000166631458338
0.000166643599259
0.000166655677055
0.000166667733807
0.000166679815191
0.000166691969934
0.000166704249115
0.000166716705354
0.000166729391893
0.000166742361610
0.000166755665992
0.000166769354092
0.000166783471514
0.000166798059439
0.000166813153722
0.000166828784074
0.000166844973340
0.000166861736879
0.000166879082054
0.000166897007824
0.000166915504446
0.000166934553286
0.000166954126734
0.000166974188247
0.000166994692498
0.000167015585687
0.000167036805983
0.000167058284151
0.000167079944357
0.000167101705174
0.000167123480792
0.000167145182437
0.000167166719987
