0.000214088482758
0.000214064650491
0.000214041083752
0.000214017751705
0.000213994613932
0.000213971621859
0.000213948720425
0.000213925849931
0.000213902948010
0.000213879951660
0.000213856799260
0.000213833432513
0.000213809798254
0.000213785850065
0.000213761549645
0.000213736867907
0.000213711785760
0.000213686294572
0.000213660396301
0.000213634103297
0.000213607437804
0.000213580431169
0.000213553122812
0.000213525558973
0.000213497791309
0.000213469875352
0.000213441868913
0.000213413830454
0.000213385817480
0.000213357885003
0.000213330084111
0.000213302460672
0.000213275054220
0.000213247897034
0.000213221013432
0.000213194419301
0.000213168121867
0.000213142119694
0.000213116402931
0.000213090953776
0.000213065747140
0.000213040751504
0.000213015929934
0.000212991241213
0.000212966641085
0.000212942083544
0.000212917522165
0.000212892911422
0.000212868207965
0.000212843371836
0.000212818367576
0.000212793165215
0.000212767741114
0.000212742078635
0.000212716168635
0.000212690009758
0.000212663608527
0.000212636979223
0.000212610143557
0.000212583130141
0.000212555973762
0.000212528714479
0.000212501396572
0.000212474067351
0.000212446775878
0.000212419571622
0.000212392503096
0.000212365616508
0.000212338954472
0.000212312554823
0.000212286449558
0.000212260663958
0.000212235215900
0.000212210115392
0.000212185364343
0.000212160956580
0.000212136878101
0.000212113107574
0.000212089617050
0.000212066372889
0.000212043336846
0.000212020467311
0.000211997720647
0.000211975052591
0.000211952419679
0.000211929780640
0.000211907097726
0.000211884337928
0.000211861474037
0.000211838485524
0.000211815359194
0.000211792089614
0.000211768679273
0.000211745138500
0.000211721485116
0.000211697743858
0.000211673945576
0.000211650126247
0.000211626325837
0.000211602587052
0.000211578954019
0.000211555470949
0.000211532180820
0.000211509124124
0.000211486337722
0.000211463853831
0.000211441699185
0.000211419894379
0.000211398453420
0.000211377383491
0.000211356684931
0.000211336351428
0.000211316370404
0.000211296723596
0.000211277387785
0.000211258335670
0.000211239536840
0.000211220958822
0.000211202568166
0.000211184331524
0.000211166216709
0.000211148193677
0.000211130235422
0.000211112318749
0.000211094424900
0.000211076540038
0.000211058655554
0.000211040768218
0.000211022880154
0.000211004998671
0.000210987135942
0.000210969308553
0.000210951536953
0.000210933844798
0.000210916258244
0.000210898805179
0.000210881514439
0.000210864415017
0.000210847535290
0.000210830902279
0.000210814540965
0.000210798473674
0.000210782719549
0.000210767294115
0.000210752208957
0.000210737471506
0.000210723084954
0.000210709048282
0.000210695356408
0.000210682000453
0.000210668968101
0.000210656244058
0.000210643810579
0.000210631648063
0.000210619735682
0.000210608052030
0.000210596575782
0.000210585286331
0.000210574164393
0.000210563192565
0.000210552355818
0.000210541641913
0.000210531041736
0.000210520549534
0.000210510163052
0.000210499883572
0.000210489715838
0.000210479667889
0.000210469750781
0.000210459978234
0.000210450366185
0.000210440932283
0.000210431695330
0.000210422674698
0.000210413889722
0.000210405359113
0.000210397100397
0.000210389129407
0.000210381459834
0.000210374102868
0.000210367066929
0.000210360357498
0.000210353977050
0.000210347925088
0.000210342198281
0.000210336790685
0.000210331694043
0.000210326898152
0.000210322391283
0.000210318160628
0.000210314192773
0.000210310474176
0.000210306991621
0.000210303732656
0.000210300685987
0.000210297841818
0.000210295192126
0.000210292730868
0.000210290454115
0.000210288360093
0.000210286449156
0.000210284723680
0.000210283187878
0.000210281847567
0.000210280709867
0.000210279782882
0.000210279075344
0.000210278596257
0.000210278354550
0.000210278358747
0.000210278616679
0.000210279135231
0.000210279920149
0.000210280975893
0.000210282305557
0.000210283910835
0.000210285792049
0.000210287948218
0.000210290377172
0.000210293075702
0.000210296039742
0.000210299264559
0.000210302744976
0.000210306475588
0.000210310450982
0.000210314665954
0.000210319115704
0.000210323796019
0.000210328703426
0.000210333835309
0.000210339190000
0.000210344766813
0.000210350566055
0.000210356588976
0.000210362837690
0.000210369315049
0.000210376024491
0.000210382969860
0.000210390155197
0.000210397584537
0.000210405261687
0.000210413190021
0.000210421372287
0.000210429810427
0.000210438505432
0.000210447457222
0.000210456664569
0.000210466125047
0.000210475835034
0.000210485789746
0.000210495983320
0.000210506408937
0.000210517058987
0.000210527925275
0.000210538999260
0.000210550272324
0.000210561736065
0.000210573382608
0.000210585204908
0.000210597197054
0.000210609354543
0.000210621674524
0.000210634155987
0.000210646799892
0.000210659609231
0.000210672589009
0.000210685746141
0.000210699089276
0.000210712628529
0.000210726375158
0.000210740341163
0.000210754538848
0.000210768980348
0.000210783677132
0.000210798639515
0.000210813876186
0.000210829393771
0.000210845196455
0.000210861285664
0.000210877659844
0.000210894314321
0.000210911241280
0.000210928429843
0.000210945866265
0.000210963534244
0.000210981415331
0.000210999489441
0.000211017735441
0.000211036131798
0.000211054657277
0.000211073291635
0.000211092016325
0.000211110815140
0.000211129674802
0.000211148585455
0.000211167541050
0.000211186539594
0.000211205583259
0.000211224678347
0.000211243835106
0.000211263067396
0.000211282392235
0.000211301829220
0.000211321399862
0.000211341126841
0.000211361033219
0.000211381141635
0.000211401473499
0.000211422048234
0.000211442882563
0.000211463989888
0.000211485379768
0.000211507057521
0.000211529023953
0.000211551275240
0.000211573802947
0.000211596594206
0.000211619632028
0.000211642895749
0.000211666361594
0.000211690003341
0.000211713793058
0.000211737701891
0.000211761700877
0.000211785761753
0.000211809857744
0.000211833964283
0.000211858059675
0.000211882125656
0.000211906147853
0.000211930116126
0.000211954024787
0.000211977872696
0.000212001663239
0.000212025404174
0.000212049107381
0.000212072788493
0.000212096466443
0.000212120162926
0.000212143901781
0.000212167708333
0.000212191608676
0.000212215628939
0.000212239794539
0.000212264129437
0.000212288655424
0.000212313391447
0.000212338352992
0.000212363551548
0.000212388994160
0.000212414683090
0.000212440615594
0.000212466783821
0.000212493174855
0.000212519770876
0.000212546549467
0.000212573484048
0.000212600544432
0.000212627697496
0.000212654907957
0.000212682139230
0.000212709354352
0.000212736516959
0.000212763592273
0.000212790548093
0.000212817355749
0.000212843990990
0.000212870434781
0.000212896673970
0.000212922701813
0.000212948518311
0.000212974130352
0.000212999551651
0.000213024802454
0.000213049909032
0.000213074902960
0.000213099820205
0.000213124700029
0.000213149583766
0.000213174513489
0.000213199530616
0.000213224674502
0.000213249981067
0.000213275481500
0.000213301201086
0.000213327158208
0.000213353363548
0.000213379819519
0.000213406519969
0.000213433450144
0.000213460586942
0.000213487899442
0.000213515349699
0.000213542893781
0.000213570483025
0.000213598065463
0.000213625587383
0.000213652994961
0.000213680235925
0.000213707261179
0.000213734026337
