0.001929023731742
0.001923489793443
0.001918423749329
0.001913904723495
0.001910005124097
0.001906789534026
0.001904313697656
0.001902623618963
0.001901754784932
0.001901731526610
0.001902566528358
0.001904260493948
0.001906801976070
0.001910167373610
0.001914321098795
0.001919215913984
0.001924793435510
0.001930984799654
0.001937711483523
0.001944886271394
0.001952414354935
0.001960194553766
0.001968120640966
0.001976082756535
0.001983968890371
0.001991666415173
0.001999063648734
0.002006051424449
0.002012524648488
0.002018383822002
0.002023536506943
0.002027898714601
0.002031396196744
0.002033965620339
0.002035555608201
0.002036127629501
0.002035656725944
0.002034132061469
0.002031557285592
0.002027950702914
0.002023345243873
0.002017788234447
0.002011340965223
0.002004078062980
0.001996086670636
0.001987465444102
0.001978323377154
0.001968778467912
0.001958956242836
0.001948988156249
0.001939009885352
0.001929159542317
0.001919575826462
0.001910396140627
0.001901754696629
0.001893780635175
0.001886596185744
0.001880314891724
0.001875039925578
0.001870862517911
0.001867860523119
0.001866097142763
0.001865619825994
0.001866459364262
0.001868629195174
0.001872124927787
0.001876924098868
0.001882986166688
0.001890252745898
0.001898648083865
0.001908079775692
0.001918439711952
0.001929605250024
0.001941440596867
0.001953798388130
0.001966521445720
0.001979444693381
0.001992397207510
0.002005204378338
0.002017690154897
0.002029679345682
0.002040999945871
0.002051485461236
0.002060977198491
0.002069326491897
0.002076396836364
0.002082065898081
0.002086227374936
0.002088792680532
0.002089692427539
0.002088877688372
0.002086321013746
0.002082017192508
0.002075983739204
0.002068261099166
0.002058912564315
0.002048023896497
0.002035702658785
0.002022077258917
0.002007295712670
0.001991524138631
0.001974944999303
0.001957755106876
0.001940163415117
0.001922388621798
0.001904656608711
0.001887197748647
0.001870244110734
0.001854026597132
0.001838772045300
0.001824700330892
0.001812021506692
0.001800933012947
0.001791616993997
0.001784237755134
0.001778939392293
0.001775843625409
0.001775047864097
0.001776623531807
0.001780614671700
0.001787036854341
0.001795876403826
0.001807089955308
0.001820604352988
0.001836316893651
0.001854095916734
0.001873781737762
0.001895187917870
0.001918102858069
0.001942291702944
0.001967498534703
0.001993448834892
0.002019852187762
0.002046405196247
0.002072794578798
0.002098700412975
0.002123799489791
0.002147768741239
0.002170288702397
0.002191046968884
0.002209741610269
0.002226084500384
0.002239804526259
0.002250650638653
0.002258394708841
0.002262834158443
0.002263794331574
0.002261130581517
0.002254730047315
0.002244513099207
0.002230434435619
0.002212483818403
0.002190686437157
0.002165102897739
0.002135828834387
0.002102994149210
0.002066761887081
0.002027326758162
0.001984913324345
0.001939773869716
0.001892185978777
0.001842449849490
0.001790885371177
0.001737828999981
0.001683630466819
0.001628649354606
0.001573251582901
0.001517805839089
0.001462679995671
0.001408237553235
0.001354834148248
0.001302814163856
0.001252507480527
0.001204226401583
0.001158262786458
0.001114885421927
0.001074337658671
0.001036835337271
0.001002565024255
0.000971682575112
0.000944312037272
0.000920544902061
0.000900439710523
0.000884022013887
0.000871284685359
0.000862188575876
0.000856663502582
0.000854609555000
0.000855898700395
0.000860376666530
0.000867865077011
0.000878163811812
0.000891053563223
0.000906298555568
0.000923649395523
0.000942846018739
0.000963620697821
0.000985701076447
0.001008813194604
0.001032684470505
0.001057046605767
0.001081638381850
0.001106208317486
0.001130517159010
0.001154340177880
0.001177469252419
0.001199714713762
0.001220906939151
0.001240897679033
0.001259561107872
0.001276794592074
0.001292519171977
0.001306679758370
0.001319245047461
0.001330207161551
0.001339581025908
0.001347403495300
0.001353732246495
0.001358644455526
0.001362235280809
0.001364616175139
0.001365913051201
0.001366264326514
0.001365818874637
0.001364733910040
0.001363172834194
0.001361303070318
0.001359293913645
0.001357314423255
0.001355531380299
0.001354107335985
0.001353198770911
0.001352954385345
0.001353513537794
0.001355004846834
0.001357544968582
0.001361237559564
0.001366172431955
0.001372424905444
0.001380055357191
0.001389108968631
0.001399615665258
0.001411590242998
0.001425032672425
0.001439928569869
0.001456249822527
0.001473955352907
0.001492992006480
0.001513295545173
0.001534791728433
0.001557397462906
0.001581022001479
0.001605568172352
0.001630933619041
0.001657012032785
0.001683694359555
0.001710869964971
0.001738427741674
0.001766257145218
0.001794249146192
0.001822297088141
0.001850297442798
0.001878150456167
0.001905760681147
0.001933037394471
0.001959894897889
0.001986252705606
0.002012035621964
0.002037173715301
0.002061602195654
0.002085261205593
0.002108095534895
0.002130054270968
0.002151090397932
0.002171160358003
0.002190223589316
0.002208242054581
0.002225179774916
0.002241002382935
0.002255676708627
0.002269170410789
0.002281451665750
0.002292488923905
0.002302250743156
0.002310705706762
0.002317822431364
0.002323569669079
0.002327916505641
0.002330832654537
0.002332288845085
0.002332257300367
0.002330712298981
0.002327630812653
0.002322993209994
0.002316784014987
0.002308992707368
0.002299614550700
0.002288651432907
0.002276112703174
0.002262015988521
0.002246387973035
0.002229265122680
0.002210694338858
0.002190733524349
0.002169452046088
0.002146931080264
0.002123263826532
0.002098555579694
0.002072923648975
0.002046497116993
0.002019416432680
0.001991832834695
0.001963907604301
0.001935811149145
0.001907721921933
0.001879825180540
0.001852311598600
0.001825375738083
0.001799214397719
0.001774024853347
0.001750003008304
0.001727341473808
0.001706227600920
0.001686841486987
0.001669353980549
0.001653924709458
0.001640700157386
0.001629811814010
0.001621374423944
0.001615484358898
0.001612218136643
0.001611631109113
0.001613756340403
0.001618603693551
0.001626159142815
0.001636384325762
0.001649216346781
0.001664567840814
0.001682327303023
0.001702359686990
0.001724507270758
0.001748590786736
0.001774410808162
0.001801749381564
0.001830371891427
0.001860029140225
0.001890459624034
0.001921391981258
0.001952547589487
0.001983643283343
0.002014394164245
0.002044516471485
0.002073730482793
0.002101763411750
0.002128352268971
0.002153246653959
0.002176211444898
0.002197029354450
0.002215503320796
0.002231458704749
0.002244745265704
0.002255238891521
0.002262843060043
0.002267490012899
0.002269141625448
0.002267789960124
0.002263457494071
0.002256197015709
0.002246091188713
0.002233251785801
0.002217818598636
0.002199958033983
0.002179861410062
0.002157742970620
0.002133837637730
0.002108398527480
0.002081694255689
0.002054006063394
0.002025624794134
0.001996847756966
0.001967975510661
0.001939308605603
0.001911144320596
0.001883773431953
0.001857477052035
0.001832523573703
0.001809165756014
0.001787637984937
0.001768153740894
0.001750903302560
0.001736051713640
0.001723737036292
0.001714068911520
0.001707127443256
0.001702962419056
0.001701592876366
0.001703007019229
0.001707162486166
0.001713986965798
0.001723379152654
0.001735210031599
