0.000173617338631
0.000173601287879
0.000173586610028
0.000173573432596
0.000173561856299
0.000173551953620
0.000173543768075
0.000173537314166
0.000173532578036
0.000173529518792
0.000173528070440
0.000173528144390
0.000173529632434
0.000173532410115
0.000173536340369
0.000173541277328
0.000173547070146
0.000173553566719
0.000173560617169
0.000173568076970
0.000173575809605
0.000173583688683
0.000173591599454
0.000173599439704
0.000173607120049
0.000173614563665
0.000173621705547
0.000173628491379
0.000173634876148
0.000173640822608
0.000173646299734
0.000173651281252
0.000173655744362
0.000173659668703
0.000173663035626
0.000173665827782
0.000173668029028
0.000173669624643
0.000173670601795
0.000173670950230
0.000173670663110
0.000173669737947
0.000173668177565
0.000173665991019
0.000173663194409
0.000173659811523
0.000173655874246
0.000173651422690
0.000173646504990
0.000173641176748
0.000173635500096
0.000173629542394
0.000173623374600
0.000173617069345
0.000173610698804
0.000173604332465
0.000173598034891
0.000173591863606
0.000173585867235
0.000173580083988
0.000173574540602
0.000173569251804
0.000173564220335
0.000173559437543
0.000173554884524
0.000173550533746
0.000173546351083
0.000173542298143
0.000173538334790
0.000173534421724
0.000173530523009
0.000173526608432
0.000173522655590
0.000173518651625
0.000173514594529
0.000173510493977
0.000173506371651
0.000173502261023
0.000173498206632
0.000173494262834
0.000173490492106
0.000173486962919
0.000173483747294
0.000173480918109
0.000173478546273
0.000173476697902
0.000173475431597
0.000173474795976
0.000173474827559
0.000173475549125
0.000173476968606
0.000173479078571
0.000173481856329
0.000173485264611
0.000173489252807
0.000173493758651
0.000173498710269
0.000173504028467
0.000173509629132
0.000173515425622
0.000173521331039
0.000173527260282
0.000173533131807
0.000173538869041
0.000173544401424
0.000173549665064
0.000173554603020
0.000173559165251
0.000173563308255
0.000173566994464
0.000173570191448
0.000173572871006
0.000173575008189
0.000173576580358
0.000173577566333
0.000173577945706
0.000173577698389
0.000173576804455
0.000173575244302
0.000173572999188
0.000173570052112
0.000173566389035
0.000173562000389
0.000173556882791
0.000173551040864
0.000173544489061
0.000173537253358
0.000173529372685
0.000173520900002
0.000173511902889
0.000173502463599
0.000173492678526
0.000173482657059
0.000173472519865
0.000173462396638
0.000173452423402
0.000173442739457
0.000173433484095
0.000173424793199
0.000173416795848
0.000173409611050
0.000173403344715
0.000173398086964
0.000173393909866
0.000173390865664
0.000173388985567
0.000173388279127
0.000173388734232
0.000173390317715
0.000173392976563
0.000173396639672
0.000173401220100
0.000173406617710
0.000173412722116
0.000173419415797
0.000173426577245
0.000173434084029
0.000173441815626
0.000173449655915
0.000173457495250
0.000173465232030
0.000173472773749
0.000173480037523
0.000173486950126
0.000173493447606
0.000173499474562
0.000173504983176
0.000173509932129
0.000173514285482
0.000173518011638
0.000173521082463
0.000173523472630
0.000173525159232
0.000173526121689
0.000173526341958
0.000173525805026
0.000173524499655
0.000173522419357
0.000173519563516
0.000173515938622
0.000173511559532
0.000173506450684
0.000173500647184
0.000173494195690
0.000173487154989
0.000173479596225
0.000173471602679
0.000173463269075
0.000173454700375
0.000173446010062
0.000173437317940
0.000173428747511
0.000173420423011
0.000173412466230
0.000173404993225
0.000173398111101
0.000173391914976
0.000173386485287
0.000173381885554
0.000173378160701
0.000173375336002
0.000173373416690
0.000173372388239
0.000173372217278
0.000173372853100
0.000173374229673
0.000173376268073
0.000173378879224
0.000173381966835
0.000173385430432
0.000173389168360
0.000173393080666
0.000173397071757
0.000173401052746
0.000173404943417
0.000173408673746
0.000173412184927
0.000173415429885
0.000173418373270
0.000173420990956
0.000173423269079
0.000173425202700
0.000173426794171
0.000173428051320
0.000173428985570
0.000173429610119
0.000173429938297
0.000173429982208
0.000173429751733
0.000173429253960
0.000173428493055
0.000173427470570
0.000173426186153
0.000173424638585
0.000173422827057
0.000173420752588
0.000173418419473
0.000173415836653
0.000173413018911
0.000173409987804
0.000173406772271
0.000173403408859
0.000173399941548
0.000173396421161
0.000173392904368
0.000173389452322
0.000173386128944
0.000173382998946
0.000173380125635
0.000173377568595
0.000173375381332
0.000173373608981
0.000173372286196
0.000173371435305
0.000173371064851
0.000173371168607
0.000173371725130
0.000173372697914
0.000173374036164
0.000173375676171
0.000173377543251
0.000173379554176
0.000173381619978
0.000173383649006
0.000173385550097
0.000173387235706
0.000173388624855
0.000173389645770
0.000173390238099
0.000173390354622
0.000173389962405
0.000173389043376
0.000173387594308
0.000173385626279
0.000173383163612
0.000173380242415
0.000173376908763
0.000173373216634
0.000173369225691
0.000173364999001
0.000173360600794
0.000173356094342
0.000173351540065
0.000173346993913
0.000173342506118
0.000173338120349
0.000173333873300
0.000173329794742
0.000173325907990
0.000173322230772
0.000173318776424
0.000173315555312
0.000173312576389
0.000173309848758
0.000173307383123
0.000173305193008
0.000173303295650
0.000173301712471
0.000173300469099
0.000173299594899
0.000173299122033
0.000173299084104
0.000173299514442
0.000173300444135
0.000173301899919
0.000173303902027
0.000173306462130
0.000173309581473
0.000173313249301
0.000173317441662
0.000173322120653
0.000173327234147
0.000173332716043
0.000173338487030
0.000173344455869
0.000173350521156
0.000173356573527
0.000173362498231
0.000173368177996
0.000173373496091
0.000173378339468
0.000173382601870
0.000173386186764
0.000173389009998
0.000173391002042
0.000173392109735
0.000173392297437
0.000173391547568
0.000173389860492
0.000173387253788
0.000173383760951
0.000173379429613
0.000173374319394
0.000173368499514
0.000173362046281
0.000173355040621
0.000173347565734
0.000173339705010
0.000173331540277
0.000173323150432
0.000173314610502
0.000173305991117
0.000173297358405
0.000173288774245
0.000173280296842
0.000173271981552
0.000173263881876
0.000173256050554
0.000173248540663
0.000173241406638
0.000173234705134
0.000173228495641
0.000173222840787
0.000173217806266
0.000173213460342
0.000173209872920
0.000173207114157
0.000173205252672
0.000173204353384
0.000173204475081
0.000173205667815
0.000173207970249
0.000173211407108
0.000173215986858
0.000173221699759
0.000173228516404
0.000173236386844
0.000173245240366
0.000173254985945
0.000173265513379
0.000173276695065
0.000173288388345
0.000173300438333
0.000173312681121
0.000173324947224
0.000173337065164
0.000173348865044
0.000173360182024
0.000173370859560
0.000173380752337
0.000173389728816
0.000173397673307
0.000173404487555
0.000173410091784
0.000173414425206
0.000173417445989
0.000173419130731
0.000173419473486
0.000173418484401
0.000173416188082
0.000173412621766
0.000173407833422
0.000173401879911
0.000173394825282
0.000173386739340
0.000173377696531
0.000173367775201
0.000173357057267
0.000173345628250
0.000173333577652
0.000173320999596
