0.000255994116970
0.000256016131202
0.000256037497071
0.000256058223863
0.000256078318863
0.000256097787203
0.000256116631816
0.000256134853495
0.000256152451064
0.000256169421645
0.000256185761006
0.000256201463982
0.000256216524934
0.000256230938238
0.000256244698771
0.000256257802373
0.000256270246266
0.000256282029402
0.000256293152733
0.000256303619381
0.000256313434711
0.000256322606288
0.000256331143744
0.000256339058536
0.000256346363626
0.000256353073090
0.000256359201679
0.000256364764355
0.000256369775815
0.000256374250039
0.000256378199874
0.000256381636682
0.000256384570059
0.000256387007647
0.000256388955040
0.000256390415800
0.000256391391560
0.000256391882236
0.000256391886311
0.000256391401197
0.000256390423640
0.000256388950165
0.000256386977522
0.000256384503124
0.000256381525455
0.000256378044415
0.000256374061603
0.000256369580516
0.000256364606655
0.000256359147535
0.000256353212599
0.000256346813037
0.000256339961532
0.000256332671928
0.000256324958851
0.000256316837295
0.000256308322192
0.000256299427997
0.000256290168291
0.000256280555441
0.000256270600313
0.000256260312072
0.000256249698055
0.000256238763742
0.000256227512822
0.000256215947333
0.000256204067894
0.000256191873997
0.000256179364357
0.000256166537289
0.000256153391109
0.000256139924528
0.000256126137022
0.000256112029166
0.000256097602906
0.000256082861764
0.000256067810970
0.000256052457499
0.000256036810034
0.000256020878840
0.000256004675563
0.000255988212967
0.000255971504617
0.000255954564530
0.000255937406802
0.000255920045241
0.000255902493016
0.000255884762339
0.000255866864199
0.000255848808162
0.000255830602232
0.000255812252801
0.000255793764668
0.000255775141143
0.000255756384212
0.000255737494777
0.000255718472928
0.000255699318265
0.000255680030234
0.000255660608460
0.000255641053072
0.000255621364998
0.000255601546212
0.000255581599930
0.000255561530735
0.000255541344644
0.000255521049088
0.000255500652836
0.000255480165844
0.000255459599052
0.000255438964130
0.000255418273201
0.000255397538529
0.000255376772219
0.000255355985918
0.000255335190545
0.000255314396062
0.000255293611288
0.000255272843774
0.000255252099743
0.000255231384090
0.000255210700446
0.000255190051304
0.000255169438193
0.000255148861899
0.000255128322712
0.000255107820693
0.000255087355946
0.000255066928881
0.000255046540451
0.000255026192365
0.000255005887243
0.000254985628735
0.000254965421580
0.000254945271600
0.000254925185650
0.000254905171510
0.000254885237731
0.000254865393441
0.000254845648133
0.000254826011424
0.000254806492825
0.000254787101503
0.000254767846078
0.000254748734437
0.000254729773591
0.000254710969579
0.000254692327415
0.000254673851084
0.000254655543594
0.000254637407065
0.000254619442859
0.000254601651746
0.000254584034090
0.000254566590043
0.000254549319754
0.000254532223555
0.000254515302143
0.000254498556724
0.000254481989134
0.000254465601918
0.000254449398363
0.000254433382498
0.000254417559046
0.000254401933341
0.000254386511213
0.000254371298845
0.000254356302619
0.000254341528945
0.000254326984094
0.000254312674040
0.000254298604320
0.000254284779912
0.000254271205146
0.000254257883652
0.000254244818335
0.000254232011388
0.000254219464342
0.000254207178142
0.000254195153247
0.000254183389753
0.000254171887521
0.000254160646317
0.000254149665944
0.000254138946362
0.000254128487796
0.000254118290816
0.000254108356399
0.000254098685954
0.000254089281323
0.000254080144753
0.000254071278840
0.000254062686456
0.000254054370650
0.000254046334549
0.000254038581244
0.000254031113682
0.000254023934565
0.000254017046267
0.000254010450754
0.000254004149548
0.000253998143692
0.000253992433758
0.000253987019867
0.000253981901736
0.000253977078745
0.000253972550017
0.000253968314506
0.000253964371090
0.000253960718660
0.000253957356211
0.000253954282903
0.000253951498123
0.000253949001514
0.000253946792990
0.000253944872725
0.000253943241119
0.000253941898748
0.000253940846294
0.000253940084464
0.000253939613904
0.000253939435108
0.000253939548332
0.000253939953518
0.000253940650233
0.000253941637623
0.000253942914396
0.000253944478813
0.000253946328724
0.000253948461602
0.000253950874621
0.000253953564730
0.000253956528749
0.000253959763475
0.000253963265774
0.000253967032682
0.000253971061486
0.000253975349791
0.000253979895564
0.000253984697154
0.000253989753290
0.000253995063043
0.000254000625769
0.000254006441029
0.000254012508490
0.000254018827804
0.000254025398495
0.000254032219831
0.000254039290706
0.000254046609544
0.000254054174207
0.000254061981938
0.000254070029334
0.000254078312338
0.000254086826280
0.000254095565935
0.000254104525617
0.000254113699301
0.000254123080754
0.000254132663683
0.000254142441896
0.000254152409441
0.000254162560752
0.000254172890760
0.000254183394990
0.000254194069615
0.000254204911485
0.000254215918104
0.000254227087584
0.000254238418550
0.000254249910019
0.000254261561245
0.000254273371557
0.000254285340169
0.000254297466001
0.000254309747503
0.000254322182490
0.000254334768017
0.000254347500270
0.000254360374512
0.000254373385062
0.000254386525321
0.000254399787853
0.000254413164491
0.000254426646500
0.000254440224751
0.000254453889935
0.000254467632776
0.000254481444248
0.000254495315787
0.000254509239473
0.000254523208189
0.000254537215737
0.000254551256904
0.000254565327487
0.000254579424253
0.000254593544857
0.000254607687707
0.000254621851785
0.000254636036434
0.000254650241128
0.000254664465214
0.000254678707667
0.000254692966854
0.000254707240316
0.000254721524593
0.000254735815092
0.000254750106008
0.000254764390300
0.000254778659732
0.000254792904970
0.000254807115732
0.000254821280992
0.000254835389222
0.000254849428653
0.000254863387568
0.000254877254579
0.000254891018902
0.000254904670599
0.000254918200785
0.000254931601783
0.000254944867218
0.000254957992049
0.000254970972538
0.000254983806142
0.000254996491359
0.000255009027501
0.000255021414440
0.000255033652310
0.000255045741197
0.000255057680823
0.000255069470246
0.000255081107587
0.000255092589797
0.000255103912486
0.000255115069804
0.000255126054401
0.000255136857461
0.000255147468799
0.000255157877041
0.000255168069849
0.000255178034212
0.000255187756761
0.000255197224111
0.000255206423210
0.000255215341672
0.000255223968083
0.000255232292260
0.000255240305458
0.000255248000506
0.000255255371863
0.000255262415604
0.000255269129317
0.000255275511934
0.000255281563486
0.000255287284807
0.000255292677197
0.000255297742057
0.000255302480513
0.000255306893059
0.000255310979218
0.000255314737259
0.000255318163963
0.000255321254469
0.000255324002195
0.000255326398848
0.000255328434514
0.000255330097834
0.000255331376252
0.000255332256324
0.000255332724076
0.000255332765390
0.000255332366406
0.000255331513913
0.000255330195713
0.000255328400939
0.000255326120316
0.000255323346345
0.000255320073401
0.000255316297747
0.000255312017451
0.000255307232222
0.000255301943164
0.000255296152456
0.000255289862991
0.000255283077967
0.000255275800470
0.000255268033058
0.000255259777370
0.000255251033782
0.000255241801120
0.000255232076452
0.000255221854968
0.000255211129949
0.000255199892834
0.000255188133379
0.000255175839904
0.000255162999609
0.000255149598953
0.000255135624074
0.000255121061227
