0.000250373891190
0.000250376493049
0.000250378472542
0.000250379840829
0.000250380613102
0.000250380808118
0.000250380447576
0.000250379555387
0.000250378156845
0.000250376277757
0.000250373943547
0.000250371178386
0.000250368004384
0.000250364440866
0.000250360503780
0.000250356205244
0.000250351553262
0.000250346551614
0.000250341199926
0.000250335493914
0.000250329425797
0.000250322984848
0.000250316158072
0.000250308930972
0.000250301288377
0.000250293215294
0.000250284697742
0.000250275723545
0.000250266283041
0.000250256369681
0.000250245980495
0.000250235116406
0.000250223782378
0.000250211987391
0.000250199744259
0.000250187069276
0.000250173981731
0.000250160503296
0.000250146657323
0.000250132468076
0.000250117959930
0.000250103156576
0.000250088080259
0.000250072751085
0.000250057186419
0.000250041400413
0.000250025403659
0.000250009203010
0.000249992801542
0.000249976198691
0.000249959390529
0.000249942370188
0.000249925128398
0.000249907654123
0.000249889935267
0.000249871959418
0.000249853714599
0.000249835189995
0.000249816376627
0.000249797267938
0.000249777860277
0.000249758153260
0.000249738149979
0.000249717857076
0.000249697284659
0.000249676446078
0.000249655357558
0.000249634037730
0.000249612507045
0.000249590787137
0.000249568900123
0.000249546867910
0.000249524711495
0.000249502450333
0.000249480101757
0.000249457680509
0.000249435198372
0.000249412663940
0.000249390082522
0.000249367456181
0.000249344783916
0.000249322061969
0.000249299284235
0.000249276442783
0.000249253528429
0.000249230531370
0.000249207441822
0.000249184250657
0.000249160950004
0.000249137533782
0.000249113998157
0.000249090341894
0.000249066566593
0.000249042676805
0.000249018680023
0.000248994586538
0.000248970409193
0.000248946163021
0.000248921864801
0.000248897532542
0.000248873184922
0.000248848840712
0.000248824518193
0.000248800234607
0.000248776005663
0.000248751845100
0.000248727764354
0.000248703772313
0.000248679875193
0.000248656076516
0.000248632377212
0.000248608775817
0.000248585268779
0.000248561850836
0.000248538515467
0.000248515255383
0.000248492063045
0.000248468931182
0.000248445853286
0.000248422824069
0.000248399839857
0.000248376898909
0.000248354001645
0.000248331150779
0.000248308351350
0.000248285610653
0.000248262938071
0.000248240344821
0.000248217843623
0.000248195448315
0.000248173173419
0.000248151033685
0.000248129043638
0.000248107217134
0.000248085566957
0.000248064104467
0.000248042839312
0.000248021779218
0.000248000929871
0.000247980294874
0.000247959875803
0.000247939672345
0.000247919682508
0.000247899902905
0.000247880329076
0.000247860955864
0.000247841777798
0.000247822789481
0.000247803985971
0.000247785363120
0.000247766917877
0.000247748648534
0.000247730554899
0.000247712638406
0.000247694902143
0.000247677350811
0.000247659990604
0.000247642829038
0.000247625874709
0.000247609137024
0.000247592625889
0.000247576351387
0.000247560323458
0.000247544551586
0.000247529044512
0.000247513809992
0.000247498854598
0.000247484183574
0.000247469800755
0.000247455708548
0.000247441907972
0.000247428398761
0.000247415179513
0.000247402247886
0.000247389600830
0.000247377234833
0.000247365146188
0.000247353331250
0.000247341786681
0.000247330509670
0.000247319498125
0.000247308750812
0.000247298267457
0.000247288048795
0.000247278096560
0.000247268413441
0.000247259002981
0.000247249869441
0.000247241017629
0.000247232452715
0.000247224180025
0.000247216204838
0.000247208532182
0.000247201166663
0.000247194112300
0.000247187372409
0.000247180949509
0.000247174845280
0.000247169060556
0.000247163595358
0.000247158448964
0.000247153620015
0.000247149106642
0.000247144906610
0.000247141017482
0.000247137436771
0.000247134162098
0.000247131191328
0.000247128522684
0.000247126154843
0.000247124086990
0.000247122318847
0.000247120850659
0.000247119683160
0.000247118817495
0.000247118255128
0.000247117997721
0.000247118047007
0.000247118404656
0.000247119072136
0.000247120050596
0.000247121340755
0.000247122942817
0.000247124856414
0.000247127080580
0.000247129613753
0.000247132453817
0.000247135598164
0.000247139043794
0.000247142787429
0.000247146825646
0.000247151155016
0.000247155772249
0.000247160674326
0.000247165858619
0.000247171322991
0.000247177065864
0.000247183086258
0.000247189383792
0.000247195958655
0.000247202811531
0.000247209943498
0.000247217355899
0.000247225050187
0.000247233027755
0.000247241289763
0.000247249836964
0.000247258669541
0.000247267786970
0.000247277187902
0.000247286870086
0.000247296830335
0.000247307064525
0.000247317567647
0.000247328333902
0.000247339356830
0.000247350629482
0.000247362144616
0.000247373894907
0.000247385873179
0.000247398072620
0.000247410486999
0.000247423110852
0.000247435939635
0.000247448969842
0.000247462199072
0.000247475626046
0.000247489250564
0.000247503073418
0.000247517096244
0.000247531321335
0.000247545751414
0.000247560389373
0.000247575238004
0.000247590299714
0.000247605576253
0.000247621068459
0.000247636776040
0.000247652697391
0.000247668829466
0.000247685167714
0.000247701706075
0.000247718437036
0.000247735351765
0.000247752440296
0.000247769691769
0.000247787094721
0.000247804637398
0.000247822308101
0.000247840095524
0.000247857989092
0.000247875979264
0.000247894057803
0.000247912217991
0.000247930454779
0.000247948764869
0.000247967146711
0.000247985600434
0.000248004127682
0.000248022731396
0.000248041415519
0.000248060184654
0.000248079043686
0.000248097997372
0.000248117049944
0.000248136204704
0.000248155463667
0.000248174827247
0.000248194293999
0.000248213860445
0.000248233520982
0.000248253267875
0.000248273091351
0.000248292979772
0.000248312919904
0.000248332897242
0.000248352896416
0.000248372901622
0.000248392897088
0.000248412867543
0.000248432798672
0.000248452677533
0.000248472492925
0.000248492235679
0.000248511898872
0.000248531477941
0.000248550970702
0.000248570377255
0.000248589699805
0.000248608942374
0.000248628110435
0.000248647210485
0.000248666249553
0.000248685234690
0.000248704172443
0.000248723068346
0.000248741926443
0.000248760748872
0.000248779535517
0.000248798283760
0.000248816988330
0.000248835641259
0.000248854231966
0.000248872747436
0.000248891172520
0.000248909490317
0.000248927682648
0.000248945730583
0.000248963615008
0.000248981317210
0.000248998819450
0.000249016105502
0.000249033161137
0.000249049974524
0.000249066536536
0.000249082840946
0.000249098884494
0.000249114666836
0.000249130190362
0.000249145459901
0.000249160482307
0.000249175265968
0.000249189820228
0.000249204154778
0.000249218279007
0.000249232201377
0.000249245928821
0.000249259466196
0.000249272815835
0.000249285977187
0.000249298946582
0.000249311717137
0.000249324278779
0.000249336618426
0.000249348720284
0.000249360566269
0.000249372136530
0.000249383410052
0.000249394365315
0.000249404980980
0.000249415236572
0.000249425113136
0.000249434593833
0.000249443664449
0.000249452313799
0.000249460534010
0.000249468320658
0.000249475672770
0.000249482592674
0.000249489085711
0.000249495159821
0.000249500825013
0.000249506092744
0.000249510975236
0.000249515484759
0.000249519632896
0.000249523429847
0.000249526883777
0.000249530000250
0.000249532781769
0.000249535227443
