0.000230112617666
0.000230091943874
0.000230071310168
0.000230050728770
0.000230030202733
0.000230009726035
0.000229989283975
0.000229968853875
0.000229948406043
0.000229927904967
0.000229907310694
0.000229886580352
0.000229865669741
0.000229844534962
0.000229823134002
0.000229801428248
0.000229779383850
0.000229756972916
0.000229734174487
0.000229710975261
0.000229687370057
0.000229663361998
0.000229638962420
0.000229614190506
0.000229589072673
0.000229563641728
0.000229537935824
0.000229511997266
0.000229485871189
0.000229459604163
0.000229433242783
0.000229406832252
0.000229380415053
0.000229354029702
0.000229327709657
0.000229301482392
0.000229275368683
0.000229249382104
0.000229223528765
0.000229197807297
0.000229172209066
0.000229146718627
0.000229121314392
0.000229095969488
0.000229070652779
0.000229045330025
0.000229019965130
0.000228994521442
0.000228968963066
0.000228943256153
0.000228917370104
0.000228891278681
0.000228864960957
0.000228838402095
0.000228811593932
0.000228784535325
0.000228757232282
0.000228729697840
0.000228701951721
0.000228674019752
0.000228645933095
0.000228617727284
0.000228589441131
0.000228561115511
0.000228532792088
0.000228504512015
0.000228476314657
0.000228448236382
0.000228420309457
0.000228392561091
0.000228365012663
0.000228337679145
0.000228310568760
0.000228283682868
0.000228257016093
0.000228230556686
0.000228204287094
0.000228178184739
0.000228152222954
0.000228126372054
0.000228100600504
0.000228074876134
0.000228049167365
0.000228023444394
0.000227997680312
0.000227971852096
0.000227945941456
0.000227919935504
0.000227893827229
0.000227867615748
0.000227841306357
0.000227814910351
0.000227788444650
0.000227761931229
0.000227735396392
0.000227708869906
0.000227682384031
0.000227655972490
0.000227629669400
0.000227603508223
0.000227577520743
0.000227551736140
0.000227526180150
0.000227500874374
0.000227475835729
0.000227451076071
0.000227426601989
0.000227402414789
0.000227378510637
0.000227354880887
0.000227331512545
0.000227308388876
0.000227285490124
0.000227262794305
0.000227240278067
0.000227217917574
0.000227195689388
0.000227173571314
0.000227151543200
0.000227129587639
0.000227107690582
0.000227085841818
0.000227064035325
0.000227042269480
0.000227020547114
0.000226998875428
0.000226977265763
0.000226955733235
0.000226934296261
0.000226912975968
0.000226891795536
0.000226870779470
0.000226849952843
0.000226829340531
0.000226808966457
0.000226788852884
0.000226769019772
0.000226749484212
0.000226730259978
0.000226711357182
0.000226692782071
0.000226674536948
0.000226656620237
0.000226639026666
0.000226621747590
0.000226604771407
0.000226588084083
0.000226571669741
0.000226555511306
0.000226539591183
0.000226523891935
0.000226508396946
0.000226493091039
0.000226477961034
0.000226462996224
0.000226448188747
0.000226433533859
0.000226419030081
0.000226404679229
0.000226390486325
0.000226376459390
0.000226362609143
0.000226348948594
0.000226335492584
0.000226322257250
0.000226309259471
0.000226296516298
0.000226284044391
0.000226271859490
0.000226259975929
0.000226248406223
0.000226237160727
0.000226226247383
0.000226215671562
0.000226205436008
0.000226195540867
0.000226185983817
0.000226176760277
0.000226167863688
0.000226159285858
0.000226151017349
0.000226143047898
0.000226135366845
0.000226127963566
0.000226120827881
0.000226113950432
0.000226107323017
0.000226100938862
0.000226094792833
0.000226088881575
0.000226083203580
0.000226077759182
0.000226072550481
0.000226067581204
0.000226062856511
0.000226058382754
0.000226054167196
0.000226050217708
0.000226046542461
0.000226043149605
0.000226040046968
0.000226037241780
0.000226034740423
0.000226032548228
0.000226030669316
0.000226029106495
0.000226027861213
0.000226026933563
0.000226026322348
0.000226026025194
0.000226026038708
0.000226026358680
0.000226026980301
0.000226027898415
0.000226029107762
0.000226030603233
0.000226032380099
0.000226034434218
0.000226036762209
0.000226039361585
0.000226042230834
0.000226045369453
0.000226048777934
0.000226052457689
0.000226056410937
0.000226060640546
0.000226065149840
0.000226069942384
0.000226075021749
0.000226080391278
0.000226086053854
0.000226092011695
0.000226098266164
0.000226104817634
0.000226111665384
0.000226118807556
0.000226126241162
0.000226133962153
0.000226141965533
0.000226150245532
0.000226158795816
0.000226167609734
0.000226176680586
0.000226186001900
0.000226195567711
0.000226205372820
0.000226215413024
0.000226225685314
0.000226236188015
0.000226246920875
0.000226257885087
0.000226269083253
0.000226280519280
0.000226292198214
0.000226304126025
0.000226316309333
0.000226328755113
0.000226341470361
0.000226354461755
0.000226367735311
0.000226381296065
0.000226395147772
0.000226409292650
0.000226423731179
0.000226438461958
0.000226453481628
0.000226468784871
0.000226484364481
0.000226500211504
0.000226516315453
0.000226532664575
0.000226549246177
0.000226566046993
0.000226583053569
0.000226600252679
0.000226617631730
0.000226635179151
0.000226652884768
0.000226670740125
0.000226688738757
0.000226706876403
0.000226725151146
0.000226743563476
0.000226762116272
0.000226780814702
0.000226799666040
0.000226818679408
0.000226837865444
0.000226857235911
0.000226876803248
0.000226896580088
0.000226916578754
0.000226936810744
0.000226957286230
0.000226978013581
0.000226998998937
0.000227020245839
0.000227041754937
0.000227063523794
0.000227085546774
0.000227107815054
0.000227130316736
0.000227153037068
0.000227175958778
0.000227199062502
0.000227222327304
0.000227245731262
0.000227269252111
0.000227292867924
0.000227316557793
0.000227340302506
0.000227364085175
0.000227387891807
0.000227411711783
0.000227435538231
0.000227459368273
0.000227483203134
0.000227507048100
0.000227530912333
0.000227554808530
0.000227578752450
0.000227602762315
0.000227626858107
0.000227651060780
0.000227675391424
0.000227699870404
0.000227724516508
0.000227749346133
0.000227774372551
0.000227799605263
0.000227825049488
0.000227850705798
0.000227876569907
0.000227902632645
0.000227928880095
0.000227955293912
0.000227981851797
0.000228008528125
0.000228035294696
0.000228062121581
0.000228088978041
0.000228115833485
0.000228142658423
0.000228169425387
0.000228196109795
0.000228222690701
0.000228249151440
0.000228275480114
0.000228301669917
0.000228327719290
0.000228353631891
0.000228379416389
0.000228405086088
0.000228430658395
0.000228456154143
0.000228481596804
0.000228507011611
0.000228532424614
0.000228557861710
0.000228583347676
0.000228608905229
0.000228634554154
0.000228660310520
0.000228686186012
0.000228712187401
0.000228738316174
0.000228764568321
0.000228790934304
0.000228817399206
0.000228843943043
0.000228870541253
0.000228897165326
0.000228923783575
0.000228950362010
0.000228976865305
0.000229003257809
0.000229029504596
0.000229055572493
0.000229081431078
0.000229107053599
0.000229132417795
0.000229157506583
0.000229182308590
0.000229206818506
0.000229231037248
0.000229254971921
0.000229278635568
0.000229302046723
0.000229325228768
0.000229348209111
0.000229371018218
0.000229393688513
0.000229416253191
0.000229438744991
0.000229461194945
0.000229483631173
0.000229506077750
0.000229528553701
0.000229551072140
0.000229573639616
0.000229596255665
