0.000207333675163
0.000207309604529
0.000207285826498
0.000207262314477
0.000207239032984
0.000207215938579
0.000207192981039
0.000207170104732
0.000207147250160
0.000207124355644
0.000207101359087
0.000207078199788
0.000207054820245
0.000207031167894
0.000207007196734
0.000206982868786
0.000206958155338
0.000206933037925
0.000206907509013
0.000206881572359
0.000206855243025
0.000206828547040
0.000206801520724
0.000206774209678
0.000206746667483
0.000206718954144
0.000206691134334
0.000206663275485
0.000206635445806
0.000206607712280
0.000206580138704
0.000206552783850
0.000206525699782
0.000206498930404
0.000206472510258
0.000206446463628
0.000206420803960
0.000206395533613
0.000206370643959
0.000206346115798
0.000206321920106
0.000206298019062
0.000206274367336
0.000206250913589
0.000206227602141
0.000206204374753
0.000206181172464
0.000206157937423
0.000206134614664
0.000206111153759
0.000206087510305
0.000206063647196
0.000206039535641
0.000206015155903
0.000205990497745
0.000205965560570
0.000205940353269
0.000205914893783
0.000205889208412
0.000205863330894
0.000205837301304
0.000205811164800
0.000205784970274
0.000205758768937
0.000205732612897
0.000205706553752
0.000205680641253
0.000205654922055
0.000205629438591
0.000205604228093
0.000205579321782
0.000205554744229
0.000205530512917
0.000205506637996
0.000205483122227
0.000205459961135
0.000205437143332
0.000205414651023
0.000205392460656
0.000205370543717
0.000205348867622
0.000205327396695
0.000205306093200
0.000205284918395
0.000205263833583
0.000205242801129
0.000205221785427
0.000205200753791
0.000205179677251
0.000205158531246
0.000205137296196
0.000205115957950
0.000205094508110
0.000205072944211
0.000205051269770
0.000205029494206
0.000205007632613
0.000204985705407
0.000204963737854
0.000204941759459
0.000204919803267
0.000204897905046
0.000204876102411
0.000204854433873
0.000204832937858
0.000204811651721
0.000204790610771
0.000204769847351
0.000204749389989
0.000204729262656
0.000204709484145
0.000204690067595
0.000204671020185
0.000204652342978
0.000204634030961
0.000204616073235
0.000204598453384
0.000204581149993
0.000204564137307
0.000204547386007
0.000204530864087
0.000204514537808
0.000204498372698
0.000204482334579
0.000204466390582
0.000204450510135
0.000204434665879
0.000204418834498
0.000204402997431
0.000204387141435
0.000204371258994
0.000204355348549
0.000204339414532
0.000204323467223
0.000204307522413
0.000204291600894
0.000204275727793
0.000204259931775
0.000204244244137
0.000204228697842
0.000204213326509
0.000204198163406
0.000204183240478
0.000204168587443
0.000204154230976
0.000204140194013
0.000204126495189
0.000204113148423
0.000204100162654
0.000204087541737
0.000204075284487
0.000204063384874
0.000204051832353
0.000204040612320
0.000204029706669
0.000204019094449
0.000204008752578
0.000203998656611
0.000203988781528
0.000203979102524
0.000203969595767
0.000203960239108
0.000203951012723
0.000203941899655
0.000203932886257
0.000203923962505
0.000203915122191
0.000203906362988
0.000203897686380
0.000203889097487
0.000203880604777
0.000203872219694
0.000203863956212
0.000203855830340
0.000203847859589
0.000203840062433
0.000203832457767
0.000203825064381
0.000203817900462
0.000203810983143
0.000203804328087
0.000203797949133
0.000203791857999
0.000203786064047
0.000203780574113
0.000203775392411
0.000203770520505
0.000203765957351
0.000203761699419
0.000203757740875
0.000203754073828
0.000203750688640
0.000203747574273
0.000203744718676
0.000203742109199
0.000203739733000
0.000203737577457
0.000203735630551
0.000203733881221
0.000203732319667
0.000203730937603
0.000203729728454
0.000203728687487
0.000203727811883
0.000203727100748
0.000203726555061
0.000203726177582
0.000203725972693
0.000203725946214
0.000203726105164
0.000203726457505
0.000203727011849
0.000203727777151
0.000203728762391
0.000203729976253
0.000203731426812
0.000203733121244
0.000203735065561
0.000203737264396
0.000203739720835
0.000203742436318
0.000203745410602
0.000203748641804
0.000203752126511
0.000203755859962
0.000203759836283
0.000203764048784
0.000203768490273
0.000203773153401
0.000203778031009
0.000203783116449
0.000203788403887
0.000203793888558
0.000203799566963
0.000203805437020
0.000203811498129
0.000203817751192
0.000203824198551
0.000203830843877
0.000203837691994
0.000203844748664
0.000203852020316
0.000203859513763
0.000203867235874
0.000203875193255
0.000203883391915
0.000203891836951
0.000203900532257
0.000203909480264
0.000203918681741
0.000203928135645
0.000203937839048
0.000203947787143
0.000203957973322
0.000203968389348
0.000203979025593
0.000203989871349
0.000204000915195
0.000204012145404
0.000204023550368
0.000204035119029
0.000204046841298
0.000204058708425
0.000204070713331
0.000204082850869
0.000204095118011
0.000204107513957
0.000204120040161
0.000204132700280
0.000204145500043
0.000204158447060
0.000204171550564
0.000204184821109
0.000204198270228
0.000204211910062
0.000204225752967
0.000204239811125
0.000204254096143
0.000204268618676
0.000204283388065
0.000204298412015
0.000204313696311
0.000204329244588
0.000204345058158
0.000204361135910
0.000204377474274
0.000204394067259
0.000204410906565
0.000204427981761
0.000204445280523
0.000204462788926
0.000204480491773
0.000204498372961
0.000204516415855
0.000204534603678
0.000204552919890
0.000204571348557
0.000204589874703
0.000204608484639
0.000204627166258
0.000204645909311
0.000204664705643
0.000204683549401
0.000204702437205
0.000204721368275
0.000204740344516
0.000204759370556
0.000204778453712
0.000204797603912
0.000204816833529
0.000204836157153
0.000204855591282
0.000204875153943
0.000204894864244
0.000204914741864
0.000204934806495
0.000204955077256
0.000204975572084
0.000204996307128
0.000205017296166
0.000205038550066
0.000205060076293
0.000205081878508
0.000205103956244
0.000205126304695
0.000205148914615
0.000205171772341
0.000205194859946
0.000205218155526
0.000205241633611
0.000205265265714
0.000205289020989
0.000205312867006
0.000205336770607
0.000205360698840
0.000205384619926
0.000205408504250
0.000205432325317
0.000205456060664
0.000205479692670
0.000205503209249
0.000205526604372
0.000205549878418
0.000205573038304
0.000205596097410
0.000205619075269
0.000205641997052
0.000205664892833
0.000205687796686
0.000205710745616
0.000205733778379
0.000205756934222
0.000205780251580
0.000205803766786
0.000205827512829
0.000205851518197
0.000205875805862
0.000205900392411
0.000205925287383
0.000205950492814
0.000205976003020
0.000206001804614
0.000206027876777
0.000206054191765
0.000206080715642
0.000206107409226
0.000206134229203
0.000206161129398
0.000206188062133
0.000206214979657
0.000206241835578
0.000206268586250
0.000206295192078
0.000206321618689
0.000206347837922
0.000206373828617
0.000206399577174
0.000206425077853
0.000206450332840
0.000206475352047
0.000206500152685
0.000206524758621
0.000206549199547
0.000206573509987
0.000206597728198
0.000206621894971
0.000206646052396
0.000206670242620
0.000206694506623
0.000206718883058
0.000206743407175
0.000206768109856
0.000206793016793
0.000206818147804
0.000206843516324
0.000206869129076
0.000206894985905
0.000206921079813
0.000206947397153
0.000206973918000
0.000207000616669
