0.000159976592313
0.000159958756131
0.000159940512210
0.000159921953770
0.000159903184962
0.000159884318673
0.000159865473915
0.000159846772872
0.000159828337737
0.000159810287462
0.000159792734550
0.000159775782034
0.000159759520754
0.000159744027056
0.000159729360999
0.000159715565128
0.000159702663871
0.000159690663549
0.000159679552990
0.000159669304697
0.000159659876486
0.000159651213497
0.000159643250469
0.000159635914146
0.000159629125690
0.000159622802994
0.000159616862764
0.000159611222325
0.000159605801060
0.000159600521483
0.000159595309929
0.000159590096911
0.000159584817191
0.000159579409640
0.000159573816970
0.000159567985441
0.000159561864607
0.000159555407194
0.000159548569155
0.000159541309950
0.000159533593048
0.000159525386670
0.000159516664713
0.000159507407820
0.000159497604521
0.000159487252364
0.000159476358950
0.000159464942778
0.000159453033808
0.000159440673679
0.000159427915502
0.000159414823207
0.000159401470410
0.000159387938826
0.000159374316262
0.000159360694261
0.000159347165494
0.000159333821016
0.000159320747503
0.000159308024624
0.000159295722655
0.000159283900475
0.000159272604023
0.000159261865307
0.000159251701981
0.000159242117528
0.000159233101990
0.000159224633220
0.000159216678549
0.000159209196779
0.000159202140386
0.000159195457801
0.000159189095661
0.000159183000906
0.000159177122633
0.000159171413620
0.000159165831462
0.000159160339296
0.000159154906094
0.000159149506559
0.000159144120660
0.000159138732876
0.000159133331232
0.000159127906222
0.000159122449723
0.000159116953994
0.000159111410851
0.000159105811097
0.000159100144246
0.000159094398572
0.000159088561487
0.000159082620203
0.000159076562624
0.000159070378402
0.000159064060041
0.000159057603976
0.000159051011505
0.000159044289498
0.000159037450806
0.000159030514314
0.000159023504612
0.000159016451285
0.000159009387843
0.000159002350342
0.000158995375769
0.000158988500284
0.000158981757400
0.000158975176237
0.000158968779924
0.000158962584274
0.000158956596798
0.000158950816145
0.000158945232000
0.000158939825472
0.000158934569950
0.000158929432412
0.000158924375100
0.000158919357483
0.000158914338405
0.000158909278277
0.000158904141208
0.000158898896934
0.000158893522446
0.000158888003213
0.000158882333945
0.000158876518847
0.000158870571373
0.000158864513501
0.000158858374581
0.000158852189845
0.000158845998678
0.000158839842751
0.000158833764137
0.000158827803520
0.000158821998583
0.000158816382680
0.000158810983835
0.000158805824109
0.000158800919366
0.000158796279403
0.000158791908437
0.000158787805859
0.000158783967221
0.000158780385338
0.000158777051422
0.000158773956158
0.000158771090622
0.000158768446970
0.000158766018836
0.000158763801402
0.000158761791132
0.000158759985183
0.000158758380545
0.000158756972980
0.000158755755845
0.000158754718894
0.000158753847192
0.000158753120207
0.000158752511204
0.000158751986991
0.000158751508085
0.000158751029292
0.000158750500732
0.000158749869230
0.000158749080047
0.000158748078847
0.000158746813801
0.000158745237734
0.000158743310181
0.000158740999251
0.000158738283200
0.000158735151616
0.000158731606152
0.000158727660763
0.000158723341429
0.000158718685366
0.000158713739774
0.000158708560182
0.000158703208470
0.000158697750688
0.000158692254783
0.000158686788347
0.000158681416529
0.000158676200190
0.000158671194410
0.000158666447391
0.000158661999812
0.000158657884612
0.000158654127199
0.000158650746007
0.000158647753347
0.000158645156433
0.000158642958512
0.000158641159970
0.000158639759339
0.000158638754111
0.000158638141300
0.000158637917719
0.000158638079935
0.000158638623931
0.000158639544495
0.000158640834379
0.000158642483322
0.000158644476994
0.000158646795970
0.000158649414825
0.000158652301432
0.000158655416564
0.000158658713838
0.000158662140081
0.000158665636097
0.000158669137868
0.000158672578120
0.000158675888205
0.000158679000212
0.000158681849191
0.000158684375374
0.000158686526280
0.000158688258576
0.000158689539593
0.000158690348414
0.000158690676484
0.000158690527697
0.000158689917984
0.000158688874414
0.000158687433885
0.000158685641474
0.000158683548555
0.000158681210777
0.000158678686038
0.000158676032535
0.000158673307010
0.000158670563265
0.000158667851014
0.000158665215110
0.000158662695166
0.000158660325571
0.000158658135844
0.000158656151294
0.000158654393901
0.000158652883312
0.000158651637883
0.000158650675635
0.000158650015050
0.000158649675611
0.000158649678038
0.000158650044164
0.000158650796461
0.000158651957222
0.000158653547455
0.000158655585562
0.000158658085889
0.000158661057262
0.000158664501608
0.000158668412773
0.000158672775626
0.000158677565532
0.000158682748239
0.000158688280215
0.000158694109432
0.000158700176569
0.000158706416587
0.000158712760604
0.000158719137975
0.000158725478473
0.000158731714474
0.000158737783025
0.000158743627692
0.000158749200099
0.000158754461090
0.000158759381441
0.000158763942112
0.000158768134043
0.000158771957496
0.000158775421035
0.000158778540198
0.000158781335966
0.000158783833143
0.000158786058757
0.000158788040585
0.000158789805907
0.000158791380556
0.000158792788320
0.000158794050718
0.000158795187143
0.000158796215335
0.000158797152128
0.000158798014394
0.000158798820086
0.000158799589288
0.000158800345170
0.000158801114763
0.000158801929467
0.000158802825243
0.000158803842441
0.000158805025255
0.000158806420808
0.000158808077915
0.000158810045560
0.000158812371179
0.000158815098842
0.000158818267425
0.000158821908898
0.000158826046814
0.000158830695116
0.000158835857324
0.000158841526182
0.000158847683765
0.000158854302083
0.000158861344124
0.000158868765295
0.000158876515171
0.000158884539446
0.000158892781986
0.000158901186846
0.000158909700148
0.000158918271725
0.000158926856427
0.000158935415052
0.000158943914859
0.000158952329650
0.000158960639467
0.000158968829925
0.000158976891269
0.000158984817227
0.000158992603751
0.000159000247765
0.000159007745985
0.000159015093925
0.000159022285160
0.000159029310896
0.000159036159896
0.000159042818766
0.000159049272595
0.000159055505906
0.000159061503853
0.000159067253592
0.000159072745711
0.000159077975633
0.000159082944863
0.000159087662009
0.000159092143456
0.000159096413664
0.000159100505032
0.000159104457334
0.000159108316734
0.000159112134450
0.000159115965130
0.000159119865029
0.000159123890110
0.000159128094165
0.000159132527055
0.000159137233194
0.000159142250329
0.000159147608687
0.000159153330537
0.000159159430161
0.000159165914235
0.000159172782572
0.000159180029180
0.000159187643545
0.000159195612054
0.000159203919459
0.000159212550272
0.000159221490008
0.000159230726165
0.000159240248889
0.000159250051275
0.000159260129256
0.000159270481123
0.000159281106682
0.000159292006113
0.000159303178637
0.000159314621060
0.000159326326330
0.000159338282214
0.000159350470196
0.000159362864688
0.000159375432630
0.000159388133526
0.000159400919921
0.000159413738314
0.000159426530471
0.000159439235067
0.000159451789570
0.000159464132284
0.000159476204420
0.000159487952119
0.000159499328290
0.000159510294200
0.000159520820716
0.000159530889155
0.000159540491705
0.000159549631391
0.000159558321630
0.000159566585386
0.000159574454008
0.000159581965822
0.000159589164575
0.000159596097836
0.000159602815455
