0.001608663566777
0.001603291390555
0.001597038199946
0.001589926580733
0.001581984283177
0.001573244116471
0.001563743813603
0.001553525867235
0.001542637337377
0.001531129631788
0.001519058260209
0.001506482563700
0.001493465420475
0.001480072929795
0.001466374075599
0.001452440371669
0.001438345490267
0.001424164876243
0.001409975348735
0.001395854692647
0.001381881242155
0.001368133458552
0.001354689504772
0.001341626818964
0.001329021689501
0.001316948833803
0.001305480983333
0.001294688477110
0.001284638866023
0.001275396530184
0.001267022311487
0.001259573163451
0.001253101820348
0.001247656487485
0.001243280554419
0.001240012332735
0.001237884819906
0.001236925490575
0.001237156116476
0.001238592616044
0.001241244934575
0.001245116955668
0.001250206444469
0.001256505023070
0.001263998178255
0.001272665301568
0.001282479761532
0.001293409007651
0.001305414705643
0.001318452903204
0.001332474225405
0.001347424098674
0.001363243002160
0.001379866745111
0.001397226768777
0.001415250471191
0.001433861553068
0.001452980382956
0.001472524379654
0.001492408409830
0.001512545198689
0.001532845751479
0.001553219783559
0.001573576156718
0.001593823319411
0.001613869748553
0.001633624390511
0.001652997098965
0.001671899067303
0.001690243253286
0.001707944793741
0.001724921407138
0.001741093781938
0.001756385948735
0.001770725634276
0.001784044595572
0.001796278932421
0.001807369376804
0.001817261557727
0.001825906240262
0.001833259537642
0.001839283095472
0.001843944247227
0.001847216140409
0.001849077832878
0.001849514359059
0.001848516765870
0.001846082118408
0.001842213475576
0.001836919836024
0.001830216054905
0.001822122732131
0.001812666072955
0.001801877721854
0.001789794570815
0.001776458543285
0.001761916355141
0.001746219254166
0.001729422739622
0.001711586263599
0.001692772915919
0.001673049094421
0.001652484162550
0.001631150096198
0.001609121121787
0.001586473347637
0.001563284390638
0.001539633000279
0.001515598682071
0.001491261322375
0.001466700816616
0.001441996702836
0.001417227802464
0.001392471870124
0.001367805254253
0.001343302570166
0.001319036387178
0.001295076931229
0.001271491804402
0.001248345722580
0.001225700272385
0.001203613688391
0.001182140651512
0.001161332109304
0.001141235118785
0.001121892712254
0.001103343786445
0.001085623015204
0.001068760785750
0.001052783158443
0.001037711849842
0.001023564238705
0.001010353394466
0.000998088127587
0.000986773061075
0.000976408722340
0.000966991654466
0.000958514545867
0.000950966377208
0.000944332584404
0.000938595236410
0.000933733226482
0.000929722475506
0.000926536145956
0.000924144865028
0.000922516955416
0.000921618672250
0.000921414444639
0.000921867120321
0.000922938211892
0.000924588143135
0.000926776493989
0.000929462242722
0.000932604003953
0.000936160261193
0.000940089592640
0.000944350889054
0.000948903562579
0.000953707745500
0.000958724477965
0.000963915883831
0.000969245333867
0.000974677595648
0.000980178969576
0.000985717410563
0.000991262635028
0.000996786212936
0.001002261644735
0.001007664423144
0.001012972079838
0.001018164217178
0.001023222525235
0.001028130784444
0.001032874854313
0.001037442648696
0.001041824098220
0.001046011100521
0.001049997459029
0.001053778811082
0.001057352546211
0.001060717715500
0.001063874932945
0.001066826269774
0.001069575142731
0.001072126197328
0.001074485187088
0.001076658849804
0.001078654781841
0.001080481311492
0.001082147372379
0.001083662377873
0.001085036097481
0.001086278536087
0.001087399816922
0.001088410069076
0.001089319320304
0.001090137395841
0.001090873823853
0.001091537748120
0.001092137848447
0.001092682269241
0.001093178556635
0.001093633604433
0.001094053609107
0.001094444033985
0.001094809582703
0.001095154181902
0.001095480973111
0.001095792313656
0.001096089786375
0.001096374217866
0.001096645704918
0.001096903648715
0.001097146796362
0.001097373289221
0.001097580717499
0.001097766180488
0.001097926351840
0.001098057549189
0.001098155807457
0.001098216955121
0.001098236692725
0.001098210672907
0.001098134581214
0.001098004216973
0.001097815573497
0.001097564916931
0.001097248863044
0.001096864451313
0.001096409215662
0.001095881251263
0.001095279276849
0.001094602691996
0.001093851628937
0.001093026998455
0.001092130529496
0.001091164802187
0.001090133273988
0.001089040298767
0.001087891138664
0.001086691968633
0.001085449873647
0.001084172838574
0.001082869730816
0.001081550275843
0.001080225025810
0.001078905321503
0.001077603247907
0.001076331583728
0.001075103745252
0.001073933724966
0.001072836025400
0.001071825588665
0.001070917722233
0.001070128021465
0.001069472289490
0.001068966454968
0.001068626488361
0.001068468317280
0.001068507741513
0.001068760348313
0.001069241428543
0.001069965894227
0.001070948198070
0.001072202255483
0.001073741369595
0.001075578159756
0.001077724493959
0.001080191425587
0.001082989134877
0.001086126875403
0.001089612925893
0.001093454547607
0.001097657947479
0.001102228247177
0.001107169458186
0.001112484462960
0.001118175002173
0.001124241668008
0.001130683903422
0.001137500007246
0.001144687144948
0.001152241364866
0.001160157619636
0.001168429792548
0.001177050728501
0.001186012269213
0.001195305292310
0.001204919753894
0.001214844734172
0.001225068485721
0.001235578483931
0.001246361479190
0.001257403550347
0.001268690159006
0.001280206204193
0.001291936076971
0.001303863714565
0.001315972653594
0.001328246082022
0.001340666889452
0.001353217715443
0.001365880995523
0.001378639004638
0.001391473897785
0.001404367747630
0.001417302578952
0.001430260399772
0.001443223229103
0.001456173121268
0.001469092186791
0.001481962609895
0.001494766662710
0.001507486716293
0.001520105248641
0.001532604849892
0.001544968224959
0.001557178193850
0.001569217690003
0.001581069756945
0.001592717543641
0.001604144298906
0.001615333365274
0.001626268172737
0.001636932232757
0.001647309133001
0.001657382533191
0.001667136162517
0.001676553819015
0.001685619371304
0.001694316763094
0.001702630020795
0.001710543264601
0.001718040723335
0.001725106753349
0.001731725861721
0.001737882733948
0.001743562266300
0.001748749602951
0.001753430177955
0.001757589762089
0.001761214514523
0.001764291039250
0.001766806446109
0.001768748416239
0.001770105271698
0.001770866048957
0.001771020575908
0.001770559552000
0.001769474631029
0.001767758506096
0.001765404996192
0.001762409133811
0.001758767252982
0.001754477077056
0.001749537805560
0.001743950199417
0.001737716663783
0.001730841327774
0.001723330120305
0.001715190841305
0.001706433227521
0.001697069012183
0.001687111977779
0.001676578001222
0.001665485090718
0.001653853413671
0.001641705314998
0.001629065325273
0.001615960158164
0.001602418696674
0.001588471967788
0.001574153105124
0.001559497299338
0.001544541736037
0.001529325521056
0.001513889593038
0.001498276623331
0.001482530903283
0.001466698219133
0.001450825714748
0.001434961742569
0.001419155703195
0.001403457874127
0.001387919228286
0.001372591242983
0.001357525700107
0.001342774478392
0.001328389338653
0.001314421702995
0.001300922429040
0.001287941580267
0.001275528193647
0.001263730045757
0.001252593418634
0.001242162866641
0.001232480985660
0.001223588185921
0.001215522469814
0.001208319216015
0.001202010971251
