0.000265824964583
0.000265858648124
0.000265891456437
0.000265923390385
0.000265954450946
0.000265984639120
0.000266013955848
0.000266042401952
0.000266069978083
0.000266096684707
0.000266122522106
0.000266147490409
0.000266171589638
0.000266194819785
0.000266217180891
0.000266238673137
0.000266259296943
0.000266279053053
0.000266297942616
0.000266315967248
0.000266333129077
0.000266349430765
0.000266364875498
0.000266379466964
0.000266393209302
0.000266406107031
0.000266418164970
0.000266429388145
0.000266439781697
0.000266449350791
0.000266458100535
0.000266466035917
0.000266473161760
0.000266479482693
0.000266485003153
0.000266489727412
0.000266493659612
0.000266496803837
0.000266499164182
0.000266500744843
0.000266501550201
0.000266501584908
0.000266500853965
0.000266499362777
0.000266497117202
0.000266494123571
0.000266490388684
0.000266485919791
0.000266480724549
0.000266474810953
0.000266468187268
0.000266460861941
0.000266452843513
0.000266444140537
0.000266434761498
0.000266424714753
0.000266414008481
0.000266402650663
0.000266390649071
0.000266378011286
0.000266364744737
0.000266350856756
0.000266336354640
0.000266321245731
0.000266305537494
0.000266289237596
0.000266272353970
0.000266254894876
0.000266236868944
0.000266218285189
0.000266199153022
0.000266179482225
0.000266159282913
0.000266138565486
0.000266117340556
0.000266095618875
0.000266073411257
0.000266050728497
0.000266027581305
0.000266003980246
0.000265979935693
0.000265955457806
0.000265930556521
0.000265905241559
0.000265879522462
0.000265853408631
0.000265826909387
0.000265800034036
0.000265772791936
0.000265745192566
0.000265717245583
0.000265688960880
0.000265660348614
0.000265631419237
0.000265602183490
0.000265572652396
0.000265542837227
0.000265512749455
0.000265482400702
0.000265451802671
0.000265420967079
0.000265389905594
0.000265358629768
0.000265327150990
0.000265295480445
0.000265263629088
0.000265231607638
0.000265199426581
0.000265167096197
0.000265134626595
0.000265102027755
0.000265069309586
0.000265036481982
0.000265003554875
0.000264970538288
0.000264937442375
0.000264904277457
0.000264871054035
0.000264837782798
0.000264804474609
0.000264771140484
0.000264737791551
0.000264704439012
0.000264671094083
0.000264637767945
0.000264604471689
0.000264571216262
0.000264538012433
0.000264504870751
0.000264471801535
0.000264438814854
0.000264405920544
0.000264373128213
0.000264340447279
0.000264307886998
0.000264275456508
0.000264243164872
0.000264211021120
0.000264179034287
0.000264147213449
0.000264115567743
0.000264084106381
0.000264052838653
0.000264021773922
0.000263990921599
0.000263960291122
0.000263929891917
0.000263899733361
0.000263869824745
0.000263840175228
0.000263810793806
0.000263781689281
0.000263752870233
0.000263724345016
0.000263696121740
0.000263668208289
0.000263640612320
0.000263613341295
0.000263586402496
0.000263559803062
0.000263533550012
0.000263507650277
0.000263482110726
0.000263456938184
0.000263432139448
0.000263407721295
0.000263383690477
0.000263360053721
0.000263336817708
0.000263313989057
0.000263291574301
0.000263269579864
0.000263248012031
0.000263226876927
0.000263206180497
0.000263185928487
0.000263166126434
0.000263146779660
0.000263127893272
0.000263109472169
0.000263091521051
0.000263074044432
0.000263057046659
0.000263040531924
0.000263024504286
0.000263008967678
0.000262993925926
0.000262979382749
0.000262965341769
0.000262951806504
0.000262938780366
0.000262926266653
0.000262914268535
0.000262902789045
0.000262891831062
0.000262881397303
0.000262871490307
0.000262862112433
0.000262853265850
0.000262844952540
0.000262837174296
0.000262829932731
0.000262823229282
0.000262817065222
0.000262811441666
0.000262806359587
0.000262801819817
0.000262797823058
0.000262794369881
0.000262791460731
0.000262789095917
0.000262787275612
0.000262785999839
0.000262785268462
0.000262785081175
0.000262785437487
0.000262786336718
0.000262787777984
0.000262789760199
0.000262792282070
0.000262795342105
0.000262798938615
0.000262803069731
0.000262807733415
0.000262812927480
0.000262818649602
0.000262824897343
0.000262831668161
0.000262838959423
0.000262846768412
0.000262855092331
0.000262863928296
0.000262873273330
0.000262883124346
0.000262893478134
0.000262904331335
0.000262915680420
0.000262927521670
0.000262939851152
0.000262952664706
0.000262965957936
0.000262979726196
0.000262993964604
0.000263008668044
0.000263023831184
0.000263039448499
0.000263055514302
0.000263072022767
0.000263088967968
0.000263106343905
0.000263124144534
0.000263142363787
0.000263160995587
0.000263180033858
0.000263199472519
0.000263219305474
0.000263239526594
0.000263260129689
0.000263281108476
0.000263302456547
0.000263324167325
0.000263346234038
0.000263368649687
0.000263391407019
0.000263414498519
0.000263437916402
0.000263461652621
0.000263485698883
0.000263510046680
0.000263534687321
0.000263559611980
0.000263584811733
0.000263610277613
0.000263636000651
0.000263661971913
0.000263688182535
0.000263714623738
0.000263741286841
0.000263768163253
0.000263795244460
0.000263822521995
0.000263849987400
0.000263877632181
0.000263905447760
0.000263933425426
0.000263961556284
0.000263989831222
0.000264018240871
0.000264046775594
0.000264075425475
0.000264104180333
0.000264133029738
0.000264161963053
0.000264190969479
0.000264220038112
0.000264249157999
0.000264278318204
0.000264307507861
0.000264336716228
0.000264365932724
0.000264395146961
0.000264424348749
0.000264453528098
0.000264482675193
0.000264511780363
0.000264540834032
0.000264569826663
0.000264598748696
0.000264627590489
0.000264656342252
0.000264684994002
0.000264713535518
0.000264741956321
0.000264770245656
0.000264798392508
0.000264826385627
0.000264854213565
0.000264881864738
0.000264909327488
0.000264936590157
0.000264963641160
0.000264990469055
0.000265017062604
0.000265043410827
0.000265069503033
0.000265095328836
0.000265120878156
0.000265146141196
0.000265171108400
0.000265195770405
0.000265220117969
0.000265244141905
0.000265267832999
0.000265291181947
0.000265314179286
0.000265336815348
0.000265359080223
0.000265380963747
0.000265402455505
0.000265423544859
0.000265444220995
0.000265464472979
0.000265484289837
0.000265503660632
0.000265522574551
0.000265541020985
0.000265558989605
0.000265576470417
0.000265593453806
0.000265609930563
0.000265625891880
0.000265641329332
0.000265656234836
0.000265670600591
0.000265684419008
0.000265697682626
0.000265710384030
0.000265722515766
0.000265734070271
0.000265745039813
0.000265755416443
0.000265765191981
0.000265774358011
0.000265782905908
0.000265790826883
0.000265798112046
0.000265804752485
0.000265810739356
0.000265816063976
0.000265820717908
0.000265824693052
0.000265827981707
0.000265830576622
0.000265832471030
0.000265833658649
0.000265834133665
0.000265833890693
0.000265832924713
0.000265831230995
0.000265828805011
0.000265825642345
0.000265821738597
0.000265817089306
0.000265811689877
0.000265805535529
0.000265798621268
0.000265790941879
0.000265782491950
0.000265773265908
0.000265763258087
0.000265752462811
0.000265740874482
0.000265728487677
0.000265715297251
0.000265701298422
0.000265686486848
0.000265670858687
0.000265654410629
0.000265637139912
0.000265619044307
0.000265600122075
