0.000235235166223
0.000235217798702
0.000235199943841
0.000235181625784
0.000235162875216
0.000235143728350
0.000235124225739
0.000235104410941
0.000235084329101
0.000235064025495
0.000235043544079
0.000235022926115
0.000235002208889
0.000234981424597
0.000234960599408
0.000234939752753
0.000234918896846
0.000234898036467
0.000234877168994
0.000234856284692
0.000234835367245
0.000234814394502
0.000234793339420
0.000234772171162
0.000234750856322
0.000234729360215
0.000234707648214
0.000234685687063
0.000234663446148
0.000234640898653
0.000234618022594
0.000234594801673
0.000234571225941
0.000234547292232
0.000234523004369
0.000234498373131
0.000234473415975
0.000234448156536
0.000234422623911
0.000234396851759
0.000234370877251
0.000234344739888
0.000234318480257
0.000234292138747
0.000234265754271
0.000234239363053
0.000234212997508
0.000234186685265
0.000234160448353
0.000234134302602
0.000234108257255
0.000234082314820
0.000234056471160
0.000234030715820
0.000234005032582
0.000233979400211
0.000233953793390
0.000233928183782
0.000233902541204
0.000233876834854
0.000233851034548
0.000233825111933
0.000233799041616
0.000233772802182
0.000233746377058
0.000233719755189
0.000233692931515
0.000233665907226
0.000233638689781
0.000233611292708
0.000233583735187
0.000233556041430
0.000233528239893
0.000233500362345
0.000233472442826
0.000233444516543
0.000233416618742
0.000233388783589
0.000233361043109
0.000233333426221
0.000233305957892
0.000233278658446
0.000233251543051
0.000233224621393
0.000233197897549
0.000233171370057
0.000233145032185
0.000233118872371
0.000233092874831
0.000233067020303
0.000233041286891
0.000233015651002
0.000232990088304
0.000232964574717
0.000232939087353
0.000232913605421
0.000232888111025
0.000232862589863
0.000232837031780
0.000232811431172
0.000232785787232
0.000232760104016
0.000232734390346
0.000232708659556
0.000232682929074
0.000232657219877
0.000232631555830
0.000232605962932
0.000232580468496
0.000232555100300
0.000232529885728
0.000232504850933
0.000232480020054
0.000232455414518
0.000232431052431
0.000232406948106
0.000232383111719
0.000232359549114
0.000232336261768
0.000232313246902
0.000232290497742
0.000232268003921
0.000232245751994
0.000232223726061
0.000232201908468
0.000232180280556
0.000232158823437
0.000232137518770
0.000232116349500
0.000232095300544
0.000232074359394
0.000232053516614
0.000232032766225
0.000232012105950
0.000231991537325
0.000231971065665
0.000231950699897
0.000231930452256
0.000231910337871
0.000231890374252
0.000231870580690
0.000231850977616
0.000231831585919
0.000231812426267
0.000231793518448
0.000231774880756
0.000231756529445
0.000231738478270
0.000231720738133
0.000231703316830
0.000231686218930
0.000231669445767
0.000231652995548
0.000231636863577
0.000231621042571
0.000231605523071
0.000231590293907
0.000231575342722
0.000231560656521
0.000231546222224
0.000231532027203
0.000231518059794
0.000231504309750
0.000231490768626
0.000231477430091
0.000231464290149
0.000231451347265
0.000231438602398
0.000231426058939
0.000231413722563
0.000231401600997
0.000231389703725
0.000231378041632
0.000231366626610
0.000231355471136
0.000231344587845
0.000231333989107
0.000231323686622
0.000231313691065
0.000231304011763
0.000231294656441
0.000231285631034
0.000231276939569
0.000231268584121
0.000231260564848
0.000231252880087
0.000231245526524
0.000231238499421
0.000231231792877
0.000231225400138
0.000231219313921
0.000231213526746
0.000231208031263
0.000231202820562
0.000231197888450
0.000231193229690
0.000231188840187
0.000231184717124
0.000231180859033
0.000231177265808
0.000231173938660
0.000231170880013
0.000231168093354
0.000231165583038
0.000231163354061
0.000231161411816
0.000231159761831
0.000231158409518
0.000231157359932
0.000231156617548
0.000231156186082
0.000231156068347
0.000231156266156
0.000231156780280
0.000231157610447
0.000231158755404
0.000231160213014
0.000231161980396
0.000231164054098
0.000231166430294
0.000231169104985
0.000231172074217
0.000231175334276
0.000231178881873
0.000231182714301
0.000231186829557
0.000231191226425
0.000231195904509
0.000231200864235
0.000231206106789
0.000231211634029
0.000231217448350
0.000231223552520
0.000231229949490
0.000231236642194
0.000231243633339
0.000231250925201
0.000231258519438
0.000231266416921
0.000231274617601
0.000231283120418
0.000231291923241
0.000231301022872
0.000231310415083
0.000231320094709
0.000231330055781
0.000231340291703
0.000231350795454
0.000231361559822
0.000231372577653
0.000231383842102
0.000231395346881
0.000231407086499
0.000231419056464
0.000231431253463
0.000231443675496
0.000231456321955
0.000231469193660
0.000231482292821
0.000231495622959
0.000231509188756
0.000231522995854
0.000231537050609
0.000231551359798
0.000231565930299
0.000231580768754
0.000231595881216
0.000231611272814
0.000231626947429
0.000231642907412
0.000231659153341
0.000231675683847
0.000231692495492
0.000231709582738
0.000231726937987
0.000231744551703
0.000231762412614
0.000231780507992
0.000231798823995
0.000231817346068
0.000231836059387
0.000231854949326
0.000231874001936
0.000231893204412
0.000231912545529
0.000231932016039
0.000231951608988
0.000231971319969
0.000231991147266
0.000232011091913
0.000232031157632
0.000232051350672
0.000232071679536
0.000232092154624
0.000232112787778
0.000232133591768
0.000232154579726
0.000232175764545
0.000232197158285
0.000232218771588
0.000232240613132
0.000232262689155
0.000232285003056
0.000232307555099
0.000232330342224
0.000232353357986
0.000232376592616
0.000232400033207
0.000232423664020
0.000232447466902
0.000232471421796
0.000232495507329
0.000232519701459
0.000232543982151
0.000232568328057
0.000232592719189
0.000232617137538
0.000232641567634
0.000232665997019
0.000232690416614
0.000232714820969
0.000232739208387
0.000232763580917
0.000232787944205
0.000232812307229
0.000232836681899
0.000232861082565
0.000232885525417
0.000232910027828
0.000232934607635
0.000232959282402
0.000232984068678
0.000233008981283
0.000233034032639
0.000233059232178
0.000233084585841
0.000233110095689
0.000233135759644
0.000233161571368
0.000233187520282
0.000233213591742
0.000233239767345
0.000233266025379
0.000233292341398
0.000233318688893
0.000233345040054
0.000233371366593
0.000233397640594
0.000233423835373
0.000233449926308
0.000233475891613
0.000233501713031
0.000233527376412
0.000233552872158
0.000233578195520
0.000233603346711
0.000233628330866
0.000233653157803
0.000233677841618
0.000233702400122
0.000233726854118
0.000233751226569
0.000233775541661
0.000233799823812
0.000233824096647
0.000233848381991
0.000233872698906
0.000233897062818
0.000233921484760
0.000233945970770
0.000233970521457
0.000233995131771
0.000234019790967
0.000234044482791
0.000234069185858
0.000234093874237
0.000234118518198
0.000234143085117
0.000234167540491
0.000234191849031
0.000234215975797
0.000234239887325
0.000234263552714
0.000234286944619
0.000234310040128
0.000234332821474
0.000234355276570
0.000234377399337
0.000234399189816
0.000234420654060
0.000234441803811
0.000234462655967
0.000234483231868
0.000234503556421
0.000234523657097
0.000234543562833
0.000234563302888
0.000234582905671
0.000234602397618
0.000234621802120
0.000234641138559
