0.000167137841874
0.000167128324745
0.000167117221810
0.000167104631367
0.000167090674866
0.000167075493454
0.000167059244060
0.000167042095187
0.000167024222555
0.000167005804783
0.000166987019251
0.000166968038309
0.000166949025962
0.000166930135145
0.000166911505665
0.000166893262859
0.000166875516958
0.000166858363150
0.000166841882239
0.000166826141823
0.000166811197849
0.000166797096398
0.000166783875553
0.000166771567195
0.000166760198595
0.000166749793675
0.000166740373871
0.000166731958523
0.000166724564787
0.000166718207079
0.000166712896104
0.000166708637538
0.000166705430474
0.000166703265734
0.000166702124177
0.000166701975126
0.000166702775036
0.000166704466511
0.000166706977766
0.000166710222603
0.000166714100962
0.000166718500053
0.000166723296069
0.000166728356443
0.000166733542566
0.000166738712894
0.000166743726282
0.000166748445448
0.000166752740376
0.000166756491527
0.000166759592694
0.000166761953369
0.000166763500517
0.000166764179665
0.000166763955284
0.000166762810432
0.000166760745729
0.000166757777706
0.000166753936664
0.000166749264151
0.000166743810223
0.000166737630628
0.000166730784078
0.000166723329749
0.000166715325123
0.000166706824285
0.000166697876727
0.000166688526726
0.000166678813275
0.000166668770564
0.000166658428955
0.000166647816366
0.000166636959975
0.000166625888115
0.000166614632237
0.000166603228804
0.000166591720970
0.000166580159934
0.000166568605837
0.000166557128125
0.000166545805309
0.000166534724097
0.000166523977901
0.000166513664774
0.000166503884850
0.000166494737414
0.000166486317726
0.000166478713776
0.000166472003117
0.000166466249961
0.000166461502661
0.000166457791738
0.000166455128521
0.000166453504494
0.000166452891355
0.000166453241790
0.000166454490912
0.000166456558288
0.000166459350454
0.000166462763795
0.000166466687651
0.000166471007509
0.000166475608143
0.000166480376570
0.000166485204684
0.000166489991497
0.000166494644866
0.000166499082694
0.000166503233538
0.000166507036666
0.000166510441575
0.000166513407045
0.000166515899825
0.000166517893059
0.000166519364594
0.000166520295294
0.000166520667507
0.000166520463811
0.000166519666140
0.000166518255372
0.000166516211429
0.000166513513891
0.000166510143097
0.000166506081676
0.000166501316405
0.000166495840271
0.000166489654606
0.000166482771151
0.000166475213900
0.000166467020589
0.000166458243730
0.000166448951075
0.000166439225470
0.000166429164047
0.000166418876769
0.000166408484346
0.000166398115600
0.000166387904348
0.000166377985939
0.000166368493555
0.000166359554448
0.000166351286244
0.000166343793488
0.000166337164575
0.000166331469204
0.000166326756468
0.000166323053676
0.000166320365947
0.000166318676608
0.000166317948358
0.000166318125140
0.000166319134624
0.000166320891164
0.000166323299081
0.000166326256105
0.000166329656810
0.000166333395870
0.000166337371012
0.000166341485525
0.000166345650248
0.000166349784980
0.000166353819301
0.000166357692801
0.000166361354786
0.000166364763522
0.000166367885115
0.000166370692137
0.000166373162124
0.000166375276043
0.000166377016880
0.000166378368418
0.000166379314322
0.000166379837590
0.000166379920420
0.000166379544524
0.000166378691857
0.000166377345759
0.000166375492412
0.000166373122540
0.000166370233237
0.000166366829782
0.000166362927320
0.000166358552265
0.000166353743294
0.000166348551836
0.000166343041974
0.000166337289702
0.000166331381546
0.000166325412570
0.000166319483834
0.000166313699416
0.000166308163119
0.000166302975021
0.000166298228020
0.000166294004550
0.000166290373609
0.000166287388248
0.000166285083632
0.000166283475766
0.000166282560947
0.000166282315962
0.000166282699022
0.000166283651406
0.000166285099733
0.000166286958763
0.000166289134613
0.000166291528251
0.000166294039100
0.000166296568615
0.000166299023658
0.000166301319535
0.000166303382558
0.000166305152022
0.000166306581535
0.000166307639639
0.000166308309734
0.000166308589346
0.000166308488790
0.000166308029358
0.000166307241146
0.000166306160675
0.000166304828443
0.000166303286585
0.000166301576740
0.000166299738270
0.000166297806899
0.000166295813828
0.000166293785356
0.000166291742985
0.000166289703965
0.000166287682221
0.000166285689559
0.000166283737054
0.000166281836503
0.000166280001829
0.000166278250322
0.000166276603616
0.000166275088307
0.000166273736158
0.000166272583820
0.000166271672078
0.000166271044607
0.000166270746290
0.000166270821166
0.000166271310100
0.000166272248297
0.000166273662796
0.000166275570093
0.000166277974045
0.000166280864188
0.000166284214593
0.000166287983369
0.000166292112864
0.000166296530592
0.000166301150877
0.000166305877154
0.000166310604836
0.000166315224630
0.000166319626136
0.000166323701597
0.000166327349603
0.000166330478601
0.000166333010049
0.000166334881093
0.000166336046640
0.000166336480758
0.000166336177352
0.000166335150100
0.000166333431656
0.000166331072186
0.000166328137293
0.000166324705442
0.000166320865010
0.000166316711094
0.000166312342229
0.000166307857165
0.000166303351852
0.000166298916765
0.000166294634685
0.000166290579022
0.000166286812730
0.000166283387842
0.000166280345597
0.000166277717104
0.000166275524463
0.000166273782222
0.000166272499044
0.000166271679438
0.000166271325423
0.000166271437995
0.000166272018291
0.000166273068356
0.000166274591483
0.000166276592089
0.000166279075147
0.000166282045216
0.000166285505143
0.000166289454522
0.000166293888027
0.000166298793720
0.000166304151475
0.000166309931613
0.000166316093873
0.000166322586806
0.000166329347666
0.000166336302854
0.000166343368939
0.000166350454254
0.000166357461022
0.000166364287959
0.000166370833247
0.000166376997755
0.000166382688373
0.000166387821289
0.000166392325057
0.000166396143293
0.000166399236858
0.000166401585410
0.000166403188235
0.000166404064310
0.000166404251576
0.000166403805479
0.000166402796814
0.000166401309016
0.000166399434995
0.000166397273695
0.000166394926522
0.000166392493815
0.000166390071513
0.000166387748158
0.000166385602357
0.000166383700796
0.000166382096881
0.000166380830025
0.000166379925600
0.000166379395518
0.000166379239394
0.000166379446203
0.000166379996325
0.000166380863865
0.000166382019106
0.000166383430958
0.000166385069258
0.000166386906807
0.000166388921017
0.000166391095088
0.000166393418658
0.000166395887893
0.000166398505051
0.000166401277542
0.000166404216587
0.000166407335572
0.000166410648230
0.000166414166782
0.000166417900184
0.000166421852599
0.000166426022215
0.000166430400480
0.000166434971830
0.000166439713919
0.000166444598347
0.000166449591845
0.000166454657854
0.000166459758398
0.000166464856148
0.000166469916562
0.000166474909961
0.000166479813440
0.000166484612470
0.000166489302117
0.000166493887760
0.000166498385272
0.000166502820605
0.000166507228783
0.000166511652317
0.000166516139108
0.000166520739913
0.000166525505498
0.000166530483609
0.000166535715921
0.000166541235132
0.000166547062348
0.000166553204931
0.000166559654921
0.000166566388152
0.000166573364105
0.000166580526542
0.000166587804899
0.000166595116373
0.000166602368622
0.000166609462946
0.000166616297808
0.000166622772530
0.000166628791001
0.000166634265243
0.000166639118671
0.000166643288926
0.000166646730166
0.000166649414743
0.000166651334199
0.000166652499572
