0.000402977525612
0.000403103762868
0.000403236523353
0.000403375733059
0.000403521315195
0.000403673190225
0.000403831275907
0.000403995487334
0.000404165736972
0.000404341934711
0.000404523987906
0.000404711801428
0.000404905277711
0.000405104316809
0.000405308816443
0.000405518672061
0.000405733776890
0.000405954022000
0.000406179296360
0.000406409486901
0.000406644478575
0.000406884154428
0.000407128395655
0.000407377081674
0.000407630090193
0.000407887297277
0.000408148577420
0.000408413803617
0.000408682847436
0.000408955579094
0.000409231867526
0.000409511580466
0.000409794584521
0.000410080745248
0.000410369927232
0.000410661994165
0.000410956808923
0.000411254233648
0.000411554129827
0.000411856358370
0.000412160779696
0.000412467253808
0.000412775640379
0.000413085798832
0.000413397588419
0.000413710868306
0.000414025497653
0.000414341335696
0.000414658241827
0.000414976075678
0.000415294697198
0.000415613966738
0.000415933745127
0.000416253893756
0.000416574274653
0.000416894750566
0.000417215185038
0.000417535442487
0.000417855388281
0.000418174888814
0.000418493811584
0.000418812025264
0.000419129399777
0.000419445806370
0.000419761117684
0.000420075207823
0.000420387952424
0.000420699228730
0.000421008915650
0.000421316893826
0.000421623045702
0.000421927255582
0.000422229409693
0.000422529396248
0.000422827105499
0.000423122429798
0.000423415263654
0.000423705503781
0.000423993049156
0.000424277801069
0.000424559663168
0.000424838541509
0.000425114344604
0.000425386983457
0.000425656371615
0.000425922425200
0.000426185062953
0.000426444206266
0.000426699779219
0.000426951708608
0.000427199923983
0.000427444357668
0.000427684944792
0.000427921623311
0.000428154334033
0.000428383020635
0.000428607629684
0.000428828110649
0.000429044415920
0.000429256500817
0.000429464323598
0.000429667845472
0.000429867030598
0.000430061846094
0.000430252262037
0.000430438251459
0.000430619790350
0.000430796857646
0.000430969435230
0.000431137507918
0.000431301063446
0.000431460092464
0.000431614588515
0.000431764548020
0.000431909970258
0.000432050857346
0.000432187214216
0.000432319048589
0.000432446370948
0.000432569194512
0.000432687535199
0.000432801411603
0.000432910844950
0.000433015859068
0.000433116480348
0.000433212737702
0.000433304662526
0.000433392288653
0.000433475652311
0.000433554792074
0.000433629748820
0.000433700565676
0.000433767287969
0.000433829963176
0.000433888640868
0.000433943372657
0.000433994212140
0.000434041214838
0.000434084438142
0.000434123941253
0.000434159785117
0.000434192032367
0.000434220747259
0.000434245995607
0.000434267844719
0.000434286363333
0.000434301621547
0.000434313690754
0.000434322643574
0.000434328553783
0.000434331496247
0.000434331546851
0.000434328782425
0.000434323280680
0.000434315120132
0.000434304380029
0.000434291140285
0.000434275481402
0.000434257484402
0.000434237230752
0.000434214802292
0.000434190281163
0.000434163749734
0.000434135290531
0.000434104986162
0.000434072919249
0.000434039172351
0.000434003827898
0.000433966968117
0.000433928674960
0.000433889030038
0.000433848114547
0.000433806009201
0.000433762794164
0.000433718548981
0.000433673352513
0.000433627282866
0.000433580417331
0.000433532832317
0.000433484603287
0.000433435804697
0.000433386509932
0.000433336791247
0.000433286719707
0.000433236365129
0.000433185796025
0.000433135079547
0.000433084281428
0.000433033465936
0.000432982695816
0.000432932032243
0.000432881534769
0.000432831261281
0.000432781267951
0.000432731609192
0.000432682337616
0.000432633503992
0.000432585157206
0.000432537344225
0.000432490110058
0.000432443497722
0.000432397548210
0.000432352300461
0.000432307791326
0.000432264055547
0.000432221125727
0.000432179032306
0.000432137803541
0.000432097465486
0.000432058041972
0.000432019554594
0.000431982022691
0.000431945463341
0.000431909891343
0.000431875319215
0.000431841757184
0.000431809213181
0.000431777692841
0.000431747199499
0.000431717734196
0.000431689295676
0.000431661880397
0.000431635482536
0.000431610093995
0.000431585704418
0.000431562301200
0.000431539869502
0.000431518392271
0.000431497850254
0.000431478222021
0.000431459483989
0.000431441610445
0.000431424573570
0.000431408343469
0.000431392888203
0.000431378173814
0.000431364164366
0.000431350821975
0.000431338106844
0.000431325977309
0.000431314389869
0.000431303299236
0.000431292658373
0.000431282418539
0.000431272529338
0.000431262938764
0.000431253593250
0.000431244437721
0.000431235415640
0.000431226469070
0.000431217538718
0.000431208564000
0.000431199483089
0.000431190232981
0.000431180749548
0.000431170967601
0.000431160820950
0.000431150242467
0.000431139164147
0.000431127517173
0.000431115231982
0.000431102238327
0.000431088465347
0.000431073841630
0.000431058295283
0.000431041753999
0.000431024145126
0.000431005395736
0.000430985432692
0.000430964182722
0.000430941572485
0.000430917528644
0.000430891977936
0.000430864847240
0.000430836063653
0.000430805554554
0.000430773247681
0.000430739071199
0.000430702953769
0.000430664824622
0.000430624613627
0.000430582251358
0.000430537669172
0.000430490799269
0.000430441574766
0.000430389929763
0.000430335799412
0.000430279119984
0.000430219828935
0.000430157864971
0.000430093168113
0.000430025679766
0.000429955342772
0.000429882101485
0.000429805901822
0.000429726691330
0.000429644419241
0.000429559036535
0.000429470495993
0.000429378752256
0.000429283761877
0.000429185483380
0.000429083877303
0.000428978906261
0.000428870534982
0.000428758730369
0.000428643461535
0.000428524699854
0.000428402419006
0.000428276595014
0.000428147206288
0.000428014233664
0.000427877660437
0.000427737472404
0.000427593657891
0.000427446207786
0.000427295115572
0.000427140377356
0.000426981991889
0.000426819960598
0.000426654287607
0.000426484979756
0.000426312046619
0.000426135500526
0.000425955356576
0.000425771632648
0.000425584349414
0.000425393530349
0.000425199201738
0.000425001392681
0.000424800135096
0.000424595463720
0.000424387416110
0.000424176032640
0.000423961356493
0.000423743433660
0.000423522312927
0.000423298045864
0.000423070686815
0.000422840292882
0.000422606923908
0.000422370642460
0.000422131513804
0.000421889605887
0.000421644989312
0.000421397737308
0.000421147925705
0.000420895632902
0.000420640939838
0.000420383929952
0.000420124689154
0.000419863305781
0.000419599870563
0.000419334476579
0.000419067219215
0.000418798196119
0.000418527507154
0.000418255254353
0.000417981541868
0.000417706475915
0.000417430164730
0.000417152718506
0.000416874249346
0.000416594871197
0.000416314699801
0.000416033852626
0.000415752448815
0.000415470609116
0.000415188455820
0.000414906112702
0.000414623704947
0.000414341359090
0.000414059202945
0.000413777365538
0.000413495977033
0.000413215168668
0.000412935072680
0.000412655822232
0.000412377551342
0.000412100394808
0.000411824488136
0.000411549967463
0.000411276969483
0.000411005631369
0.000410736090701
0.000410468485387
0.000410202953584
0.000409939633627
0.000409678663945
0.000409420182989
0.000409164329151
0.000408911240687
0.000408661055643
0.000408413911774
0.000408169946467
0.000407929296666
0.000407692098795
0.000407458488678
0.000407228601469
0.000407002571571
0.000406780532565
