0.000396835722694
0.000396987731581
0.000397145761213
0.000397309728701
0.000397479548724
0.000397655133567
0.000397836393170
0.000398023235172
0.000398215564956
0.000398413285698
0.000398616298421
0.000398824502044
0.000399037793435
0.000399256067466
0.000399479217068
0.000399707133292
0.000399939705363
0.000400176820742
0.000400418365187
0.000400664222815
0.000400914276164
0.000401168406260
0.000401426492679
0.000401688413615
0.000401954045949
0.000402223265311
0.000402495946158
0.000402771961833
0.000403051184644
0.000403333485931
0.000403618736138
0.000403906804886
0.000404197561043
0.000404490872800
0.000404786607746
0.000405084632936
0.000405384814969
0.000405687020064
0.000405991114132
0.000406296962849
0.000406604431736
0.000406913386230
0.000407223691759
0.000407535213820
0.000407847818047
0.000408161370295
0.000408475736706
0.000408790783786
0.000409106378481
0.000409422388246
0.000409738681120
0.000410055125801
0.000410371591712
0.000410687949077
0.000411004068991
0.000411319823487
0.000411635085611
0.000411949729483
0.000412263630371
0.000412576664755
0.000412888710395
0.000413199646391
0.000413509353254
0.000413817712964
0.000414124609032
0.000414429926564
0.000414733552316
0.000415035374759
0.000415335284129
0.000415633172485
0.000415928933768
0.000416222463849
0.000416513660581
0.000416802423854
0.000417088655638
0.000417372260035
0.000417653143323
0.000417931214001
0.000418206382831
0.000418478562880
0.000418747669559
0.000419013620662
0.000419276336403
0.000419535739445
0.000419791754942
0.000420044310563
0.000420293336522
0.000420538765612
0.000420780533222
0.000421018577366
0.000421252838706
0.000421483260570
0.000421709788970
0.000421932372621
0.000422150962956
0.000422365514137
0.000422575983065
0.000422782329394
0.000422984515534
0.000423182506659
0.000423376270709
0.000423565778391
0.000423751003183
0.000423931921326
0.000424108511825
0.000424280756442
0.000424448639686
0.000424612148806
0.000424771273780
0.000424926007299
0.000425076344757
0.000425222284227
0.000425363826451
0.000425500974813
0.000425633735320
0.000425762116578
0.000425886129765
0.000426005788608
0.000426121109347
0.000426232110712
0.000426338813887
0.000426441242477
0.000426539422472
0.000426633382213
0.000426723152349
0.000426808765804
0.000426890257727
0.000426967665459
0.000427041028480
0.000427110388372
0.000427175788765
0.000427237275294
0.000427294895548
0.000427348699019
0.000427398737053
0.000427445062795
0.000427487731134
0.000427526798652
0.000427562323567
0.000427594365674
0.000427622986289
0.000427648248190
0.000427670215561
0.000427688953924
0.000427704530086
0.000427717012075
0.000427726469073
0.000427732971361
0.000427736590250
0.000427737398018
0.000427735467848
0.000427730873761
0.000427723690549
0.000427713993714
0.000427701859399
0.000427687364323
0.000427670585714
0.000427651601244
0.000427630488961
0.000427607327223
0.000427582194633
0.000427555169970
0.000427526332124
0.000427495760031
0.000427463532606
0.000427429728675
0.000427394426914
0.000427357705781
0.000427319643453
0.000427280317759
0.000427239806120
0.000427198185483
0.000427155532260
0.000427111922265
0.000427067430653
0.000427022131860
0.000426976099541
0.000426929406514
0.000426882124700
0.000426834325065
0.000426786077566
0.000426737451092
0.000426688513413
0.000426639331125
0.000426589969597
0.000426540492922
0.000426490963863
0.000426441443808
0.000426391992722
0.000426342669098
0.000426293529913
0.000426244630585
0.000426196024931
0.000426147765124
0.000426099901654
0.000426052483291
0.000426005557046
0.000425959168139
0.000425913359963
0.000425868174049
0.000425823650042
0.000425779825668
0.000425736736704
0.000425694416959
0.000425652898243
0.000425612210348
0.000425572381026
0.000425533435971
0.000425495398801
0.000425458291040
0.000425422132109
0.000425386939306
0.000425352727805
0.000425319510639
0.000425287298695
0.000425256100714
0.000425225923278
0.000425196770816
0.000425168645602
0.000425141547755
0.000425115475241
0.000425090423885
0.000425066387371
0.000425043357253
0.000425021322967
0.000425000271841
0.000424980189112
0.000424961057936
0.000424942859413
0.000424925572599
0.000424909174530
0.000424893640244
0.000424878942807
0.000424865053333
0.000424851941018
0.000424839573164
0.000424827915210
0.000424816930766
0.000424806581646
0.000424796827901
0.000424787627856
0.000424778938150
0.000424770713772
0.000424762908104
0.000424755472962
0.000424748358639
0.000424741513950
0.000424734886278
0.000424728421621
0.000424722064641
0.000424715758711
0.000424709445967
0.000424703067360
0.000424696562710
0.000424689870757
0.000424682929214
0.000424675674829
0.000424668043436
0.000424659970013
0.000424651388742
0.000424642233069
0.000424632435756
0.000424621928953
0.000424610644248
0.000424598512735
0.000424585465074
0.000424571431554
0.000424556342154
0.000424540126611
0.000424522714477
0.000424504035189
0.000424484018133
0.000424462592702
0.000424439688370
0.000424415234750
0.000424389161661
0.000424361399194
0.000424331877777
0.000424300528237
0.000424267281869
0.000424232070496
0.000424194826539
0.000424155483075
0.000424113973907
0.000424070233621
0.000424024197656
0.000423975802361
0.000423924985060
0.000423871684116
0.000423815838984
0.000423757390283
0.000423696279844
0.000423632450779
0.000423565847534
0.000423496415946
0.000423424103306
0.000423348858405
0.000423270631598
0.000423189374853
0.000423105041807
0.000423017587814
0.000422926970000
0.000422833147310
0.000422736080558
0.000422635732474
0.000422532067750
0.000422425053085
0.000422314657229
0.000422200851026
0.000422083607452
0.000421962901657
0.000421838711005
0.000421711015105
0.000421579795851
0.000421445037457
0.000421306726482
0.000421164851867
0.000421019404964
0.000420870379559
0.000420717771901
0.000420561580726
0.000420401807280
0.000420238455338
0.000420071531223
0.000419901043827
0.000419727004622
0.000419549427677
0.000419368329670
0.000419183729896
0.000418995650280
0.000418804115377
0.000418609152386
0.000418410791147
0.000418209064142
0.000418004006500
0.000417795655988
0.000417584053015
0.000417369240618
0.000417151264461
0.000416930172820
0.000416706016578
0.000416478849208
0.000416248726756
0.000416015707833
0.000415779853586
0.000415541227685
0.000415299896302
0.000415055928080
0.000414809394116
0.000414560367930
0.000414308925435
0.000414055144910
0.000413799106968
0.000413540894517
0.000413280592733
0.000413018289015
0.000412754072953
0.000412488036285
0.000412220272855
0.000411950878572
0.000411679951365
0.000411407591137
0.000411133899716
0.000410858980810
0.000410582939954
0.000410305884462
0.000410027923369
0.000409749167384
0.000409469728829
0.000409189721588
0.000408909261046
0.000408628464033
0.000408347448762
0.000408066334773
0.000407785242867
0.000407504295047
0.000407223614453
0.000406943325298
0.000406663552805
0.000406384423141
0.000406106063349
0.000405828601281
0.000405552165534
0.000405276885379
0.000405002890693
0.000404730311888
0.000404459279845
0.000404189925844
0.000403922381489
0.000403656778642
0.000403393249352
0.000403131925781
0.000402872940135
0.000402616424595
0.000402362511241
0.000402111331983
0.000401863018492
0.000401617702125
0.000401375513856
0.000401136584207
0.000400901043174
