0.000215614562035
0.000215590178758
0.000215566031431
0.000215542113643
0.000215518409775
0.000215494895528
0.000215471538685
0.000215448300082
0.000215425134772
0.000215401993347
0.000215378823381
0.000215355570959
0.000215332182258
0.000215308605130
0.000215284790649
0.000215260694578
0.000215236278725
0.000215211512131
0.000215186372069
0.000215160844816
0.000215134926175
0.000215108621725
0.000215081946778
0.000215054926059
0.000215027593086
0.000214999989293
0.000214972162888
0.000214944167504
0.000214916060666
0.000214887902132
0.000214859752141
0.000214831669653
0.000214803710606
0.000214775926268
0.000214748361734
0.000214721054604
0.000214694033905
0.000214667319273
0.000214640920445
0.000214614837044
0.000214589058704
0.000214563565492
0.000214538328645
0.000214513311579
0.000214488471146
0.000214463759093
0.000214439123678
0.000214414511397
0.000214389868748
0.000214365143996
0.000214340288863
0.000214315260093
0.000214290020849
0.000214264541883
0.000214238802450
0.000214212790939
0.000214186505193
0.000214159952530
0.000214133149450
0.000214106121056
0.000214078900205
0.000214051526435
0.000214024044693
0.000213996503924
0.000213968955560
0.000213941451969
0.000213914044904
0.000213886784013
0.000213859715443
0.000213832880585
0.000213806314995
0.000213780047514
0.000213754099613
0.000213728484973
0.000213703209308
0.000213678270435
0.000213653658565
0.000213629356829
0.000213605341986
0.000213581585314
0.000213558053632
0.000213534710433
0.000213511517085
0.000213488434059
0.000213465422158
0.000213442443697
0.000213419463614
0.000213396450472
0.000213373377337
0.000213350222499
0.000213326970035
0.000213303610198
0.000213280139627
0.000213256561373
0.000213232884762
0.000213209125084
0.000213185303134
0.000213161444610
0.000213137579393
0.000213113740722
0.000213089964293
0.000213066287296
0.000213042747422
0.000213019381865
0.000212996226339
0.000212973314149
0.000212950675319
0.000212928335833
0.000212906316977
0.000212884634827
0.000212863299882
0.000212842316861
0.000212821684660
0.000212801396489
0.000212781440156
0.000212761798522
0.000212742450083
0.000212723369682
0.000212704529324
0.000212685899064
0.000212667447957
0.000212649145024
0.000212630960222
0.000212612865378
0.000212594835075
0.000212576847438
0.000212558884827
0.000212540934390
0.000212522988470
0.000212505044850
0.000212487106832
0.000212469183133
0.000212451287615
0.000212433438853
0.000212415659546
0.000212397975812
0.000212380416361
0.000212363011612
0.000212345792743
0.000212328790748
0.000212312035500
0.000212295554872
0.000212279373938
0.000212263514275
0.000212247993394
0.000212232824316
0.000212218015295
0.000212203569700
0.000212189486064
0.000212175758268
0.000212162375888
0.000212149324652
0.000212136587024
0.000212124142866
0.000212111970174
0.000212100045852
0.000212088346507
0.000212076849226
0.000212065532325
0.000212054376036
0.000212043363106
0.000212032479309
0.000212021713833
0.000212011059547
0.000212000513137
0.000211990075111
0.000211979749682
0.000211969544531
0.000211959470464
0.000211949540990
0.000211939771819
0.000211930180316
0.000211920784928
0.000211911604595
0.000211902658175
0.000211893963890
0.000211885538826
0.000211877398467
0.000211869556314
0.000211862023569
0.000211854808895
0.000211847918266
0.000211841354902
0.000211835119282
0.000211829209249
0.000211823620183
0.000211818345249
0.000211813375707
0.000211808701267
0.000211804310486
0.000211800191186
0.000211796330886
0.000211792717220
0.000211789338346
0.000211786183314
0.000211783242397
0.000211780507359
0.000211777971680
0.000211775630695
0.000211773481679
0.000211771523865
0.000211769758389
0.000211768188180
0.000211766817791
0.000211765653188
0.000211764701487
0.000211763970669
0.000211763469267
0.000211763206039
0.000211763189649
0.000211763428340
0.000211763929646
0.000211764700118
0.000211765745102
0.000211767068560
0.000211768672955
0.000211770559191
0.000211772726627
0.000211775173144
0.000211777895290
0.000211780888466
0.000211784147169
0.000211787665269
0.000211791436303
0.000211795453788
0.000211799711522
0.000211804203864
0.000211808925991
0.000211813874104
0.000211819045587
0.000211824439109
0.000211830054659
0.000211835893527
0.000211841958218
0.000211848252315
0.000211854780280
0.000211861547227
0.000211868558648
0.000211875820123
0.000211883337013
0.000211891114164
0.000211899155611
0.000211907464321
0.000211916041971
0.000211924888772
0.000211934003360
0.000211943382750
0.000211953022358
0.000211962916101
0.000211973056562
0.000211983435225
0.000211994042753
0.000212004869323
0.000212015904981
0.000212027140013
0.000212038565311
0.000212050172725
0.000212061955377
0.000212073907929
0.000212086026796
0.000212098310293
0.000212110758708
0.000212123374308
0.000212136161270
0.000212149125545
0.000212162274651
0.000212175617423
0.000212189163701
0.000212202923989
0.000212216909082
0.000212231129681
0.000212245595997
0.000212260317374
0.000212275301923
0.000212290556195
0.000212306084891
0.000212321890634
0.000212337973792
0.000212354332377
0.000212370962015
0.000212387855978
0.000212405005309
0.000212422398993
0.000212440024204
0.000212457866608
0.000212475910701
0.000212494140197
0.000212512538428
0.000212531088766
0.000212549775052
0.000212568582006
0.000212587495636
0.000212606503614
0.000212625595618
0.000212644763634
0.000212664002208
0.000212683308641
0.000212702683112
0.000212722128740
0.000212741651555
0.000212761260400
0.000212780966732
0.000212800784354
0.000212820729054
0.000212840818166
0.000212861070070
0.000212881503628
0.000212902137580
0.000212922989916
0.000212944077241
0.000212965414152
0.000212987012653
0.000213008881623
0.000213031026360
0.000213053448213
0.000213076144334
0.000213099107534
0.000213122326287
0.000213145784858
0.000213169463578
0.000213193339254
0.000213217385706
0.000213241574427
0.000213265875350
0.000213290257686
0.000213314690831
0.000213339145301
0.000213363593663
0.000213388011432
0.000213412377908
0.000213436676903
0.000213460897342
0.000213485033712
0.000213509086324
0.000213533061382
0.000213556970860
0.000213580832158
0.000213604667580
0.000213628503621
0.000213652370096
0.000213676299144
0.000213700324130
0.000213724478488
0.000213748794551
0.000213773302390
0.000213798028726
0.000213822995930
0.000213848221161
0.000213873715674
0.000213899484302
0.000213925525161
0.000213951829564
0.000213978382165
0.000214005161319
0.000214032139661
0.000214059284865
0.000214086560583
0.000214113927511
0.000214141344560
0.000214168770089
0.000214196163148
0.000214223484707
0.000214250698811
0.000214277773638
0.000214304682409
0.000214331404135
0.000214357924180
0.000214384234606
0.000214410334315
0.000214436228978
0.000214461930753
0.000214487457818
0.000214512833725
0.000214538086607
0.000214563248262
0.000214588353142
0.000214613437276
0.000214638537166
0.000214663688677
0.000214688925957
0.000214714280411
0.000214739779761
0.000214765447213
0.000214791300747
0.000214817352554
0.000214843608631
0.000214870068542
0.000214896725349
0.000214923565720
0.000214950570201
0.000214977713653
0.000215004965831
0.000215032292106
0.000215059654295
0.000215087011594
0.000215114321575
0.000215141541245
0.000215168628121
0.000215195541308
0.000215222242560
0.000215248697283
