0.000257174913087
0.000257204485019
0.000257233350543
0.000257261511896
0.000257288969882
0.000257315724005
0.000257341772667
0.000257367113430
0.000257391743330
0.000257415659213
0.000257438858086
0.000257461337465
0.000257483095699
0.000257504132251
0.000257524447924
0.000257544045021
0.000257562927436
0.000257581100657
0.000257598571693
0.000257615348932
0.000257631441924
0.000257646861115
0.000257661617532
0.000257675722453
0.000257689187059
0.000257702022108
0.000257714237620
0.000257725842625
0.000257736844950
0.000257747251084
0.000257757066110
0.000257766293720
0.000257774936297
0.000257782995073
0.000257790470351
0.000257797361771
0.000257803668615
0.000257809390131
0.000257814525859
0.000257819075947
0.000257823041428
0.000257826424455
0.000257829228489
0.000257831458401
0.000257833120520
0.000257834222600
0.000257834773716
0.000257834784095
0.000257834264891
0.000257833227917
0.000257831685347
0.000257829649399
0.000257827132028
0.000257824144633
0.000257820697795
0.000257816801068
0.000257812462819
0.000257807690140
0.000257802488825
0.000257796863419
0.000257790817328
0.000257784352995
0.000257777472121
0.000257770175930
0.000257762465450
0.000257754341812
0.000257745806533
0.000257736861786
0.000257727510627
0.000257717757182
0.000257707606773
0.000257697065982
0.000257686142653
0.000257674845824
0.000257663185604
0.000257651172994
0.000257638819662
0.000257626137689
0.000257613139298
0.000257599836575
0.000257586241204
0.000257572364225
0.000257558215832
0.000257543805208
0.000257529140430
0.000257514228417
0.000257499074950
0.000257483684750
0.000257468061604
0.000257452208543
0.000257436128061
0.000257419822348
0.000257403293546
0.000257386544001
0.000257369576497
0.000257352394472
0.000257335002185
0.000257317404847
0.000257299608699
0.000257281621028
0.000257263450134
0.000257245105241
0.000257226596361
0.000257207934116
0.000257189129533
0.000257170193817
0.000257151138118
0.000257131973303
0.000257112709746
0.000257093357145
0.000257073924375
0.000257054419389
0.000257034849161
0.000257015219686
0.000256995536028
0.000256975802414
0.000256956022364
0.000256936198868
0.000256916334570
0.000256896431974
0.000256876493655
0.000256856522450
0.000256836521639
0.000256816495098
0.000256796447406
0.000256776383921
0.000256756310809
0.000256736235021
0.000256716164237
0.000256696106765
0.000256676071402
0.000256656067279
0.000256636103681
0.000256616189865
0.000256596334876
0.000256576547380
0.000256556835515
0.000256537206772
0.000256517667910
0.000256498224904
0.000256478882944
0.000256459646462
0.000256440519203
0.000256421504322
0.000256402604513
0.000256383822155
0.000256365159465
0.000256346618656
0.000256328202089
0.000256309912405
0.000256291752643
0.000256273726324
0.000256255837505
0.000256238090800
0.000256220491367
0.000256203044862
0.000256185757360
0.000256168635263
0.000256151685170
0.000256134913758
0.000256118327638
0.000256101933233
0.000256085736648
0.000256069743575
0.000256053959205
0.000256038388173
0.000256023034535
0.000256007901762
0.000255992992776
0.000255978310002
0.000255963855444
0.000255949630783
0.000255935637477
0.000255921876874
0.000255908350318
0.000255895059248
0.000255882005291
0.000255869190321
0.000255856616517
0.000255844286379
0.000255832202733
0.000255820368703
0.000255808787672
0.000255797463212
0.000255786399011
0.000255775598785
0.000255765066189
0.000255754804728
0.000255744817678
0.000255735108012
0.000255725678352
0.000255716530928
0.000255707667567
0.000255699089695
0.000255690798359
0.000255682794277
0.000255675077883
0.000255667649405
0.000255660508927
0.000255653656473
0.000255647092071
0.000255640815818
0.000255634827931
0.000255629128784
0.000255623718927
0.000255618599084
0.000255613770142
0.000255609233115
0.000255604989097
0.000255601039204
0.000255597384508
0.000255594025974
0.000255590964387
0.000255588200297
0.000255585733970
0.000255583565350
0.000255581694039
0.000255580119295
0.000255578840049
0.000255577854933
0.000255577162331
0.000255576760436
0.000255576647316
0.000255576820988
0.000255577279485
0.000255578020925
0.000255579043566
0.000255580345846
0.000255581926410
0.000255583784120
0.000255585918040
0.000255588327404
0.000255591011570
0.000255593969956
0.000255597201962
0.000255600706893
0.000255604483869
0.000255608531751
0.000255612849062
0.000255617433933
0.000255622284061
0.000255627396683
0.000255632768581
0.000255638396103
0.000255644275213
0.000255650401550
0.000255656770515
0.000255663377368
0.000255670217326
0.000255677285668
0.000255684577835
0.000255692089518
0.000255699816728
0.000255707755850
0.000255715903668
0.000255724257364
0.000255732814495
0.000255741572933
0.000255750530793
0.000255759686332
0.000255769037834
0.000255778583491
0.000255788321275
0.000255798248817
0.000255808363303
0.000255818661379
0.000255829139086
0.000255839791824
0.000255850614343
0.000255861600767
0.000255872744655
0.000255884039089
0.000255895476778
0.000255907050202
0.000255918751748
0.000255930573865
0.000255942509208
0.000255954550781
0.000255966692047
0.000255978927026
0.000255991250349
0.000256003657292
0.000256016143755
0.000256028706215
0.000256041341645
0.000256054047388
0.000256066821022
0.000256079660193
0.000256092562447
0.000256105525054
0.000256118544848
0.000256131618077
0.000256144740285
0.000256157906227
0.000256171109814
0.000256184344117
0.000256197601395
0.000256210873177
0.000256224150382
0.000256237423467
0.000256250682603
0.000256263917870
0.000256277119455
0.000256290277846
0.000256303384015
0.000256316429573
0.000256329406892
0.000256342309190
0.000256355130566
0.000256367865989
0.000256380511239
0.000256393062804
0.000256405517732
0.000256417873453
0.000256430127573
0.000256442277660
0.000256454321020
0.000256466254490
0.000256478074245
0.000256489775641
0.000256501353096
0.000256512800019
0.000256524108793
0.000256535270804
0.000256546276533
0.000256557115689
0.000256567777385
0.000256578250354
0.000256588523178
0.000256598584533
0.000256608423433
0.000256618029455
0.000256627392943
0.000256636505165
0.000256645358430
0.000256653946149
0.000256662262842
0.000256670304078
0.000256678066369
0.000256685547006
0.000256692743855
0.000256699655124
0.000256706279102
0.000256712613896
0.000256718657179
0.000256724405949
0.000256729856329
0.000256735003410
0.000256739841147
0.000256744362313
0.000256748558518
0.000256752420290
0.000256755937212
0.000256759098116
0.000256761891314
0.000256764304865
0.000256766326853
0.000256767945674
0.000256769150308
0.000256769930562
0.000256770277275
0.000256770182475
0.000256769639473
0.000256768642890
0.000256767188626
0.000256765273753
0.000256762896353
0.000256760055303
0.000256756750021
0.000256752980174
0.000256748745385
0.000256744044934
0.000256738877479
0.000256733240810
0.000256727131646
0.000256720545498
0.000256713476581
0.000256705917811
0.000256697860864
0.000256689296304
0.000256680213774
0.000256670602240
0.000256660450269
0.000256649746343
0.000256638479171
0.000256626638003
0.000256614212913
0.000256601195050
0.000256587576834
0.000256573352089
0.000256558516113
0.000256543065663
0.000256526998878
0.000256510315127
0.000256493014794
0.000256475099018
0.000256456569389
0.000256437427626
0.000256417675248
0.000256397313260
0.000256376341863
