0.000159521720676
0.000159513669501
0.000159505920669
0.000159498364046
0.000159490889691
0.000159483390442
0.000159475764306
0.000159467916527
0.000159459761270
0.000159451222843
0.000159442236447
0.000159432748454
0.000159422716247
0.000159412107695
0.000159400900340
0.000159389080408
0.000159376641748
0.000159363584797
0.000159349915675
0.000159335645484
0.000159320789859
0.000159305368797
0.000159289406772
0.000159272933085
0.000159255982410
0.000159238595450
0.000159220819616
0.000159202709632
0.000159184327957
0.000159165744948
0.000159147038677
0.000159128294350
0.000159109603293
0.000159091061519
0.000159072767885
0.000159054821918
0.000159037321385
0.000159020359718
0.000159004023426
0.000158988389604
0.000158973523696
0.000158959477598
0.000158946288222
0.000158933976584
0.000158922547444
0.000158911989531
0.000158902276298
0.000158893367168
0.000158885209174
0.000158877738899
0.000158870884597
0.000158864568371
0.000158858708300
0.000158853220417
0.000158848020440
0.000158843025215
0.000158838153823
0.000158833328360
0.000158828474395
0.000158823521167
0.000158818401577
0.000158813052061
0.000158807412418
0.000158801425702
0.000158795038230
0.000158788199798
0.000158780864124
0.000158772989556
0.000158764540025
0.000158755486211
0.000158745806853
0.000158735490122
0.000158724534956
0.000158712952237
0.000158700765717
0.000158688012574
0.000158674743538
0.000158661022507
0.000158646925644
0.000158632539942
0.000158617961313
0.000158603292252
0.000158588639186
0.000158574109609
0.000158559809144
0.000158545838661
0.000158532291584
0.000158519251503
0.000158506790210
0.000158494966214
0.000158483823804
0.000158473392675
0.000158463688097
0.000158454711594
0.000158446452051
0.000158438887165
0.000158431985119
0.000158425706382
0.000158420005492
0.000158414832735
0.000158410135630
0.000158405860139
0.000158401951574
0.000158398355192
0.000158395016495
0.000158391881283
0.000158388895526
0.000158386005140
0.000158383155766
0.000158380292617
0.000158377360495
0.000158374304038
0.000158371068222
0.000158367599150
0.000158363845114
0.000158359757885
0.000158355294179
0.000158350417203
0.000158345098205
0.000158339317900
0.000158333067693
0.000158326350575
0.000158319181630
0.000158311588086
0.000158303608859
0.000158295293606
0.000158286701297
0.000158277898364
0.000158268956516
0.000158259950322
0.000158250954689
0.000158242042370
0.000158233281625
0.000158224734165
0.000158216453481
0.000158208483633
0.000158200858542
0.000158193601818
0.000158186727075
0.000158180238704
0.000158174133024
0.000158168399697
0.000158163023311
0.000158157985006
0.000158153264040
0.000158148839169
0.000158144689796
0.000158140796787
0.000158137142949
0.000158133713148
0.000158130494102
0.000158127473882
0.000158124641201
0.000158121984576
0.000158119491453
0.000158117147405
0.000158114935476
0.000158112835770
0.000158110825339
0.000158108878391
0.000158106966849
0.000158105061215
0.000158103131697
0.000158101149533
0.000158099088398
0.000158096925803
0.000158094644375
0.000158092232913
0.000158089687134
0.000158087010044
0.000158084211887
0.000158081309672
0.000158078326282
0.000158075289235
0.000158072229152
0.000158069178034
0.000158066167468
0.000158063226853
0.000158060381782
0.000158057652681
0.000158055053773
0.000158052592468
0.000158050269184
0.000158048077636
0.000158046005549
0.000158044035770
0.000158042147671
0.000158040318778
0.000158038526482
0.000158036749737
0.000158034970608
0.000158033175580
0.000158031356523
0.000158029511262
0.000158027643716
0.000158025763598
0.000158023885723
0.000158022028963
0.000158020214957
0.000158018466657
0.000158016806831
0.000158015256635
0.000158013834352
0.000158012554397
0.000158011426637
0.000158010456090
0.000158009642999
0.000158008983272
0.000158008469251
0.000158008090735
0.000158007836169
0.000158007693926
0.000158007653541
0.000158007706833
0.000158007848799
0.000158008078212
0.000158008397878
0.000158008814511
0.000158009338244
0.000158009981790
0.000158010759336
0.000158011685228
0.000158012772572
0.000158014031837
0.000158015469584
0.000158017087434
0.000158018881330
0.000158020841191
0.000158022950978
0.000158025189171
0.000158027529650
0.000158029942905
0.000158032397507
0.000158034861744
0.000158037305294
0.000158039700842
0.000158042025522
0.000158044262082
0.000158046399705
0.000158048434418
0.000158050369076
0.000158052212911
0.000158053980690
0.000158055691529
0.000158057367459
0.000158059031833
0.000158060707703
0.000158062416260
0.000158064175467
0.000158065998973
0.000158067895386
0.000158069867959
0.000158071914699
0.000158074028903
0.000158076200058
0.000158078415054
0.000158080659601
0.000158082919748
0.000158085183390
0.000158087441649
0.000158089690021
0.000158091929222
0.000158094165647
0.000158096411442
0.000158098684156
0.000158101006022
0.000158103402917
0.000158105903067
0.000158108535603
0.000158111329062
0.000158114309946
0.000158117501426
0.000158120922293
0.000158124586219
0.000158128501372
0.000158132670406
0.000158137090819
0.000158141755639
0.000158146654379
0.000158151774168
0.000158157100976
0.000158162620809
0.000158168320786
0.000158174189994
0.000158180220050
0.000158186405315
0.000158192742732
0.000158199231309
0.000158205871264
0.000158212662914
0.000158219605393
0.000158226695294
0.000158233925361
0.000158241283336
0.000158248751060
0.000158256303929
0.000158263910760
0.000158271534101
0.000158279131003
0.000158286654228
0.000158294053832
0.000158301279053
0.000158308280402
0.000158315011842
0.000158321432922
0.000158327510760
0.000158333221745
0.000158338552867
0.000158343502596
0.000158348081261
0.000158352310914
0.000158356224691
0.000158359865720
0.000158363285646
0.000158366542882
0.000158369700670
0.000158372825104
0.000158375983199
0.000158379241125
0.000158382662690
0.000158386308123
0.000158390233201
0.000158394488711
0.000158399120243
0.000158404168238
0.000158409668246
0.000158415651302
0.000158422144340
0.000158429170548
0.000158436749595
0.000158444897676
0.000158453627315
0.000158462946919
0.000158472860093
0.000158483364747
0.000158494452050
0.000158506105317
0.000158518298926
0.000158530997358
0.000158544154481
0.000158557713164
0.000158571605316
0.000158585752396
0.000158600066450
0.000158614451648
0.000158628806317
0.000158643025376
0.000158657003106
0.000158670636115
0.000158683826370
0.000158696484161
0.000158708530847
0.000158719901265
0.000158730545684
0.000158740431224
0.000158749542691
0.000158757882796
0.000158765471785
0.000158772346507
0.000158778559005
0.000158784174716
0.000158789270384
0.000158793931815
0.000158798251575
0.000158802326753
0.000158806256875
0.000158810142050
0.000158814081400
0.000158818171788
0.000158822506854
0.000158827176320
0.000158832265509
0.000158837855023
0.000158844020482
0.000158850832263
0.000158858355142
0.000158866647800
0.000158875762136
0.000158885742380
0.000158896624013
0.000158908432531
0.000158921182125
0.000158934874352
0.000158949496898
0.000158965022543
0.000158981408425
0.000158998595698
0.000159016509666
0.000159035060442
0.000159054144163
0.000159073644752
0.000159093436198
0.000159113385283
0.000159133354662
0.000159153206189
0.000159172804343
0.000159192019624
0.000159210731773
0.000159228832683
0.000159246228875
0.000159262843461
