0.000308618120043
0.000308765724738
0.000308911604584
0.000309055743424
0.000309198125564
0.000309338735767
0.000309477559251
0.000309614581692
0.000309749789219
0.000309883168421
0.000310014706348
0.000310144390518
0.000310272208923
0.000310398150038
0.000310522202828
0.000310644356758
0.000310764601797
0.000310882928425
0.000310999327638
0.000311113790948
0.000311226310386
0.000311336878496
0.000311445488334
0.000311552133464
0.000311656807949
0.000311759506350
0.000311860223715
0.000311958955581
0.000312055697964
0.000312150447366
0.000312243200768
0.000312333955635
0.000312422709923
0.000312509462078
0.000312594211044
0.000312676956268
0.000312757697706
0.000312836435822
0.000312913171597
0.000312987906522
0.000313060642600
0.000313131382341
0.000313200128757
0.000313266885355
0.000313331656126
0.000313394445541
0.000313455258540
0.000313514100526
0.000313570977359
0.000313625895347
0.000313678861250
0.000313729882273
0.000313778966070
0.000313826120742
0.000313871354842
0.000313914677376
0.000313956097805
0.000313995626048
0.000314033272478
0.000314069047926
0.000314102963670
0.000314135031435
0.000314165263386
0.000314193672113
0.000314220270629
0.000314245072351
0.000314268091099
0.000314289341076
0.000314308836867
0.000314326593428
0.000314342626079
0.000314356950501
0.000314369582733
0.000314380539171
0.000314389836565
0.000314397492021
0.000314403523000
0.000314407947319
0.000314410783143
0.000314412048988
0.000314411763716
0.000314409946522
0.000314406616931
0.000314401794785
0.000314395500235
0.000314387753724
0.000314378575981
0.000314367988004
0.000314356011052
0.000314342666634
0.000314327976501
0.000314311962640
0.000314294647267
0.000314276052822
0.000314256201972
0.000314235117599
0.000314212822808
0.000314189340916
0.000314164695455
0.000314138910161
0.000314112008976
0.000314084016033
0.000314054955651
0.000314024852324
0.000313993730708
0.000313961615612
0.000313928531982
0.000313894504888
0.000313859559516
0.000313823721153
0.000313787015181
0.000313749467065
0.000313711102350
0.000313671946650
0.000313632025650
0.000313591365096
0.000313549990797
0.000313507928617
0.000313465204472
0.000313421844327
0.000313377874188
0.000313333320093
0.000313288208107
0.000313242564311
0.000313196414788
0.000313149785614
0.000313102702845
0.000313055192505
0.000313007280575
0.000312958992982
0.000312910355588
0.000312861394180
0.000312812134468
0.000312762602074
0.000312712822526
0.000312662821260
0.000312612623607
0.000312562254797
0.000312511739949
0.000312461104070
0.000312410372048
0.000312359568643
0.000312308718483
0.000312257846054
0.000312206975689
0.000312156131560
0.000312105337663
0.000312054617815
0.000312003995635
0.000311953494542
0.000311903137741
0.000311852948215
0.000311802948723
0.000311753161790
0.000311703609701
0.000311654314503
0.000311605297994
0.000311556581724
0.000311508186989
0.000311460134828
0.000311412446021
0.000311365141077
0.000311318240233
0.000311271763449
0.000311225730393
0.000311180160441
0.000311135072663
0.000311090485820
0.000311046418350
0.000311002888366
0.000310959913645
0.000310917511626
0.000310875699401
0.000310834493712
0.000310793910947
0.000310753967140
0.000310714677963
0.000310676058726
0.000310638124377
0.000310600889494
0.000310564368287
0.000310528574591
0.000310493521865
0.000310459223184
0.000310425691237
0.000310392938321
0.000310360976335
0.000310329816776
0.000310299470735
0.000310269948889
0.000310241261499
0.000310213418410
0.000310186429040
0.000310160302387
0.000310135047020
0.000310110671083
0.000310087182290
0.000310064587927
0.000310042894847
0.000310022109475
0.000310002237804
0.000309983285389
0.000309965257354
0.000309948158383
0.000309931992722
0.000309916764174
0.000309902476101
0.000309889131419
0.000309876732595
0.000309865281652
0.000309854780164
0.000309845229253
0.000309836629598
0.000309828981426
0.000309822284518
0.000309816538210
0.000309811741393
0.000309807892512
0.000309804989571
0.000309803030130
0.000309802011310
0.000309801929787
0.000309802781802
0.000309804563152
0.000309807269197
0.000309810894859
0.000309815434623
0.000309820882539
0.000309827232223
0.000309834476861
0.000309842609214
0.000309851621613
0.000309861505972
0.000309872253785
0.000309883856133
0.000309896303686
0.000309909586704
0.000309923695046
0.000309938618166
0.000309954345122
0.000309970864572
0.000309988164782
0.000310006233627
0.000310025058590
0.000310044626771
0.000310064924886
0.000310085939273
0.000310107655896
0.000310130060353
0.000310153137875
0.000310176873339
0.000310201251271
0.000310226255853
0.000310251870928
0.000310278080010
0.000310304866284
0.000310332212618
0.000310360101560
0.000310388515353
0.000310417435926
0.000310446844911
0.000310476723636
0.000310507053137
0.000310537814157
0.000310568987152
0.000310600552299
0.000310632489498
0.000310664778381
0.000310697398322
0.000310730328440
0.000310763547613
0.000310797034481
0.000310830767463
0.000310864724757
0.000310898884356
0.000310933224051
0.000310967721439
0.000311002353931
0.000311037098756
0.000311071932967
0.000311106833445
0.000311141776903
0.000311176739893
0.000311211698807
0.000311246629889
0.000311281509232
0.000311316312794
0.000311351016402
0.000311385595761
0.000311420026465
0.000311454284009
0.000311488343795
0.000311522181149
0.000311555771326
0.000311589089523
0.000311622110890
0.000311654810532
0.000311687163523
0.000311719144908
0.000311750729711
0.000311781892937
0.000311812609579
0.000311842854623
0.000311872603048
0.000311901829837
0.000311930509980
0.000311958618485
0.000311986130379
0.000312013020726
0.000312039264632
0.000312064837261
0.000312089713839
0.000312113869674
0.000312137280163
0.000312159920803
0.000312181767203
0.000312202795090
0.000312222980318
0.000312242298874
0.000312260726882
0.000312278240610
0.000312294816471
0.000312310431027
0.000312325060995
0.000312338683246
0.000312351274816
0.000312362812911
0.000312373274911
0.000312382638383
0.000312390881088
0.000312397980995
0.000312403916289
0.000312408665384
0.000312412206938
0.000312414519855
0.000312415583304
0.000312415376722
0.000312413879822
0.000312411072599
0.000312406935334
0.000312401448596
0.000312394593249
0.000312386350444
0.000312376701631
0.000312365628557
0.000312353113267
0.000312339138113
0.000312323685758
0.000312306739180
0.000312288281685
0.000312268296913
0.000312246768850
0.000312223681840
0.000312199020589
0.000312172770184
0.000312144916093
0.000312115444177
0.000312084340696
0.000312051592312
0.000312017186091
0.000311981109505
0.000311943350433
0.000311903897159
0.000311862738373
0.000311819863170
0.000311775261049
0.000311728921919
0.000311680836097
0.000311630994316
0.000311579387729
0.000311526007918
0.000311470846899
0.000311413897133
0.000311355151533
0.000311294603476
0.000311232246803
0.000311168075830
0.000311102085352
0.000311034270642
0.000310964627456
0.000310893152028
0.000310819841072
0.000310744691776
0.000310667701800
0.000310588869272
0.000310508192787
0.000310425671405
0.000310341304648
0.000310255092506
0.000310167035438
0.000310077134374
0.000309985390723
0.000309891806378
0.000309796383721
0.000309699125632
0.000309600035489
0.000309499117177
0.000309396375085
0.000309291814113
0.000309185439661
0.000309077257638
