0.000555895562714
0.000555382761816
0.000554880559049
0.000554388673120
0.000553906835657
0.000553434791267
0.000552972297558
0.000552519125151
0.000552075057661
0.000551639891662
0.000551213436632
0.000550795514870
0.000550385961406
0.000549984623877
0.000549591362396
0.000549206049396
0.000548828569457
0.000548458819118
0.000548096706670
0.000547742151933
0.000547395086019
0.000547055451077
0.000546723200029
0.000546398296283
0.000546080713444
0.000545770435007
0.000545467454032
0.000545171772824
0.000544883402585
0.000544602363067
0.000544328682214
0.000544062395793
0.000543803547021
0.000543552186181
0.000543308370235
0.000543072162429
0.000542843631897
0.000542622853253
0.000542409906191
0.000542204875070
0.000542007848507
0.000541818918958
0.000541638182314
0.000541465737475
0.000541301685946
0.000541146131422
0.000540999179372
0.000540860936641
0.000540731511033
0.000540611010920
0.000540499544836
0.000540397221088
0.000540304147368
0.000540220430370
0.000540146175415
0.000540081486083
0.000540026463848
0.000539981207729
0.000539945813939
0.000539920375553
0.000539904982177
0.000539899719631
0.000539904669639
0.000539919909532
0.000539945511956
0.000539981544603
0.000540028069936
0.000540085144940
0.000540152820876
0.000540231143054
0.000540320150609
0.000540419876297
0.000540530346300
0.000540651580047
0.000540783590039
0.000540926381702
0.000541079953234
0.000541244295483
0.000541419391826
0.000541605218066
0.000541801742340
0.000542008925045
0.000542226718767
0.000542455068237
0.000542693910283
0.000542943173814
0.000543202779799
0.000543472641269
0.000543752663329
0.000544042743182
0.000544342770164
0.000544652625792
0.000544972183827
0.000545301310340
0.000545639863797
0.000545987695153
0.000546344647955
0.000546710558455
0.000547085255738
0.000547468561854
0.000547860291961
0.000548260254481
0.000548668251261
0.000549084077741
0.000549507523135
0.000549938370617
0.000550376397515
0.000550821375509
0.000551273070843
0.000551731244537
0.000552195652602
0.000552666046274
0.000553142172237
0.000553623772859
0.000554110586434
0.000554602347423
0.000555098786699
0.000555599631800
0.000556104607179
0.000556613434459
0.000557125832686
0.000557641518595
0.000558160206858
0.000558681610353
0.000559205440418
0.000559731407111
0.000560259219474
0.000560788585784
0.000561319213815
0.000561850811092
0.000562383085145
0.000562915743760
0.000563448495227
0.000563981048585
0.000564513113869
0.000565044402343
0.000565574626737
0.000566103501482
0.000566630742929
0.000567156069578
0.000567679202289
0.000568199864499
0.000568717782425
0.000569232685263
0.000569744305389
0.000570252378542
0.000570756644008
0.000571256844798
0.000571752727819
0.000572244044030
0.000572730548607
0.000573212001087
0.000573688165512
0.000574158810566
0.000574623709698
0.000575082641249
0.000575535388562
0.000575981740089
0.000576421489492
0.000576854435729
0.000577280383146
0.000577699141547
0.000578110526270
0.000578514358243
0.000578910464043
0.000579298675945
0.000579678831957
0.000580050775863
0.000580414357241
0.000580769431490
0.000581115859839
0.000581453509357
0.000581782252952
0.000582101969365
0.000582412543161
0.000582713864708
0.000583005830154
0.000583288341398
0.000583561306059
0.000583824637431
0.000584078254439
0.000584322081594
0.000584556048933
0.000584780091963
0.000584994151598
0.000585198174091
0.000585392110967
0.000585575918944
0.000585749559857
0.000585913000580
0.000586066212941
0.000586209173634
0.000586341864137
0.000586464270613
0.000586576383826
0.000586678199042
0.000586769715936
0.000586850938496
0.000586921874922
0.000586982537534
0.000587032942668
0.000587073110581
0.000587103065351
0.000587122834776
0.000587132450282
0.000587131946817
0.000587121362761
0.000587100739829
0.000587070122973
0.000587029560290
0.000586979102936
0.000586918805026
0.000586848723555
0.000586768918306
0.000586679451768
0.000586580389055
0.000586471797829
0.000586353748216
0.000586226312742
0.000586089566253
0.000585943585853
0.000585788450837
0.000585624242627
0.000585451044716
0.000585268942609
0.000585078023775
0.000584878377594
0.000584670095310
0.000584453269993
0.000584227996498
0.000583994371426
0.000583752493097
0.000583502461516
0.000583244378352
0.000582978346910
0.000582704472118
0.000582422860506
0.000582133620195
0.000581836860889
0.000581532693867
0.000581221231978
0.000580902589642
0.000580576882852
0.000580244229178
0.000579904747773
0.000579558559386
0.000579205786370
0.000578846552698
0.000578480983980
0.000578109207478
0.000577731352131
0.000577347548570
0.000576957929145
0.000576562627949
0.000576161780841
0.000575755525475
0.000575344001325
0.000574927349712
0.000574505713835
0.000574079238797
0.000573648071633
0.000573212361342
0.000572772258908
0.000572327917336
0.000571879491672
0.000571427139033
0.000570971018632
0.000570511291798
0.000570048122004
0.000569581674885
0.000569112118257
0.000568639622136
0.000568164358754
0.000567686502569
0.000567206230279
0.000566723720830
0.000566239155422
0.000565752717508
0.000565264592801
0.000564774969265
0.000564284037112
0.000563791988791
0.000563299018977
0.000562805324552
0.000562311104588
0.000561816560319
0.000561321895117
0.000560827314460
0.000560333025897
0.000559839239007
0.000559346165355
0.000558854018448
0.000558363013682
0.000557873368284
0.000557385301255
0.000556899033306
0.000556414786788
0.000555932785619
0.000555453255214
0.000554976422395
0.000554502515315
0.000554031763365
0.000553564397083
0.000553100648058
0.000552640748830
0.000552184932787
0.000551733434057
0.000551286487396
0.000550844328079
0.000550407191779
0.000549975314447
0.000549548932191
0.000549128281147
0.000548713597355
0.000548305116625
0.000547903074404
0.000547507705642
0.000547119244654
0.000546737924981
0.000546363979253
0.000545997639041
0.000545639134721
0.000545288695327
0.000544946548407
0.000544612919881
0.000544288033891
0.000543972112665
0.000543665376364
0.000543368042944
0.000543080328010
0.000542802444679
0.000542534603431
0.000542277011980
0.000542029875130
0.000541793394642
0.000541567769101
0.000541353193788
0.000541149860550
0.000540957957677
0.000540777669778
0.000540609177671
0.000540452658260
0.000540308284431
0.000540176224948
0.000540056644346
0.000539949702840
0.000539855556232
0.000539774355822
0.000539706248334
0.000539651375834
0.000539609875661
0.000539581880367
0.000539567517658
0.000539566910338
0.000539580176269
0.000539607428331
0.000539648774389
0.000539704317268
0.000539774154735
0.000539858379485
0.000539957079143
0.000540070336260
0.000540198228325
0.000540340827785
0.000540498202065
0.000540670413605
0.000540857519895
0.000541059573523
0.000541276622230
0.000541508708969
0.000541755871976
0.000542018144844
0.000542295556608
0.000542588131832
0.000542895890710
0.000543218849165
0.000543557018964
0.000543910407834
0.000544279019586
0.000544662854243
0.000545061908180
0.000545476174263
0.000545905642001
0.000546350297694
0.000546810124598
0.000547285103083
0.000547775210808
0.000548280422890
0.000548800712083
0.000549336048958
0.000549886402094
0.000550451738259
0.000551032022607
0.000551627218871
0.000552237289561
0.000552862196159
0.000553501899325
0.000554156359095
0.000554825535086
0.000555509386696
0.000556207873312
