0.000339574870096
0.000339780017756
0.000339985058628
0.000340189932256
0.000340394578535
0.000340598937731
0.000340802950500
0.000341006557913
0.000341209701471
0.000341412323129
0.000341614365314
0.000341815770949
0.000342016483467
0.000342216446834
0.000342415605565
0.000342613904749
0.000342811290060
0.000343007707781
0.000343203104822
0.000343397428734
0.000343590627729
0.000343782650702
0.000343973447238
0.000344162967639
0.000344351162934
0.000344537984898
0.000344723386066
0.000344907319752
0.000345089740059
0.000345270601897
0.000345449860996
0.000345627473921
0.000345803398086
0.000345977591766
0.000346150014111
0.000346320625156
0.000346489385840
0.000346656258008
0.000346821204434
0.000346984188821
0.000347145175819
0.000347304131036
0.000347461021039
0.000347615813376
0.000347768476574
0.000347918980155
0.000348067294638
0.000348213391554
0.000348357243445
0.000348498823878
0.000348638107448
0.000348775069783
0.000348909687553
0.000349041938473
0.000349171801307
0.000349299255874
0.000349424283054
0.000349546864787
0.000349666984077
0.000349784624998
0.000349899772693
0.000350012413375
0.000350122534331
0.000350230123921
0.000350335171577
0.000350437667805
0.000350537604184
0.000350634973364
0.000350729769063
0.000350821986070
0.000350911620237
0.000350998668479
0.000351083128774
0.000351165000152
0.000351244282696
0.000351320977539
0.000351395086854
0.000351466613852
0.000351535562776
0.000351601938892
0.000351665748488
0.000351726998858
0.000351785698305
0.000351841856124
0.000351895482597
0.000351946588988
0.000351995187526
0.000352041291404
0.000352084914761
0.000352126072679
0.000352164781168
0.000352201057158
0.000352234918483
0.000352266383876
0.000352295472950
0.000352322206191
0.000352346604942
0.000352368691391
0.000352388488558
0.000352406020279
0.000352421311194
0.000352434386731
0.000352445273094
0.000352453997242
0.000352460586880
0.000352465070442
0.000352467477071
0.000352467836609
0.000352466179575
0.000352462537153
0.000352456941173
0.000352449424091
0.000352440018977
0.000352428759495
0.000352415679884
0.000352400814938
0.000352384199995
0.000352365870911
0.000352345864042
0.000352324216230
0.000352300964780
0.000352276147441
0.000352249802388
0.000352221968201
0.000352192683847
0.000352161988659
0.000352129922318
0.000352096524830
0.000352061836508
0.000352025897952
0.000351988750028
0.000351950433848
0.000351910990747
0.000351870462267
0.000351828890133
0.000351786316233
0.000351742782599
0.000351698331383
0.000351653004839
0.000351606845303
0.000351559895170
0.000351512196873
0.000351463792866
0.000351414725600
0.000351365037504
0.000351314770965
0.000351263968306
0.000351212671766
0.000351160923480
0.000351108765460
0.000351056239574
0.000351003387522
0.000350950250822
0.000350896870789
0.000350843288511
0.000350789544834
0.000350735680341
0.000350681735332
0.000350627749806
0.000350573763441
0.000350519815578
0.000350465945200
0.000350412190912
0.000350358590928
0.000350305183048
0.000350252004643
0.000350199092638
0.000350146483491
0.000350094213180
0.000350042317183
0.000349990830466
0.000349939787461
0.000349889222052
0.000349839167562
0.000349789656734
0.000349740721718
0.000349692394054
0.000349644704661
0.000349597683819
0.000349551361157
0.000349505765638
0.000349460925548
0.000349416868481
0.000349373621328
0.000349331210261
0.000349289660727
0.000349248997431
0.000349209244326
0.000349170424604
0.000349132560685
0.000349095674204
0.000349059786005
0.000349024916130
0.000348991083808
0.000348958307450
0.000348926604639
0.000348895992122
0.000348866485802
0.000348838100732
0.000348810851109
0.000348784750265
0.000348759810665
0.000348736043898
0.000348713460672
0.000348692070816
0.000348671883264
0.000348652906063
0.000348635146362
0.000348618610412
0.000348603303564
0.000348589230265
0.000348576394059
0.000348564797582
0.000348554442565
0.000348545329831
0.000348537459297
0.000348530829973
0.000348525439964
0.000348521286469
0.000348518365788
0.000348516673316
0.000348516203555
0.000348516950109
0.000348518905693
0.000348522062133
0.000348526410373
0.000348531940478
0.000348538641642
0.000348546502187
0.000348555509579
0.000348565650423
0.000348576910478
0.000348589274663
0.000348602727060
0.000348617250925
0.000348632828700
0.000348649442013
0.000348667071695
0.000348685697785
0.000348705299544
0.000348725855459
0.000348747343260
0.000348769739928
0.000348793021705
0.000348817164109
0.000348842141943
0.000348867929308
0.000348894499619
0.000348921825611
0.000348949879360
0.000348978632291
0.000349008055196
0.000349038118243
0.000349068790998
0.000349100042433
0.000349131840944
0.000349164154369
0.000349196949998
0.000349230194595
0.000349263854409
0.000349297895197
0.000349332282232
0.000349366980328
0.000349401953853
0.000349437166747
0.000349472582541
0.000349508164374
0.000349543875009
0.000349579676855
0.000349615531983
0.000349651402144
0.000349687248792
0.000349723033098
0.000349758715971
0.000349794258079
0.000349829619866
0.000349864761574
0.000349899643258
0.000349934224814
0.000349968465990
0.000350002326411
0.000350035765599
0.000350068742991
0.000350101217959
0.000350133149834
0.000350164497922
0.000350195221525
0.000350225279964
0.000350254632596
0.000350283238840
0.000350311058188
0.000350338050237
0.000350364174700
0.000350389391431
0.000350413660446
0.000350436941939
0.000350459196310
0.000350480384175
0.000350500466395
0.000350519404091
0.000350537158668
0.000350553691828
0.000350568965598
0.000350582942345
0.000350595584795
0.000350606856056
0.000350616719633
0.000350625139453
0.000350632079877
0.000350637505725
0.000350641382292
0.000350643675369
0.000350644351255
0.000350643376785
0.000350640719338
0.000350636346864
0.000350630227892
0.000350622331555
0.000350612627605
0.000350601086426
0.000350587679056
0.000350572377200
0.000350555153247
0.000350535980287
0.000350514832123
0.000350491683292
0.000350466509076
0.000350439285516
0.000350409989431
0.000350378598427
0.000350345090915
0.000350309446123
0.000350271644107
0.000350231665766
0.000350189492854
0.000350145107993
0.000350098494682
0.000350049637311
0.000349998521171
0.000349945132463
0.000349889458314
0.000349831486779
0.000349771206857
0.000349708608498
0.000349643682612
0.000349576421077
0.000349506816748
0.000349434863464
0.000349360556056
0.000349283890352
0.000349204863186
0.000349123472401
0.000349039716858
0.000348953596438
0.000348865112046
0.000348774265621
0.000348681060132
0.000348585499587
0.000348487589036
0.000348387334571
0.000348284743329
0.000348179823494
0.000348072584302
0.000347963036035
0.000347851190026
0.000347737058661
0.000347620655372
0.000347501994641
0.000347381092000
0.000347257964023
0.000347132628330
0.000347005103580
0.000346875409470
0.000346743566732
0.000346609597128
0.000346473523445
0.000346335369493
0.000346195160095
0.000346052921089
0.000345908679314
0.000345762462609
0.000345614299804
0.000345464220713
0.000345312256126
0.000345158437802
0.000345002798459
0.000344845371767
0.000344686192334
0.000344525295702
0.000344362718334
0.000344198497601
0.000344032671777
0.000343865280021
0.000343696362372
0.000343525959731
0.000343354113853
0.000343180867333
0.000343006263591
0.000342830346861
0.000342653162178
0.000342474755359
