0.000489283917665
0.000489001168024
0.000488726548678
0.000488460139730
0.000488202022099
0.000487952277283
0.000487710987130
0.000487478233605
0.000487254098557
0.000487038663498
0.000486832009370
0.000486634216320
0.000486445363483
0.000486265528759
0.000486094788594
0.000485933217772
0.000485780889200
0.000485637873707
0.000485504239835
0.000485380053645
0.000485265378524
0.000485160274992
0.000485064800521
0.000484979009354
0.000484902952332
0.000484836676726
0.000484780226070
0.000484733640011
0.000484696954150
0.000484670199905
0.000484653404364
0.000484646590160
0.000484649775341
0.000484662973254
0.000484686192429
0.000484719436476
0.000484762703990
0.000484815988452
0.000484879278152
0.000484952556109
0.000485035800003
0.000485128982111
0.000485232069255
0.000485345022751
0.000485467798373
0.000485600346317
0.000485742611180
0.000485894531937
0.000486056041938
0.000486227068897
0.000486407534905
0.000486597356434
0.000486796444362
0.000487004703999
0.000487222035116
0.000487448331989
0.000487683483448
0.000487927372928
0.000488179878533
0.000488440873101
0.000488710224282
0.000488987794616
0.000489273441621
0.000489567017886
0.000489868371172
0.000490177344515
0.000490493776337
0.000490817500566
0.000491148346750
0.000491486140193
0.000491830702080
0.000492181849617
0.000492539396173
0.000492903151420
0.000493272921493
0.000493648509134
0.000494029713855
0.000494416332100
0.000494808157405
0.000495204980573
0.000495606589837
0.000496012771039
0.000496423307805
0.000496837981722
0.000497256572520
0.000497678858250
0.000498104615475
0.000498533619448
0.000498965644302
0.000499400463236
0.000499837848700
0.000500277572590
0.000500719406429
0.000501163121556
0.000501608489319
0.000502055281257
0.000502503269289
0.000502952225899
0.000503401924320
0.000503852138717
0.000504302644369
0.000504753217850
0.000505203637202
0.000505653682115
0.000506103134095
0.000506551776640
0.000506999395401
0.000507445778352
0.000507890715945
0.000508334001272
0.000508775430219
0.000509214801614
0.000509651917372
0.000510086582643
0.000510518605944
0.000510947799297
0.000511373978353
0.000511796962523
0.000512216575094
0.000512632643343
0.000513044998649
0.000513453476596
0.000513857917075
0.000514258164375
0.000514654067274
0.000515045479122
0.000515432257918
0.000515814266382
0.000516191372023
0.000516563447198
0.000516930369169
0.000517292020150
0.000517648287353
0.000517999063022
0.000518344244467
0.000518683734093
0.000519017439411
0.000519345273061
0.000519667152818
0.000519983001590
0.000520292747420
0.000520596323476
0.000520893668032
0.000521184724454
0.000521469441170
0.000521747771639
0.000522019674314
0.000522285112600
0.000522544054808
0.000522796474100
0.000523042348430
0.000523281660486
0.000523514397617
0.000523740551763
0.000523960119378
0.000524173101348
0.000524379502903
0.000524579333532
0.000524772606882
0.000524959340663
0.000525139556547
0.000525313280061
0.000525480540475
0.000525641370695
0.000525795807141
0.000525943889634
0.000526085661271
0.000526221168299
0.000526350459995
0.000526473588530
0.000526590608841
0.000526701578499
0.000526806557571
0.000526905608487
0.000526998795902
0.000527086186554
0.000527167849130
0.000527243854120
0.000527314273679
0.000527379181484
0.000527438652594
0.000527492763307
0.000527541591020
0.000527585214085
0.000527623711673
0.000527657163630
0.000527685650342
0.000527709252593
0.000527728051432
0.000527742128039
0.000527751563587
0.000527756439117
0.000527756835403
0.000527752832829
0.000527744511261
0.000527731949928
0.000527715227300
0.000527694420972
0.000527669607552
0.000527640862546
0.000527608260256
0.000527571873671
0.000527531774370
0.000527488032424
0.000527440716305
0.000527389892791
0.000527335626888
0.000527277981745
0.000527217018578
0.000527152796598
0.000527085372943
0.000527014802612
0.000526941138409
0.000526864430888
0.000526784728302
0.000526702076559
0.000526616519179
0.000526528097265
0.000526436849464
0.000526342811948
0.000526246018391
0.000526146499952
0.000526044285266
0.000525939400436
0.000525831869036
0.000525721712109
0.000525608948181
0.000525493593274
0.000525375660921
0.000525255162195
0.000525132105733
0.000525006497771
0.000524878342182
0.000524747640517
0.000524614392052
0.000524478593843
0.000524340240777
0.000524199325635
0.000524055839154
0.000523909770102
0.000523761105341
0.000523609829911
0.000523455927109
0.000523299378570
0.000523140164358
0.000522978263056
0.000522813651861
0.000522646306681
0.000522476202234
0.000522303312156
0.000522127609105
0.000521949064868
0.000521767650476
0.000521583336315
0.000521396092246
0.000521205887716
0.000521012691885
0.000520816473741
0.000520617202228
0.000520414846367
0.000520209375382
0.000520000758825
0.000519788966705
0.000519573969614
0.000519355738855
0.000519134246570
0.000518909465868
0.000518681370953
0.000518449937253
0.000518215141543
0.000517976962077
0.000517735378710
0.000517490373021
0.000517241928440
0.000516990030369
0.000516734666300
0.000516475825934
0.000516213501301
0.000515947686869
0.000515678379661
0.000515405579362
0.000515129288427
0.000514849512185
0.000514566258943
0.000514279540079
0.000513989370145
0.000513695766951
0.000513398751658
0.000513098348865
0.000512794586684
0.000512487496821
0.000512177114650
0.000511863479281
0.000511546633625
0.000511226624454
0.000510903502457
0.000510577322297
0.000510248142649
0.000509916026250
0.000509581039935
0.000509243254666
0.000508902745567
0.000508559591939
0.000508213877287
0.000507865689325
0.000507515119988
0.000507162265434
0.000506807226044
0.000506450106410
0.000506091015326
0.000505730065769
0.000505367374875
0.000505003063915
0.000504637258255
0.000504270087324
0.000503901684567
0.000503532187398
0.000503161737142
0.000502790478986
0.000502418561904
0.000502046138597
0.000501673365417
0.000501300402288
0.000500927412624
0.000500554563243
0.000500182024275
0.000499809969065
0.000499438574074
0.000499068018774
0.000498698485538
0.000498330159531
0.000497963228592
0.000497597883112
0.000497234315916
0.000496872722130
0.000496513299055
0.000496156246032
0.000495801764308
0.000495450056896
0.000495101328430
0.000494755785029
0.000494413634141
0.000494075084405
0.000493740345491
0.000493409627954
0.000493083143079
0.000492761102725
0.000492443719170
0.000492131204953
0.000491823772714
0.000491521635040
0.000491225004302
0.000490934092496
0.000490649111084
0.000490370270836
0.000490097781669
0.000489831852488
0.000489572691032
0.000489320503713
0.000489075495461
0.000488837869572
0.000488607827553
0.000488385568972
0.000488171291306
0.000487965189799
0.000487767457311
0.000487578284179
0.000487397858076
0.000487226363875
0.000487063983514
0.000486910895864
0.000486767276602
0.000486633298090
0.000486509129247
0.000486394935441
0.000486290878369
0.000486197115952
0.000486113802231
0.000486041087263
0.000485979117030
0.000485928033344
0.000485887973764
0.000485859071513
0.000485841455402
0.000485835249757
0.000485840574355
0.000485857544364
0.000485886270282
0.000485926857894
0.000485979408223
0.000486044017490
0.000486120777084
0.000486209773532
0.000486311088478
0.000486424798663
0.000486550975921
0.000486689687167
0.000486840994402
0.000487004954719
0.000487181620316
0.000487371038512
