0.000256249085340
0.000256272538472
0.000256295279874
0.000256317322651
0.000256338680258
0.000256359366025
0.000256379392696
0.000256398772002
0.000256417514287
0.000256435628210
0.000256453120527
0.000256469995981
0.000256486257283
0.000256501905201
0.000256516938750
0.000256531355462
0.000256545151737
0.000256558323244
0.000256570865370
0.000256582773667
0.000256594044307
0.000256604674498
0.000256614662850
0.000256624009681
0.000256632717228
0.000256640789777
0.000256648233687
0.000256655057320
0.000256661270871
0.000256666886114
0.000256671916079
0.000256676374662
0.000256680276207
0.000256683635068
0.000256686465169
0.000256688779603
0.000256690590262
0.000256691907543
0.000256692740127
0.000256693094836
0.000256692976603
0.000256692388518
0.000256691331981
0.000256689806924
0.000256687812120
0.000256685345536
0.000256682404731
0.000256678987274
0.000256675091153
0.000256670715170
0.000256665859286
0.000256660524919
0.000256654715160
0.000256648434910
0.000256641690928
0.000256634491792
0.000256626847769
0.000256618770605
0.000256610273243
0.000256601369496
0.000256592073665
0.000256582400154
0.000256572363071
0.000256561975858
0.000256551250951
0.000256540199499
0.000256528831143
0.000256517153878
0.000256505173996
0.000256492896112
0.000256480323273
0.000256467457146
0.000256454298272
0.000256440846366
0.000256427100670
0.000256413060308
0.000256398724657
0.000256384093697
0.000256369168326
0.000256353950629
0.000256338444087
0.000256322653710
0.000256306586101
0.000256290249434
0.000256273653360
0.000256256808835
0.000256239727894
0.000256222423368
0.000256204908566
0.000256187196941
0.000256169301744
0.000256151235705
0.000256133010729
0.000256114637644
0.000256096126006
0.000256077483962
0.000256058718188
0.000256039833902
0.000256020834942
0.000256001723910
0.000255982502387
0.000255963171173
0.000255943730582
0.000255924180744
0.000255904521912
0.000255884754760
0.000255864880658
0.000255844901898
0.000255824821878
0.000255804645222
0.000255784377844
0.000255764026936
0.000255743600897
0.000255723109203
0.000255702562219
0.000255681970975
0.000255661346907
0.000255640701580
0.000255620046411
0.000255599392396
0.000255578749872
0.000255558128298
0.000255537536099
0.000255516980548
0.000255496467712
0.000255476002458
0.000255455588513
0.000255435228582
0.000255414924504
0.000255394677458
0.000255374488189
0.000255354357248
0.000255334285235
0.000255314273041
0.000255294322055
0.000255274434350
0.000255254612823
0.000255234861292
0.000255215184539
0.000255195588302
0.000255176079220
0.000255156664729
0.000255137352912
0.000255118152329
0.000255099071813
0.000255080120259
0.000255061306412
0.000255042638665
0.000255024124873
0.000255005772200
0.000254987586998
0.000254969574731
0.000254951739941
0.000254934086258
0.000254916616453
0.000254899332531
0.000254882235861
0.000254865327324
0.000254848607488
0.000254832076781
0.000254815735676
0.000254799584852
0.000254783625345
0.000254767858673
0.000254752286923
0.000254736912810
0.000254721739691
0.000254706771549
0.000254692012936
0.000254677468885
0.000254663144797
0.000254649046309
0.000254635179151
0.000254621548993
0.000254608161303
0.000254595021211
0.000254582133400
0.000254569502008
0.000254557130569
0.000254545021980
0.000254533178504
0.000254521601792
0.000254510292949
0.000254499252614
0.000254488481057
0.000254477978298
0.000254467744221
0.000254457778699
0.000254448081697
0.000254438653376
0.000254429494169
0.000254420604836
0.000254411986498
0.000254403640640
0.000254395569088
0.000254387773971
0.000254380257649
0.000254373022632
0.000254366071494
0.000254359406768
0.000254353030853
0.000254346945921
0.000254341153840
0.000254335656112
0.000254330453825
0.000254325547639
0.000254320937780
0.000254316624068
0.000254312605960
0.000254308882612
0.000254305452951
0.000254302315762
0.000254299469772
0.000254296913732
0.000254294646500
0.000254292667098
0.000254290974765
0.000254289568983
0.000254288449487
0.000254287616246
0.000254287069434
0.000254286809370
0.000254286836455
0.000254287151085
0.000254287753568
0.000254288644035
0.000254289822357
0.000254291288070
0.000254293040319
0.000254295077817
0.000254297398826
0.000254300001163
0.000254302882225
0.000254306039044
0.000254309468353
0.000254313166674
0.000254317130415
0.000254321355972
0.000254325839835
0.000254330578678
0.000254335569448
0.000254340809430
0.000254346296289
0.000254352028093
0.000254358003300
0.000254364220725
0.000254370679480
0.000254377378885
0.000254384318367
0.000254391497340
0.000254398915082
0.000254406570606
0.000254414462541
0.000254422589031
0.000254430947641
0.000254439535303
0.000254448348282
0.000254457382176
0.000254466631952
0.000254476092010
0.000254485756279
0.000254495618337
0.000254505671555
0.000254515909241
0.000254526324803
0.000254536911900
0.000254547664581
0.000254558577405
0.000254569645535
0.000254580864799
0.000254592231711
0.000254603743456
0.000254615397837
0.000254627193181
0.000254639128214
0.000254651201910
0.000254663413316
0.000254675761369
0.000254688244711
0.000254700861510
0.000254713609299
0.000254726484842
0.000254739484036
0.000254752601847
0.000254765832299
0.000254779168499
0.000254792602714
0.000254806126494
0.000254819730818
0.000254833406290
0.000254847143339
0.000254860932441
0.000254874764335
0.000254888630232
0.000254902521998
0.000254916432310
0.000254930354766
0.000254944283952
0.000254958215455
0.000254972145828
0.000254986072497
0.000254999993623
0.000255013907922
0.000255027814452
0.000255041712374
0.000255055600705
0.000255069478068
0.000255083342465
0.000255097191062
0.000255111020022
0.000255124824378
0.000255138597969
0.000255152333418
0.000255166022185
0.000255179654670
0.000255193220372
0.000255206708096
0.000255220106196
0.000255233402843
0.000255246586304
0.000255259645225
0.000255272568895
0.000255285347474
0.000255297972194
0.000255310435496
0.000255322731112
0.000255334854084
0.000255346800713
0.000255358568449
0.000255370155714
0.000255381561679
0.000255392785999
0.000255403828517
0.000255414688956
0.000255425366615
0.000255435860076
0.000255446166948
0.000255456283656
0.000255466205281
0.000255475925472
0.000255485436425
0.000255494728933
0.000255503792507
0.000255512615569
0.000255521185689
0.000255529489882
0.000255537514923
0.000255545247688
0.000255552675488
0.000255559786387
0.000255566569490
0.000255573015177
0.000255579115278
0.000255584863182
0.000255590253869
0.000255595283856
0.000255599951081
0.000255604254703
0.000255608194846
0.000255611772295
0.000255614988149
0.000255617843468
0.000255620338909
0.000255622474385
0.000255624248756
0.000255625659574
0.000255626702889
0.000255627373127
0.000255627663059
0.000255627563836
0.000255627065123
0.000255626155301
0.000255624821733
0.000255623051092
0.000255620829722
0.000255618144020
0.000255614980826
0.000255611327785
0.000255607173685
0.000255602508735
0.000255597324781
0.000255591615442
0.000255585376162
0.000255578604172
0.000255571298374
0.000255563459127
0.000255555087979
0.000255546187331
0.000255536760056
0.000255526809105
0.000255516337099
0.000255505345941
0.000255493836460
0.000255481808116
0.000255469258763
0.000255456184500
0.000255442579606
0.000255428436570
0.000255413746210
0.000255398497877
0.000255382679740
