0.000295048253406
0.000295135767498
0.000295221767328
0.000295306245667
0.000295389195644
0.000295470610733
0.000295550484737
0.000295628811776
0.000295705586280
0.000295780802987
0.000295854456944
0.000295926543518
0.000295997058407
0.000296065997654
0.000296133357666
0.000296199135236
0.000296263327554
0.000296325932226
0.000296386947287
0.000296446371201
0.000296504202871
0.000296560441627
0.000296615087223
0.000296668139820
0.000296719599970
0.000296769468601
0.000296817746990
0.000296864436755
0.000296909539832
0.000296953058468
0.000296994995213
0.000297035352917
0.000297074134736
0.000297111344136
0.000297146984909
0.000297181061185
0.000297213577449
0.000297244538554
0.000297273949741
0.000297301816643
0.000297328145296
0.000297352942143
0.000297376214023
0.000297397968173
0.000297418212207
0.000297436954103
0.000297454202186
0.000297469965104
0.000297484251811
0.000297497071547
0.000297508433825
0.000297518348422
0.000297526825367
0.000297533874946
0.000297539507702
0.000297543734444
0.000297546566257
0.000297548014515
0.000297548090896
0.000297546807389
0.000297544176313
0.000297540210314
0.000297534922376
0.000297528325814
0.000297520434267
0.000297511261690
0.000297500822333
0.000297489130730
0.000297476201670
0.000297462050185
0.000297446691526
0.000297430141145
0.000297412414685
0.000297393527968
0.000297373496993
0.000297352337928
0.000297330067123
0.000297306701110
0.000297282256617
0.000297256750574
0.000297230200127
0.000297202622646
0.000297174035729
0.000297144457211
0.000297113905154
0.000297082397848
0.000297049953801
0.000297016591721
0.000296982330501
0.000296947189201
0.000296911187027
0.000296874343313
0.000296836677500
0.000296798209125
0.000296758957804
0.000296718943227
0.000296678185157
0.000296636703423
0.000296594517930
0.000296551648660
0.000296508115684
0.000296463939167
0.000296419139378
0.000296373736693
0.000296327751599
0.000296281204696
0.000296234116688
0.000296186508378
0.000296138400658
0.000296089814489
0.000296040770888
0.000295991290911
0.000295941395631
0.000295891106120
0.000295840443440
0.000295789428623
0.000295738082665
0.000295686426518
0.000295634481091
0.000295582267245
0.000295529805803
0.000295477117549
0.000295424223237
0.000295371143598
0.000295317899339
0.000295264511155
0.000295210999721
0.000295157385691
0.000295103689697
0.000295049932332
0.000294996134144
0.000294942315619
0.000294888497168
0.000294834699107
0.000294780941646
0.000294727244871
0.000294673628735
0.000294620113045
0.000294566717458
0.000294513461474
0.000294460364438
0.000294407445539
0.000294354723812
0.000294302218148
0.000294249947287
0.000294197929835
0.000294146184256
0.000294094728877
0.000294043581887
0.000293992761330
0.000293942285104
0.000293892170942
0.000293842436414
0.000293793098903
0.000293744175602
0.000293695683495
0.000293647639349
0.000293600059701
0.000293552960852
0.000293506358859
0.000293460269531
0.000293414708427
0.000293369690858
0.000293325231884
0.000293281346321
0.000293238048743
0.000293195353482
0.000293153274633
0.000293111826053
0.000293071021361
0.000293030873936
0.000292991396911
0.000292952603170
0.000292914505337
0.000292877115771
0.000292840446556
0.000292804509494
0.000292769316095
0.000292734877568
0.000292701204820
0.000292668308447
0.000292636198735
0.000292604885654
0.000292574378861
0.000292544687699
0.000292515821200
0.000292487788088
0.000292460596778
0.000292434255376
0.000292408771687
0.000292384153207
0.000292360407125
0.000292337540321
0.000292315559363
0.000292294470502
0.000292274279667
0.000292254992463
0.000292236614164
0.000292219149713
0.000292202603713
0.000292186980429
0.000292172283785
0.000292158517363
0.000292145684404
0.000292133787806
0.000292122830130
0.000292112813595
0.000292103740087
0.000292095611151
0.000292088428000
0.000292082191512
0.000292076902228
0.000292072560353
0.000292069165758
0.000292066717972
0.000292065216190
0.000292064659263
0.000292065045703
0.000292066373681
0.000292068641029
0.000292071845238
0.000292075983464
0.000292081052525
0.000292087048908
0.000292093968769
0.000292101807935
0.000292110561910
0.000292120225871
0.000292130794674
0.000292142262851
0.000292154624614
0.000292167873851
0.000292182004129
0.000292197008691
0.000292212880455
0.000292229612016
0.000292247195648
0.000292265623300
0.000292284886607
0.000292304976885
0.000292325885143
0.000292347602083
0.000292370118108
0.000292393423330
0.000292417507573
0.000292442360380
0.000292467971016
0.000292494328477
0.000292521421486
0.000292549238501
0.000292577767711
0.000292606997036
0.000292636914130
0.000292667506375
0.000292698760881
0.000292730664486
0.000292763203758
0.000292796364994
0.000292830134224
0.000292864497215
0.000292899439481
0.000292934946286
0.000292971002659
0.000293007593398
0.000293044703082
0.000293082316085
0.000293120416577
0.000293158988541
0.000293198015771
0.000293237481881
0.000293277370306
0.000293317664303
0.000293358346950
0.000293399401142
0.000293440809594
0.000293482554832
0.000293524619197
0.000293566984839
0.000293609633724
0.000293652547635
0.000293695708176
0.000293739096785
0.000293782694738
0.000293826483166
0.000293870443068
0.000293914555320
0.000293958800694
0.000294003159865
0.000294047613426
0.000294092141896
0.000294136725723
0.000294181345289
0.000294225980915
0.000294270612853
0.000294315221288
0.000294359786333
0.000294404288024
0.000294448706317
0.000294493021088
0.000294537212128
0.000294581259154
0.000294625141803
0.000294668839653
0.000294712332225
0.000294755598999
0.000294798619432
0.000294841372971
0.000294883839071
0.000294925997208
0.000294967826896
0.000295009307693
0.000295050419215
0.000295091141136
0.000295131453191
0.000295171335175
0.000295210766941
0.000295249728392
0.000295288199474
0.000295326160177
0.000295363590521
0.000295400470561
0.000295436780386
0.000295472500120
0.000295507609933
0.000295542090050
0.000295575920763
0.000295609082452
0.000295641555598
0.000295673320801
0.000295704358803
0.000295734650495
0.000295764176937
0.000295792919367
0.000295820859202
0.000295847978046
0.000295874257687
0.000295899680093
0.000295924227401
0.000295947881917
0.000295970626101
0.000295992442563
0.000296013314056
0.000296033223473
0.000296052153853
0.000296070088380
0.000296087010392
0.000296102903400
0.000296117751097
0.000296131537378
0.000296144246359
0.000296155862394
0.000296166370096
0.000296175754346
0.000296184000309
0.000296191093439
0.000296197019484
0.000296201764482
0.000296205314759
0.000296207656920
0.000296208777838
0.000296208664648
0.000296207304728
0.000296204685697
0.000296200795409
0.000296195621945
0.000296189153621
0.000296181378989
0.000296172286849
0.000296161866264
0.000296150106573
0.000296136997413
0.000296122528735
0.000296106690823
0.000296089474308
0.000296070870184
0.000296050869811
0.000296029464924
0.000296006647629
0.000295982410401
0.000295956746072
0.000295929647820
0.000295901109159
0.000295871123922
0.000295839686250
0.000295806790583
0.000295772431652
0.000295736604476
0.000295699304367
0.000295660526933
0.000295620268091
0.000295578524079
0.000295535291475
0.000295490567214
0.000295444348604
0.000295396633341
0.000295347419527
0.000295296705672
0.000295244490706
0.000295190773973
0.000295135555227
0.000295078834626
