0.000842313592703
0.000836424883508
0.000830628733499
0.000824928838201
0.000819328691804
0.000813831584980
0.000808440603057
0.000803158624564
0.000797988320134
0.000792932151767
0.000787992372458
0.000783171026172
0.000778469948174
0.000773890765706
0.000769434899005
0.000765103562655
0.000760897767275
0.000756818321523
0.000752865834421
0.000749040717988
0.000745343190173
0.000741773278080
0.000738330821476
0.000735015476574
0.000731826720078
0.000728763853483
0.000725826007614
0.000723012147410
0.000720321076907
0.000717751444456
0.000715301748117
0.000712970341254
0.000710755438293
0.000708655120652
0.000706667342808
0.000704789938509
0.000703020627106
0.000701357019994
0.000699796627153
0.000698336863769
0.000696975056933
0.000695708452388
0.000694534221333
0.000693449467248
0.000692451232745
0.000691536506423
0.000690702229714
0.000689945303716
0.000689262595987
0.000688650947300
0.000688107178343
0.000687628096347
0.000687210501636
0.000686851194089
0.000686546979500
0.000686294675818
0.000686091119279
0.000685933170389
0.000685817719775
0.000685741693880
0.000685702060497
0.000685695834132
0.000685720081194
0.000685771924992
0.000685848550547
0.000685947209192
0.000686065222981
0.000686199988871
0.000686348982695
0.000686509762905
0.000686679974093
0.000686857350276
0.000687039717945
0.000687224998873
0.000687411212691
0.000687596479204
0.000687779020475
0.000687957162652
0.000688129337556
0.000688294084010
0.000688450048931
0.000688595988166
0.000688730767083
0.000688853360924
0.000688962854905
0.000689058444081
0.000689139432979
0.000689205234980
0.000689255371493
0.000689289470884
0.000689307267194
0.000689308598637
0.000689293405886
0.000689261730156
0.000689213711083
0.000689149584418
0.000689069679523
0.000688974416699
0.000688864304333
0.000688739935889
0.000688601986732
0.000688451210812
0.000688288437203
0.000688114566513
0.000687930567169
0.000687737471585
0.000687536372234
0.000687328417611
0.000687114808116
0.000686896791864
0.000686675660415
0.000686452744458
0.000686229409432
0.000686007051123
0.000685787091218
0.000685570972842
0.000685360156091
0.000685156113549
0.000684960325831
0.000684774277124
0.000684599450771
0.000684437324878
0.000684289367972
0.000684157034710
0.000684041761651
0.000683944963094
0.000683868027002
0.000683812311003
0.000683779138493
0.000683769794839
0.000683785523684
0.000683827523383
0.000683896943545
0.000683994881715
0.000684122380192
0.000684280422981
0.000684469932899
0.000684691768830
0.000684946723138
0.000685235519242
0.000685558809357
0.000685917172401
0.000686311112085
0.000686741055167
0.000687207349895
0.000687710264625
0.000688249986629
0.000688826621085
0.000689440190247
0.000690090632817
0.000690777803493
0.000691501472708
0.000692261326559
0.000693056966924
0.000693887911760
0.000694753595592
0.000695653370182
0.000696586505378
0.000697552190149
0.000698549533785
0.000699577567282
0.000700635244887
0.000701721445812
0.000702834976115
0.000703974570732
0.000705138895664
0.000706326550314
0.000707536069964
0.000708765928392
0.000710014540622
0.000711280265792
0.000712561410154
0.000713856230178
0.000715162935766
0.000716479693568
0.000717804630387
0.000719135836674
0.000720471370101
0.000721809259206
0.000723147507099
0.000724484095229
0.000725816987200
0.000727144132626
0.000728463471016
0.000729772935696
0.000731070457739
0.000732353969909
0.000733621410603
0.000734870727800
0.000736099882980
0.000737306855032
0.000738489644136
0.000739646275598
0.000740774803653
0.000741873315210
0.000742939933539
0.000743972821894
0.000744970187067
0.000745930282856
0.000746851413451
0.000747731936730
0.000748570267447
0.000749364880329
0.000750114313051
0.000750817169101
0.000751472120519
0.000752077910514
0.000752633355948
0.000753137349679
0.000753588862772
0.000753986946559
0.000754330734552
0.000754619444203
0.000754852378517
0.000755028927493
0.000755148569416
0.000755210871984
0.000755215493263
0.000755162182488
0.000755050780686
0.000754881221135
0.000754653529653
0.000754367824718
0.000754024317416
0.000753623311224
0.000753165201623
0.000752650475538
0.000752079710621
0.000751453574361
0.000750772823039
0.000750038300514
0.000749250936856
0.000748411746827
0.000747521828201
0.000746582359943
0.000745594600243
0.000744559884400
0.000743479622581
0.000742355297444
0.000741188461626
0.000739980735118
0.000738733802523
0.000737449410188
0.000736129363253
0.000734775522573
0.000733389801569
0.000731974162976
0.000730530615515
0.000729061210485
0.000727568038294
0.000726053224918
0.000724518928312
0.000722967334773
0.000721400655253
0.000719821121648
0.000718230983057
0.000716632502014
0.000715027950722
0.000713419607266
0.000711809751838
0.000710200662971
0.000708594613783
0.000706993868249
0.000705400677508
0.000703817276196
0.000702245878840
0.000700688676288
0.000699147832206
0.000697625479643
0.000696123717661
0.000694644608043
0.000693190172094
0.000691762387526
0.000690363185436
0.000688994447398
0.000687658002649
0.000686355625399
0.000685089032253
0.000683859879757
0.000682669762072
0.000681520208784
0.000680412682838
0.000679348578630
0.000678329220223
0.000677355859723
0.000676429675802
0.000675551772369
0.000674723177398
0.000673944841915
0.000673217639142
0.000672542363797
0.000671919731566
0.000671350378720
0.000670834861914
0.000670373658130
0.000669967164801
0.000669615700076
0.000669319503269
0.000669078735446
0.000668893480192
0.000668763744514
0.000668689459918
0.000668670483624
0.000668706599937
0.000668797521767
0.000668942892287
0.000669142286735
0.000669395214350
0.000669701120441
0.000670059388583
0.000670469342933
0.000670930250673
0.000671441324551
0.000672001725544
0.000672610565613
0.000673266910555
0.000673969782949
0.000674718165182
0.000675511002550
0.000676347206433
0.000677225657530
0.000678145209155
0.000679104690575
0.000680102910400
0.000681138659996
0.000682210716938
0.000683317848470
0.000684458814991
0.000685632373533
0.000686837281244
0.000688072298859
0.000689336194151
0.000690627745357
0.000691945744574
0.000693289001104
0.000694656344765
0.000696046629132
0.000697458734723
0.000698891572113
0.000700344084963
0.000701815252978
0.000703304094759
0.000704809670562
0.000706331084956
0.000707867489361
0.000709418084474
0.000710982122571
0.000712558909674
0.000714147807590
0.000715748235804
0.000717359673232
0.000718981659814
0.000720613797966
0.000722255753861
0.000723907258555
0.000725568108939
0.000727238168532
0.000728917368091
0.000730605706052
0.000732303248790
0.000734010130707
0.000735726554125
0.000737452789013
0.000739189172523
0.000740936108338
0.000742694065850
0.000744463579141
0.000746245245791
0.000748039725501
0.000749847738533
0.000751670063981
0.000753507537858
0.000755361051009
0.000757231546861
0.000759120019000
0.000761027508584
0.000762955101601
0.000764903925968
0.000766875148484
0.000768869971629
0.000770889630236
0.000772935388017
0.000775008533970
0.000777110378655
0.000779242250368
0.000781405491192
0.000783601452960
0.000785831493118
0.000788096970504
0.000790399241050
0.000792739653414
0.000795119544555
0.000797540235249
0.000800003025569
0.000802509190323
0.000805059974478
0.000807656588559
0.000810300204042
0.000812991948756
0.000815732902297
0.000818524091456
