0.000496835189420
0.000496541931480
0.000496256743923
0.000495979686950
0.000495710823227
0.000495450217641
0.000495197937050
0.000494954050032
0.000494718626642
0.000494491738157
0.000494273456829
0.000494063855633
0.000493863008024
0.000493670987685
0.000493487868280
0.000493313723216
0.000493148625395
0.000492992646978
0.000492845859143
0.000492708331859
0.000492580133647
0.000492461331356
0.000492351989942
0.000492252172246
0.000492161938779
0.000492081347512
0.000492010453673
0.000491949309545
0.000491897964271
0.000491856463666
0.000491824850033
0.000491803161986
0.000491791434281
0.000491789697646
0.000491797978632
0.000491816299451
0.000491844677842
0.000491883126927
0.000491931655085
0.000491990265828
0.000492058957686
0.000492137724098
0.000492226553316
0.000492325428310
0.000492434326685
0.000492553220604
0.000492682076720
0.000492820856116
0.000492969514253
0.000493128000925
0.000493296260221
0.000493474230500
0.000493661844371
0.000493859028679
0.000494065704500
0.000494281787148
0.000494507186185
0.000494741805441
0.000494985543040
0.000495238291438
0.000495499937463
0.000495770362368
0.000496049441885
0.000496337046293
0.000496633040489
0.000496937284067
0.000497249631403
0.000497569931750
0.000497898029336
0.000498233763468
0.000498576968648
0.000498927474688
0.000499285106833
0.000499649685894
0.000500021028380
0.000500398946639
0.000500783249007
0.000501173739950
0.000501570220227
0.000501972487047
0.000502380334230
0.000502793552376
0.000503211929036
0.000503635248889
0.000504063293915
0.000504495843579
0.000504932675017
0.000505373563213
0.000505818281200
0.000506266600238
0.000506718290014
0.000507173118833
0.000507630853813
0.000508091261078
0.000508554105958
0.000509019153185
0.000509486167087
0.000509954911789
0.000510425151407
0.000510896650245
0.000511369172990
0.000511842484906
0.000512316352027
0.000512790541350
0.000513264821020
0.000513738960524
0.000514212730871
0.000514685904778
0.000515158256850
0.000515629563755
0.000516099604402
0.000516568160108
0.000517035014770
0.000517499955025
0.000517962770412
0.000518423253527
0.000518881200175
0.000519336409519
0.000519788684219
0.000520237830573
0.000520683658649
0.000521125982414
0.000521564619856
0.000521999393101
0.000522430128530
0.000522856656877
0.000523278813342
0.000523696437674
0.000524109374272
0.000524517472261
0.000524920585574
0.000525318573023
0.000525711298364
0.000526098630359
0.000526480442829
0.000526856614699
0.000527227030043
0.000527591578118
0.000527950153392
0.000528302655567
0.000528648989597
0.000528989065699
0.000529322799351
0.000529650111301
0.000529970927548
0.000530285179337
0.000530592803132
0.000530893740597
0.000531187938558
0.000531475348971
0.000531755928875
0.000532029640348
0.000532296450447
0.000532556331154
0.000532809259310
0.000533055216545
0.000533294189202
0.000533526168261
0.000533751149252
0.000533969132167
0.000534180121368
0.000534384125488
0.000534581157333
0.000534771233771
0.000534954375630
0.000535130607578
0.000535299958012
0.000535462458940
0.000535618145852
0.000535767057602
0.000535909236277
0.000536044727066
0.000536173578130
0.000536295840467
0.000536411567774
0.000536520816310
0.000536623644757
0.000536720114080
0.000536810287384
0.000536894229772
0.000536972008200
0.000537043691340
0.000537109349426
0.000537169054120
0.000537222878364
0.000537270896237
0.000537313182811
0.000537349814014
0.000537380866487
0.000537406417442
0.000537426544528
0.000537441325692
0.000537450839047
0.000537455162737
0.000537454374806
0.000537448553073
0.000537437775004
0.000537422117589
0.000537401657224
0.000537376469590
0.000537346629546
0.000537312211010
0.000537273286859
0.000537229928819
0.000537182207373
0.000537130191658
0.000537073949377
0.000537013546712
0.000536949048237
0.000536880516840
0.000536808013652
0.000536731597971
0.000536651327201
0.000536567256790
0.000536479440173
0.000536387928719
0.000536292771689
0.000536194016194
0.000536091707154
0.000535985887271
0.000535876597002
0.000535763874538
0.000535647755786
0.000535528274360
0.000535405461573
0.000535279346440
0.000535149955680
0.000535017313724
0.000534881442731
0.000534742362611
0.000534600091043
0.000534454643509
0.000534306033325
0.000534154271685
0.000533999367701
0.000533841328452
0.000533680159037
0.000533515862635
0.000533348440564
0.000533177892349
0.000533004215792
0.000532827407049
0.000532647460702
0.000532464369849
0.000532278126187
0.000532088720100
0.000531896140754
0.000531700376194
0.000531501413443
0.000531299238603
0.000531093836963
0.000530885193103
0.000530673291012
0.000530458114192
0.000530239645778
0.000530017868657
0.000529792765580
0.000529564319290
0.000529332512638
0.000529097328710
0.000528858750949
0.000528616763283
0.000528371350245
0.000528122497106
0.000527870189998
0.000527614416041
0.000527355163471
0.000527092421762
0.000526826181760
0.000526556435800
0.000526283177835
0.000526006403557
0.000525726110523
0.000525442298270
0.000525154968438
0.000524864124886
0.000524569773808
0.000524271923845
0.000523970586198
0.000523665774732
0.000523357506087
0.000523045799777
0.000522730678290
0.000522412167189
0.000522090295197
0.000521765094296
0.000521436599806
0.000521104850472
0.000520769888540
0.000520431759832
0.000520090513818
0.000519746203679
0.000519398886373
0.000519048622687
0.000518695477293
0.000518339518797
0.000517980819777
0.000517619456827
0.000517255510585
0.000516889065768
0.000516520211187
0.000516149039770
0.000515775648575
0.000515400138797
0.000515022615766
0.000514643188951
0.000514261971947
0.000513879082463
0.000513494642302
0.000513108777336
0.000512721617480
0.000512333296651
0.000511943952734
0.000511553727531
0.000511162766712
0.000510771219761
0.000510379239911
0.000509986984080
0.000509594612800
0.000509202290139
0.000508810183619
0.000508418464135
0.000508027305857
0.000507636886142
0.000507247385428
0.000506858987134
0.000506471877549
0.000506086245723
0.000505702283345
0.000505320184627
0.000504940146179
0.000504562366879
0.000504187047745
0.000503814391798
0.000503444603926
0.000503077890743
0.000502714460444
0.000502354522663
0.000501998288322
0.000501645969481
0.000501297779184
0.000500953931309
0.000500614640406
0.000500280121544
0.000499950590151
0.000499626261854
0.000499307352318
0.000498994077083
0.000498686651408
0.000498385290101
0.000498090207364
0.000497801616627
0.000497519730388
0.000497244760050
0.000496976915765
0.000496716406273
0.000496463438741
0.000496218218612
0.000495980949446
0.000495751832772
0.000495531067929
0.000495318851927
0.000495115379293
0.000494920841933
0.000494735428988
0.000494559326698
0.000494392718266
0.000494235783731
0.000494088699833
0.000493951639899
0.000493824773714
0.000493708267411
0.000493602283359
0.000493506980055
0.000493422512019
0.000493349029701
0.000493286679385
0.000493235603102
0.000493195938545
0.000493167818996
0.000493151373248
0.000493146725540
0.000493153995499
0.000493173298077
0.000493204743508
0.000493248437260
0.000493304479994
0.000493372967536
0.000493453990849
0.000493547636009
0.000493653984194
0.000493773111674
0.000493905089807
0.000494049985043
0.000494207858936
0.000494378768156
0.000494562764511
0.000494759894978
0.000494970201733
0.000495193722192
0.000495430489056
