0.000255189290137
0.000255207433250
0.000255224865463
0.000255241590223
0.000255257613700
0.000255272944681
0.000255287594340
0.000255301575903
0.000255314904223
0.000255327595280
0.000255339665633
0.000255351131853
0.000255362009959
0.000255372314886
0.000255382060007
0.000255391256734
0.000255399914215
0.000255408039144
0.000255415635682
0.000255422705508
0.000255429247979
0.000255435260410
0.000255440738441
0.000255445676488
0.000255450068251
0.000255453907249
0.000255457187370
0.000255459903399
0.000255462051499
0.000255463629634
0.000255464637899
0.000255465078758
0.000255464957161
0.000255464280559
0.000255463058789
0.000255461303860
0.000255459029636
0.000255456251438
0.000255452985578
0.000255449248856
0.000255445058036
0.000255440429332
0.000255435377923
0.000255429917519
0.000255424060006
0.000255417815177
0.000255411190565
0.000255404191384
0.000255396820583
0.000255389079001
0.000255380965631
0.000255372477955
0.000255363612366
0.000255354364620
0.000255344730329
0.000255334705453
0.000255324286767
0.000255313472298
0.000255302261689
0.000255290656491
0.000255278660362
0.000255266279168
0.000255253520974
0.000255240395941
0.000255226916119
0.000255213095159
0.000255198947949
0.000255184490196
0.000255169737981
0.000255154707287
0.000255139413554
0.000255123871248
0.000255108093491
0.000255092091756
0.000255075875637
0.000255059452718
0.000255042828532
0.000255026006622
0.000255008988688
0.000254991774825
0.000254974363834
0.000254956753584
0.000254938941421
0.000254920924591
0.000254902700667
0.000254884267953
0.000254865625848
0.000254846775157
0.000254827718324
0.000254808459597
0.000254789005092
0.000254769362777
0.000254749542366
0.000254729555128
0.000254709413628
0.000254689131410
0.000254668722635
0.000254648201695
0.000254627582819
0.000254606879695
0.000254586105117
0.000254565270679
0.000254544386534
0.000254523461217
0.000254502501546
0.000254481512612
0.000254460497839
0.000254439459129
0.000254418397073
0.000254397311217
0.000254376200375
0.000254355062971
0.000254333897389
0.000254312702326
0.000254291477112
0.000254270222002
0.000254248938418
0.000254227629122
0.000254206298332
0.000254184951757
0.000254163596562
0.000254142241264
0.000254120895561
0.000254099570111
0.000254078276258
0.000254057025738
0.000254035830366
0.000254014701724
0.000253993650857
0.000253972688011
0.000253951822402
0.000253931062039
0.000253910413606
0.000253889882411
0.000253869472391
0.000253849186194
0.000253829025301
0.000253808990215
0.000253789080685
0.000253769295952
0.000253749635028
0.000253730096958
0.000253710681092
0.000253691387316
0.000253672216265
0.000253653169481
0.000253634249528
0.000253615460052
0.000253596805779
0.000253578292466
0.000253559926796
0.000253541716229
0.000253523668816
0.000253505792987
0.000253488097321
0.000253470590316
0.000253453280159
0.000253436174520
0.000253419280375
0.000253402603857
0.000253386150154
0.000253369923458
0.000253353926951
0.000253338162846
0.000253322632470
0.000253307336382
0.000253292274527
0.000253277446409
0.000253262851284
0.000253248488346
0.000253234356919
0.000253220456623
0.000253206787525
0.000253193350257
0.000253180146093
0.000253167176997
0.000253154445625
0.000253141955287
0.000253129709881
0.000253117713787
0.000253105971742
0.000253094488693
0.000253083269646
0.000253072319507
0.000253061642937
0.000253051244216
0.000253041127129
0.000253031294880
0.000253021750039
0.000253012494513
0.000253003529557
0.000252994855812
0.000252986473376
0.000252978381891
0.000252970580655
0.000252963068738
0.000252955845111
0.000252948908766
0.000252942258827
0.000252935894646
0.000252929815883
0.000252924022553
0.000252918515056
0.000252913294171
0.000252908361027
0.000252903717057
0.000252899363912
0.000252895303385
0.000252891537299
0.000252888067411
0.000252884895308
0.000252882022310
0.000252879449393
0.000252877177128
0.000252875205637
0.000252873534580
0.000252872163162
0.000252871090170
0.000252870314023
0.000252869832849
0.000252869644576
0.000252869747020
0.000252870137995
0.000252870815404
0.000252871777325
0.000252873022091
0.000252874548333
0.000252876355023
0.000252878441470
0.000252880807305
0.000252883452436
0.000252886376980
0.000252889581178
0.000252893065292
0.000252896829494
0.000252900873759
0.000252905197755
0.000252909800741
0.000252914681493
0.000252919838242
0.000252925268642
0.000252930969761
0.000252936938112
0.000252943169703
0.000252949660119
0.000252956404625
0.000252963398289
0.000252970636115
0.000252978113181
0.000252985824778
0.000252993766529
0.000253001934505
0.000253010325301
0.000253018936096
0.000253027764674
0.000253036809408
0.000253046069214
0.000253055543465
0.000253065231879
0.000253075134378
0.000253085250934
0.000253095581395
0.000253106125317
0.000253116881797
0.000253127849329
0.000253139025671
0.000253150407757
0.000253161991634
0.000253173772453
0.000253185744486
0.000253197901201
0.000253210235369
0.000253222739212
0.000253235404571
0.000253248223111
0.000253261186521
0.000253274286726
0.000253287516089
0.000253300867591
0.000253314334983
0.000253327912900
0.000253341596934
0.000253355383656
0.000253369270587
0.000253383256118
0.000253397339387
0.000253411520105
0.000253425798357
0.000253440174370
0.000253454648267
0.000253469219823
0.000253483888229
0.000253498651869
0.000253513508144
0.000253528453328
0.000253543482477
0.000253558589393
0.000253573766654
0.000253589005688
0.000253604296920
0.000253619629955
0.000253634993813
0.000253650377189
0.000253665768736
0.000253681157354
0.000253696532466
0.000253711884281
0.000253727204009
0.000253742484047
0.000253757718095
0.000253772901211
0.000253788029810
0.000253803101583
0.000253818115361
0.000253833070911
0.000253847968692
0.000253862809563
0.000253877594472
0.000253892324132
0.000253906998699
0.000253921617477
0.000253936178654
0.000253950679087
0.000253965114147
0.000253979477635
0.000253993761768
0.000254007957240
0.000254022053363
0.000254036038265
0.000254049899157
0.000254063622641
0.000254077195053
0.000254090602827
0.000254103832847
0.000254116872797
0.000254129711468
0.000254142339012
0.000254154747146
0.000254166929272
0.000254178880521
0.000254190597720
0.000254202079267
0.000254213324941
0.000254224335631
0.000254235113019
0.000254245659215
0.000254255976371
0.000254266066282
0.000254275930011
0.000254285567530
0.000254294977423
0.000254304156640
0.000254313100336
0.000254321801789
0.000254330252407
0.000254338441826
0.000254346358094
0.000254353987933
0.000254361317065
0.000254368330593
0.000254375013416
0.000254381350655
0.000254387328077
0.000254392932490
0.000254398152098
0.000254402976787
0.000254407398341
0.000254411410567
0.000254415009327
0.000254418192472
0.000254420959682
0.000254423312224
0.000254425252625
0.000254426784288
0.000254427911066
0.000254428636806
0.000254428964899
0.000254428897839
0.000254428436833
0.000254427581460
0.000254426329416
0.000254424676339
0.000254422615735
0.000254420139006
0.000254417235583
0.000254413893148
0.000254410097945
0.000254405835166
0.000254401089389
0.000254395845049
0.000254390086921
0.000254383800596
0.000254376972918
0.000254369592368
0.000254361649383
0.000254353136570
0.000254344048839
0.000254334383416
0.000254324139757
0.000254313319352
0.000254301925439
