0.000159439802001
0.000159426130793
0.000159413253213
0.000159401157000
0.000159389817771
0.000159379199638
0.000159369256064
0.000159359930914
0.000159351159663
0.000159342870743
0.000159334986957
0.000159327426969
0.000159320106785
0.000159312941244
0.000159305845448
0.000159298736135
0.000159291532957
0.000159284159651
0.000159276545092
0.000159268624209
0.000159260338771
0.000159251638035
0.000159242479265
0.000159232828125
0.000159222658967
0.000159211955006
0.000159200708415
0.000159188920318
0.000159176600716
0.000159163768310
0.000159150450246
0.000159136681750
0.000159122505659
0.000159107971824
0.000159093136394
0.000159078060967
0.000159062811617
0.000159047457812
0.000159032071231
0.000159016724514
0.000159001489971
0.000158986438273
0.000158971637178
0.000158957150302
0.000158943035981
0.000158929346256
0.000158916125991
0.000158903412162
0.000158891233325
0.000158879609287
0.000158868550965
0.000158858060469
0.000158848131371
0.000158838749171
0.000158829891926
0.000158821531033
0.000158813632113
0.000158806155980
0.000158799059649
0.000158792297334
0.000158785821431
0.000158779583417
0.000158773534682
0.000158767627245
0.000158761814379
0.000158756051121
0.000158750294691
0.000158744504830
0.000158738644067
0.000158732677938
0.000158726575160
0.000158720307793
0.000158713851369
0.000158707185019
0.000158700291590
0.000158693157745
0.000158685774063
0.000158678135104
0.000158670239467
0.000158662089809
0.000158653692831
0.000158645059207
0.000158636203468
0.000158627143808
0.000158617901829
0.000158608502190
0.000158598972189
0.000158589341263
0.000158579640420
0.000158569901621
0.000158560157135
0.000158550438888
0.000158540777836
0.000158531203396
0.000158521742948
0.000158512421450
0.000158503261151
0.000158494281441
0.000158485498809
0.000158476926920
0.000158468576781
0.000158460456987
0.000158452574011
0.000158444932532
0.000158437535756
0.000158430385726
0.000158423483589
0.000158416829814
0.000158410424343
0.000158404266668
0.000158398355827
0.000158392690328
0.000158387267993
0.000158382085743
0.000158377139329
0.000158372423037
0.000158367929385
0.000158363648834
0.000158359569551
0.000158355677233
0.000158351955030
0.000158348383572
0.000158344941102
0.000158341603738
0.000158338345831
0.000158335140411
0.000158331959713
0.000158328775726
0.000158325560775
0.000158322288081
0.000158318932283
0.000158315469914
0.000158311879801
0.000158308143393
0.000158304245009
0.000158300172007
0.000158295914883
0.000158291467303
0.000158286826077
0.000158281991101
0.000158276965247
0.000158271754253
0.000158266366587
0.000158260813320
0.000158255108018
0.000158249266635
0.000158243307448
0.000158237251001
0.000158231120069
0.000158224939629
0.000158218736814
0.000158212540847
0.000158206382913
0.000158200295966
0.000158194314448
0.000158188473899
0.000158182810468
0.000158177360317
0.000158172158936
0.000158167240381
0.000158162636469
0.000158158375962
0.000158154483764
0.000158150980171
0.000158147880210
0.000158145193083
0.000158142921753
0.000158141062675
0.000158139605696
0.000158138534121
0.000158137824953
0.000158137449293
0.000158137372896
0.000158137556860
0.000158137958436
0.000158138531923
0.000158139229624
0.000158140002831
0.000158140802800
0.000158141581698
0.000158142293470
0.000158142894628
0.000158143344927
0.000158143607924
0.000158143651424
0.000158143447815
0.000158142974302
0.000158142213060
0.000158141151331
0.000158139781462
0.000158138100923
0.000158136112297
0.000158133823254
0.000158131246508
0.000158128399747
0.000158125305536
0.000158121991169
0.000158118488474
0.000158114833537
0.000158111066355
0.000158107230405
0.000158103372113
0.000158099540231
0.000158095785124
0.000158092157965
0.000158088709849
0.000158085490850
0.000158082549019
0.000158079929366
0.000158077672848
0.000158075815393
0.000158074386999
0.000158073410942
0.000158072903135
0.000158072871654
0.000158073316474
0.000158074229410
0.000158075594293
0.000158077387344
0.000158079577759
0.000158082128469
0.000158084997031
0.000158088136641
0.000158091497204
0.000158095026439
0.000158098670982
0.000158102377454
0.000158106093462
0.000158109768530
0.000158113354927
0.000158116808388
0.000158120088726
0.000158123160329
0.000158125992546
0.000158128559967
0.000158130842609
0.000158132826012
0.000158134501273
0.000158135865014
0.000158136919315
0.000158137671615
0.000158138134588
0.000158138325998
0.000158138268543
0.000158137989653
0.000158137521264
0.000158136899522
0.000158136164417
0.000158135359329
0.000158134530467
0.000158133726203
0.000158132996298
0.000158132391032
0.000158131960246
0.000158131752342
0.000158131813243
0.000158132185369
0.000158132906658
0.000158134009656
0.000158135520729
0.000158137459403
0.000158139837874
0.000158142660689
0.000158145924632
0.000158149618791
0.000158153724844
0.000158158217514
0.000158163065221
0.000158168230874
0.000158173672807
0.000158179345806
0.000158185202195
0.000158191192949
0.000158197268785
0.000158203381204
0.000158209483437
0.000158215531286
0.000158221483828
0.000158227303989
0.000158232958971
0.000158238420562
0.000158243665326
0.000158248674704
0.000158253435045
0.000158257937581
0.000158262178370
0.000158266158219
0.000158269882584
0.000158273361470
0.000158276609308
0.000158279644818
0.000158282490845
0.000158285174157
0.000158287725197
0.000158290177784
0.000158292568739
0.000158294937454
0.000158297325365
0.000158299775353
0.000158302331066
0.000158305036154
0.000158307933447
0.000158311064077
0.000158314466571
0.000158318175947
0.000158322222840
0.000158326632696
0.000158331425070
0.000158336613068
0.000158342202949
0.000158348193924
0.000158354578158
0.000158361340971
0.000158368461244
0.000158375912002
0.000158383661146
0.000158391672309
0.000158399905802
0.000158408319597
0.000158416870330
0.000158425514281
0.000158434208303
0.000158442910673
0.000158451581853
0.000158460185139
0.000158468687194
0.000158477058457
0.000158485273432
0.000158493310869
0.000158501153837
0.000158508789710
0.000158516210091
0.000158523410685
0.000158530391143
0.000158537154907
0.000158543709057
0.000158550064178
0.000158556234254
0.000158562236572
0.000158568091642
0.000158573823102
0.000158579457600
0.000158585024621
0.000158590556249
0.000158596086834
0.000158601652573
0.000158607290981
0.000158613040276
0.000158618938674
0.000158625023624
0.000158631331003
0.000158637894304
0.000158644743836
0.000158651905980
0.000158659402518
0.000158667250067
0.000158675459643
0.000158684036361
0.000158692979310
0.000158702281579
0.000158711930466
0.000158721907847
0.000158732190698
0.000158742751757
0.000158753560286
0.000158764582920
0.000158775784542
0.000158787129174
0.000158798580821
0.000158810104252
0.000158821665672
0.000158833233290
0.000158844777746
0.000158856272409
0.000158867693559
0.000158879020457
0.000158890235330
0.000158901323298
0.000158912272261
0.000158923072779
0.000158933717951
0.000158944203325
0.000158954526829
0.000158964688749
0.000158974691732
0.000158984540826
0.000158994243540
0.000159003809913
0.000159013252581
0.000159022586820
0.000159031830557
0.000159041004326
0.000159050131152
0.000159059236352
0.000159068347243
0.000159077492753
0.000159086702930
0.000159096008371
0.000159105439575
0.000159115026254
0.000159124796627
