0.000163711036940
0.000163693113792
0.000163675875788
0.000163659325743
0.000163643455711
0.000163628247369
0.000163613672466
0.000163599693289
0.000163586263157
0.000163573326922
0.000163560821502
0.000163548676482
0.000163536814823
0.000163525153712
0.000163513605610
0.000163502079514
0.000163490482474
0.000163478721340
0.000163466704742
0.000163454345245
0.000163441561615
0.000163428281124
0.000163414441782
0.000163399994397
0.000163384904361
0.000163369153057
0.000163352738803
0.000163335677270
0.000163318001331
0.000163299760333
0.000163281018815
0.000163261854714
0.000163242357135
0.000163222623801
0.000163202758259
0.000163182867012
0.000163163056652
0.000163143431145
0.000163124089344
0.000163105122825
0.000163086614088
0.000163068635170
0.000163051246653
0.000163034497063
0.000163018422611
0.000163003047230
0.000162988382830
0.000162974429736
0.000162961177214
0.000162948604072
0.000162936679281
0.000162925362599
0.000162914605217
0.000162904350411
0.000162894534256
0.000162885086423
0.000162875931094
0.000162866988042
0.000162858173893
0.000162849403582
0.000162840592005
0.000162831655837
0.000162822515473
0.000162813097024
0.000162803334301
0.000162793170684
0.000162782560791
0.000162771471850
0.000162759884702
0.000162747794353
0.000162735210056
0.000162722154877
0.000162708664787
0.000162694787290
0.000162680579676
0.000162666106972
0.000162651439692
0.000162636651521
0.000162621817009
0.000162607009413
0.000162592298769
0.000162577750260
0.000162563422943
0.000162549368853
0.000162535632474
0.000162522250563
0.000162509252277
0.000162496659521
0.000162484487479
0.000162472745207
0.000162461436262
0.000162450559267
0.000162440108395
0.000162430073720
0.000162420441444
0.000162411194014
0.000162402310149
0.000162393764825
0.000162385529283
0.000162377571106
0.000162369854415
0.000162362340240
0.000162354987078
0.000162347751663
0.000162340589918
0.000162333458077
0.000162326313908
0.000162319117986
0.000162311834933
0.000162304434543
0.000162296892727
0.000162289192208
0.000162281322902
0.000162273281985
0.000162265073602
0.000162256708266
0.000162248201964
0.000162239575049
0.000162230850973
0.000162222054976
0.000162213212788
0.000162204349462
0.000162195488389
0.000162186650569
0.000162177854170
0.000162169114389
0.000162160443607
0.000162151851797
0.000162143347134
0.000162134936733
0.000162126627432
0.000162118426550
0.000162110342517
0.000162102385335
0.000162094566808
0.000162086900513
0.000162079401515
0.000162072085834
0.000162064969719
0.000162058068775
0.000162051397029
0.000162044965996
0.000162038783842
0.000162032854702
0.000162027178218
0.000162021749338
0.000162016558389
0.000162011591430
0.000162006830854
0.000162002256187
0.000161997845036
0.000161993574099
0.000161989420173
0.000161985361068
0.000161981376382
0.000161977448072
0.000161973560792
0.000161969701991
0.000161965861782
0.000161962032611
0.000161958208784
0.000161954385903
0.000161950560300
0.000161946728515
0.000161942886902
0.000161939031400
0.000161935157514
0.000161931260502
0.000161927335780
0.000161923379494
0.000161919389223
0.000161915364743
0.000161911308775
0.000161907227643
0.000161903131770
0.000161899035940
0.000161894959295
0.000161890925022
0.000161886959739
0.000161883092604
0.000161879354181
0.000161875775137
0.000161872384855
0.000161869210043
0.000161866273440
0.000161863592700
0.000161861179539
0.000161859039187
0.000161857170198
0.000161855564610
0.000161854208449
0.000161853082533
0.000161852163513
0.000161851425083
0.000161850839265
0.000161850377684
0.000161850012754
0.000161849718708
0.000161849472402
0.000161849253883
0.000161849046686
0.000161848837894
0.000161848617969
0.000161848380424
0.000161848121378
0.000161847839077
0.000161847533424
0.000161847205603
0.000161846857815
0.000161846493177
0.000161846115778
0.000161845730887
0.000161845345283
0.000161844967649
0.000161844608988
0.000161844282973
0.000161844006193
0.000161843798204
0.000161843681371
0.000161843680458
0.000161843821956
0.000161844133184
0.000161844641186
0.000161845371490
0.000161846346815
0.000161847585789
0.000161849101788
0.000161850901978
0.000161852986615
0.000161855348694
0.000161857973953
0.000161860841262
0.000161863923372
0.000161867187995
0.000161870599137
0.000161874118622
0.000161877707698
0.000161881328642
0.000161884946252
0.000161888529164
0.000161892050902
0.000161895490623
0.000161898833539
0.000161902070996
0.000161905200262
0.000161908224040
0.000161911149799
0.000161913988964
0.000161916756071
0.000161919467935
0.000161922142912
0.000161924800298
0.000161927459887
0.000161930141713
0.000161932865961
0.000161935653000
0.000161938523521
0.000161941498705
0.000161944600367
0.000161947851019
0.000161951273798
0.000161954892225
0.000161958729780
0.000161962809278
0.000161967152083
0.000161971777201
0.000161976700295
0.000161981932711
0.000161987480583
0.000161993344096
0.000161999516977
0.000162005986275
0.000162012732460
0.000162019729865
0.000162026947453
0.000162034349889
0.000162041898839
0.000162049554443
0.000162057276859
0.000162065027789
0.000162072771894
0.000162080478017
0.000162088120133
0.000162095677990
0.000162103137403
0.000162110490208
0.000162117733896
0.000162124870971
0.000162131908110
0.000162138855181
0.000162145724226
0.000162152528481
0.000162159281512
0.000162165996524
0.000162172685899
0.000162179360975
0.000162186032071
0.000162192708723
0.000162199400104
0.000162206115551
0.000162212865147
0.000162219660262
0.000162226514011
0.000162233441548
0.000162240460162
0.000162247589148
0.000162254849453
0.000162262263107
0.000162269852492
0.000162277639490
0.000162285644580
0.000162293885965
0.000162302378789
0.000162311134507
0.000162320160463
0.000162329459716
0.000162339031103
0.000162348869551
0.000162358966598
0.000162369311073
0.000162379889875
0.000162390688772
0.000162401693157
0.000162412888681
0.000162424261706
0.000162435799546
0.000162447490452
0.000162459323376
0.000162471287500
0.000162483371611
0.000162495563366
0.000162507848531
0.000162520210278
0.000162532628621
0.000162545080070
0.000162557537552
0.000162569970649
0.000162582346166
0.000162594629014
0.000162606783377
0.000162618774100
0.000162630568227
0.000162642136591
0.000162653455362
0.000162664507457
0.000162675283723
0.000162685783819
0.000162696016740
0.000162706000965
0.000162715764196
0.000162725342746
0.000162734780582
0.000162744128105
0.000162753440744
0.000162762777426
0.000162772199031
0.000162781766882
0.000162791541360
0.000162801580660
0.000162811939756
0.000162822669539
0.000162833816152
0.000162845420477
0.000162857517738
0.000162870137170
0.000162883301722
0.000162897027731
0.000162911324562
0.000162926194179
0.000162941630665
0.000162957619705
0.000162974138077
0.000162991153201
0.000163008622822
0.000163026494879
0.000163044707651
0.000163063190225
0.000163081863338
0.000163100640612
0.000163119430197
0.000163138136781
0.000163156663930
0.000163174916660
0.000163192804174
0.000163210242612
0.000163227157728
0.000163243487349
0.000163259183501
0.000163274214123
0.000163288564259
0.000163302236703
0.000163315252064
0.000163327648254
0.000163339479445
0.000163350814549
0.000163361735313
0.000163372334110
0.000163382711543
0.000163392973950
0.000163403230924
0.000163413592901
