0.000384348413524
0.000384578926877
0.000384814031416
0.000385053629682
0.000385297622609
0.000385545909572
0.000385798388438
0.000386054955613
0.000386315506095
0.000386579933523
0.000386848130231
0.000387119987302
0.000387395394620
0.000387674240923
0.000387956413865
0.000388241800064
0.000388530285163
0.000388821753888
0.000389116090102
0.000389413176867
0.000389712896501
0.000390015130636
0.000390319760281
0.000390626665878
0.000390935727366
0.000391246824237
0.000391559835604
0.000391874640252
0.000392191116709
0.000392509143301
0.000392828598216
0.000393149359564
0.000393471305441
0.000393794313987
0.000394118263449
0.000394443032244
0.000394768499016
0.000395094542701
0.000395421042585
0.000395747878367
0.000396074930216
0.000396402078832
0.000396729205507
0.000397056192183
0.000397382921508
0.000397709276900
0.000398035142598
0.000398360403724
0.000398684946336
0.000399008657485
0.000399331425273
0.000399653138901
0.000399973688730
0.000400292966327
0.000400610864524
0.000400927277463
0.000401242100651
0.000401555231008
0.000401866566915
0.000402176008261
0.000402483456494
0.000402788814662
0.000403091987458
0.000403392881269
0.000403691404210
0.000403987466174
0.000404280978866
0.000404571855845
0.000404860012562
0.000405145366395
0.000405427836689
0.000405707344782
0.000405983814047
0.000406257169918
0.000406527339922
0.000406794253711
0.000407057843083
0.000407318042015
0.000407574786684
0.000407828015495
0.000408077669097
0.000408323690408
0.000408566024636
0.000408804619292
0.000409039424211
0.000409270391564
0.000409497475874
0.000409720634027
0.000409939825282
0.000410155011283
0.000410366156065
0.000410573226059
0.000410776190098
0.000410975019422
0.000411169687678
0.000411360170921
0.000411546447613
0.000411728498618
0.000411906307203
0.000412079859029
0.000412249142144
0.000412414146977
0.000412574866325
0.000412731295344
0.000412883431536
0.000413031274734
0.000413174827087
0.000413314093044
0.000413449079335
0.000413579794949
0.000413706251118
0.000413828461291
0.000413946441109
0.000414060208387
0.000414169783079
0.000414275187257
0.000414376445078
0.000414473582757
0.000414566628535
0.000414655612647
0.000414740567286
0.000414821526571
0.000414898526511
0.000414971604969
0.000415040801621
0.000415106157919
0.000415167717051
0.000415225523902
0.000415279625008
0.000415330068517
0.000415376904142
0.000415420183121
0.000415459958166
0.000415496283423
0.000415529214418
0.000415558808016
0.000415585122369
0.000415608216867
0.000415628152090
0.000415644989756
0.000415658792671
0.000415669624677
0.000415677550600
0.000415682636201
0.000415684948115
0.000415684553807
0.000415681521513
0.000415675920187
0.000415667819447
0.000415657289521
0.000415644401192
0.000415629225743
0.000415611834899
0.000415592300780
0.000415570695836
0.000415547092797
0.000415521564619
0.000415494184423
0.000415465025445
0.000415434160981
0.000415401664327
0.000415367608728
0.000415332067325
0.000415295113097
0.000415256818806
0.000415217256950
0.000415176499702
0.000415134618862
0.000415091685802
0.000415047771413
0.000415002946057
0.000414957279513
0.000414910840927
0.000414863698763
0.000414815920750
0.000414767573840
0.000414718724153
0.000414669436935
0.000414619776507
0.000414569806223
0.000414519588423
0.000414469184390
0.000414418654305
0.000414368057205
0.000414317450944
0.000414266892150
0.000414216436185
0.000414166137109
0.000414116047640
0.000414066219118
0.000414016701473
0.000413967543183
0.000413918791249
0.000413870491159
0.000413822686856
0.000413775420711
0.000413728733492
0.000413682664339
0.000413637250736
0.000413592528486
0.000413548531689
0.000413505292720
0.000413462842203
0.000413421208999
0.000413380420182
0.000413340501022
0.000413301474972
0.000413263363652
0.000413226186837
0.000413189962442
0.000413154706517
0.000413120433232
0.000413087154875
0.000413054881842
0.000413023622634
0.000412993383854
0.000412964170201
0.000412935984477
0.000412908827578
0.000412882698506
0.000412857594366
0.000412833510372
0.000412810439856
0.000412788374274
0.000412767303213
0.000412747214405
0.000412728093738
0.000412709925267
0.000412692691232
0.000412676372069
0.000412660946434
0.000412646391214
0.000412632681552
0.000412619790867
0.000412607690875
0.000412596351615
0.000412585741470
0.000412575827197
0.000412566573953
0.000412557945321
0.000412549903346
0.000412542408557
0.000412535420007
0.000412528895301
0.000412522790632
0.000412517060818
0.000412511659333
0.000412506538350
0.000412501648776
0.000412496940291
0.000412492361391
0.000412487859427
0.000412483380645
0.000412478870233
0.000412474272364
0.000412469530235
0.000412464586122
0.000412459381415
0.000412453856673
0.000412447951669
0.000412441605436
0.000412434756318
0.000412427342018
0.000412419299649
0.000412410565783
0.000412401076502
0.000412390767451
0.000412379573888
0.000412367430735
0.000412354272634
0.000412340033996
0.000412324649056
0.000412308051928
0.000412290176654
0.000412270957262
0.000412250327817
0.000412228222477
0.000412204575544
0.000412179321524
0.000412152395173
0.000412123731557
0.000412093266106
0.000412060934662
0.000412026673542
0.000411990419581
0.000411952110194
0.000411911683425
0.000411869078000
0.000411824233381
0.000411777089816
0.000411727588393
0.000411675671090
0.000411621280824
0.000411564361508
0.000411504858093
0.000411442716620
0.000411377884273
0.000411310309421
0.000411239941668
0.000411166731900
0.000411090632333
0.000411011596552
0.000410929579563
0.000410844537832
0.000410756429330
0.000410665213573
0.000410570851667
0.000410473306343
0.000410372542001
0.000410268524744
0.000410161222420
0.000410050604654
0.000409936642886
0.000409819310404
0.000409698582378
0.000409574435889
0.000409446849963
0.000409315805602
0.000409181285807
0.000409043275609
0.000408901762094
0.000408756734431
0.000408608183888
0.000408456103862
0.000408300489897
0.000408141339702
0.000407978653171
0.000407812432401
0.000407642681705
0.000407469407629
0.000407292618963
0.000407112326754
0.000406928544315
0.000406741287234
0.000406550573382
0.000406356422918
0.000406158858296
0.000405957904265
0.000405753587871
0.000405545938461
0.000405334987675
0.000405120769453
0.000404903320022
0.000404682677894
0.000404458883862
0.000404231980987
0.000404002014592
0.000403769032248
0.000403533083764
0.000403294221172
0.000403052498711
0.000402807972811
0.000402560702076
0.000402310747263
0.000402058171262
0.000401803039075
0.000401545417789
0.000401285376554
0.000401022986558
0.000400758320997
0.000400491455049
0.000400222465839
0.000399951432416
0.000399678435713
0.000399403558518
0.000399126885437
0.000398848502861
0.000398568498925
0.000398286963472
0.000398003988014
0.000397719665693
0.000397434091236
0.000397147360915
0.000396859572504
0.000396570825233
0.000396281219745
0.000395990858048
0.000395699843468
0.000395408280603
0.000395116275270
0.000394823934462
0.000394531366292
0.000394238679944
0.000393945985621
0.000393653394495
0.000393361018648
0.000393068971026
0.000392777365379
0.000392486316208
0.000392195938710
0.000391906348723
0.000391617662668
0.000391329997495
0.000391043470621
0.000390758199881
0.000390474303461
0.000390191899847
0.000389911107766
0.000389632046123
0.000389354833950
0.000389079590342
