0.000269670003149
0.000269704964500
0.000269738980854
0.000269772051708
0.000269804176946
0.000269835356779
0.000269865591664
0.000269894882234
0.000269923229221
0.000269950633390
0.000269977095485
0.000270002616194
0.000270027196128
0.000270050835821
0.000270073535750
0.000270095296376
0.000270116118193
0.000270136001797
0.000270154947957
0.000270172957687
0.000270190032314
0.000270206173545
0.000270221383512
0.000270235664801
0.000270249020474
0.000270261454054
0.000270272969508
0.000270283571200
0.000270293263835
0.000270302052396
0.000270309942067
0.000270316938159
0.000270323046048
0.000270328271104
0.000270332618653
0.000270336093943
0.000270338702128
0.000270340448279
0.000270341337407
0.000270341374500
0.000270340564581
0.000270338912769
0.000270336424347
0.000270333104830
0.000270328960025
0.000270323996088
0.000270318219559
0.000270311637388
0.000270304256942
0.000270296085988
0.000270287132670
0.000270277405456
0.000270266913088
0.000270255664513
0.000270243668814
0.000270230935144
0.000270217472661
0.000270203290477
0.000270188397620
0.000270172803007
0.000270156515439
0.000270139543611
0.000270121896141
0.000270103581607
0.000270084608602
0.000270064985790
0.000270044721970
0.000270023826132
0.000270002307512
0.000269980175638
0.000269957440355
0.000269934111843
0.000269910200616
0.000269885717505
0.000269860673621
0.000269835080315
0.000269808949121
0.000269782291694
0.000269755119749
0.000269727445001
0.000269699279110
0.000269670633636
0.000269641520012
0.000269611949526
0.000269581933316
0.000269551482389
0.000269520607647
0.000269489319924
0.000269457630034
0.000269425548826
0.000269393087232
0.000269360256322
0.000269327067342
0.000269293531750
0.000269259661239
0.000269225467740
0.000269190963416
0.000269156160646
0.000269121071987
0.000269085710131
0.000269050087858
0.000269014217983
0.000268978113295
0.000268941786517
0.000268905250254
0.000268868516963
0.000268831598931
0.000268794508262
0.000268757256885
0.000268719856566
0.000268682318935
0.000268644655521
0.000268606877797
0.000268568997217
0.000268531025262
0.000268492973480
0.000268454853518
0.000268416677144
0.000268378456259
0.000268340202902
0.000268301929234
0.000268263647522
0.000268225370101
0.000268187109345
0.000268148877618
0.000268110687231
0.000268072550401
0.000268034479211
0.000267996485576
0.000267958581224
0.000267920777677
0.000267883086248
0.000267845518052
0.000267808084015
0.000267770794904
0.000267733661350
0.000267696693887
0.000267659902982
0.000267623299065
0.000267586892563
0.000267550693914
0.000267514713587
0.000267478962082
0.000267443449932
0.000267408187685
0.000267373185889
0.000267338455062
0.000267304005664
0.000267269848064
0.000267235992505
0.000267202449078
0.000267169227693
0.000267136338057
0.000267103789663
0.000267071591782
0.000267039753465
0.000267008283552
0.000266977190682
0.000266946483316
0.000266916169759
0.000266886258181
0.000266856756638
0.000266827673096
0.000266799015445
0.000266770791509
0.000266743009054
0.000266715675786
0.000266688799344
0.000266662387288
0.000266636447085
0.000266610986089
0.000266586011519
0.000266561530439
0.000266537549740
0.000266514076119
0.000266491116072
0.000266468675877
0.000266446761597
0.000266425379076
0.000266404533942
0.000266384231621
0.000266364477343
0.000266345276156
0.000266326632937
0.000266308552408
0.000266291039143
0.000266274097577
0.000266257732012
0.000266241946616
0.000266226745426
0.000266212132337
0.000266198111100
0.000266184685309
0.000266171858396
0.000266159633615
0.000266148014035
0.000266137002536
0.000266126601798
0.000266116814301
0.000266107642321
0.000266099087938
0.000266091153033
0.000266083839297
0.000266077148238
0.000266071081184
0.000266065639291
0.000266060823549
0.000266056634778
0.000266053073639
0.000266050140623
0.000266047836050
0.000266046160065
0.000266045112633
0.000266044693524
0.000266044902316
0.000266045738379
0.000266047200878
0.000266049288769
0.000266052000796
0.000266055335500
0.000266059291220
0.000266063866105
0.000266069058123
0.000266074865073
0.000266081284593
0.000266088314178
0.000266095951182
0.000266104192824
0.000266113036197
0.000266122478262
0.000266132515842
0.000266143145619
0.000266154364117
0.000266166167692
0.000266178552517
0.000266191514562
0.000266205049588
0.000266219153128
0.000266233820487
0.000266249046732
0.000266264826697
0.000266281154993
0.000266298026014
0.000266315433957
0.000266333372844
0.000266351836541
0.000266370818781
0.000266390313188
0.000266410313296
0.000266430812563
0.000266451804383
0.000266473282088
0.000266495238949
0.000266517668164
0.000266540562842
0.000266563915988
0.000266587720477
0.000266611969025
0.000266636654170
0.000266661768245
0.000266687303361
0.000266713251393
0.000266739603971
0.000266766352484
0.000266793488092
0.000266821001738
0.000266848884173
0.000266877125991
0.000266905717655
0.000266934649540
0.000266963911960
0.000266993495201
0.000267023389549
0.000267053585306
0.000267084072800
0.000267114842385
0.000267145884436
0.000267177189323
0.000267208747392
0.000267240548934
0.000267272584144
0.000267304843091
0.000267337315681
0.000267369991630
0.000267402860435
0.000267435911369
0.000267469133470
0.000267502515551
0.000267536046218
0.000267569713897
0.000267603506869
0.000267637413318
0.000267671421368
0.000267705519135
0.000267739694769
0.000267773936492
0.000267808232625
0.000267842571610
0.000267876942015
0.000267911332533
0.000267945731960
0.000267980129170
0.000268014513081
0.000268048872607
0.000268083196617
0.000268117473889
0.000268151693068
0.000268185842628
0.000268219910853
0.000268253885822
0.000268287755406
0.000268321507285
0.000268355128974
0.000268388607860
0.000268421931252
0.000268455086429
0.000268488060703
0.000268520841469
0.000268553416259
0.000268585772779
0.000268617898945
0.000268649782899
0.000268681413013
0.000268712777876
0.000268743866268
0.000268774667127
0.000268805169498
0.000268835362481
0.000268865235179
0.000268894776640
0.000268923975814
0.000268952821512
0.000268981302385
0.000269009406907
0.000269037123386
0.000269064439979
0.000269091344732
0.000269117825626
0.000269143870632
0.000269169467776
0.000269194605206
0.000269219271248
0.000269243454466
0.000269267143702
0.000269290328112
0.000269312997174
0.000269335140691
0.000269356748769
0.000269377811786
0.000269398320342
0.000269418265205
0.000269437637248
0.000269456427385
0.000269474626516
0.000269492225470
0.000269509214973
0.000269525585614
0.000269541327848
0.000269556431997
0.000269570888284
0.000269584686870
0.000269597817916
0.000269610271645
0.000269622038414
0.000269633108783
0.000269643473581
0.000269653123965
0.000269662051462
0.000269670247996
0.000269677705902
0.000269684417913
0.000269690377136
0.000269695577009
0.000269700011246
0.000269703673769
0.000269706558643
0.000269708660006
0.000269709972005
0.000269710488741
0.000269710204235
0.000269709112399
0.000269707207039
0.000269704481864
0.000269700930524
0.000269696546660
0.000269691323965
0.000269685256255
0.000269678337548
0.000269670562134
0.000269661924645
0.000269652420110
0.000269642043999
0.000269630792245
0.000269618661247
0.000269605647857
0.000269591749346
0.000269576963351
0.000269561287816
0.000269544720915
0.000269527260983
0.000269508906439
