0.000299577285984
0.000299682344054
0.000299785792813
0.000299887622616
0.000299987824173
0.000300086388556
0.000300183307209
0.000300278571960
0.000300372175039
0.000300464109088
0.000300554367178
0.000300642942821
0.000300729829973
0.000300815023048
0.000300898516909
0.000300980306873
0.000301060388700
0.000301138758585
0.000301215413142
0.000301290349397
0.000301363564769
0.000301435057062
0.000301504824451
0.000301572865482
0.000301639179062
0.000301703764463
0.000301766621326
0.000301827749670
0.000301887149900
0.000301944822820
0.000302000769646
0.000302054992016
0.000302107491999
0.000302158272105
0.000302207335286
0.000302254684934
0.000302300324881
0.000302344259386
0.000302386493126
0.000302427031183
0.000302465879026
0.000302503042501
0.000302538527810
0.000302572341505
0.000302604490478
0.000302634981950
0.000302663823476
0.000302691022942
0.000302716588571
0.000302740528931
0.000302762852943
0.000302783569891
0.000302802689432
0.000302820221603
0.000302836176824
0.000302850565904
0.000302863400034
0.000302874690784
0.000302884450096
0.000302892690266
0.000302899423934
0.000302904664065
0.000302908423936
0.000302910717116
0.000302911557457
0.000302910959077
0.000302908936360
0.000302905503942
0.000302900676718
0.000302894469841
0.000302886898726
0.000302877979055
0.000302867726789
0.000302856158171
0.000302843289730
0.000302829138290
0.000302813720962
0.000302797055151
0.000302779158539
0.000302760049082
0.000302739744998
0.000302718264745
0.000302695627011
0.000302671850696
0.000302646954892
0.000302620958874
0.000302593882083
0.000302565744120
0.000302536564736
0.000302506363833
0.000302475161461
0.000302442977820
0.000302409833267
0.000302375748317
0.000302340743650
0.000302304840114
0.000302268058727
0.000302230420674
0.000302191947307
0.000302152660137
0.000302112580820
0.000302071731151
0.000302030133044
0.000301987808520
0.000301944779688
0.000301901068731
0.000301856697889
0.000301811689451
0.000301766065738
0.000301719849102
0.000301673061920
0.000301625726590
0.000301577865532
0.000301529501193
0.000301480656047
0.000301431352598
0.000301381613385
0.000301331460978
0.000301280917980
0.000301230007021
0.000301178750756
0.000301127171846
0.000301075292959
0.000301023136746
0.000300970725832
0.000300918082802
0.000300865230182
0.000300812190428
0.000300758985917
0.000300705638933
0.000300652171660
0.000300598606180
0.000300544964469
0.000300491268395
0.000300437539722
0.000300383800106
0.000300330071105
0.000300276374171
0.000300222730657
0.000300169161810
0.000300115688773
0.000300062332573
0.000300009114117
0.000299956054182
0.000299903173402
0.000299850492258
0.000299798031063
0.000299745809951
0.000299693848868
0.000299642167557
0.000299590785555
0.000299539722183
0.000299488996542
0.000299438627513
0.000299388633751
0.000299339033692
0.000299289845549
0.000299241087311
0.000299192776751
0.000299144931418
0.000299097568641
0.000299050705521
0.000299004358931
0.000298958545508
0.000298913281644
0.000298868583478
0.000298824466891
0.000298780947491
0.000298738040607
0.000298695761279
0.000298654124252
0.000298613143970
0.000298572834570
0.000298533209881
0.000298494283421
0.000298456068395
0.000298418577697
0.000298381823911
0.000298345819309
0.000298310575855
0.000298276105201
0.000298242418687
0.000298209527343
0.000298177441880
0.000298146172687
0.000298115729832
0.000298086123047
0.000298057361732
0.000298029454942
0.000298002411386
0.000297976239420
0.000297950947045
0.000297926541901
0.000297903031267
0.000297880422062
0.000297858720838
0.000297837933788
0.000297818066741
0.000297799125164
0.000297781114165
0.000297764038490
0.000297747902527
0.000297732710301
0.000297718465477
0.000297705171354
0.000297692830871
0.000297681446594
0.000297671020724
0.000297661555090
0.000297653051146
0.000297645509974
0.000297638932280
0.000297633318395
0.000297628668277
0.000297624981507
0.000297622257296
0.000297620494481
0.000297619691532
0.000297619846549
0.000297620957264
0.000297623021045
0.000297626034892
0.000297629995440
0.000297634898961
0.000297640741358
0.000297647518171
0.000297655224575
0.000297663855379
0.000297673405030
0.000297683867613
0.000297695236851
0.000297707506114
0.000297720668415
0.000297734716418
0.000297749642444
0.000297765438467
0.000297782096127
0.000297799606728
0.000297817961241
0.000297837150308
0.000297857164244
0.000297877993037
0.000297899626349
0.000297922053515
0.000297945263548
0.000297969245133
0.000297993986635
0.000298019476096
0.000298045701240
0.000298072649476
0.000298100307902
0.000298128663315
0.000298157702211
0.000298187410797
0.000298217774997
0.000298248780459
0.000298280412563
0.000298312656425
0.000298345496906
0.000298378918612
0.000298412905901
0.000298447442884
0.000298482513422
0.000298518101136
0.000298554189396
0.000298590761331
0.000298627799823
0.000298665287515
0.000298703206807
0.000298741539867
0.000298780268631
0.000298819374817
0.000298858839926
0.000298898645258
0.000298938771921
0.000298979200839
0.000299019912764
0.000299060888287
0.000299102107843
0.000299143551724
0.000299185200076
0.000299227032911
0.000299269030104
0.000299311171397
0.000299353436395
0.000299395804571
0.000299438255262
0.000299480767670
0.000299523320867
0.000299565893794
0.000299608465267
0.000299651013987
0.000299693518547
0.000299735957442
0.000299778309083
0.000299820551809
0.000299862663899
0.000299904623586
0.000299946409071
0.000299987998526
0.000300029370111
0.000300070501974
0.000300111372256
0.000300151959098
0.000300192240631
0.000300232194987
0.000300271800289
0.000300311034653
0.000300349876188
0.000300388302995
0.000300426293172
0.000300463824816
0.000300500876036
0.000300537424956
0.000300573449732
0.000300608928563
0.000300643839706
0.000300678161493
0.000300711872341
0.000300744950766
0.000300777375398
0.000300809124985
0.000300840178404
0.000300870514658
0.000300900112886
0.000300928952355
0.000300957012460
0.000300984272723
0.000301010712786
0.000301036312415
0.000301061051491
0.000301084910019
0.000301107868130
0.000301129906084
0.000301151004286
0.000301171143293
0.000301190303831
0.000301208466807
0.000301225613326
0.000301241724708
0.000301256782497
0.000301270768477
0.000301283664676
0.000301295453378
0.000301306117119
0.000301315638694
0.000301324001150
0.000301331187782
0.000301337182132
0.000301341967980
0.000301345529339
0.000301347850458
0.000301348915813
0.000301348710119
0.000301347218327
0.000301344425637
0.000301340317509
0.000301334879674
0.000301328098151
0.000301319959261
0.000301310449641
0.000301299556259
0.000301287266422
0.000301273567788
0.000301258448370
0.000301241896536
0.000301223901008
0.000301204450861
0.000301183535513
0.000301161144719
0.000301137268564
0.000301111897456
0.000301085022118
0.000301056633592
0.000301026723230
0.000300995282705
0.000300962304013
0.000300927779484
0.000300891701794
0.000300854063977
0.000300814859442
0.000300774081983
0.000300731725794
0.000300687785477
0.000300642256052
0.000300595132957
0.000300546412053
0.000300496089615
0.000300444162332
0.000300390627295
0.000300335481987
0.000300278724277
0.000300220352403
0.000300160364971
0.000300098760948
0.000300035539654
0.000299970700771
0.000299904244340
0.000299836170773
0.000299766480861
0.000299695175784
