0.000357171242652
0.000357428140065
0.000357685729848
0.000357943931431
0.000358202664280
0.000358461847936
0.000358721402039
0.000358981246365
0.000359241300861
0.000359501485672
0.000359761721175
0.000360021928015
0.000360282027131
0.000360541939793
0.000360801587630
0.000361060892666
0.000361319777346
0.000361578164572
0.000361835977730
0.000362093140724
0.000362349578006
0.000362605214604
0.000362859976154
0.000363113788928
0.000363366579866
0.000363618276603
0.000363868807497
0.000364118101659
0.000364366088981
0.000364612700162
0.000364857866737
0.000365101521103
0.000365343596546
0.000365584027265
0.000365822748400
0.000366059696056
0.000366294807327
0.000366528020321
0.000366759274184
0.000366988509121
0.000367215666422
0.000367440688480
0.000367663518816
0.000367884102099
0.000368102384165
0.000368318312040
0.000368531833955
0.000368742899370
0.000368951458986
0.000369157464769
0.000369360869962
0.000369561629104
0.000369759698046
0.000369955033963
0.000370147595371
0.000370337342142
0.000370524235513
0.000370708238102
0.000370889313919
0.000371067428376
0.000371242548300
0.000371414641939
0.000371583678976
0.000371749630534
0.000371912469182
0.000372072168949
0.000372228705324
0.000372382055264
0.000372532197199
0.000372679111036
0.000372822778163
0.000372963181452
0.000373100305259
0.000373234135429
0.000373364659295
0.000373491865678
0.000373615744885
0.000373736288711
0.000373853490434
0.000373967344814
0.000374077848088
0.000374184997968
0.000374288793635
0.000374389235732
0.000374486326361
0.000374580069073
0.000374670468863
0.000374757532159
0.000374841266816
0.000374921682104
0.000374998788700
0.000375072598674
0.000375143125481
0.000375210383947
0.000375274390254
0.000375335161932
0.000375392717839
0.000375447078150
0.000375498264343
0.000375546299177
0.000375591206681
0.000375633012137
0.000375671742056
0.000375707424170
0.000375740087404
0.000375769761860
0.000375796478799
0.000375820270618
0.000375841170830
0.000375859214043
0.000375874435938
0.000375886873246
0.000375896563724
0.000375903546137
0.000375907860227
0.000375909546694
0.000375908647168
0.000375905204188
0.000375899261172
0.000375890862395
0.000375880052961
0.000375866878775
0.000375851386519
0.000375833623625
0.000375813638243
0.000375791479218
0.000375767196059
0.000375740838914
0.000375712458535
0.000375682106256
0.000375649833961
0.000375615694053
0.000375579739426
0.000375542023438
0.000375502599875
0.000375461522926
0.000375418847149
0.000375374627446
0.000375328919026
0.000375281777380
0.000375233258244
0.000375183417578
0.000375132311524
0.000375079996383
0.000375026528581
0.000374971964641
0.000374916361147
0.000374859774719
0.000374802261977
0.000374743879514
0.000374684683866
0.000374624731476
0.000374564078670
0.000374502781622
0.000374440896327
0.000374378478569
0.000374315583890
0.000374252267565
0.000374188584566
0.000374124589539
0.000374060336769
0.000373995880156
0.000373931273184
0.000373866568892
0.000373801819848
0.000373737078121
0.000373672395249
0.000373607822218
0.000373543409434
0.000373479206691
0.000373415263152
0.000373351627319
0.000373288347008
0.000373225469326
0.000373163040643
0.000373101106571
0.000373039711940
0.000372978900771
0.000372918716259
0.000372859200746
0.000372800395700
0.000372742341695
0.000372685078388
0.000372628644501
0.000372573077800
0.000372518415073
0.000372464692118
0.000372411943716
0.000372360203619
0.000372309504532
0.000372259878094
0.000372211354867
0.000372163964312
0.000372117734785
0.000372072693513
0.000372028866586
0.000371986278943
0.000371944954358
0.000371904915429
0.000371866183569
0.000371828778991
0.000371792720702
0.000371758026494
0.000371724712931
0.000371692795346
0.000371662287832
0.000371633203234
0.000371605553144
0.000371579347898
0.000371554596568
0.000371531306961
0.000371509485612
0.000371489137786
0.000371470267473
0.000371452877388
0.000371436968971
0.000371422542386
0.000371409596522
0.000371398128994
0.000371388136149
0.000371379613063
0.000371372553550
0.000371366950163
0.000371362794198
0.000371360075703
0.000371358783483
0.000371358905107
0.000371360426912
0.000371363334017
0.000371367610330
0.000371373238553
0.000371380200200
0.000371388475601
0.000371398043918
0.000371408883153
0.000371420970166
0.000371434280682
0.000371448789310
0.000371464469555
0.000371481293835
0.000371499233493
0.000371518258819
0.000371538339061
0.000371559442444
0.000371581536192
0.000371604586542
0.000371628558762
0.000371653417177
0.000371679125183
0.000371705645267
0.000371732939035
0.000371760967227
0.000371789689740
0.000371819065653
0.000371849053249
0.000371879610036
0.000371910692774
0.000371942257498
0.000371974259542
0.000372006653564
0.000372039393573
0.000372072432952
0.000372105724486
0.000372139220391
0.000372172872332
0.000372206631463
0.000372240448441
0.000372274273463
0.000372308056291
0.000372341746281
0.000372375292407
0.000372408643296
0.000372441747254
0.000372474552295
0.000372507006171
0.000372539056398
0.000372570650292
0.000372601734995
0.000372632257502
0.000372662164698
0.000372691403382
0.000372719920301
0.000372747662176
0.000372774575737
0.000372800607752
0.000372825705056
0.000372849814580
0.000372872883387
0.000372894858696
0.000372915687916
0.000372935318677
0.000372953698856
0.000372970776611
0.000372986500410
0.000373000819060
0.000373013681736
0.000373025038014
0.000373034837899
0.000373043031851
0.000373049570818
0.000373054406266
0.000373057490202
0.000373058775209
0.000373058214469
0.000373055761794
0.000373051371654
0.000373044999202
0.000373036600302
0.000373026131558
0.000373013550338
0.000372998814801
0.000372981883920
0.000372962717515
0.000372941276269
0.000372917521759
0.000372891416477
0.000372862923855
0.000372832008289
0.000372798635160
0.000372762770859
0.000372724382808
0.000372683439480
0.000372639910423
0.000372593766279
0.000372544978803
0.000372493520885
0.000372439366569
0.000372382491067
0.000372322870784
0.000372260483331
0.000372195307540
0.000372127323487
0.000372056512502
0.000371982857184
0.000371906341421
0.000371826950398
0.000371744670613
0.000371659489891
0.000371571397393
0.000371480383629
0.000371386440469
0.000371289561155
0.000371189740305
0.000371086973927
0.000370981259427
0.000370872595613
0.000370760982706
0.000370646422344
0.000370528917585
0.000370408472920
0.000370285094267
0.000370158788984
0.000370029565864
0.000369897435143
0.000369762408498
0.000369624499049
0.000369483721360
0.000369340091436
0.000369193626725
0.000369044346113
0.000368892269922
0.000368737419910
0.000368579819262
0.000368419492587
0.000368256465917
0.000368090766693
0.000367922423765
0.000367751467381
0.000367577929183
0.000367401842191
0.000367223240801
0.000367042160772
0.000366858639215
0.000366672714580
0.000366484426649
0.000366293816520
0.000366100926591
0.000365905800552
0.000365708483369
0.000365509021264
0.000365307461705
0.000365103853389
0.000364898246220
0.000364690691300
0.000364481240902
0.000364269948459
0.000364056868540
0.000363842056831
0.000363625570117
0.000363407466260
0.000363187804177
0.000362966643817
0.000362744046143
0.000362520073106
0.000362294787621
0.000362068253545
0.000361840535655
0.000361611699616
0.000361381811966
0.000361150940082
0.000360919152159
