0.000205883123293
0.000205860351590
0.000205837348420
0.000205814066624
0.000205790464789
0.000205766508441
0.000205742171094
0.000205717435112
0.000205692292362
0.000205666744630
0.000205640803772
0.000205614491594
0.000205587839442
0.000205560887517
0.000205533683908
0.000205506283386
0.000205478745967
0.000205451135302
0.000205423516933
0.000205395956462
0.000205368517709
0.000205341260895
0.000205314240920
0.000205287505796
0.000205261095262
0.000205235039657
0.000205209359055
0.000205184062713
0.000205159148829
0.000205134604635
0.000205110406815
0.000205086522237
0.000205062908975
0.000205039517604
0.000205016292718
0.000204993174634
0.000204970101226
0.000204947009843
0.000204923839240
0.000204900531470
0.000204877033671
0.000204853299697
0.000204829291528
0.000204804980420
0.000204780347764
0.000204755385605
0.000204730096830
0.000204704495008
0.000204678603895
0.000204652456627
0.000204626094633
0.000204599566310
0.000204572925511
0.000204546229899
0.000204519539220
0.000204492913564
0.000204466411646
0.000204440089190
0.000204413997424
0.000204388181768
0.000204362680703
0.000204337524888
0.000204312736512
0.000204288328909
0.000204264306433
0.000204240664590
0.000204217390421
0.000204194463108
0.000204171854798
0.000204149531599
0.000204127454725
0.000204105581749
0.000204083867931
0.000204062267564
0.000204040735317
0.000204019227519
0.000203997703356
0.000203976125942
0.000203954463245
0.000203932688844
0.000203910782502
0.000203888730550
0.000203866526086
0.000203844168988
0.000203821665759
0.000203799029215
0.000203776278029
0.000203753436162
0.000203730532185
0.000203707598517
0.000203684670606
0.000203661786051
0.000203638983704
0.000203616302755
0.000203593781815
0.000203571458038
0.000203549366260
0.000203527538217
0.000203506001821
0.000203484780545
0.000203463892906
0.000203443352076
0.000203423165627
0.000203403335416
0.000203383857619
0.000203364722901
0.000203345916736
0.000203327419843
0.000203309208754
0.000203291256468
0.000203273533204
0.000203256007204
0.000203238645597
0.000203221415273
0.000203204283772
0.000203187220159
0.000203170195856
0.000203153185429
0.000203136167298
0.000203119124356
0.000203102044480
0.000203084920911
0.000203067752500
0.000203050543793
0.000203033304963
0.000203016051574
0.000202998804182
0.000202981587782
0.000202964431120
0.000202947365876
0.000202930425758
0.000202913645535
0.000202897060028
0.000202880703110
0.000202864606739
0.000202848800063
0.000202833308615
0.000202818153639
0.000202803351546
0.000202788913538
0.000202774845386
0.000202761147377
0.000202747814425
0.000202734836334
0.000202722198214
0.000202709881018
0.000202697862194
0.000202686116433
0.000202674616484
0.000202663334012
0.000202652240488
0.000202641308062
0.000202630510409
0.000202619823526
0.000202609226432
0.000202598701771
0.000202588236295
0.000202577821194
0.000202567452285
0.000202557130045
0.000202546859486
0.000202536649890
0.000202526514409
0.000202516469554
0.000202506534595
0.000202496730891
0.000202487081188
0.000202477608906
0.000202468337433
0.000202459289458
0.000202450486362
0.000202441947670
0.000202433690592
0.000202425729646
0.000202418076375
0.000202410739158
0.000202403723117
0.000202397030107
0.000202390658804
0.000202384604862
0.000202378861159
0.000202373418103
0.000202368264000
0.000202363385470
0.000202358767905
0.000202354395946
0.000202350253971
0.000202346326574
0.000202342599024
0.000202339057688
0.000202335690396
0.000202332486755
0.000202329438383
0.000202326539072
0.000202323784877
0.000202321174126
0.000202318707364
0.000202316387231
0.000202314218293
0.000202312206823
0.000202310360548
0.000202308688377
0.000202307200102
0.000202305906096
0.000202304817004
0.000202303943438
0.000202303295671
0.000202302883350
0.000202302715228
0.000202302798911
0.000202303140643
0.000202303745133
0.000202304615424
0.000202305752815
0.000202307156852
0.000202308825369
0.000202310754607
0.000202312939387
0.000202315373338
0.000202318049178
0.000202320959025
0.000202324094728
0.000202327448210
0.000202331011793
0.000202334778503
0.000202338742340
0.000202342898491
0.000202347243500
0.000202351775363
0.000202356493574
0.000202361399102
0.000202366494311
0.000202371782826
0.000202377269350
0.000202382959443
0.000202388859263
0.000202394975284
0.000202401313993
0.000202407881584
0.000202414683645
0.000202421724868
0.000202429008773
0.000202436537474
0.000202444311492
0.000202452329623
0.000202460588884
0.000202469084525
0.000202477810133
0.000202486757802
0.000202495918400
0.000202505281886
0.000202514837694
0.000202524575151
0.000202534483916
0.000202544554421
0.000202554778281
0.000202565148673
0.000202575660645
0.000202586311355
0.000202597100226
0.000202608029004
0.000202619101733
0.000202630324626
0.000202641705865
0.000202653255319
0.000202664984203
0.000202676904679
0.000202689029427
0.000202701371196
0.000202713942334
0.000202726754337
0.000202739817410
0.000202753140065
0.000202766728758
0.000202780587599
0.000202794718112
0.000202809119096
0.000202823786555
0.000202838713739
0.000202853891264
0.000202869307337
0.000202884948063
0.000202900797830
0.000202916839761
0.000202933056208
0.000202949429272
0.000202965941339
0.000202982575590
0.000202999316488
0.000203016150202
0.000203033064984
0.000203050051455
0.000203067102823
0.000203084215011
0.000203101386716
0.000203118619377
0.000203135917087
0.000203153286438
0.000203170736309
0.000203188277618
0.000203205923021
0.000203223686593
0.000203241583469
0.000203259629470
0.000203277840713
0.000203296233204
0.000203314822432
0.000203333622961
0.000203352648036
0.000203371909204
0.000203391415968
0.000203411175482
0.000203431192284
0.000203451468095
0.000203472001677
0.000203492788750
0.000203513821986
0.000203535091071
0.000203556582830
0.000203578281423
0.000203600168602
0.000203622224027
0.000203644425636
0.000203666750068
0.000203689173135
0.000203711670332
0.000203734217387
0.000203756790837
0.000203779368629
0.000203801930717
0.000203824459662
0.000203846941195
0.000203869364745
0.000203891723884
0.000203914016692
0.000203936246007
0.000203958419538
0.000203980549837
0.000204002654114
0.000204024753886
0.000204046874469
0.000204069044323
0.000204091294258
0.000204113656533
0.000204136163866
0.000204158848389
0.000204181740594
0.000204204868277
0.000204228255548
0.000204251921910
0.000204275881469
0.000204300142270
0.000204324705818
0.000204349566774
0.000204374712861
0.000204400124984
0.000204425777562
0.000204451639079
0.000204477672838
0.000204503837906
0.000204530090224
0.000204556383851
0.000204582672309
0.000204608909982
0.000204635053524
0.000204661063236
0.000204686904339
0.000204712548123
0.000204737972903
0.000204763164768
0.000204788118065
0.000204812835619
0.000204837328673
0.000204861616542
0.000204885726000
0.000204909690421
0.000204933548698
0.000204957343994
0.000204981122346
0.000205004931195
0.000205028817870
0.000205052828086
0.000205077004505
0.000205101385391
0.000205126003419
0.000205150884655
0.000205176047741
0.000205201503314
0.000205227253666
0.000205253292657
0.000205279605880
0.000205306171075
0.000205332958776
0.000205359933164
0.000205387053113
0.000205414273372
0.000205441545866
0.000205468821060
0.000205496049343
0.000205523182392
0.000205550174468
