0.000336964200395
0.000337167649290
0.000337370872749
0.000337573813136
0.000337776413196
0.000337978616074
0.000338180365335
0.000338381604981
0.000338582279474
0.000338782333750
0.000338981713242
0.000339180363892
0.000339378232178
0.000339575265122
0.000339771410316
0.000339966615935
0.000340160830754
0.000340354004168
0.000340546086205
0.000340737027543
0.000340926779529
0.000341115294191
0.000341302524254
0.000341488423156
0.000341672945063
0.000341856044881
0.000342037678274
0.000342217801673
0.000342396372294
0.000342573348149
0.000342748688061
0.000342922351672
0.000343094299461
0.000343264492753
0.000343432893729
0.000343599465442
0.000343764171821
0.000343926977690
0.000344087848768
0.000344246751687
0.000344403653996
0.000344558524173
0.000344711331630
0.000344862046723
0.000345010640763
0.000345157086014
0.000345301355712
0.000345443424062
0.000345583266249
0.000345720858441
0.000345856177798
0.000345989202475
0.000346119911625
0.000346248285406
0.000346374304983
0.000346497952531
0.000346619211238
0.000346738065310
0.000346854499968
0.000346968501452
0.000347080057023
0.000347189154964
0.000347295784576
0.000347399936184
0.000347501601134
0.000347600771789
0.000347697441533
0.000347791604769
0.000347883256911
0.000347972394389
0.000348059014642
0.000348143116115
0.000348224698256
0.000348303761512
0.000348380307324
0.000348454338120
0.000348525857314
0.000348594869295
0.000348661379425
0.000348725394031
0.000348786920397
0.000348845966757
0.000348902542290
0.000348956657110
0.000349008322257
0.000349057549689
0.000349104352275
0.000349148743782
0.000349190738869
0.000349230353072
0.000349267602800
0.000349302505318
0.000349335078737
0.000349365342005
0.000349393314894
0.000349419017986
0.000349442472662
0.000349463701088
0.000349482726206
0.000349499571712
0.000349514262054
0.000349526822408
0.000349537278669
0.000349545657436
0.000349551985997
0.000349556292313
0.000349558605004
0.000349558953332
0.000349557367187
0.000349553877071
0.000349548514079
0.000349541309884
0.000349532296722
0.000349521507373
0.000349508975143
0.000349494733850
0.000349478817805
0.000349461261792
0.000349442101054
0.000349421371276
0.000349399108561
0.000349375349418
0.000349350130740
0.000349323489788
0.000349295464171
0.000349266091828
0.000349235411007
0.000349203460249
0.000349170278367
0.000349135904428
0.000349100377733
0.000349063737796
0.000349026024331
0.000348987277224
0.000348947536521
0.000348906842404
0.000348865235175
0.000348822755234
0.000348779443061
0.000348735339197
0.000348690484224
0.000348644918744
0.000348598683364
0.000348551818671
0.000348504365219
0.000348456363503
0.000348407853944
0.000348358876870
0.000348309472495
0.000348259680901
0.000348209542019
0.000348159095611
0.000348108381249
0.000348057438300
0.000348006305905
0.000347955022963
0.000347903628111
0.000347852159707
0.000347800655810
0.000347749154167
0.000347697692192
0.000347646306949
0.000347595035136
0.000347543913065
0.000347492976650
0.000347442261388
0.000347391802340
0.000347341634121
0.000347291790877
0.000347242306276
0.000347193213488
0.000347144545173
0.000347096333462
0.000347048609949
0.000347001405670
0.000346954751092
0.000346908676099
0.000346863209980
0.000346818381411
0.000346774218447
0.000346730748507
0.000346687998362
0.000346645994121
0.000346604761225
0.000346564324427
0.000346524707789
0.000346485934667
0.000346448027700
0.000346411008803
0.000346374899156
0.000346339719191
0.000346305488590
0.000346272226270
0.000346239950379
0.000346208678285
0.000346178426569
0.000346149211019
0.000346121046622
0.000346093947558
0.000346067927194
0.000346042998077
0.000346019171930
0.000345996459645
0.000345974871283
0.000345954416064
0.000345935102366
0.000345916937724
0.000345899928820
0.000345884081488
0.000345869400707
0.000345855890601
0.000345843554437
0.000345832394624
0.000345822412711
0.000345813609388
0.000345805984488
0.000345799536982
0.000345794264988
0.000345790165763
0.000345787235712
0.000345785470387
0.000345784864488
0.000345785411872
0.000345787105547
0.000345789937683
0.000345793899615
0.000345798981844
0.000345805174044
0.000345812465066
0.000345820842948
0.000345830294912
0.000345840807382
0.000345852365978
0.000345864955535
0.000345878560100
0.000345893162949
0.000345908746588
0.000345925292765
0.000345942782479
0.000345961195988
0.000345980512819
0.000346000711777
0.000346021770956
0.000346043667752
0.000346066378868
0.000346089880331
0.000346114147499
0.000346139155075
0.000346164877121
0.000346191287067
0.000346218357724
0.000346246061300
0.000346274369411
0.000346303253096
0.000346332682828
0.000346362628533
0.000346393059601
0.000346423944900
0.000346455252794
0.000346486951155
0.000346519007382
0.000346551388412
0.000346584060739
0.000346616990430
0.000346650143139
0.000346683484127
0.000346716978274
0.000346750590101
0.000346784283784
0.000346818023172
0.000346851771804
0.000346885492928
0.000346919149518
0.000346952704291
0.000346986119727
0.000347019358085
0.000347052381424
0.000347085151617
0.000347117630374
0.000347149779258
0.000347181559703
0.000347212933036
0.000347243860493
0.000347274303237
0.000347304222381
0.000347333579004
0.000347362334172
0.000347390448953
0.000347417884444
0.000347444601782
0.000347470562169
0.000347495726889
0.000347520057325
0.000347543514983
0.000347566061508
0.000347587658703
0.000347608268549
0.000347627853223
0.000347646375117
0.000347663796858
0.000347680081327
0.000347695191676
0.000347709091348
0.000347721744094
0.000347733113997
0.000347743165483
0.000347751863344
0.000347759172755
0.000347765059292
0.000347769488952
0.000347772428167
0.000347773843823
0.000347773703279
0.000347771974381
0.000347768625484
0.000347763625461
0.000347756943729
0.000347748550257
0.000347738415587
0.000347726510851
0.000347712807783
0.000347697278738
0.000347679896704
0.000347660635323
0.000347639468901
0.000347616372424
0.000347591321572
0.000347564292735
0.000347535263026
0.000347504210292
0.000347471113132
0.000347435950906
0.000347398703746
0.000347359352576
0.000347317879116
0.000347274265898
0.000347228496275
0.000347180554436
0.000347130425413
0.000347078095093
0.000347023550229
0.000346966778450
0.000346907768268
0.000346846509091
0.000346782991229
0.000346717205903
0.000346649145252
0.000346578802345
0.000346506171182
0.000346431246704
0.000346354024800
0.000346274502312
0.000346192677041
0.000346108547752
0.000346022114181
0.000345933377036
0.000345842338005
0.000345748999758
0.000345653365953
0.000345555441234
0.000345455231241
0.000345352742604
0.000345247982952
0.000345140960912
0.000345031686107
0.000344920169160
0.000344806421695
0.000344690456333
0.000344572286693
0.000344451927392
0.000344329394043
0.000344204703252
0.000344077872618
0.000343948920728
0.000343817867157
0.000343684732463
0.000343549538182
0.000343412306828
0.000343273061883
0.000343131827796
0.000342988629978
0.000342843494792
0.000342696449551
0.000342547522508
0.000342396742852
0.000342244140697
0.000342089747079
0.000341933593943
0.000341775714136
0.000341616141401
0.000341454910363
0.000341292056524
0.000341127616251
0.000340961626764
0.000340794126130
0.000340625153248
0.000340454747839
0.000340282950436
0.000340109802367
0.000339935345751
0.000339759623474
