0.000413730887236
0.000413833252341
0.000413942925505
0.000414059850039
0.000414183965940
0.000414315209911
0.000414453515382
0.000414598812538
0.000414751028341
0.000414910086566
0.000415075907833
0.000415248409638
0.000415427506398
0.000415613109485
0.000415805127275
0.000416003465190
0.000416208025744
0.000416418708600
0.000416635410616
0.000416858025903
0.000417086445881
0.000417320559338
0.000417560252492
0.000417805409056
0.000418055910300
0.000418311635120
0.000418572460106
0.000418838259615
0.000419108905845
0.000419384268904
0.000419664216891
0.000419948615973
0.000420237330463
0.000420530222901
0.000420827154136
0.000421127983412
0.000421432568447
0.000421740765526
0.000422052429582
0.000422367414288
0.000422685572141
0.000423006754559
0.000423330811965
0.000423657593884
0.000423986949028
0.000424318725398
0.000424652770369
0.000424988930787
0.000425327053064
0.000425666983271
0.000426008567232
0.000426351650619
0.000426696079051
0.000427041698179
0.000427388353792
0.000427735891902
0.000428084158847
0.000428433001376
0.000428782266750
0.000429131802831
0.000429481458177
0.000429831082131
0.000430180524916
0.000430529637724
0.000430878272805
0.000431226283557
0.000431573524613
0.000431919851930
0.000432265122872
0.000432609196297
0.000432951932641
0.000433293193997
0.000433632844199
0.000433970748900
0.000434306775652
0.000434640793977
0.000434972675450
0.000435302293767
0.000435629524816
0.000435954246750
0.000436276340055
0.000436595687611
0.000436912174763
0.000437225689380
0.000437536121916
0.000437843365466
0.000438147315827
0.000438447871547
0.000438744933982
0.000439038407342
0.000439328198738
0.000439614218231
0.000439896378873
0.000440174596746
0.000440448791004
0.000440718883905
0.000440984800847
0.000441246470398
0.000441503824326
0.000441756797623
0.000442005328530
0.000442249358560
0.000442488832511
0.000442723698490
0.000442953907920
0.000443179415555
0.000443400179487
0.000443616161151
0.000443827325333
0.000444033640164
0.000444235077125
0.000444431611040
0.000444623220068
0.000444809885698
0.000444991592733
0.000445168329278
0.000445340086724
0.000445506859728
0.000445668646193
0.000445825447241
0.000445977267191
0.000446124113527
0.000446265996869
0.000446402930938
0.000446534932526
0.000446662021448
0.000446784220514
0.000446901555477
0.000447014054995
0.000447121750583
0.000447224676563
0.000447322870017
0.000447416370732
0.000447505221145
0.000447589466291
0.000447669153740
0.000447744333544
0.000447815058168
0.000447881382432
0.000447943363444
0.000448001060537
0.000448054535196
0.000448103850994
0.000448149073518
0.000448190270300
0.000448227510740
0.000448260866037
0.000448290409108
0.000448316214515
0.000448338358385
0.000448356918335
0.000448371973390
0.000448383603901
0.000448391891469
0.000448396918860
0.000448398769921
0.000448397529502
0.000448393283370
0.000448386118124
0.000448376121113
0.000448363380351
0.000448347984433
0.000448330022449
0.000448309583901
0.000448286758615
0.000448261636660
0.000448234308263
0.000448204863721
0.000448173393323
0.000448139987259
0.000448104735543
0.000448067727927
0.000448029053820
0.000447988802204
0.000447947061556
0.000447903919766
0.000447859464059
0.000447813780914
0.000447766955988
0.000447719074041
0.000447670218856
0.000447620473168
0.000447569918591
0.000447518635544
0.000447466703180
0.000447414199320
0.000447361200381
0.000447307781312
0.000447254015527
0.000447199974845
0.000447145729425
0.000447091347705
0.000447036896349
0.000446982440183
0.000446928042147
0.000446873763237
0.000446819662457
0.000446765796768
0.000446712221041
0.000446658988014
0.000446606148244
0.000446553750071
0.000446501839578
0.000446450460550
0.000446399654446
0.000446349460359
0.000446299914994
0.000446251052633
0.000446202905113
0.000446155501800
0.000446108869572
0.000446063032795
0.000446018013311
0.000445973830420
0.000445930500872
0.000445888038854
0.000445846455986
0.000445805761313
0.000445765961305
0.000445727059858
0.000445689058294
0.000445651955366
0.000445615747267
0.000445580427637
0.000445545987579
0.000445512415667
0.000445479697970
0.000445447818064
0.000445416757057
0.000445386493612
0.000445357003972
0.000445328261987
0.000445300239147
0.000445272904613
0.000445246225250
0.000445220165664
0.000445194688243
0.000445169753198
0.000445145318599
0.000445121340431
0.000445097772631
0.000445074567142
0.000445051673962
0.000445029041196
0.000445006615111
0.000444984340194
0.000444962159205
0.000444940013240
0.000444917841791
0.000444895582809
0.000444873172766
0.000444850546723
0.000444827638397
0.000444804380228
0.000444780703447
0.000444756538149
0.000444731813368
0.000444706457142
0.000444680396595
0.000444653558007
0.000444625866894
0.000444597248081
0.000444567625783
0.000444536923682
0.000444505065005
0.000444471972609
0.000444437569053
0.000444401776687
0.000444364517727
0.000444325714341
0.000444285288730
0.000444243163206
0.000444199260282
0.000444153502746
0.000444105813749
0.000444056116887
0.000444004336279
0.000443950396655
0.000443894223431
0.000443835742797
0.000443774881795
0.000443711568397
0.000443645731590
0.000443577301454
0.000443506209238
0.000443432387440
0.000443355769887
0.000443276291807
0.000443193889908
0.000443108502449
0.000443020069317
0.000442928532100
0.000442833834153
0.000442735920674
0.000442634738770
0.000442530237526
0.000442422368067
0.000442311083628
0.000442196339616
0.000442078093668
0.000441956305716
0.000441830938040
0.000441701955331
0.000441569324739
0.000441433015934
0.000441293001149
0.000441149255236
0.000441001755708
0.000440850482792
0.000440695419463
0.000440536551494
0.000440373867489
0.000440207358926
0.000440037020187
0.000439862848593
0.000439684844436
0.000439503011007
0.000439317354620
0.000439127884639
0.000438934613498
0.000438737556720
0.000438536732935
0.000438332163895
0.000438123874485
0.000437911892734
0.000437696249821
0.000437476980083
0.000437254121013
0.000437027713265
0.000436797800650
0.000436564430130
0.000436327651811
0.000436087518939
0.000435844087879
0.000435597418108
0.000435347572197
0.000435094615787
0.000434838617575
0.000434579649285
0.000434317785643
0.000434053104350
0.000433785686049
0.000433515614294
0.000433242975511
0.000432967858966
0.000432690356721
0.000432410563592
0.000432128577106
0.000431844497457
0.000431558427453
0.000431270472467
0.000430980740386
0.000430689341558
0.000430396388730
0.000430101996995
0.000429806283729
0.000429509368532
0.000429211373159
0.000428912421461
0.000428612639313
0.000428312154549
0.000428011096887
0.000427709597862
0.000427407790752
0.000427105810500
0.000426803793641
0.000426501878226
0.000426200203739
0.000425898911021
0.000425598142189
0.000425298040554
0.000424998750536
0.000424700417585
0.000424403188090
0.000424107209303
0.000423812629241
0.000423519596612
0.000423228260718
0.000422938771373
0.000422651278811
0.000422365933601
0.000422082886556
0.000421802288645
0.000421524290901
0.000421249044338
0.000420976699854
0.000420707408145
0.000420441319619
0.000420178584301
0.000419919351749
0.000419663770963
0.000419411990296
0.000419164157372
0.000418920418991
0.000418680921048
0.000418445808447
0.000418215225012
0.000417989313407
0.000417768215050
0.000417552070033
0.000417341017037
