0.000179059616719
0.000179059202870
0.000179058115422
0.000179056354651
0.000179053939952
0.000179050909678
0.000179047320345
0.000179043245257
0.000179038772577
0.000179034002943
0.000179029046702
0.000179024020883
0.000179019046005
0.000179014242841
0.000179009729251
0.000179005617189
0.000179002009977
0.000178998999936
0.000178996666440
0.000178995074440
0.000178994273505
0.000178994297363
0.000178995163967
0.000178996876027
0.000178999421979
0.000179002777310
0.000179006906178
0.000179011763206
0.000179017295390
0.000179023443992
0.000179030146341
0.000179037337455
0.000179044951418
0.000179052922450
0.000179061185654
0.000179069677418
0.000179078335506
0.000179087098846
0.000179095907103
0.000179104700068
0.000179113416979
0.000179121995824
0.000179130372732
0.000179138481510
0.000179146253411
0.000179153617175
0.000179160499378
0.000179166825126
0.000179172519073
0.000179177506769
0.000179181716287
0.000179185080084
0.000179187537031
0.000179189034542
0.000179189530697
0.000179188996291
0.000179187416691
0.000179184793432
0.000179181145439
0.000179176509823
0.000179170942174
0.000179164516303
0.000179157323425
0.000179149470771
0.000179141079654
0.000179132283052
0.000179123222762
0.000179114046235
0.000179104903197
0.000179095942173
0.000179087307049
0.000179079133786
0.000179071547413
0.000179064659404
0.000179058565521
0.000179053344186
0.000179049055435
0.000179045740465
0.000179043421758
0.000179042103769
0.000179041774104
0.000179042405142
0.000179043955999
0.000179046374745
0.000179049600777
0.000179053567249
0.000179058203445
0.000179063437018
0.000179069195991
0.000179075410469
0.000179082013982
0.000179088944440
0.000179096144664
0.000179103562510
0.000179111150594
0.000179118865678
0.000179126667768
0.000179134519000
0.000179142382415
0.000179150220711
0.000179157995057
0.000179165664091
0.000179173183147
0.000179180503806
0.000179187573799
0.000179194337299
0.000179200735599
0.000179206708148
0.000179212193913
0.000179217133002
0.000179221468460
0.000179225148164
0.000179228126720
0.000179230367256
0.000179231843042
0.000179232538830
0.000179232451866
0.000179231592501
0.000179229984368
0.000179227664109
0.000179224680639
0.000179221093975
0.000179216973657
0.000179212396827
0.000179207446021
0.000179202206777
0.000179196765132
0.000179191205134
0.000179185606454
0.000179180042213
0.000179174577110
0.000179169265949
0.000179164152612
0.000179159269542
0.000179154637748
0.000179150267327
0.000179146158482
0.000179142302975
0.000179138685937
0.000179135287950
0.000179132087287
0.000179129062192
0.000179126193098
0.000179123464663
0.000179120867529
0.000179118399712
0.000179116067571
0.000179113886299
0.000179111879923
0.000179110080802
0.000179108528663
0.000179107269201
0.000179106352314
0.000179105830054
0.000179105754360
0.000179106174709
0.000179107135744
0.000179108675018
0.000179110820930
0.000179113590957
0.000179116990266
0.000179121010750
0.000179125630567
0.000179130814181
0.000179136512913
0.000179142665992
0.000179149202038
0.000179156040935
0.000179163095983
0.000179170276251
0.000179177489008
0.000179184642134
0.000179191646390
0.000179198417466
0.000179204877706
0.000179210957466
0.000179216596044
0.000179221742179
0.000179226354108
0.000179230399225
0.000179233853373
0.000179236699847
0.000179238928166
0.000179240532722
0.000179241511370
0.000179241864065
0.000179241591625
0.000179240694692
0.000179239172957
0.000179237024709
0.000179234246734
0.000179230834579
0.000179226783185
0.000179222087871
0.000179216745617
0.000179210756587
0.000179204125828
0.000179196865047
0.000179188994356
0.000179180543908
0.000179171555292
0.000179162082602
0.000179152193105
0.000179141967412
0.000179131499129
0.000179120893957
0.000179110268237
0.000179099746984
0.000179089461459
0.000179079546352
0.000179070136697
0.000179061364601
0.000179053355936
0.000179046227100
0.000179040081974
0.000179035009186
0.000179031079780
0.000179028345378
0.000179026836880
0.000179026563764
0.000179027513995
0.000179029654526
0.000179032932390
0.000179037276310
0.000179042598780
0.000179048798523
0.000179055763230
0.000179063372484
0.000179071500748
0.000179080020307
0.000179088804062
0.000179097728062
0.000179106673709
0.000179115529545
0.000179124192598
0.000179132569238
0.000179140575575
0.000179148137396
0.000179155189721
0.000179161676023
0.000179167547214
0.000179172760488
0.000179177278114
0.000179181066291
0.000179184094143
0.000179186332929
0.000179187755548
0.000179188336354
0.000179188051311
0.000179186878494
0.000179184798897
0.000179181797514
0.000179177864628
0.000179172997246
0.000179167200586
0.000179160489535
0.000179152889991
0.000179144439994
0.000179135190573
0.000179125206233
0.000179114565022
0.000179103358142
0.000179091689066
0.000179079672178
0.000179067430937
0.000179055095610
0.000179042800650
0.000179030681785
0.000179018872930
0.000179007503037
0.000178996692989
0.000178986552683
0.000178977178403
0.000178968650600
0.000178961032166
0.000178954367271
0.000178948680813
0.000178943978493
0.000178940247508
0.000178937457823
0.000178935563954
0.000178934507196
0.000178934218175
0.000178934619626
0.000178935629282
0.000178937162744
0.000178939136232
0.000178941469102
0.000178944086043
0.000178946918880
0.000178949907909
0.000178953002754
0.000178956162698
0.000178959356519
0.000178962561845
0.000178965764073
0.000178968954935
0.000178972130772
0.000178975290629
0.000178978434270
0.000178981560222
0.000178984663949
0.000178987736272
0.000178990762105
0.000178993719589
0.000178996579662
0.000178999306103
0.000179001856035
0.000179004180862
0.000179006227597
0.000179007940498
0.000179009262924
0.000179010139326
0.000179010517243
0.000179010349222
0.000179009594554
0.000179008220742
0.000179006204629
0.000179003533141
0.000179000203601
0.000178996223625
0.000178991610584
0.000178986390687
0.000178980597724
0.000178974271529
0.000178967456250
0.000178960198506
0.000178952545527
0.000178944543371
0.000178936235309
0.000178927660467
0.000178918852801
0.000178909840459
0.000178900645589
0.000178891284594
0.000178881768850
0.000178872105851
0.000178862300728
0.000178852358082
0.000178842284017
0.000178832088287
0.000178821786416
0.000178811401692
0.000178800966899
0.000178790525690
0.000178780133502
0.000178769857941
0.000178759778601
0.000178749986275
0.000178740581589
0.000178731673076
0.000178723374757
0.000178715803311
0.000178709074924
0.000178703301940
0.000178698589430
0.000178695031795
0.000178692709537
0.000178691686314
0.000178692006373
0.000178693692471
0.000178696744347
0.000178701137812
0.000178706824488
0.000178713732200
0.000178721766022
0.000178730809924
0.000178740728973
0.000178751371998
0.000178762574617
0.000178774162524
0.000178785954906
0.000178797767871
0.000178809417771
0.000178820724307
0.000178831513329
0.000178841619256
0.000178850887064
0.000178859173829
0.000178866349818
0.000178872299148
0.000178876920077
0.000178880124974
0.000178881840050
0.000178882004934
0.000178880572169
0.000178877506715
0.000178872785533
0.000178866397298
0.000178858342299
0.000178848632543
0.000178837292083
0.000178824357559
0.000178809878918
0.000178793920284
0.000178776560913
0.000178757896159
0.000178738038373
0.000178717117650
0.000178695282322
0.000178672699117
