0.000169179976127
0.000169178579616
0.000169178187991
0.000169178740232
0.000169180161680
0.000169182365483
0.000169185254302
0.000169188722210
0.000169192656710
0.000169196940828
0.000169201455175
0.000169206079935
0.000169210696693
0.000169215190061
0.000169219449061
0.000169223368250
0.000169226848583
0.000169229798041
0.000169232132058
0.000169233773796
0.000169234654314
0.000169234712699
0.000169233896191
0.000169232160353
0.000169229469297
0.000169225796000
0.000169221122672
0.000169215441202
0.000169208753625
0.000169201072592
0.000169192421816
0.000169182836447
0.000169172363347
0.000169161061243
0.000169149000705
0.000169136263952
0.000169122944432
0.000169109146175
0.000169094982879
0.000169080576736
0.000169066056964
0.000169051558068
0.000169037217837
0.000169023175100
0.000169009567301
0.000168996527946
0.000168984183999
0.000168972653319
0.000168962042236
0.000168952443340
0.000168943933595
0.000168936572834
0.000168930402688
0.000168925445994
0.000168921706684
0.000168919170141
0.000168917803987
0.000168917559262
0.000168918371919
0.000168920164570
0.000168922848419
0.000168926325305
0.000168930489790
0.000168935231238
0.000168940435836
0.000168945988504
0.000168951774667
0.000168957681849
0.000168963601069
0.000168969428017
0.000168975063997
0.000168980416643
0.000168985400402
0.000168989936817
0.000168993954631
0.000168997389762
0.000169000185183
0.000169002290785
0.000169003663248
0.000169004265991
0.000169004069221
0.000169003050115
0.000169001193134
0.000168998490449
0.000168994942461
0.000168990558352
0.000168985356624
0.000168979365544
0.000168972623457
0.000168965178888
0.000168957090412
0.000168948426245
0.000168939263551
0.000168929687471
0.000168919789890
0.000168909667973
0.000168899422507
0.000168889156105
0.000168878971311
0.000168868968667
0.000168859244786
0.000168849890496
0.000168840989090
0.000168832614751
0.000168824831195
0.000168817690571
0.000168811232684
0.000168805484552
0.000168800460343
0.000168796161685
0.000168792578352
0.000168789689305
0.000168787464028
0.000168785864109
0.000168784844983
0.000168784357752
0.000168784350987
0.000168784772432
0.000168785570519
0.000168786695649
0.000168788101178
0.000168789744090
0.000168791585362
0.000168793590031
0.000168795726994
0.000168797968602
0.000168800290078
0.000168802668836
0.000168805083739
0.000168807514358
0.000168809940263
0.000168812340404
0.000168814692592
0.000168816973121
0.000168819156553
0.000168821215675
0.000168823121632
0.000168824844260
0.000168826352591
0.000168827615519
0.000168828602610
0.000168829285001
0.000168829636350
0.000168829633768
0.000168829258686
0.000168828497581
0.000168827342512
0.000168825791422
0.000168823848178
0.000168821522337
0.000168818828650
0.000168815786342
0.000168812418208
0.000168808749591
0.000168804807322
0.000168800618672
0.000168796210407
0.000168791607989
0.000168786834968
0.000168781912603
0.000168776859721
0.000168771692802
0.000168766426298
0.000168761073138
0.000168755645401
0.000168750155110
0.000168744615115
0.000168739040013
0.000168733447061
0.000168727857042
0.000168722295017
0.000168716790943
0.000168711380076
0.000168706103142
0.000168701006221
0.000168696140319
0.000168691560627
0.000168687325445
0.000168683494824
0.000168680128939
0.000168677286284
0.000168675021739
0.000168673384619
0.000168672416791
0.000168672150946
0.000168672609123
0.000168673801541
0.000168675725799
0.000168678366469
0.000168681695093
0.000168685670566
0.000168690239882
0.000168695339184
0.000168700895087
0.000168706826186
0.000168713044719
0.000168719458303
0.000168725971705
0.000168732488586
0.000168738913186
0.000168745151889
0.000168751114661
0.000168756716301
0.000168761877498
0.000168766525667
0.000168770595564
0.000168774029671
0.000168776778375
0.000168778799963
0.000168780060475
0.000168780533465
0.000168780199720
0.000168779047004
0.000168777069863
0.000168774269557
0.000168770654125
0.000168766238610
0.000168761045423
0.000168755104827
0.000168748455482
0.000168741145009
0.000168733230478
0.000168724778784
0.000168715866815
0.000168706581374
0.000168697018804
0.000168687284295
0.000168677490860
0.000168667757984
0.000168658209976
0.000168648974047
0.000168640178168
0.000168631948748
0.000168624408198
0.000168617672436
0.000168611848397
0.000168607031619
0.000168603303978
0.000168600731627
0.000168599363234
0.000168599228570
0.000168600337510
0.000168602679500
0.000168606223530
0.000168610918611
0.000168616694768
0.000168623464505
0.000168631124699
0.000168639558837
0.000168648639525
0.000168658231156
0.000168668192633
0.000168678380074
0.000168688649374
0.000168698858596
0.000168708870093
0.000168718552370
0.000168727781641
0.000168736443096
0.000168744431903
0.000168751653952
0.000168758026391
0.000168763477978
0.000168767949284
0.000168771392781
0.000168773772842
0.000168775065676
0.000168775259227
0.000168774353052
0.000168772358200
0.000168769297096
0.000168765203456
0.000168760122213
0.000168754109465
0.000168747232409
0.000168739569254
0.000168731209047
0.000168722251386
0.000168712805952
0.000168702991824
0.000168692936507
0.000168682774667
0.000168672646526
0.000168662695939
0.000168653068170
0.000168643907412
0.000168635354122
0.000168627542257
0.000168620596492
0.000168614629547
0.000168609739682
0.000168606008490
0.000168603499026
0.000168602254370
0.000168602296640
0.000168603626490
0.000168606223110
0.000168610044712
0.000168615029484
0.000168621096995
0.000168628149983
0.000168636076510
0.000168644752400
0.000168654043910
0.000168663810542
0.000168673907941
0.000168684190769
0.000168694515485
0.000168704742941
0.000168714740715
0.000168724385125
0.000168733562866
0.000168742172257
0.000168750124075
0.000168757342012
0.000168763762786
0.000168769335957
0.000168774023529
0.000168777799399
0.000168780648730
0.000168782567317
0.000168783560983
0.000168783645061
0.000168782843963
0.000168781190841
0.000168778727342
0.000168775503399
0.000168771577067
0.000168767014325
0.000168761888837
0.000168756281626
0.000168750280628
0.000168743980109
0.000168737479912
0.000168730884532
0.000168724302007
0.000168717842607
0.000168711617347
0.000168705736308
0.000168700306806
0.000168695431427
0.000168691205978
0.000168687717408
0.000168685041767
0.000168683242281
0.000168682367628
0.000168682450507
0.000168683506562
0.000168685533743
0.000168688512151
0.000168692404388
0.000168697156417
0.000168702698915
0.000168708949053
0.000168715812647
0.000168723186597
0.000168730961498
0.000168739024345
0.000168747261226
0.000168755559912
0.000168763812270
0.000168771916431
0.000168779778665
0.000168787314934
0.000168794452082
0.000168801128667
0.000168807295437
0.000168812915440
0.000168817963808
0.000168822427236
0.000168826303186
0.000168829598881
0.000168832330130
0.000168834520057
0.000168836197798
0.000168837397239
0.000168838155853
0.000168838513696
0.000168838512606
0.000168838195622
0.000168837606631
0.000168836790223
0.000168835791725
0.000168834657350
0.000168833434404
0.000168832171486
0.000168830918605
0.000168829727168
0.000168828649784
0.000168827739866
0.000168827051009
0.000168826636171
0.000168826546670
0.000168826831037
0.000168827533788
0.000168828694150
0.000168830344815
0.000168832510775
0.000168835208274
0.000168838443953
0.000168842214203
