0.001187934029348
0.001178041929715
0.001168768409343
0.001160161911036
0.001152268469624
0.001145131492107
0.001138791548541
0.001133286174643
0.001128649687071
0.001124913012274
0.001122103529729
0.001120244930333
0.001119357090641
0.001119455963572
0.001120553486115
0.001122657504514
0.001125771717297
0.001129895636468
0.001135024567054
0.001141149605156
0.001148257654539
0.001156331461705
0.001165349669344
0.001175286887921
0.001186113785110
0.001197797192689
0.001210300230432
0.001223582446441
0.001237599973306
0.001252305699396
0.001267649454508
0.001283578209043
0.001300036285812
0.001316965583524
0.001334305810936
0.001351994730616
0.001369968411212
0.001388161487093
0.001406507424184
0.001424938790799
0.001443387532246
0.001461785247966
0.001480063469970
0.001498153941296
0.001515988893272
0.001533501320317
0.001550625251060
0.001567296014571
0.001583450500531
0.001599027412170
0.001613967510878
0.001628213851401
0.001641712006618
0.001654410280893
0.001666259911118
0.001677215254567
0.001687233962771
0.001696277140699
0.001704309490577
0.001711299439771
0.001717219252235
0.001722045123084
0.001725757255962
0.001728339922930
0.001729781506704
0.001730074525133
0.001729215637916
0.001727205635611
0.001724049411101
0.001719755913746
0.001714338086525
0.001707812786562
0.001700200689512
0.001691526178322
0.001681817216999
0.001671105210044
0.001659424848299
0.001646813941995
0.001633313241861
0.001618966249199
0.001603819015859
0.001587919935116
0.001571319524479
0.001554070201466
0.001536226053451
0.001517842602672
0.001498976567518
0.001479685621217
0.001460028149064
0.001440063005301
0.001419849270776
0.001399446012489
0.001378912046106
0.001358305702504
0.001337684599388
0.001317105418983
0.001296623692747
0.001276293594051
0.001256167739680
0.001236297000984
0.001216730325455
0.001197514569420
0.001178694342527
0.001160311864584
0.001142406835290
0.001125016317296
0.001108174632984
0.001091913275277
0.001076260832709
0.001061242928936
0.001046882176764
0.001033198146724
0.001020207350150
0.001007923236616
0.000996356205560
0.000985513631824
0.000975399904783
0.000966016480679
0.000957361947693
0.000949432103263
0.000942220043065
0.000935716261044
0.000929908759836
0.000924783170859
0.000920322883326
0.000916509181393
0.000913321388629
0.000910737018952
0.000908731933167
0.000907280500228
0.000906355762316
0.000905929602830
0.000905972916383
0.000906455779898
0.000907347623893
0.000908617403078
0.000910233765377
0.000912165218534
0.000914380293459
0.000916847703520
0.000919536499019
0.000922416216098
0.000925457019413
0.000928629837893
0.000931906493007
0.000935259818968
0.000938663774381
0.000942093544871
0.000945525636311
0.000948937958306
0.000952309897643
0.000955622381503
0.000958857930262
0.000962000699777
0.000965036513124
0.000967952881797
0.000970739016443
0.000973385827269
0.000975885914308
0.000978233547786
0.000980424638885
0.000982456701248
0.000984328803621
0.000986041514065
0.000987596836226
0.000988998138176
0.000990250074380
0.000991358501384
0.000992330387827
0.000993173719429
0.000993897399612
0.000994511146424
0.000995025386477
0.000995451146572
0.000995799943740
0.000996083674386
0.000996314503251
0.000996504752873
0.000996666794241
0.000996812939303
0.000996955335984
0.000997105866321
0.000997276048351
0.000997476942281
0.000997719061512
0.000998012289008
0.000998365799476
0.000998787987790
0.000999286404029
0.000999867695499
0.001000537555997
0.001001300682598
0.001002160740142
0.001003120333586
0.001004180988322
0.001005343138505
0.001006606123403
0.001007968191727
0.001009426513832
0.001010977201664
0.001012615336258
0.001014335002558
0.001016129331275
0.001017990547485
0.001019910025591
0.001021878350275
0.001023885382998
0.001025920333614
0.001027971836580
0.001030028031291
0.001032076645969
0.001034105084590
0.001036100516252
0.001038049966431
0.001039940409524
0.001041758862086
0.001043492476189
0.001045128632282
0.001046655030997
0.001048059783305
0.001049331498474
0.001050459369274
0.001051433253906
0.001052243754147
0.001052882289237
0.001053341165047
0.001053613638115
0.001053693974157
0.001053577500697
0.001053260653498
0.001052741016532
0.001052017355216
0.001051089642756
0.001049959079411
0.001048628104588
0.001047100401688
0.001045380895675
0.001043475743403
0.001041392316739
0.001039139178609
0.001036726052103
0.001034163782826
0.001031464294728
0.001028640539672
0.001025706441045
0.001022676831756
0.001019567386969
0.001016394551997
0.001013175465755
0.001009927880244
0.001006670076529
0.001003420777707
0.001000199059362
0.000997024258047
0.000993915878301
0.000990893498764
0.000987976677902
0.000985184859903
0.000982537281277
0.000980052878686
0.000977750198530
0.000975647308791
0.000973761713643
0.000972110271286
0.000970709115464
0.000969573581103
0.000968718134456
0.000968156308147
0.000967900641444
0.000967962626076
0.000968352657870
0.000969079994448
0.000970152719176
0.000971577711548
0.000973360624108
0.000975505866006
0.000978016593224
0.000980894705482
0.000984140849781
0.000987754430505
0.000991733625962
0.000996075411223
0.001000775587043
0.001005828814647
0.001011228656126
0.001016967620116
0.001023037212472
0.001029427991541
0.001036129627677
0.001043130966583
0.001050420096038
0.001057984415584
0.001065810708695
0.001073885216940
0.001082193715688
0.001090721590819
0.001099453915977
0.001108375529848
0.001117471112972
0.001126725263605
0.001136122572139
0.001145647693621
0.001155285417905
0.001165020737013
0.001174838909275
0.001184725519860
0.001194666537340
0.001204648365918
0.001214657893045
0.001224682532117
0.001234710260030
0.001244729649367
0.001254729895052
0.001264700835342
0.001274632967042
0.001284517454916
0.001294346135242
0.001304111513569
0.001313806756713
0.001323425679111
0.001332962723669
0.001342412937281
0.001351771941253
0.001361035896860
0.001370201466347
0.001379265769684
0.001388226337431
0.001397081060085
0.001405828134327
0.001414466006591
0.001422993314408
0.001431408825994
0.001439711378573
0.001447899815918
0.001455972925631
0.001463929376662
0.001471767657593
0.001479486016189
0.001487082400732
0.001494554403638
0.001501899207857
0.001509113536517
0.001516193606287
0.001523135084897
0.001529933053220
0.001536581972328
0.001543075655867
0.001549407248082
0.001555569207806
0.001561553298646
0.001567350585620
0.001572951438396
0.001578345541297
0.001583521910163
0.001588468916115
0.001593174316241
0.001597625291169
0.001601808489429
0.001605710078496
0.001609315802322
0.001612611045153
0.001615580901355
0.001618210250954
0.001620483840533
0.001622386369097
0.001623902578487
0.001625017347869
0.001625715791802
0.001625983361365
0.001625805947763
0.001625169987851
0.001624062570951
0.001622471546343
0.001620385630782
0.001617794515391
0.001614688971254
0.001611060953055
0.001606903700075
0.001602211833891
0.001596981452103
0.001591210217451
0.001584897441674
0.001578044163488
0.001570653220101
0.001562729311679
0.001554279058225
0.001545311048362
0.001535835879545
0.001525866189266
0.001515416676865
0.001504504115591
0.001493147354620
0.001481367310778
0.001469186949768
0.001456631256762
0.001443727196262
0.001430503661203
0.001416991411322
0.001403223000869
0.001389232695807
0.001375056380710
