0.001854609924622
0.001856762009737
0.001859595329230
0.001863083866207
0.001867192612494
0.001871877888716
0.001877087780986
0.001882762690197
0.001888835988409
0.001895234775375
0.001901880726905
0.001908691025462
0.001915579362218
0.001922456998763
0.001929233875704
0.001935819754679
0.001942125379660
0.001948063643010
0.001953550741501
0.001958507307432
0.001962859500087
0.001966540043094
0.001969489193735
0.001971655630905
0.001972997249299
0.001973481848399
0.001973087706002
0.001971804027365
0.001969631262458
0.001966581285405
0.001962677431803
0.001957954391389
0.001952457955237
0.001946244618542
0.001939381041837
0.001931943375299
0.001924016452592
0.001915692862409
0.001907071907498
0.001898258462527
0.001889361743536
0.001880494003011
0.001871769165740
0.001863301421559
0.001855203791851
0.001847586687231
0.001840556474209
0.001834214068748
0.001828653574579
0.001823960983809
0.001820212956877
0.001817475698127
0.001815803942389
0.001815240066739
0.001815813340356
0.001817539323813
0.001820419427530
0.001824440637276
0.001829575412686
0.001835781762763
0.001843003500185
0.001851170674149
0.001860200179252
0.001869996535796
0.001880452834708
0.001891451838226
0.001902867225451
0.001914564969991
0.001926404835141
0.001938241970417
0.001949928591806
0.001961315726875
0.001972255004776
0.001982600470426
0.001992210401512
0.002000949106660
0.002008688683009
0.002015310711618
0.002020707869558
0.002024785438239
0.002027462688445
0.002028674123765
0.002028370565479
0.002026520063620
0.002023108620755
0.002018140717031
0.002011639627205
0.002003647522684
0.001994225354009
0.001983452511719
0.001971426266054
0.001958260988582
0.001944087161327
0.001929050181576
0.001913308972957
0.001897034415788
0.001880407611901
0.001863618001295
0.001846861349829
0.001830337628938
0.001814248809818
0.001798796595786
0.001784180117528
0.001770593616652
0.001758224143423
0.001747249294683
0.001737835017836
0.001730133506312
0.001724281211219
0.001720396992829
0.001718580434288
0.001718910338331
0.001721443426009
0.001726213254348
0.001733229367639
0.001742476694594
0.001753915201023
0.001767479804931
0.001783080558142
0.001800603095618
0.001819909350739
0.001840838531858
0.001863208352531
0.001886816504993
0.001911442363693
0.001936848903072
0.001962784811317
0.001988986779538
0.002015181943750
0.002041090455215
0.002066428153122
0.002090909312314
0.002114249437744
0.002136168076668
0.002156391619211
0.002174656057882
0.002190709676874
0.002204315642595
0.002215254467769
0.002223326322661
0.002228353168492
0.002230180689901
0.002228680005341
0.002223749136601
0.002215314221132
0.002203330453536
0.002187782745423
0.002168686095798
0.002146085667194
0.002120056565894
0.002090703327703
0.002058159113866
0.002022584624814
0.001984166742409
0.001943116914247
0.001899669296319
0.001854078672900
0.001806618174877
0.001757576819873
0.001707256899385
0.001655971239755
0.001604040365086
0.001551789591241
0.001499546080693
0.001447635888409
0.001396381028900
0.001346096594349
0.001297087953024
0.001249648056286
0.001204054881237
0.001160569034505
0.001119431540859
0.001080861838263
0.001045055998719
0.001012185191707
0.000982394404397
0.000955801429972
0.000932496132511
0.000912539993835
0.000895965944715
0.000882778479778
0.000872954052408
0.000866441742993
0.000863164190963
0.000863018778350
0.000865879049970
0.000871596352933
0.000880001675963
0.000890907667068
0.000904110806332
0.000919393709201
0.000936527534438
0.000955274470069
0.000975390270083
0.000996626814381
0.001018734664547
0.001041465588364
0.001064575026659
0.001087824477017
0.001110983770142
0.001133833216120
0.001156165599572
0.001177788004642
0.001198523452893
0.001218212339512
0.001236713655669
0.001253905987422
0.001269688284222
0.001283980392743
0.001296723354461
0.001307879468108
0.001317432120753
0.001325385393811
0.001331763452774
0.001336609731723
0.001339985925875
0.001341970807389
0.001342658881391
0.001342158900767
0.001340592259526
0.001338091285616
0.001334797454861
0.001330859548165
0.001326431774430
0.001321671881557
0.001316739277631
0.001311793183818
0.001306990839709
0.001302485780778
0.001298426206362
0.001294953455102
0.001292200603119
0.001290291198368
0.001289338142690
0.001289442730993
0.001290693854843
0.001293167375568
0.001296925669728
0.001302017347590
0.001308477143033
0.001316325971207
0.001325571148167
0.001336206764792
0.001348214205490
0.001361562800500
0.001376210599148
0.001392105250124
0.001409184973726
0.001427379610201
0.001446611727611
0.001466797772300
0.001487849244810
0.001509673884191
0.001532176843911
0.001555261843108
0.001578832277645
0.001602792276349
0.001627047688963
0.001651506993609
0.001676082113017
0.001700689130346
0.001725248897107
0.001749687527481
0.001773936775124
0.001797934290456
0.001821623758265
0.001844954917330
0.001867883465580
0.001890370856026
0.001912383990386
0.001933894818827
0.001954879855665
0.001975319622101
0.001995198028148
0.002014501706791
0.002033219314100
0.002051340809515
0.002068856730774
0.002085757478009
0.002102032621366
0.002117670246131
0.002132656348729
0.002146974296178
0.002160604360604
0.002173523339224
0.002185704268912
0.002197116242965
0.002207724336102
0.002217489642037
0.002226369426177
0.002234317394174
0.002241284075212
0.002247217317040
0.002252062887917
0.002255765178873
0.002258267997940
0.002259515446440
0.002259452865874
0.002258027842637
0.002255191256603
0.002250898358588
0.002245109860930
0.002237793024795
0.002228922727467
0.002218482492710
0.002206465467383
0.002192875327812
0.002177727099950
0.002161047878171
0.002142877428496
0.002123268663297
0.002102287975903
0.002080015425126
0.002056544761466
0.002031983288654
0.002006451556177
0.001980082880531
0.001953022695145
0.001925427731071
0.001897465032810
0.001869310815805
0.001841149174328
0.001813170650541
0.001785570677537
0.001758547911000
0.001732302465853
0.001707034075801
0.001682940195008
0.001660214062289
0.001639042749080
0.001619605213122
0.001602070380149
0.001586595276055
0.001573323231813
0.001562382183058
0.001553883085528
0.001547918466633
0.001544561132214
0.001543863046086
0.001545854398328
0.001550542876339
0.001557913150638
0.001567926585117
0.001580521179063
0.001595611745754
0.001613090329833
0.001632826862995
0.001654670054866
0.001678448513208
0.001703972085009
0.001731033407372
0.001759409654673
0.001788864466083
0.001819150035350
0.001850009342725
0.001881178507109
0.001912389234916
0.001943371340826
0.001973855314536
0.002003574906875
0.002032269708123
0.002059687691241
0.002085587692832
0.002109741805088
0.002131937652724
0.002151980529955
0.002169695373857
0.002184928552119
0.002197549444991
0.002207451803371
0.002214554867269
0.002218804231402
0.002220172447326
0.002218659354324
0.002214292134157
0.002207125087775
0.002197239135071
0.002184741041784
0.002169762380627
0.002152458236631
0.002133005669510
0.002111601948521
0.002088462577822
0.002063819132662
0.002037916928829
0.002011012549659
0.001983371256520
0.001955264309981
0.001926966229922
0.001898752023529
0.001870894410522
0.001843661075024
0.001817311973225
0.001792096725401
0.001768252119957
0.001745999755965
0.001725543849129
0.001707069224397
0.001690739516320
0.001676695596070
0.001665054241493
