0.000167253420299
0.000167258332662
0.000167263993240
0.000167270282414
0.000167277072183
0.000167284225960
0.000167291598726
0.000167299037603
0.000167306382910
0.000167313469756
0.000167320130140
0.000167326195573
0.000167331500126
0.000167335883838
0.000167339196354
0.000167341300654
0.000167342076697
0.000167341424841
0.000167339268838
0.000167335558271
0.000167330270289
0.000167323410546
0.000167315013265
0.000167305140426
0.000167293880081
0.000167281343867
0.000167267663832
0.000167252988693
0.000167237479696
0.000167221306251
0.000167204641525
0.000167187658157
0.000167170524271
0.000167153399927
0.000167136434119
0.000167119762415
0.000167103505298
0.000167087767218
0.000167072636356
0.000167058185053
0.000167044470822
0.000167031537854
0.000167019418898
0.000167008137355
0.000166997709470
0.000166988146448
0.000166979456360
0.000166971645714
0.000166964720579
0.000166958687203
0.000166953552061
0.000166949321365
0.000166946000052
0.000166943590339
0.000166942089951
0.000166941490157
0.000166941773766
0.000166942913234
0.000166944869030
0.000166947588403
0.000166951004651
0.000166955036979
0.000166959590985
0.000166964559791
0.000166969825787
0.000166975262920
0.000166980739464
0.000166986121128
0.000166991274389
0.000166996069907
0.000167000385867
0.000167004111115
0.000167007147937
0.000167009414375
0.000167010845965
0.000167011396827
0.000167011040051
0.000167009767385
0.000167007588213
0.000167004527919
0.000167000625691
0.000166995931912
0.000166990505268
0.000166984409744
0.000166977711660
0.000166970476926
0.000166962768663
0.000166954645302
0.000166946159267
0.000166937356300
0.000166928275423
0.000166918949539
0.000166909406575
0.000166899671093
0.000166889766231
0.000166879715833
0.000166869546618
0.000166859290232
0.000166848985047
0.000166838677577
0.000166828423403
0.000166818287540
0.000166808344184
0.000166798675835
0.000166789371814
0.000166780526203
0.000166772235309
0.000166764594743
0.000166757696244
0.000166751624394
0.000166746453381
0.000166742243964
0.000166739040808
0.000166736870315
0.000166735739082
0.000166735633074
0.000166736517563
0.000166738337843
0.000166741020713
0.000166744476622
0.000166748602411
0.000166753284480
0.000166758402240
0.000166763831681
0.000166769448866
0.000166775133217
0.000166780770422
0.000166786254868
0.000166791491496
0.000166796397054
0.000166800900701
0.000166804944020
0.000166808480456
0.000166811474287
0.000166813899217
0.000166815736705
0.000166816974162
0.000166817603145
0.000166817617672
0.000166817012779
0.000166815783413
0.000166813923754
0.000166811427018
0.000166808285763
0.000166804492694
0.000166800041938
0.000166794930698
0.000166789161201
0.000166782742795
0.000166775694070
0.000166768044824
0.000166759837737
0.000166751129598
0.000166741991980
0.000166732511242
0.000166722787835
0.000166712934876
0.000166703076020
0.000166693342715
0.000166683870922
0.000166674797448
0.000166666256049
0.000166658373469
0.000166651265586
0.000166645033836
0.000166639762062
0.000166635513934
0.000166632331032
0.000166630231679
0.000166629210569
0.000166629239199
0.000166630267078
0.000166632223676
0.000166635020996
0.000166638556682
0.000166642717509
0.000166647383108
0.000166652429753
0.000166657734051
0.000166663176360
0.000166668643810
0.000166674032789
0.000166679250805
0.000166684217686
0.000166688866091
0.000166693141369
0.000166697000827
0.000166700412522
0.000166703353680
0.000166705808915
0.000166707768366
0.000166709225928
0.000166710177681
0.000166710620654
0.000166710551980
0.000166709968518
0.000166708866941
0.000166707244284
0.000166705098900
0.000166702431754
0.000166699247968
0.000166695558482
0.000166691381743
0.000166686745264
0.000166681686955
0.000166676256091
0.000166670513831
0.000166664533191
0.000166658398430
0.000166652203809
0.000166646051732
0.000166640050323
0.000166634310485
0.000166628942588
0.000166624052889
0.000166619739874
0.000166616090667
0.000166613177712
0.000166611055877
0.000166609760145
0.000166609304014
0.000166609678698
0.000166610853176
0.000166612775097
0.000166615372503
0.000166618556293
0.000166622223307
0.000166626259896
0.000166630545810
0.000166634958236
0.000166639375811
0.000166643682436
0.000166647770759
0.000166651545165
0.000166654924196
0.000166657842304
0.000166660250903
0.000166662118694
0.000166663431296
0.000166664190229
0.000166664411326
0.000166664122683
0.000166663362279
0.000166662175408
0.000166660612061
0.000166658724431
0.000166656564651
0.000166654182917
0.000166651626057
0.000166648936638
0.000166646152612
0.000166643307498
0.000166640431042
0.000166637550269
0.000166634690815
0.000166631878409
0.000166629140350
0.000166626506853
0.000166624012137
0.000166621695124
0.000166619599692
0.000166617774407
0.000166616271738
0.000166615146745
0.000166614455316
0.000166614252002
0.000166614587572
0.000166615506395
0.000166617043796
0.000166619223500
0.000166622055339
0.000166625533327
0.000166629634245
0.000166634316823
0.000166639521619
0.000166645171630
0.000166651173653
0.000166657420388
0.000166663793210
0.000166670165521
0.000166676406564
0.000166682385517
0.000166687975716
0.000166693058804
0.000166697528617
0.000166701294648
0.000166704284901
0.000166706448048
0.000166707754773
0.000166708198272
0.000166707793907
0.000166706578054
0.000166704606225
0.000166701950576
0.000166698696942
0.000166694941547
0.000166690787556
0.000166686341618
0.000166681710570
0.000166676998409
0.000166672303682
0.000166667717355
0.000166663321237
0.000166659186994
0.000166655375749
0.000166651938242
0.000166648915493
0.000166646339885
0.000166644236562
0.000166642625008
0.000166641520695
0.000166640936641
0.000166640884767
0.000166641376923
0.000166642425507
0.000166644043602
0.000166646244617
0.000166649041436
0.000166652445131
0.000166656463318
0.000166661098276
0.000166666344965
0.000166672189085
0.000166678605327
0.000166685555965
0.000166692989900
0.000166700842260
0.000166709034626
0.000166717475909
0.000166726063882
0.000166734687321
0.000166743228695
0.000166751567293
0.000166759582682
0.000166767158337
0.000166774185315
0.000166780565794
0.000166786216341
0.000166791070746
0.000166795082307
0.000166798225438
0.000166800496530
0.000166801914007
0.000166802517559
0.000166802366587
0.000166801537908
0.000166800122839
0.000166798223781
0.000166795950461
0.000166793416028
0.000166790733167
0.000166788010433
0.000166785348951
0.000166782839651
0.000166780561120
0.000166778578170
0.000166776941135
0.000166775685888
0.000166774834545
0.000166774396747
0.000166774371429
0.000166774748934
0.000166775513345
0.000166776644864
0.000166778122132
0.000166779924329
0.000166782032967
0.000166784433267
0.000166787115075
0.000166790073258
0.000166793307586
0.000166796822123
0.000166800624163
0.000166804722802
0.000166809127241
0.000166813844938
0.000166818879740
0.000166824230137
0.000166829887771
0.000166835836308
0.000166842050796
0.000166848497561
0.000166855134689
0.000166861913091
0.000166868778106
0.000166875671576
0.000166882534266
0.000166889308505
0.000166895940892
0.000166902384904
0.000166908603250
0.000166914569832
0.000166920271191
0.000166925707343
0.000166930891949
0.000166935851799
0.000166940625621
0.000166945262262
0.000166949818325
0.000166954355363
0.000166958936764
